0.000000000000000000e+00 0.000000000000000000e+00 0.000000000000000000e+00 0.000000000000000000e+00 0.000000000000000000e+00 0.000000000000000000e+00
3.717432917827561312e+01 3.163576175071598939e+01 2.842615556621422002e+01 9.026359437681698017e-01 6.719626073106904629e-01 3.846620660506111289e+00
3.377909977116754447e+01 2.284013111372910743e+01 3.915209761480426920e+01 8.357015557882506718e-01 8.170663132191146039e-01 7.944870399559255780e+00
3.201944831925325730e+01 2.477273766479325090e+01 4.030029854429943725e+01 1.183485216310967258e+00 1.216883078034708410e+00 1.148718704219116304e+01
3.122523949791502318e+01 2.621178271071720189e+01 4.101164054730259778e+01 1.670431641494027009e+00 1.630498185698664670e+00 1.450745369489178316e+01
3.079925347900957178e+01 2.742164976769485563e+01 4.161397754716102781e+01 2.190522237638146130e+00 2.088924350816243614e+00 1.690533345899427431e+01
3.048562836740484627e+01 2.846727009629081095e+01 4.215351865897588368e+01 2.692691774640077362e+00 2.619230420908815749e+00 1.861089411264009996e+01
3.015929750401113196e+01 2.931884029256498891e+01 4.261887978465758664e+01 3.167532852030104706e+00 3.203738179302546119e+00 1.959462589615161576e+01
2.976652575274529866e+01 2.990668468989399997e+01 4.298890539417610768e+01 3.640162403209807884e+00 3.763388185261504315e+00 1.986631791968102689e+01
2.931001984128616300e+01 3.014692775744944697e+01 4.324862138017519442e+01 4.209842334058224722e+00 4.137467320298011231e+00 1.947022626810938917e+01
2.888111213902856633e+01 2.991488264662050511e+01 4.339509239145989028e+01 4.865769391294787027e+00 4.330408447562975383e+00 1.847822264476857157e+01
2.902898925229024130e+01 2.868665488503625483e+01 4.343811800824867930e+01 5.288201329433411146e+00 4.595478268465200244e+00 1.698201168620942170e+01
2.878836397457016005e+01 2.756715648285459253e+01 4.339768543655804223e+01 5.513568768196250858e+00 4.881407942960528601e+00 1.508528519012568481e+01
2.781027393996239994e+01 2.692340909094023615e+01 4.329959527028739785e+01 5.612312256282215195e+00 5.152375142991658663e+00 1.289646900416013331e+01
2.673242653734831364e+01 2.625387863357250495e+01 4.317056090881795427e+01 5.637106117704010266e+00 5.399416421278421474e+00 1.052250082638523665e+01
2.569750403425762642e+01 2.550819888982744033e+01 4.303387488509790160e+01 5.636215135990910952e+00 5.619095657004170796e+00 8.063880848145025482e+00
2.474909956303368475e+01 2.470293822177999132e+01 4.290638099435601305e+01 5.647625689979842711e+00 5.809858200070683765e+00 5.611104538731783720e+00
2.388393587077408142e+01 2.387308915794878317e+01 4.279706890190585256e+01 5.693646538393445589e+00 5.971503448082449594e+00 3.242738943942105934e+00
2.307945455694376591e+01 2.304785257891593631e+01 4.270722359820258873e+01 5.780333916448943121e+00 6.104945537100528341e+00 1.030747586930803594e+00
2.230817735826561687e+01 2.224154069167336800e+01 4.263178942388702097e+01 5.900464735228598379e+00 6.211714425483100932e+00 1.031943573449623841e+00
2.154437669818763013e+01 2.145424484791755049e+01 4.256146926806015074e+01 6.037843018779491366e+00 6.293110444221541755e+00 2.817667025603803665e+00
2.076712820951999916e+01 2.067688883595974048e+01 4.248505735101418423e+01 6.172020198193447271e+00 6.349169151152651125e+00 4.359749673454076380e+00
1.996129870362680592e+01 1.989751450873126970e+01 4.239156870428983837e+01 6.283053391543873545e+00 6.378077514555539729e+00 5.641904422906530492e+00
1.912015271688563089e+01 1.910391012314428494e+01 4.227185132538424739e+01 6.355056362135011128e+00 6.377068380636260692e+00 6.665944308111100725e+00
1.825715232461694626e+01 1.827451402806143221e+01 4.211952094382048983e+01 6.377655517385348638e+00 6.344601307984059524e+00 7.444386216364094366e+00
1.738176734429758241e+01 1.740258750936946086e+01 4.193121432027195539e+01 6.346560652785572465e+00 6.281538160466145548e+00 7.998447515634936167e+00
1.648760206567380848e+01 1.650581931522883750e+01 4.170628560420262687e+01 6.264006283114248674e+00 6.190266245915413634e+00 8.356277431103203313e+00
1.557831521150370513e+01 1.559720104367560367e+01 4.144614885777354374e+01 6.137814497094288946e+00 6.073477811178888075e+00 8.551109251793992172e+00
1.466564092959527521e+01 1.468344338940465121e+01 4.115348942567694479e+01 5.978773378677557204e+00 5.933758235574052797e+00 8.619306068408073784e+00
1.376021093800603268e+01 1.377114185117708800e+01 4.083153402758049566e+01 5.797623740113817981e+00 5.773640042469293299e+00 8.598345827089927340e+00
1.286734096526824089e+01 1.286904898104678985e+01 4.048350285639690327e+01 5.602877271813802906e+00 5.595655019363467098e+00 8.524838639126096851e+00
1.198994217110205618e+01 1.198443527882538717e+01 4.011229005890390198e+01 5.399921388000937128e+00 5.402270883466105289e+00 8.432701951228727566e+00
1.113024615513688431e+01 1.112165793633277566e+01 3.972035281096005832e+01 5.191252978053390699e+00 5.195784401464762503e+00 8.351630217525050526e+00
1.029017057724098549e+01 1.028274463321061205e+01 3.930974725914081347e+01 4.977378344879696215e+00 4.978269122338104147e+00 8.305979365915668211e+00
9.471564677922021502e+00 9.468354293564361868e+00 3.888223588213128323e+01 4.757884512535265564e+00 4.751624906715916197e+00 8.314143537962172203e+00
8.676394011254343397e+00 8.678715485784834982e+00 3.843940097396655631e+01 4.532332698927898029e+00 4.517699519154353638e+00 8.388440878034820969e+00
7.906819476132744384e+00 7.914361710557696661e+00 3.798272339028919475e+01 4.300820365402234557e+00 4.278403163219684835e+00 8.535460616679745982e+00
7.165184582100322608e+00 7.176547507956564154e+00 3.751361343975566598e+01 4.064205385321689512e+00 4.035749840713515724e+00 8.756770342850000333e+00
6.453934629718527383e+00 6.467324179566383613e+00 3.703340277354447352e+01 3.824060929679167664e+00 3.791815044499298182e+00 9.049851086680474666e+00
5.775486512951550466e+00 5.789334953400437023e+00 3.654331725011928000e+01 3.582459891648684280e+00 3.548645607441816896e+00 9.409122386219426204e+00
5.132072725343899577e+00 5.145432271347694098e+00 3.604445048781984440e+01 3.341695049374798554e+00 3.308166475307659837e+00 9.826936731169535477e+00
4.525591430369013679e+00 4.538233281503150529e+00 3.553774930772155471e+01 3.104025910045838721e+00 3.072112038953361601e+00 1.029445507028512807e+01
3.957493224453357161e+00 3.969727271166998861e+00 3.502401059154356489e+01 2.871505740257223049e+00 2.841989342520164552e+00 1.080235319734578958e+01
3.428723265766997041e+00 3.441031699270787225e+00 3.450387924440155274e+01 2.645897010457916032e+00 2.619068558941745284e+00 1.134134415083301128e+01
2.939722070439070745e+00 2.952356337022243427e+00 3.397783227074721424e+01 2.428649775367264230e+00 2.404392415219942958e+00 1.190252793558319233e+01
2.490475185111393319e+00 2.503179637669806556e+00 3.344613522524694815e+01 2.220906552995646877e+00 2.198796615173719271e+00 1.247759394114113718e+01
2.080593510115221090e+00 2.092579595945460280e+00 3.290876284633409199e+01 2.023507409129166934e+00 2.002934423084732352e+00 1.305890393103286407e+01
1.709404280897346418e+00 1.719609441645773007e+00 3.236528231756834373e+01 1.836989310875854819e+00 1.817299260257634330e+00 1.363947754879279017e+01
1.376037055666161857e+00 1.383585078025477921e+00 3.181470178338029697e+01 1.661591118366562592e+00 1.642240098243584523e+00 1.421289210677355719e+01
1.079494235636905053e+00 1.084172824785323730e+00 3.125528564135073140e+01 1.497280737586952126e+00 1.477966799257100394e+00 1.477309752603412285e+01
8.186967604109884888e-01 8.212355941970992390e-01 3.068433012991734898e+01 1.343812724689837035e+00 1.324546486994751193e+00 1.531413723121225168e+01
5.924944268069977094e-01 5.944921343024420768e-01 3.009787715094911675e+01 1.200809115376640479e+00 1.181896076356622194e+00 1.582975537905515573e+01
3.996368515449569281e-01 4.031252275417128716e-01 2.949032030257369996e+01 1.067842762103256904e+00 1.049778275072892120e+00 1.631285583372652326e+01
2.387313558162675875e-01 2.454969420901987887e-01 2.885382206184760534e+01 9.444983747082315029e-01 9.278079626344325481e-01 1.675475152687403835e+01
1.083335194024235837e-01 1.190855748622000471e-01 2.817740798266360258e+01 8.303940780755116879e-01 8.154746866222112311e-01 1.714409314830423980e+01
1.414127615815093802e-02 2.091242405148687269e-02 2.744551815122997240e+01 7.251635929363021704e-01 7.121919530043313573e-01 1.746527571545251334e+01
7.252072968252314122e-02 5.389880104624705098e-02 2.663565149068135796e+01 6.284273605193667622e-01 6.174271773101044358e-01 1.769595629155254102e+01
1.243648620699033952e-01 1.072052325503962816e-01 2.571449195515066322e+01 5.398770657438319853e-01 5.313257234429422660e-01 1.780296626092396650e+01
1.550954795412952392e-01 1.425664903832636610e-01 2.463150330760894846e+01 4.608859249435601768e-01 4.627270109881701510e-01 1.773404425949631502e+01
1.670857095368752099e-01 1.618287308663781676e-01 2.330841864911510086e+01 1.510193354082523598e+01 2.724597869618300638e+00 8.741510357486095284e-01
1.630676126184439079e-01 1.660007500651386747e-01 2.162269081947401261e+01 1.672984602528297060e+01 3.141568250584302890e-01 3.177965038775826812e-01
1.458651948679293986e-01 1.556471958304782022e-01 1.938472879462066345e+01 1.548312103162272990e+01 2.450927944494257493e-01 2.422224737251970628e-01
1.182839648317032533e-01 1.315576830001988218e-01 1.631966005480487425e+01 1.340016439222521250e+01 1.811810662393255056e-01 1.773665398415123218e-01
8.304607022865567734e-02 9.541155951367566446e-02 1.210111537683709315e+01 1.015796141733359015e+01 1.196734358005777515e-01 1.164602823531259851e-01
4.277174178775054736e-02 5.016565629618432304e-02 6.546144757350281118e+00 5.575524397054334003e+00 5.952571431434763860e-02 5.772066302648438257e-02
1.146466720577696123e-16 5.431923917522109606e-16 1.716994057604729469e-14 1.474639575278135073e-14 1.398264511135860990e-16 1.611668624899769668e-16
1.146466720577696123e-16 5.431923917522109606e-16 1.716994057604729469e-14 1.474639575278135073e-14 1.398264511135860990e-16 1.611668624899769668e-16
1.550511231828521908e-01 2.296914140681256988e+00 2.137796165765573075e+00 1.616791854065583234e+00 1.154858295689551034e-01 1.979661119868046937e+00
2.633784442253133129e-01 4.591830281391489521e+00 4.163055525266099899e+00 3.193669805119865313e+00 1.361178933653810208e-01 3.831316119937371312e+00
3.861907684174332722e-01 6.783244110247574454e+00 5.985821677932420037e+00 4.708569175673305907e+00 1.605959449124257921e-01 5.447705400452971247e+00
5.006228416091742517e-01 8.854582817557334451e+00 7.551120225515795426e+00 6.155765025346352282e+00 1.981522835357260315e-01 6.785695027895900289e+00
6.060848440371963131e-01 1.077465430067956653e+01 8.838626714524586703e+00 7.534238906431101057e+00 2.421868161836060462e-01 7.842296789334001872e+00
7.030545311055226287e-01 1.251794334058746472e+01 9.854223457921589713e+00 8.840503804936918897e+00 2.898309770287790244e-01 8.638018814089857500e+00
7.923088223588387047e-01 1.406458013201498147e+01 1.061958277275812534e+01 1.006774578523027941e+01 3.403324139281442839e-01 9.204915016593893995e+00
8.741552722429692945e-01 1.539986737542164796e+01 1.116353151163244206e+01 1.120731471199823126e+01 3.935286853712654520e-01 9.578630149480181544e+00
9.479069002472634287e-01 1.651373316623513077e+01 1.151631217662104412e+01 1.224988028907917759e+01 4.492500587190158545e-01 9.793292461096585910e+00
1.011819258223826568e+00 1.740033032464921092e+01 1.170648914205143853e+01 1.318562790011875130e+01 5.071715244204835216e-01 9.878550616184124777e+00
1.063510883454507283e+00 1.805781564298672848e+01 1.175988916034974174e+01 1.400382329138517790e+01 5.668939014433072021e-01 9.858410384176721664e+00
1.100651084445909644e+00 1.848816019718618264e+01 1.169999897514616016e+01 1.469222028749004316e+01 6.281274396910278002e-01 9.751544191172991205e+00
1.121545078858842581e+00 1.869676657200006176e+01 1.154934248155101351e+01 1.523656141977758871e+01 6.908664783168616541e-01 9.572573699634050470e+00
1.125289449485466609e+00 1.869175219581750014e+01 1.133145502817973949e+01 1.562011340543662286e+01 7.554632732690784724e-01 9.333672960817249731e+00
1.111422249694453468e+00 1.848296139938076621e+01 1.107316349119880705e+01 1.582298809386079519e+01 8.225576242777241642e-01 9.045866967041488849e+00
1.079313499328725445e+00 1.808097865771588175e+01 1.080692293517131830e+01 1.582105655560189739e+01 8.928850325296392443e-01 8.719641983436611454e+00
1.027725961209355221e+00 1.749650550211359246e+01 1.057284082794489599e+01 1.558462940928693286e+01 9.670419801099697787e-01 8.364841793348489318e+00
9.548928919683499217e-01 1.674036727156907389e+01 1.041959788268406406e+01 1.507775569093911017e+01 1.045307406640941794e+00 7.990135338376815888e+00
8.591417478712031208e-01 1.582416525466300961e+01 1.040270362592251630e+01 1.425991256221460546e+01 1.127595394041724042e+00 7.602476879801270293e+00
7.397198450243417378e-01 1.476130033087010140e+01 1.057774563171047255e+01 1.309264010061679961e+01 1.213555747459333700e+00 7.206909125246514058e+00
5.972877962969785903e-01 1.356790622354939124e+01 1.098673169757217138e+01 1.155313815564885083e+01 1.302772052042564299e+00 6.806850295346384527e+00
4.337026494844916091e-01 1.226323804477157076e+01 1.163935959570584444e+01 9.652991120337270914e+00 1.394962101030591928e+00 6.404771471041493136e+00
4.516083022931974833e-01 1.221663621121091836e+01 1.157478841341484888e+01 9.694180629579609132e+00 1.398506834161387102e+00 6.389836449411557595e+00
2.759745715920354225e-01 1.086227467756785181e+01 1.242176074033470634e+01 7.544294568991206873e+00 1.490702081536132484e+00 6.000939583403250843e+00
7.893692427887021024e-02 9.445650292759399491e+00 1.339310246332854781e+01 5.205787706013463634e+00 1.586941909402469042e+00 5.615456821557310185e+00
1.407645145796883879e-01 7.987900758739383988e+00 1.439218944231581432e+01 2.799100287773533147e+00 1.686715133471046402e+00 5.236348399601916448e+00
3.815875680106503576e-01 6.509204267021661217e+00 1.533318458643136672e+01 4.352686916540817186e-01 1.789271849788643731e+00 4.867202872942360870e+00
6.437465245606057707e-01 5.028205088723146865e+00 1.616144999252136216e+01 1.807054110750935250e+00 1.893906587471311465e+00 4.511729560922169924e+00
9.264654660680885501e-01 3.561847565192964193e+00 1.685624828163776101e+01 3.880678226285871890e+00 2.000220626328990114e+00 4.173043804916439115e+00
1.229100088628770626e+00 2.125445053707729848e+00 1.742143754841602643e+01 5.767085725929177009e+00 2.108226634483654660e+00 3.853105176560093881e+00
1.551230855738240599e+00 7.331826381477443144e-01 1.787350135749618474e+01 7.462654646272575576e+00 2.218235268738702803e+00 3.552619028251920774e+00
1.892633081532427708e+00 6.087047378497413286e-01 1.823253835705136439e+01 8.971146122370505793e+00 2.330579410030271692e+00 3.271509478758975131e+00
2.253103999044669958e+00 1.882117398832841682e+00 1.851754769171700232e+01 1.029900816617473858e+01 2.445320101469412588e+00 3.009802060558560033e+00
2.632251745521358988e+00 3.087033601044161468e+00 1.874512647158459089e+01 1.145340766609256988e+01 2.562086522040196712e+00 2.768534396665629504e+00
3.029364302536420084e+00 4.220413699203860780e+00 1.893007620163068339e+01 1.244176536520223486e+01 2.680125508921282318e+00 2.550248934016491109e+00
3.443417627200244358e+00 5.283594565677813826e+00 1.908651961433406541e+01 1.327187497075619227e+01 2.798519055396214927e+00 2.358763618701198439e+00
3.873196721723541014e+00 6.280881453375700474e+00 1.922852829775017014e+01 1.395206524759869993e+01 2.916438800702990886e+00 2.198226768343466642e+00
4.317446318942171679e+00 7.218272625495736783e+00 1.936980762201542916e+01 1.449116669037992544e+01 3.033296398646889269e+00 2.071812819536892558e+00
4.774970344916117604e+00 8.101987496454965409e+00 1.952256624085621439e+01 1.489825368321259447e+01 3.148721658935649703e+00 1.980638218627003955e+00
5.244650331232192819e+00 8.937219303956936756e+00 1.969615439805568613e+01 1.518225988124266479e+01 3.262408936022900274e+00 1.923454082530527520e+00
5.725409869699301879e+00 9.727538856024116498e+00 1.989622984711645870e+01 1.535162110756970577e+01 3.373947253586359718e+00 1.897396691229572552e+00
6.216173085885515981e+00 1.047517289629131376e+01 2.012502754724268783e+01 1.541409867736096828e+01 3.482745501930393672e+00 1.899630077435592090e+00
6.715839793060604634e+00 1.118205064209671384e+01 2.038283121261897790e+01 1.537688920443957663e+01 3.588088078834266170e+00 1.929237423155201414e+00
7.223257216040678053e+00 1.185117887904182332e+01 2.067016277384900036e+01 1.524704552859460271e+01 3.689262854014813797e+00 1.988426165540418511e+00
7.737152714361394956e+00 1.248771377832530227e+01 2.098977795056358175e+01 1.503212931732427826e+01 3.785656834645008129e+00 2.082241660832817143e+00
8.256027541170718465e+00 1.309915368477402708e+01 2.134750544590366417e+01 1.474090989549084085e+01 3.876746624681681741e+00 2.216595649110635335e+00
8.778077277952119672e+00 1.369439412889933116e+01 2.175137306771287626e+01 1.438385133067748178e+01 3.961996943880301547e+00 2.395253824930572151e+00
9.301243723502890859e+00 1.428185847213545578e+01 2.220919813425217981e+01 1.397313586411427977e+01 4.040758048114345691e+00 2.617055306681369764e+00
9.823463943023741152e+00 1.486735630164634436e+01 2.272557619977351351e+01 1.352209290578579726e+01 4.112263027927439474e+00 2.874750195513839035e+00
1.034306284069219295e+01 1.545253736240142217e+01 2.329962562491945022e+01 1.304413744337210801e+01 4.175755860563081789e+00 3.156377037008156528e+00
1.085909989136711040e+01 1.603469120696243166e+01 2.392469490213234451e+01 1.255159911479779034e+01 4.230675900819848678e+00 3.449119484774899380e+00
1.137142749159111155e+01 1.660819986476124299e+01 2.459050764365508712e+01 1.205499723455304384e+01 4.276760474702037129e+00 3.744334361604870764e+00
1.188031675598766590e+01 1.716730793883567330e+01 2.528715580430588972e+01 1.156322267949234650e+01 4.313960897672695083e+00 4.041521474719208307e+00
1.238573758393452806e+01 1.770925310200656000e+01 2.600938620312594551e+01 1.108466232541146290e+01 4.342191884147574399e+00 4.349061738624603102e+00
1.288662889847521598e+01 1.823646850385557983e+01 2.675921731681543392e+01 1.062869550020944587e+01 4.361075568008832448e+00 4.680779162039711672e+00
1.338060717897718810e+01 1.875674059675789351e+01 2.754535657189164510e+01 1.020654730606039706e+01 4.369899843870847178e+00 5.049270210220932142e+00
1.386443121187796379e+01 1.928090934971794823e+01 2.837910243770748409e+01 9.830547958135358755e+00 4.367926342518376082e+00 5.458536479530499363e+00
1.433518583658410961e+01 1.981870751461082136e+01 2.926797249088089359e+01 9.511522696571448776e+00 4.354979884084627884e+00 5.898990983987474124e+00
1.479172149847323503e+01 2.037424401189989354e+01 3.020953808648055272e+01 9.255055508774342243e+00 4.332033557072933583e+00 6.347210255458498374e+00
1.523561622838000140e+01 2.094303497763486632e+01 3.118827132227956156e+01 9.058209791419393753e+00 4.301404378047579691e+00 6.771096974405121038e+00
1.567099130456484524e+01 2.151214207316650118e+01 3.217735690785721658e+01 8.908465567545803765e+00 4.266275168795701234e+00 7.138848539549361938e+00
1.610293244458091877e+01 2.206392316949543186e+01 3.314559136311532939e+01 8.785957456029207080e+00 4.229533243951729027e+00 7.428140278606758962e+00
1.653488240695452660e+01 2.258244166603950021e+01 3.406731819833970576e+01 8.668759896697117995e+00 4.192247592469652950e+00 7.631289794737266874e+00
1.696591278316415341e+01 2.306025510750745511e+01 3.493171263515830560e+01 8.539482787840295686e+00 4.152355222588715478e+00 7.753466461846167945e+00
1.738901283961923028e+01 2.350273062028831461e+01 3.574743286749541937e+01 8.390508546617022390e+00 4.104193345604707055e+00 7.803884339022926220e+00
1.779133448679471741e+01 2.392762469072408038e+01 3.654002796232308725e+01 8.225400628953481785e+00 4.039338859643894608e+00 7.783107419002790017e+00
1.815674765442197014e+01 2.435934166476904039e+01 3.734216075879797359e+01 8.055457016108364954e+00 3.948797343043245256e+00 7.671545923761369679e+00
1.847028416540267770e+01 2.481945756054249586e+01 3.817966805973345856e+01 7.892555279275237368e+00 3.826030283755430972e+00 7.424046416569739293e+00
1.872336589867895995e+01 2.531691994274267543e+01 3.905852046052396531e+01 7.741353259317389934e+00 3.669852365698496488e+00 6.973493944960550195e+00
1.891837913030173723e+01 2.584205716949690768e+01 3.995796683758737089e+01 7.594567205278441868e+00 3.486112084517607457e+00 6.243478467358841044e+00
1.907127391297683516e+01 2.636770068246562460e+01 4.083336819758331870e+01 7.433965983780897346e+00 3.287411862247903827e+00 5.167113757591266676e+00
1.921134358648547291e+01 2.685831746214546456e+01 4.162898994527274965e+01 7.237236749606946518e+00 3.090879687361906658e+00 3.706796013148455859e+00
1.937793025428031868e+01 2.728467039879790335e+01 4.229736782813780138e+01 6.988074009668308051e+00 2.914886449105023924e+00 1.868962907171380472e+00
1.961420527484146348e+01 2.763854357049125099e+01 4.281898599094634505e+01 6.685085862531223277e+00 2.775944383867198884e+00 2.942833424206882653e-01
1.995821919831546154e+01 2.794114636856527412e+01 4.321493744866400988e+01 6.345302879261300433e+00 2.686062097885804079e+00 2.677924003927764751e+00
2.043136653662315894e+01 2.824070112406597133e+01 4.354660202260943436e+01 6.000107212613515983e+00 2.649171818371474085e+00 5.165866374466789424e+00
2.102508808270007279e+01 2.859846033822259415e+01 4.390018670273409640e+01 5.684290868368943705e+00 2.655766859707935801e+00 7.628336400552942820e+00
2.168873793622958601e+01 2.906605387583616817e+01 4.435934310846881345e+01 5.421532756406240772e+00 2.678851174559740311e+00 9.950909942865761693e+00
2.232426612612160710e+01 2.965950965203577638e+01 4.497410537464847380e+01 5.211290547365848624e+00 2.676558333186207062e+00 1.204323803537942794e+01
2.279414178021777104e+01 3.033702131756468034e+01 4.573679623501618607e+01 5.022969872540638647e+00 2.602794481123765991e+00 1.383926479643883312e+01
2.294570343394400780e+01 3.098930753774968494e+01 4.657392396236115673e+01 4.802275716683587881e+00 2.421867616971496329e+00 1.528878846220008469e+01
2.264874720154903542e+01 3.145199167262930828e+01 4.735778755797653616e+01 4.489965319610555561e+00 2.121964909981726599e+00 1.634485470932178330e+01
2.183690467478470154e+01 3.154538495829798350e+01 4.793457590032653570e+01 4.046237283692020625e+00 1.724399035217154541e+00 1.695249390082172525e+01
2.054019775690949245e+01 3.113628952909960645e+01 4.815996857460885394e+01 3.469785632819446963e+00 1.288556238102469775e+00 1.704353513030768852e+01
1.889659435406152355e+01 3.020330146055534115e+01 4.793012286135308386e+01 2.801888673734361568e+00 9.147411072035086521e-01 1.654042894973314759e+01
1.713172802853043564e+01 2.888298774349254572e+01 4.719365985159344490e+01 2.111188130705293098e+00 7.208806365667927984e-01 1.536973854077822388e+01
1.549458453165346583e+01 2.749169852309878337e+01 4.592213205373190732e+01 1.461361186554460900e+00 6.991744596754035923e-01 1.348317852891515045e+01
1.413469098842882410e+01 2.656881363926366291e+01 4.398082289806452394e+01 8.725336816336355383e-01 6.761906988649587502e-01 1.088008642580391694e+01
1.288740264711912253e+01 2.709876531571762825e+01 4.067556516035502767e+01 3.654576431892412880e-01 4.812755836639164841e-01 7.612903547953242978e+00
1.496354977630382876e+01 2.513993017338166425e+01 3.284378262476437982e+01 1.029408038178632578e+00 6.554101988862964800e-01 3.576278398756897126e+00
0.000000000000000000e+00 0.000000000000000000e+00 0.000000000000000000e+00 0.000000000000000000e+00 0.000000000000000000e+00 0.000000000000000000e+00
0.000000000000000000e+00 0.000000000000000000e+00 0.000000000000000000e+00 0.000000000000000000e+00 0.000000000000000000e+00 0.000000000000000000e+00
1.596149852465568664e+01 1.347995340340955828e+01 3.545186447421764342e+01 7.158511457991915128e-01 4.302733643242082073e-01 3.708944692878103133e+00
1.301125431119535847e+01 1.183427052296251247e+01 4.447045416131410889e+01 5.377640061788375725e-01 4.514426431562844066e-01 7.271225300226651811e+00
1.491300251152034484e+01 1.409115619770791383e+01 4.712409736677433614e+01 2.815651429137956963e-01 3.921229098224696119e-01 1.042351611455219640e+01
1.864662982587956819e+01 1.818712710346157735e+01 4.827771572546919998e+01 6.048068842720996097e-01 7.316903595676593763e-01 1.301903403097308320e+01
2.288393075242384000e+01 2.275304382108097556e+01 4.896342729519290771e+01 1.386587491890487245e+00 1.469374327223427423e+00 1.494708514159463419e+01
2.577338052450279093e+01 2.558772437945468425e+01 4.941529264146468847e+01 2.209218854349034977e+00 2.272099873451718377e+00 1.614556922161812480e+01
2.736663174065269644e+01 2.711220344010130034e+01 4.967548633543550096e+01 2.870525172718295881e+00 2.922170735089820948e+00 1.660347149064308780e+01
2.748495347328090688e+01 2.730763205355254541e+01 4.975854450028204212e+01 3.247117065466051500e+00 3.291334839943138135e+00 1.635647594054732323e+01
2.768414369193835967e+01 2.769496247962915092e+01 4.969664225925272660e+01 3.317835388315093059e+00 3.357574322461106320e+00 1.547734734726817152e+01
2.451605623306691939e+01 2.443263157351004367e+01 4.954105207256807120e+01 3.161554855863779601e+00 3.198849345124483268e+00 1.406307424185135524e+01
2.268909788855341247e+01 2.252601685297105760e+01 4.934740074501379326e+01 2.922692113958624827e+00 2.957256317702452453e+00 1.222147371332442312e+01
2.124487971897353233e+01 2.106351014790340415e+01 4.915924488419224758e+01 2.753860527928992497e+00 2.783574764717815064e+00 1.006006136931500272e+01
2.036181654807149499e+01 2.020532806768894929e+01 4.899833058324736612e+01 2.757589547218977533e+00 2.780726276118065776e+00 7.679166658439262605e+00
2.000603496054140251e+01 1.989553857815957016e+01 4.886418553480689297e+01 2.955436234706047216e+00 2.971656981563421507e+00 5.169769339969870536e+00
2.000210907678807359e+01 1.994045472839622235e+01 4.874067336567410536e+01 3.289869614693542665e+00 3.299942265584407508e+00 2.615056138219324922e+00
2.022096119928682967e+01 2.019938593677484562e+01 4.860503949061133966e+01 3.653336380212111933e+00 3.659271283431172250e+00 1.198711562709359746e-01
2.050928133925517827e+01 2.050936122333264322e+01 4.843586523980066261e+01 3.936526069903862890e+00 3.941243396877188054e+00 2.328319209881966945e+00
2.009912907031100460e+01 2.010011586694081842e+01 4.821822311709496489e+01 4.069588150869110521e+00 4.075279388877427245e+00 4.569588291480385145e+00
1.902524622144725797e+01 1.901854104581122229e+01 4.794570344661698869e+01 4.039055050295126570e+00 4.045646695637457491e+00 6.574455088591870222e+00
1.770015495092074076e+01 1.768378069021030541e+01 4.761973607087676186e+01 3.882735239269191396e+00 3.888009884059981047e+00 8.295489071648763257e+00
1.649938808378168176e+01 1.647685219827235770e+01 4.724706547410393398e+01 3.669389759036044474e+00 3.670789266754474145e+00 9.705824564460421300e+00
1.546868036206340058e+01 1.544489495170875770e+01 4.683644819111547264e+01 3.470690717343158926e+00 3.467322403961035526e+00 1.080299327994751835e+01
1.461569682303636419e+01 1.459536692985721729e+01 4.639559870774558448e+01 3.334113350384396046e+00 3.327377902855360059e+00 1.160916230055375742e+01
1.392278859597296758e+01 1.390894344561498919e+01 4.592915631262576426e+01 3.268135919363935216e+00 3.260754759033866801e+00 1.216691629349387682e+01
1.334159106407037321e+01 1.333410255856717974e+01 4.543808249787534947e+01 3.246584070016737211e+00 3.240954203107977438e+00 1.253129083685143463e+01
1.281040195853751662e+01 1.280698326872995985e+01 4.492048459543781291e+01 3.227342120719689067e+00 3.224402462645579170e+00 1.276004206939697916e+01
1.224693709267843822e+01 1.224789037618311660e+01 4.437342149541856884e+01 3.173296189476230822e+00 3.172607003663083791e+00 1.290476565769507111e+01
1.156211144031075300e+01 1.157036562602358565e+01 4.379489237269866209e+01 3.065671084862561457e+00 3.066326038535858167e+00 1.300518057558154972e+01
1.076298377890922886e+01 1.077512236338368012e+01 4.318514373630574710e+01 2.907412045846267556e+00 2.908728569069724212e+00 1.308773879891510461e+01
9.927404783200961091e+00 9.933942010580240733e+00 4.254677130989754374e+01 2.718181443774464690e+00 2.719654675244729258e+00 1.316814945936231851e+01
9.126827754552444105e+00 9.121430053735826604e+00 4.188370855739291443e+01 2.523820850328359899e+00 2.524783242046246379e+00 1.325606525703029348e+01
8.397938285324155316e+00 8.380941813558312248e+00 4.119974959014282234e+01 2.344904173162954297e+00 2.344579278379848031e+00 1.335963229956811738e+01
7.744169008399462761e+00 7.720207252348805227e+00 4.049743220051062309e+01 2.189604683273539631e+00 2.187670907168175027e+00 1.348804468423824865e+01
7.148201016393301188e+00 7.123437070374356139e+00 3.977781048595538493e+01 2.053689032356586619e+00 2.050865538034177593e+00 1.365140342777099036e+01
6.584424854627377144e+00 6.564603874372932246e+00 3.904107046670551995e+01 1.926260054276838440e+00 1.924383125413343887e+00 1.385847952262706961e+01
6.030078009948492301e+00 6.017843666722025198e+00 3.828745375262134587e+01 1.797380048335341263e+00 1.798901616305836892e+00 1.411383158943579197e+01
5.475822865721224453e+00 5.468165984928266887e+00 3.751784567921743019e+01 1.665519960596760107e+00 1.673213854629258979e+00 1.441572122097720587e+01
4.929146517825536478e+00 4.919745453606418906e+00 3.673367103370024722e+01 1.577096979698717316e+00 1.598762895078020607e+00 1.475195130421764489e+01
4.405597465419122116e+00 4.391317880396766071e+00 3.593617802115506521e+01 1.512038082900132352e+01 1.323755980026832146e+00 1.280227816610350677e+00
3.921681166440173616e+00 3.905891606967302199e+00 3.512548438382466287e+01 1.550757068317003373e+01 1.189710934763271277e+00 1.182029448802819571e+00
3.486600510883183013e+00 3.476500342186964243e+00 3.429977039832111529e+01 1.589038729726583554e+01 1.066573687269489978e+00 1.062457366193148678e+00
3.096745720039410177e+00 3.098101059101732613e+00 3.345479807531017258e+01 1.626233588463644253e+01 9.558468930672372466e-01 9.518682650999212846e-01
2.743216872057532285e+00 2.753760337235349631e+00 3.258368063271963422e+01 1.661403425482262719e+01 8.568590596634344525e-01 8.526098821814283024e-01
2.418595933110336826e+00 2.427986665822491563e+00 3.167664828915384945e+01 1.693541067586680882e+01 7.656190509725562254e-01 7.615965276864401501e-01
2.116835453386114008e+00 2.117269927917357020e+00 3.072047510830075012e+01 1.721329987087247915e+01 6.778953610735428681e-01 6.745984242335297809e-01
1.832760582856952203e+00 1.825739864140075719e+00 2.969718928704883965e+01 1.742877256446670486e+01 5.914422684198195057e-01 5.889283957761013433e-01
1.564745983861262957e+00 1.558205798954342969e+00 2.858162729415914427e+01 1.755434361332108395e+01 5.069339914438762973e-01 5.048027058807320611e-01
1.315846538161697721e+00 1.316851106064740984e+00 2.733729518686678261e+01 1.755043010389561431e+01 4.273119411606690066e-01 4.250018969325430884e-01
1.091519571482548301e+00 1.100331225434249660e+00 2.590989188327987236e+01 1.735990824735833371e+01 3.559457610994862242e-01 3.530944926374088855e-01
8.952959753478055838e-01 9.051077149710502479e-01 2.421784619828122587e+01 1.689952558676797167e+01 2.946444684319158291e-01 2.912607419453019930e-01
7.251114499669031321e-01 7.276818032141119108e-01 2.213987991069191352e+01 1.604779043929050175e+01 2.425738272221812930e-01 2.389731065863288095e-01
5.733529282360795287e-01 5.652905134690107136e-01 1.950290522599118859e+01 1.463259886167152324e+01 1.964774590689401801e-01 1.931154185476423590e-01
4.305636652953804266e-01 4.149202054546481389e-01 1.608436500959916060e+01 1.243294475686881384e+01 1.519064479771914666e-01 1.492161202668367270e-01
2.895250064889844377e-01 2.726599089796030162e-01 1.166653386087744160e+01 9.232571024160508344e+00 1.049728897347255163e-01 1.032109963607810293e-01
1.465830967417237340e-01 1.348353655780314131e-01 6.195004513233581811e+00 4.978046041196396487e+00 5.397646581196167970e-02 5.314943407307449325e-02
9.054779815206340787e-15 9.906750194772610317e-15 1.370364357439765155e-14 1.114039950812176107e-14 1.700675400001028770e-15 5.494612979764453839e-16
9.054779815206340787e-15 9.906750194772610317e-15 1.370364357439765155e-14 1.114039950812176107e-14 1.700675400001028770e-15 5.494612979764453839e-16
9.516331010044444261e-01 3.165502295482354622e+00 2.503882046288665730e+00 5.160214439726447111e-01 5.177364960794973436e-01 1.340140147367351098e+00
1.891239999765011781e+00 6.258951596471736600e+00 4.925218592930684203e+00 1.026072136933592116e+00 7.564187767502921211e-01 2.695176208253688976e+00
2.816473799826114455e+00 9.210068336252204446e+00 7.190527565927127718e+00 1.525524907024879306e+00 1.119693030916157239e+00 3.868336050548177862e+00
3.718460748840453967e+00 1.196071926691183052e+01 9.241993118059644630e+00 2.011809701896270397e+00 1.474051850029154620e+00 4.856104506105139329e+00
4.590106486869302671e+00 1.446484334403307059e+01 1.104028508539736997e+01 2.484297885251409710e+00 1.813888269846367640e+00 5.633014025419389448e+00
5.425055338885627521e+00 1.668986452452954694e+01 1.256378420995891965e+01 2.943624572801430972e+00 2.135644165491346502e+00 6.191954749736790831e+00
6.217711145708914700e+00 1.861618330007207689e+01 1.380543873612887751e+01 3.390883897941174840e+00 2.436275100875949118e+00 6.540546606470138968e+00
6.963286705970499035e+00 2.023553069281194539e+01 1.476871280530706265e+01 3.827008538269912385e+00 2.713121708069127003e+00 6.696389111524355897e+00
7.657828447836067198e+00 2.154873483903644171e+01 1.546373879193403589e+01 4.252434158615769455e+00 2.963910371121391218e+00 6.682735066168493887e+00
8.298212074807105765e+00 2.256336480914928089e+01 1.590425511060560915e+01 4.667005531390294060e+00 3.186769915489426452e+00 6.525155236305148598e+00
8.882112053405730734e+00 2.329157571987794739e+01 1.610547779715834693e+01 5.070033344928276620e+00 3.380245297049980113e+00 6.249257248869806602e+00
9.407949722104222090e+00 2.374833433720271358e+01 1.608280713161720499e+01 5.460421672233698231e+00 3.543303679233923198e+00 5.879282945850366815e+00
9.874825352888835894e+00 2.395008971767548900e+01 1.585117930732931590e+01 5.836814865974554678e+00 3.675331538043354218e+00 5.437345449176363310e+00
1.028243943031885976e+01 2.391387907753613717e+01 1.542487288454842265e+01 6.197737629779769719e+00 3.776122564951686300e+00 4.943091829204895760e+00
1.063100800513172572e+01 2.365681967135368069e+01 1.481761677925762655e+01 6.541717496331151516e+00 3.845856824260688089e+00 4.413630226711319438e+00
1.092117639276748520e+01 2.319592166499209895e+01 1.404288905042652935e+01 6.867386496797313278e+00 3.885072228095724611e+00 3.863611996524281444e+00
1.115393482397885450e+01 2.254815346735854220e+01 1.311432933605804330e+01 7.173561620505402914e+00 3.894629963686817575e+00 3.305399549681342641e+00
1.133053897088217532e+01 2.173069110563620399e+01 1.204620809486920585e+01 7.459304301027380291e+00 3.875675989984590508e+00 2.749278129425154926e+00
1.145243758876790530e+01 2.076128178552043124e+01 1.085390338691955314e+01 7.723959159164320631e+00 3.829601034388530945e+00 2.203687346399938907e+00
1.152120883271657625e+01 1.965864697756732227e+01 9.554333725096052277e+00 7.967172307751454241e+00 3.758001598622744854e+00 1.675459440856356341e+00
1.153850612349472016e+01 1.844284365106815571e+01 8.166288166192906317e+00 8.188889890617950584e+00 3.662644294677042112e+00 1.170060998461165847e+00
1.150601375004306881e+01 1.713549796474987019e+01 6.710588483865991272e+00 8.389338120894407780e+00 3.545435391046066087e+00 6.918650313115483064e-01
1.142541172051260823e+01 1.575983010842918119e+01 5.210020388515435918e+00 8.568986705069926657e+00 3.408396809733488908e+00 2.449302950032497539e-01
1.129834874199898209e+01 1.434040834042786017e+01 3.688989108847612997e+00 8.728497956667940372e+00 3.253649053422499104e+00 1.743392548159485855e-01
1.112642166985320991e+01 1.290260778891682492e+01 2.172901847851246515e+00 8.868663906299660837e+00 3.083400742297194519e+00 5.528208356239167065e-01
1.091115938409969210e+01 1.147180227875038128e+01 6.875755011540245487e-01 8.990333139662229911e+00 2.899943671051511629e+00 8.962071955371423426e-01
1.065400889621176717e+01 1.007237471346322621e+01 7.449359802248122220e-01 9.094327824030001395e+00 2.705651605611632871e+00 1.202063014487391612e+00
1.035632164130045041e+01 8.726677381525666632e+00 2.098257667544223715e+00 9.181349316028184049e+00 2.502980448983156414e+00 1.469259962452569956e+00
1.001933844243116845e+01 7.454092434482388008e+00 3.355220474653373586e+00 9.251867737048247164e+00 2.294466922492393035e+00 1.696897217026107629e+00
9.644172606429759043e+00 6.270326728675468253e+00 4.499677687159641337e+00 9.305986682050836123e+00 2.082722534665170322e+00 1.884187859900343875e+00
9.231792059048272492e+00 5.187028082043490862e+00 5.519653920456157437e+00 9.343268241629971271e+00 1.870419359001066262e+00 2.030426642602170428e+00
8.783003339198884873e+00 4.211746091256955538e+00 6.406940740171839010e+00 9.362494718280609973e+00 1.660264055246258419e+00 2.134993719252578526e+00
8.298442554404068972e+00 3.348198474247272571e+00 7.156491914429239820e+00 9.361329910223567197e+00 1.454956727850077236e+00 2.197386888546186690e+00
7.778580831163984577e+00 2.596758628126893065e+00 7.765430082232731124e+00 9.335821328567975641e+00 1.257131748372310787e+00 2.217279689899846584e+00
7.223753959753878462e+00 1.955058951795361821e+00 8.231658458375951781e+00 9.279649749414588200e+00 1.069278746964172688e+00 2.194603106533441039e+00
6.634227154772636581e+00 1.418606689174321644e+00 8.552021668617360461e+00 9.182975762279959042e+00 8.936437953623987962e-01 2.129647747808760982e+00
6.010305148626987837e+00 9.813293535567011450e-01 8.719853841336266953e+00 9.030644341124872909e+00 7.321135340507203271e-01 2.023181610674810837e+00
5.352493983979983661e+00 6.360012160649084478e-01 8.721604275101155324e+00 8.799385760023481495e+00 5.860887384464433802e-01 1.876575899201107012e+00
4.661712701813820026e+00 3.745605872298696237e-01 8.532098303123575533e+00 8.453543321843708824e+00 4.563585934989645709e-01 1.691928090161068043e+00
3.939540151246373689e+00 1.885072946249518600e-01 8.108132398737092572e+00 7.939019999853113241e+00 3.429930317414509600e-01 1.472168000945609734e+00
3.188465577599451706e+00 7.097661764524537675e-02 7.381440497263530354e+00 7.176488024137740673e+00 2.452805547869900960e-01 1.221130055043143869e+00
2.412095429758199128e+00 3.442162586893222909e-02 6.257122231171910798e+00 6.059967207515517096e+00 1.617718628408188475e-01 9.435748823302853028e-01
1.615260374332076143e+00 4.791466358958850619e-02 4.636071318053171630e+00 4.479328299930948276e+00 9.071298268468939996e-02 6.451494073916574923e-01
8.039823825205499874e-01 4.570924440295082852e-02 2.491796357572710008e+00 2.397127562274180779e+00 3.475804539523813519e-02 3.323138785810577644e-01
1.932750532035615657e-02 3.182187723859154077e-02 8.683808223944199101e-02 8.993214422419248955e-02 4.684097129812233445e-02 1.843662334081342877e-02
1.932750532035615657e-02 3.182187723859154077e-02 8.683808223944199101e-02 8.993214422419248955e-02 4.684097129812233445e-02 1.843662334081342877e-02
8.191496533025511839e-01 2.099217375780223271e+00 9.684775340007375499e-01 2.160637210376991746e+00 7.162890991049311595e-02 5.327504323069212067e-01
1.624614957170511742e+00 4.136877819774796627e+00 1.933152564409370111e+00 4.260750911682829489e+00 1.254331917382622008e-01 1.060030574284462013e+00
2.414414819534418388e+00 6.092607648347192040e+00 2.886034110096048710e+00 6.274112165101423777e+00 1.839694133723154268e-01 1.586646722648181296e+00
3.181471213401092069e+00 7.932027160927376919e+00 3.820105579037114119e+00 8.164067735057477293e+00 2.432814797927484451e-01 2.111986493872371362e+00
3.918921765538103674e+00 9.627394596505817859e+00 4.729542175297104301e+00 9.901429895956175287e+00 3.021992695205123480e-01 2.635458890400581566e+00
4.620081426934992130e+00 1.115819444825618234e+01 5.609078924309731207e+00 1.146475164584248319e+01 3.600705762851904579e-01 3.156410751258805991e+00
5.278504312434845858e+00 1.251095394554739393e+01 6.453886882689142013e+00 1.284000293101039247e+01 4.163866781543202888e-01 3.674048563396045797e+00
5.888109120538085328e+00 1.367848888873836799e+01 7.259492985382718366e+00 1.401968403045825440e+01 4.707087754595232210e-01 4.187337657742790320e+00
6.443327296854968189e+00 1.465883122463066179e+01 8.021712431706882640e+00 1.500165298085115140e+01 5.226633657743218198e-01 4.694893344523170420e+00
6.939223099627492175e+00 1.545405597515793339e+01 8.736599187063594840e+00 1.578791890571162426e+01 5.719532501881444686e-01 5.194885526446957336e+00
7.371543277615635326e+00 1.606915585483905673e+01 9.400416292906369264e+00 1.638356643365374765e+01 6.183683550729752731e-01 5.684974512810823555e+00
7.736679965272203141e+00 1.651104289806557190e+01 1.000961600952145680e+01 1.679588153165109432e+01 6.617921938121437142e-01 6.162284156795623247e+00
8.031564009764922574e+00 1.678770696224207271e+01 1.056080859487369850e+01 1.703367528463778413e+01 7.022040613013490473e-01 6.623402633721108046e+00
8.253534221346027877e+00 1.690753534179124173e+01 1.105069201697846459e+01 1.710676137414925080e+01 7.396778967156945050e-01 7.064386025585553952e+00
8.400239802280678347e+00 1.687879034443710680e+01 1.147591546595165823e+01 1.702553398558193720e+01 7.743776633558890898e-01 7.480730269939557253e+00
8.469623500710744324e+00 1.670924320170214727e+01 1.183285747268145016e+01 1.680060619502091868e+01 8.065471911730570653e-01 7.867276346557059874e+00
8.460004995442419684e+00 1.640596459145401198e+01 1.211731284457643198e+01 1.644249181889029998e+01 8.364905728250757733e-01 8.218022478112485985e+00
8.370247755315636695e+00 1.597526915733838138e+01 1.232409786662091200e+01 1.596133414631996317e+01 8.645378503874936449e-01 8.525833259232177497e+00
8.199961633889428114e+00 1.542280257679422206e+01 1.244659620021032076e+01 1.536669429313516488e+01 8.909899302287370704e-01 8.782054523239549937e+00
7.949679920928722332e+00 1.475374723735969518e+01 1.247627590781619489e+01 1.466740660823816533e+01 9.160363911102755718e-01 8.976059801149391504e+00
7.620960031413142488e+00 1.397311065639226868e+01 1.240221166163200373e+01 1.387149056794310553e+01 9.396406719278956876e-01 9.094767357579346623e+00
7.216390238166171756e+00 1.308605383492272090e+01 1.221065138902507563e+01 1.298608457828392204e+01 9.613915255951810401e-01 9.122179237196899493e+00
6.739533223760981073e+00 1.209821808945625143e+01 1.188468632075872300e+01 1.201734737146608012e+01 9.803350609239973590e-01 9.039016310836597512e+00
6.194893257439507472e+00 1.101602089720179478e+01 1.140413838028619509e+01 1.097027078539898604e+01 9.948483351909190864e-01 8.822574984981732982e+00
5.588065770074653216e+00 9.846918347872628985e+00 1.074589460712947009e+01 9.848381688932063227e+00 1.002746801089802187e+00 8.447034934958887575e+00
4.926382072041166182e+00 8.599691587865585518e+00 9.885110752693030634e+00 8.653404992564530218e+00 1.002179465195100816e+00 7.884609984578744069e+00
4.220868148655093854e+00 7.284980079781448126e+00 8.797941040503522103e+00 7.385139594411863406e+00 9.948707634687743440e-01 7.108082442521846289e+00
3.492237323259322235e+00 5.916855214501106630e+00 7.466563146100792636e+00 6.042057079233911665e+00 9.960269092649902678e-01 6.095024398714795844e+00
2.789850156547578841e+00 4.518157376575420159e+00 5.886872788327046635e+00 4.623327904863148596e+00 1.060466784831131104e+00 4.831667681945141624e+00
2.213193071134695433e+00 3.126644426424233902e+00 4.077808480400142876e+00 3.132692050203147449e+00 1.301244925038228084e+00 3.299268463285712993e+00
1.470401534818417844e+00 1.638066650427631554e+00 2.088813179352596361e+00 1.583238446679789080e+00 1.274535280318301211e+00 1.471951509740107022e+00
1.146466720577696123e-16 5.431923917522109606e-16 1.716994057604729469e-14 1.474639575278135073e-14 1.398264511135860990e-16 1.611668624899769668e-16
