0.000000000000000000e+00 0.000000000000000000e+00 0.000000000000000000e+00 0.000000000000000000e+00 0.000000000000000000e+00 0.000000000000000000e+00
-5.284619819067758684e+00 -4.395304716530021416e+00 -1.211507492098472388e-01 8.291633420239555852e-01 -4.028460049178360092e-01 1.621940539163441164e-02
-4.015588558371172567e+00 -2.889180130741732633e+00 -2.267030429659623536e+00 6.297000888535122520e-01 8.125134310255731351e-02 1.177858379985455284e-01
-3.200144149221491041e+00 -2.756122122777716399e+00 -2.169942261733025290e+00 5.278747563634347273e-01 3.183412217411983880e-01 2.655994845704895968e-01
-2.564853613087848760e+00 -2.421129714203465788e+00 -1.873319925545584796e+00 4.528933094747159549e-01 4.503711050784627856e-01 3.589173532202636352e-01
-2.038991536575625929e+00 -1.918906659463834652e+00 -1.508662919176947836e+00 4.021031744789030360e-01 4.699614065025548570e-01 3.996490574924030370e-01
-1.616162214714778500e+00 -1.318185103275612224e+00 -1.131097127100352040e+00 3.706015140592552326e-01 3.914554338450175197e-01 3.918698386088519947e-01
-1.296385368136929950e+00 -6.948589082037447406e-01 -7.788662717251930712e-01 3.419793743428056754e-01 2.560079279980109757e-01 3.422148597021558158e-01
-1.067355833781230556e+00 -1.270298042807875560e-01 -4.792091245514816800e-01 2.821164926163035047e-01 1.306912308130408207e-01 2.602149814572086717e-01
-8.921809281829363725e-01 3.048552592811175632e-01 -2.483596556236879471e-01 9.948392384128824928e-02 1.406676830181130267e-01 1.575710337103587155e-01
-6.637387233917007023e-01 4.781214214849527910e-01 -9.156505685762136859e-02 -1.800108869349256735e-01 2.875522784464883963e-01 4.690933491309713654e-02
1.597342551783729747e-01 -1.366096021508120262e-01 -4.236962493076226917e-03 -2.990649845740306900e-01 3.305601672430424354e-01 -5.961390905856429889e-02
6.283438580029945264e-01 -5.542986732676200567e-01 2.575859858010163053e-02 -2.989796537497186324e-01 3.143158877990874234e-01 -1.516025611567812237e-01
4.522194995568548093e-01 -4.358543536613783131e-01 1.507180231845586978e-02 -2.286220728627305354e-01 2.785454664571798133e-01 -2.214216934925269664e-01
2.033078198318669927e-01 -2.999207069252491364e-01 -1.835102961805520558e-02 -1.179629289793539676e-01 2.348554204359698805e-01 -2.647925588931583363e-01
-5.648309467551727164e-03 -2.109978140475311792e-01 -5.813820719982525781e-02 4.825406670691152755e-03 1.886636311136005439e-01 -2.809297918307859243e-01
-1.373245566222545400e-01 -1.699118926809167762e-01 -9.159761873597349613e-02 1.143903897360284000e-01 1.434104658846523939e-01 -2.722338991131630359e-01
-1.908342038490808967e-01 -1.562327049774067389e-01 -1.108323606791025567e-01 1.919629616235813407e-01 1.012566066954799227e-01 -2.436110673588221809e-01
-1.820750979526889746e-01 -1.481158443048074536e-01 -1.128553286749095913e-01 2.279882750406136416e-01 6.326090675709615530e-02 -2.015394920608194751e-01
-1.323226188887596799e-01 -1.312535614525586203e-01 -9.887351622745663149e-02 2.226222136935527285e-01 2.962484601542246174e-02 -1.530307504302273192e-01
-6.240392005401276115e-02 -1.005472949479201683e-01 -7.303188786186645687e-02 1.840578638581452653e-01 1.389688608306163722e-04 -1.046416689056557797e-01
1.006982791052266069e-02 -5.807878375059566389e-02 -4.094857236360181785e-02 1.252184839710510089e-01 -2.517484563096058364e-02 -6.167510639908475867e-02
7.104755543695558118e-02 -8.976202390821674468e-03 -8.343508375537420085e-03 5.987702551216213254e-02 -4.550242300111714128e-02 -2.766943680828143695e-02
1.080965799818434797e-01 4.395971829827976379e-02 2.001854572862156109e-02 -3.341602078669714238e-04 -5.940248921058422643e-02 -4.222712926836625670e-03
1.210773464017364659e-01 9.156085075210759761e-02 4.095603735004461204e-02 -4.716269096204200872e-02 -6.590001098061207263e-02 8.861750228618818157e-03
1.261817198667354589e-01 1.147173763002452274e-01 5.306038534568484344e-02 -7.600808338364045680e-02 -6.535520870056986398e-02 1.317510086379138426e-02
1.242182789201950882e-01 1.152761395902722197e-01 5.652202333217330038e-02 -8.612229887761770064e-02 -5.917397768518953272e-02 1.115211071085698245e-02
1.129422665971446804e-01 1.020502839959641639e-01 5.271766745616571909e-02 -8.027604740598041910e-02 -4.907002232357247223e-02 5.488356501377291037e-03
9.422420023744289275e-02 8.165604715564064864e-02 4.369794388191569623e-02 -6.353586939436696446e-02 -3.665921513846494978e-02 -1.366112495600165129e-03
7.246128090221380658e-02 5.823421750608483854e-02 3.169762121437885716e-02 -4.165429642355331780e-02 -2.335383859852360397e-02 -7.558810300869006800e-03
5.167962686842294401e-02 3.493467823308684522e-02 1.875327713144978731e-02 -1.969337655823355515e-02 -1.032926939508715253e-02 -1.199731895139783018e-02
3.408612667628142801e-02 1.455954656424180566e-02 6.468020747860857116e-03 -1.202207724597502718e-03 1.521625497894993221e-03 -1.433077903806392883e-02
2.048226297564954487e-02 -1.054265788611852880e-03 -4.078411166430345736e-03 1.201213358575622080e-02 1.163109062237119642e-02 -1.479386752647901711e-02
1.083055892614981711e-02 -1.132748145995340384e-02 -1.230509761616350312e-02 1.965891255133300070e-02 1.975659072357094023e-02 -1.397634354846450863e-02
4.627564025748910626e-03 -1.674291938499464227e-02 -1.803557400953116271e-02 2.249588872554819305e-02 2.591735397716227879e-02 -1.258340697535713544e-02
1.156573534834350134e-03 -1.842424093377619670e-02 -2.137771801183564399e-02 2.181507382333858214e-02 3.028384168459257939e-02 -1.123937729787479259e-02
-3.379006629645011956e-04 -1.768755911517571472e-02 -2.261130730115041079e-02 1.900961250688338461e-02 3.306589496907152981e-02 -1.036529625529856308e-02
-5.311249882033076009e-04 -1.569270822900275045e-02 -2.210169850057934829e-02 1.527866738879133518e-02 3.444293680921294704e-02 -1.013698602571729522e-02
5.436445607336675887e-05 -1.325051410678542568e-02 -2.024391189963290622e-02 1.147914889088500964e-02 3.454967060493097791e-02 -1.051013031573553441e-02
1.073962416619674660e-03 -1.078262233904308219e-02 -1.743150590035156405e-02 8.103555424928705203e-03 3.350039851646345601e-02 -1.128713883572020696e-02
2.341894486896047532e-03 -8.396480671942199367e-03 -1.404026382277288182e-02 5.343705259315996436e-03 3.142440541730897458e-02 -1.219804591849002473e-02
3.783084206733588074e-03 -6.026926542570137414e-03 -1.041724472995525508e-02 3.192432419208635075e-03 2.849171585216330252e-02 -1.297291290554273592e-02
5.377837753323682843e-03 -3.593997098941766489e-03 -6.869315007392456408e-03 1.542578698177813484e-03 2.492054519922834097e-02 -1.339279569199294286e-02
7.115179008864209835e-03 -1.127062520250325314e-03 -3.649693288641085286e-03 2.603649034605532396e-04 2.096674086201592499e-02 -1.331644122614241560e-02
8.958796701529646647e-03 1.186321407961608669e-03 -9.445349273306980365e-04 -7.712156636069790547e-04 1.690007511028627368e-02 -1.268733867586162474e-02
1.082433207200558106e-02 3.043495852159547582e-03 1.136783048272543449e-03 -1.631781414775274140e-03 1.297399185618130363e-02 -1.152893983835297405e-02
1.257134012747729290e-02 4.140342917186561923e-03 2.564289415332477590e-03 -2.356096166934805187e-03 9.395723061997025491e-03 -9.934887963802816954e-03
1.401699837291205293e-02 4.302813823460280816e-03 3.381166442993541708e-03 -2.933871032927035018e-03 6.302940047951865500e-03 -8.057464316989199071e-03
1.497190777098028093e-02 3.577563093015186883e-03 3.688908138412009142e-03 -3.315858503042323595e-03 3.751123974736954216e-03 -6.093360408479991074e-03
1.528617829708322877e-02 2.242166627469005004e-03 3.626029159677823712e-03 -3.427438805738466064e-03 1.712742489245520135e-03 -4.263307651405037584e-03
1.488785968511703757e-02 7.273535383623452909e-04 3.343673191531004295e-03 -3.189303277253269925e-03 8.581357232340721276e-05 -2.782126787791904411e-03
1.379977545765340326e-02 -5.239755928047821337e-04 2.981947130323943460e-03 -2.541000326666129332e-03 -1.293619300882579894e-03 -1.818154932623397557e-03
1.213183430693868907e-02 -1.213243992078535342e-03 2.650649940634543060e-03 -1.459532138851374556e-03 -2.643034378468297335e-03 -1.444146247207385306e-03
1.005857120346323463e-02 -1.304777363887686713e-03 2.417392606221743789e-03 3.646806803519980582e-05 -4.240380508754835326e-03 -1.582618566420760818e-03
7.796913200782340340e-03 -1.063625558669361757e-03 2.304969999753016946e-03 1.906950466533321661e-03 -6.467922673650995311e-03 -1.941697266696510186e-03
5.587458936995519376e-03 -9.867553881440505048e-04 2.298250459453064949e-03 4.150348493731453176e-03 -9.951598198176340657e-03 -1.907184308498427678e-03
3.664080271176870136e-03 -1.625571861086395030e-03 2.358851698832344339e-03 6.954137261657314731e-03 -1.601411837244524558e-02 -2.316594948995934732e-04
2.202434131241068436e-03 -3.343612205625731432e-03 2.443686770909952663e-03 1.121056012613441850e-02 -2.859752832487564775e-02 6.356475323829421931e-03
1.269345006570283662e-03 -6.106480166974931345e-03 2.521492228922209058e-03 2.198985837245450922e-02 -6.950389642930890344e-02 3.488256941444604908e-02
8.078884504760933723e-04 -9.407740656277464170e-03 2.580226112083375267e-03 7.613627324433723531e-02 -5.733874000752604561e-01 4.834712182736316533e-01
6.688789312855687643e-04 -1.237679474492571659e-02 2.618418332492451067e-03 -5.757100493802856656e-02 -1.660236113901580532e-02 5.998487881289355644e-02
6.703118407052956760e-04 -1.403612051697253685e-02 2.616547354435835165e-03 -3.785973041263051425e-02 -7.116080155826796233e-03 3.134800891505382103e-02
6.572186525355451243e-04 -1.361892700349012775e-02 2.494648492821977589e-03 -2.743408307275133767e-02 -3.891206462249728864e-03 1.939293649037799119e-02
5.407377343377399318e-04 -1.083768459145521140e-02 2.090434442835047667e-03 -1.853900829288836899e-02 -2.189121838303086705e-03 1.172284650385138974e-02
3.069836987037766239e-04 -6.010294774191366624e-03 1.239426876000304266e-03 -9.478620872426988392e-03 -1.008056537558790896e-03 5.589695415315688518e-03
3.782617916172943945e-17 2.562403030585477311e-16 -2.440665700283812038e-17 -6.282887492526076170e-17 9.816262875469260661e-18 4.438228054601042269e-17
3.782617916172943945e-17 2.562403030585477311e-16 -2.440665700283812038e-17 -6.282887492526076170e-17 9.816262875469260661e-18 4.438228054601042269e-17
9.590905989662515396e-02 1.636282215197741641e+00 -1.512701616749512201e+00 -1.141508702207181258e+00 1.110862545200801271e-01 1.325168527268300922e+00
1.846696213344207471e-01 3.247190946982311033e+00 -2.945713200801108655e+00 -2.255097926932295493e+00 1.360558976282309207e-01 2.639420697198753718e+00
2.727703127696310403e-01 4.795620319956084288e+00 -4.235328302847451099e+00 -3.325340877116523153e+00 1.521515398331268754e-01 3.797593878352508945e+00
3.548238453678068116e-01 6.259822069821595392e+00 -5.342609800362548178e+00 -4.348182428755275275e+00 1.732039665685442820e-01 4.755042899861475547e+00
4.305986223352093467e-01 7.617352171213966017e+00 -6.253170344437017469e+00 -5.322757470592686779e+00 1.988686477224854143e-01 5.509845586094196612e+00
5.003300081188492010e-01 8.850001137666319906e+00 -6.971212283691142098e+00 -6.246416645988349003e+00 2.281244870520030277e-01 6.077758621737508804e+00
5.644472573549468297e-01 9.943640953438992014e+00 -7.512159447194372675e+00 -7.114207344817977230e+00 2.603488111590478438e-01 6.482409169454339981e+00
6.231106876231238267e-01 1.088788197742825226e+01 -7.896529058895835895e+00 -7.919964320456407414e+00 2.951738856082625206e-01 6.749628664171911652e+00
6.758544123764460565e-01 1.167565377150859440e+01 -8.145833475631823362e+00 -8.657111976961791910e+00 3.323043830684270783e-01 6.903905868829911086e+00
7.215202119664737568e-01 1.230286648196599408e+01 -8.280346876025665992e+00 -9.318760790884454082e+00 3.714221024130995863e-01 6.966362025774538225e+00
7.585202871558058835e-01 1.276820639199381624e+01 -8.318325808135265120e+00 -9.897359595657091447e+00 4.121915843571166138e-01 6.954005928766267886e+00
7.852871996198592663e-01 1.307298812328926019e+01 -8.276293029633000842e+00 -1.038425782899843242e+01 4.543430568824626814e-01 6.880031314993870772e+00
8.006569093479216637e-01 1.322091223626103762e+01 -8.170049807879427917e+00 -1.076935741230832022e+01 4.977794908731239532e-01 6.754785647972383344e+00
8.039645563329799183e-01 1.321761199972750411e+01 -8.016130793978714308e+00 -1.104080297593734095e+01 5.426443403708942625e-01 6.586932476539645975e+00
7.948073567124356309e-01 1.307000393290973861e+01 -7.833468811683264477e+00 -1.118451860340190684e+01 5.893047238542609145e-01 6.384361269045665921e+00
7.726455091058377356e-01 1.278560968200681636e+01 -7.645069295899234341e+00 -1.118344342253095292e+01 6.382452805519345240e-01 6.154584855529694920e+00
7.365322438524042337e-01 1.237209837215220709e+01 -7.479423849307861083e+00 -1.101658673132425648e+01 6.899121595833384024e-01 5.904626873602547121e+00
6.851996486388242102e-01 1.183724988199654859e+01 -7.371111965960005286e+00 -1.065851443793336095e+01 7.445728156606881143e-01 5.640621159601765022e+00
6.175032551565569072e-01 1.118937183523312484e+01 -7.359506576626294816e+00 -1.008053506743718764e+01 8.022517257599013352e-01 5.367432211789712859e+00
5.329788895192543174e-01 1.043799460750131125e+01 -7.483949323529431652e+00 -9.255403394197031730e+00 8.627667313315486863e-01 5.088543217405235630e+00
4.321518530051085549e-01 9.594523870785295117e+00 -7.774067156946099288e+00 -8.166966972482663678e+00 9.258428490386561016e-01 4.806298379009875887e+00
3.163472654533120432e-01 8.672524652026655900e+00 -8.236537975164607062e+00 -6.823439895940957456e+00 9.912443627142567548e-01 4.522414797885978999e+00
-3.190421001333453854e-01 -8.644370950967093847e+00 8.185178143484160174e+00 6.857635729141422942e+00 -9.907156676110721039e-01 -4.521933927134848652e+00
-1.957929878197545714e-01 -7.685613965973097095e+00 8.783800355719781905e+00 5.338059819004036477e+00 -1.056206306067141387e+00 -4.246973190167889101e+00
-5.707132355819503899e-02 -6.682730754248095373e+00 9.470475655169527940e+00 3.684828595541336682e+00 -1.124555687812710980e+00 -3.974598597341840733e+00
9.741618062646593967e-02 -5.650729030559392463e+00 1.017695816003436171e+01 1.983085215178468808e+00 -1.195355053951039137e+00 -3.706918189126507723e+00
2.676393520076761900e-01 -4.603974355744164804e+00 1.084256183548810348e+01 3.111958178978160294e-01 -1.268034333263265756e+00 -3.446434156666038362e+00
4.532540525921252561e-01 -3.555769755071926941e+00 1.142859794987527877e+01 -1.274131000855640350e+00 -1.342081082851810381e+00 -3.195687009789596189e+00
6.537382006990744010e-01 -2.518206251344480950e+00 1.192031507175388860e+01 -2.740529138922797259e+00 -1.417239638552502567e+00 -2.956768512565178586e+00
8.685717179495370255e-01 -1.502146231163049794e+00 1.232034849927795861e+01 -4.074344745456880190e+00 -1.493586322955931189e+00 -2.730954300240495680e+00
1.097358533569587902e+00 -5.171642154386517642e-01 1.264027125582211220e+01 -5.273036384212105077e+00 -1.571433873127788594e+00 -2.518668169061752948e+00
1.339829491036382603e+00 4.286718384724191866e-01 1.289422776237623580e+01 -6.339314654960454654e+00 -1.651106234630894676e+00 -2.319843713793231732e+00
1.595738278731616111e+00 1.329178179915993407e+00 1.309560461670793785e+01 -7.277802368479196815e+00 -1.732694954313385383e+00 -2.134556978278714379e+00
1.864722576374051588e+00 2.180470281395739729e+00 1.325611817694841932e+01 -8.093614325435181556e+00 -1.815919603645028690e+00 -1.963653453516625236e+00
2.146214401770087488e+00 2.981221135536687772e+00 1.338625360402199149e+01 -8.792016247819296026e+00 -1.900158984089394210e+00 -1.809058947808884543e+00
2.439444514991186530e+00 3.732578549052053329e+00 1.349606098566120060e+01 -9.378515971231134785e+00 -1.984628404196554063e+00 -1.673574384705182938e+00
2.743525295765542715e+00 4.437654116737064669e+00 1.359559715950005554e+01 -9.858996788637339748e+00 -2.068603350518865902e+00 -1.560174376821766851e+00
3.057554917571699171e+00 5.100651762934885980e+00 1.369468972891727887e+01 -1.023971242581705354e+01 -2.151573565348060768e+00 -1.471070434949947492e+00
3.380686226929833449e+00 5.725859876472761734e+00 1.380211285905958718e+01 -1.052711284913371870e+01 -2.233260623658165134e+00 -1.406953605938751073e+00
3.712139051608095652e+00 6.316820858588875431e+00 1.392459267696566094e+01 -1.072756600130593974e+01 -2.313514280455738259e+00 -1.366813826121323183e+00
4.051174547667155679e+00 6.875965478940183395e+00 1.406618961898208475e+01 -1.084708787602468760e+01 -2.392167347464931204e+00 -1.348523972689551265e+00
4.397065006038487489e+00 7.404849235811160391e+00 1.422847674736650703e+01 -1.089119740640873779e+01 -2.468938328027733053e+00 -1.350039060970082971e+00
4.749074965875151655e+00 7.904898666497330417e+00 1.441158779019642822e+01 -1.086498041707456075e+01 -2.543424797555685846e+00 -1.370730320321396078e+00
5.106439583525796522e+00 8.378353023957393120e+00 1.461578780846856063e+01 -1.077338624873840089e+01 -2.615163694251224413e+00 -1.412209152554922742e+00
5.468315490930272027e+00 8.828967410926415127e+00 1.484291315940187950e+01 -1.062170165760677421e+01 -2.683693801499447140e+00 -1.478110859212156569e+00
5.833704653675455987e+00 9.262094162096886407e+00 1.509699282949260812e+01 -1.041606610533478694e+01 -2.748567037198898166e+00 -1.572706415614741449e+00
6.201398048275073016e+00 9.683982167288318621e+00 1.538364997065609607e+01 -1.016383761976332067e+01 -2.809307345780680976e+00 -1.698760702085938767e+00
6.570013172133526425e+00 1.010045567135613176e+01 1.570839994002977136e+01 -9.873622257541814662e+00 -2.865368378564808083e+00 -1.855523153250779655e+00
6.938170785943177599e+00 1.051543031843393727e+01 1.607450135449232320e+01 -9.554869054144287333e+00 -2.916152249681912334e+00 -2.037873610605492214e+00
7.304770766876019117e+00 1.092986870601434113e+01 1.648133018535891381e+01 -9.217104324641875124e+00 -2.961108838503961227e+00 -2.237307094396755680e+00
7.669230406269932132e+00 1.134169278652043644e+01 1.692415069441182851e+01 -8.869081917920899727e+00 -2.999865866035733575e+00 -2.444683880942821297e+00
8.031511562484711320e+00 1.174685702987506097e+01 1.739563290198534773e+01 -8.518252622341966784e+00 -3.032295823018992476e+00 -2.653783347486951438e+00
8.391835068020956356e+00 1.214133168316941713e+01 1.788869685199272297e+01 -8.170887085576353570e+00 -3.058447354334942858e+00 -2.864107737390207298e+00
8.750148317927546771e+00 1.252331061589422490e+01 1.839957269510807691e+01 -7.832879640275862698e+00 -3.078354098138684769e+00 -3.081448202542781623e+00
9.105592478052461303e+00 1.289473470482113271e+01 1.892968088807615956e+01 -7.510825867375215736e+00 -3.091833820391393317e+00 -3.315533425757990482e+00
9.456296449029723661e+00 1.326135353330321820e+01 1.948524415151008071e+01 -7.212648771448106899e+00 -3.098435590945751716e+00 -3.575342784050425937e+00
9.799728760026333418e+00 1.363104662074040441e+01 2.007439196604506293e+01 -6.947089730315394895e+00 -3.097637936496328237e+00 -3.863829261249764446e+00
1.013357999226388451e+01 1.401083346972026789e+01 2.070261755354045619e+01 -6.721854642312147909e+00 -3.089259387295915982e+00 -4.174298516507213286e+00
1.045683975063356108e+01 1.440364332698262295e+01 2.136834834455686405e+01 -6.540936001329265004e+00 -3.073885422065131934e+00 -4.490221552680822015e+00
1.077053495053333343e+01 1.480620556711431135e+01 2.206065387468616734e+01 -6.402253236189124230e+00 -3.053035877073187798e+00 -4.788928072814309544e+00
1.107763691990459343e+01 1.520918019560744128e+01 2.276051159172560290e+01 -6.296894875100909061e+00 -3.028858001746395523e+00 -5.047947332322398672e+00
1.138194332928483377e+01 1.559988198781169544e+01 2.344571683388793204e+01 -6.210739222391334913e+00 -3.003325938453552890e+00 -5.251448917459468291e+00
1.168618900637082980e+01 1.596689017720872350e+01 2.409795314419508117e+01 -6.128234486598540975e+00 -2.977176805966487816e+00 -5.393900464778722537e+00
1.199004393079125386e+01 1.630489119530320252e+01 2.470939483374471379e+01 -6.037067729585286813e+00 -2.948999060149054774e+00 -5.478941293852305883e+00
1.228882724937023418e+01 1.661772361918429652e+01 2.528603530196582483e+01 -5.931845052097836302e+00 -2.914914443391780630e+00 -5.513317807031693718e+00
1.257360952754601691e+01 1.691804379822683657e+01 2.584590396846640203e+01 -5.815080678472082987e+00 -2.869135151215315815e+00 -5.497861111526435529e+00
1.283294445696757968e+01 1.722322006721865151e+01 2.641218529169616147e+01 -5.694782279491471755e+00 -2.805389663019160373e+00 -5.419030282337685023e+00
1.305593959477560517e+01 1.754858139973419995e+01 2.700333652528578199e+01 -5.579406525225926394e+00 -2.718902182461062633e+00 -5.244762876065781398e+00
1.323594555900139191e+01 1.790043599686592302e+01 2.762379106297501608e+01 -5.472321622747851499e+00 -2.608388957616709636e+00 -4.927054542218816557e+00
1.337394019595186556e+01 1.827181482225575238e+01 2.825904739937543653e+01 -5.368432490892939057e+00 -2.477465144741783920e+00 -4.411314580574164701e+00
1.348070934175193791e+01 1.864331592483128119e+01 2.887766616092724803e+01 -5.254870688127796008e+00 -2.334950157274430005e+00 -3.650080392629222903e+00
1.357709155602268325e+01 1.898966854580432084e+01 2.944033107745671174e+01 -5.115851164300920573e+00 -2.193788786971796245e+00 -2.617068346020619884e+00
1.369177641624387221e+01 1.929018112915206373e+01 2.991351721079592352e+01 -4.939804988811555830e+00 -2.068621830564396635e+00 -1.317299287725926638e+00
1.385642380512521754e+01 1.953914603015859797e+01 3.028334658571783322e+01 -4.725693110641721262e+00 -1.972389302261222221e+00 2.098399687253034718e-01
1.409829309707656009e+01 1.975171344663407069e+01 3.056453417135225692e+01 -4.485525370888115759e+00 -1.912667338135155104e+00 1.895609359882187039e+00
1.443122153995020973e+01 1.996214425140718163e+01 3.080025445819583751e+01 -4.241452890649106244e+00 -1.888646557928754355e+00 3.653478030149090117e+00
1.484662540102390871e+01 2.021394870621558226e+01 3.105131769932937047e+01 -4.017858846912308657e+00 -1.889673907616890247e+00 5.393575631881135202e+00
1.530698180272024622e+01 2.054389061412820539e+01 3.137679155642614859e+01 -3.830984089532425863e+00 -1.896052556736963934e+00 7.035463137333167083e+00
1.574460013955890680e+01 2.096352521003332470e+01 3.181192779812444016e+01 -3.680075119378467097e+00 -1.882332179566905905e+00 8.515429775066063911e+00
1.606797243118606033e+01 2.144329544002030019e+01 3.235115519526532779e+01 -3.544127870893063026e+00 -1.822693010334844654e+00 9.786710696866826709e+00
1.617630513435087636e+01 2.190565374522331865e+01 3.294261533351157567e+01 -3.386613841267196001e+00 -1.697363153714194661e+00 1.081367192873192806e+01
1.598017119720566193e+01 2.223402978210764047e+01 3.349652602255820000e+01 -3.167442019593150526e+00 -1.498506774971178901e+00 1.156302539759143144e+01
1.542351411530725436e+01 2.230123143912785366e+01 3.390458158569743574e+01 -2.858061379215842468e+00 -1.233900469972281533e+00 1.199588865226219703e+01
1.450084141873481336e+01 2.201303619887369223e+01 3.406397279541628365e+01 -2.453715499608948747e+00 -9.271080477274012965e-01 1.206405765108599226e+01
1.326421530351906242e+01 2.135381535103255501e+01 3.389815612587525351e+01 -1.977576904777322842e+00 -6.137065033910816814e-01 1.171266244744729157e+01
1.181718163381671793e+01 2.041872098801200863e+01 3.336539648583552520e+01 -1.474663696846176153e+00 -3.341258582354986739e-01 1.088974652664653675e+01
1.029535074825803598e+01 1.942905284840823654e+01 3.244034843516939759e+01 -9.977358380696788043e-01 -1.242604292976913632e-01 9.561198190553289677e+00
8.832188934970323757e+00 1.876149143370454553e+01 3.102804358060463130e+01 -5.923618602435929414e-01 -2.495613485490536052e-03 7.726059562542666015e+00
7.496400101049351505e+00 1.908999524848475104e+01 2.865038460482247018e+01 -3.127365987248025836e-01 8.474698900055176176e-02 5.412339560298765839e+00
1.039639486643918964e+01 1.702854835876745554e+01 2.309507887939738779e+01 -1.955911771874214444e-01 5.808643780985807137e-01 2.346728045824442166e+00
0.000000000000000000e+00 0.000000000000000000e+00 0.000000000000000000e+00 0.000000000000000000e+00 0.000000000000000000e+00 0.000000000000000000e+00
0.000000000000000000e+00 0.000000000000000000e+00 0.000000000000000000e+00 0.000000000000000000e+00 0.000000000000000000e+00 0.000000000000000000e+00
5.092182287909175820e+00 9.195081542242204975e+00 1.967715592311532902e+01 3.070839768055776409e-01 4.243583092664103273e-01 1.722488206596916038e+00
5.085091986801728581e+00 8.125872865161992920e+00 2.546572673757146887e+01 1.902805071163160555e-01 4.414701166084288864e-01 3.934910333902956303e+00
7.332175721421515746e+00 9.117564759949861042e+00 2.715866389891055732e+01 -9.206150435150141365e-02 3.477424777847966664e-01 5.834078387141262922e+00
9.844893124776984195e+00 1.132359590429739882e+01 2.786307840849277184e+01 -5.721320014005348842e-01 1.294907985164232833e-01 7.369836250474352646e+00
1.059792508750805595e+01 1.523816699214733816e+01 2.826395085052614320e+01 -1.187240366830762506e+00 -1.716254770691504339e-01 8.500740141907797920e+00
1.344233440242904898e+01 1.598743660212838336e+01 2.852399704165303973e+01 -1.811037569649110779e+00 -4.815613471742001828e-01 9.202254789470481811e+00
1.496149167254814927e+01 1.638910252120516375e+01 2.867510146901433643e+01 -2.316593119973814119e+00 -7.172281477278846795e-01 9.474616755817390157e+00
1.497362264150198818e+01 1.651769648176239258e+01 2.872604070786781350e+01 -2.623998847083707897e+00 -8.182985057266555229e-01 9.341913762395757104e+00
1.207382503039499255e+01 1.813758964629163728e+01 2.869386733423440461e+01 -2.716718291771322402e+00 -7.783442181090054479e-01 8.847036437225952454e+00
1.345894146750900866e+01 1.470580393458764235e+01 2.860685947434451037e+01 -2.641280942284430999e+00 -6.457501653633137551e-01 8.044817109770885821e+00
1.269660035735150849e+01 1.335010341068796613e+01 2.849651856963869889e+01 -2.494726242499653690e+00 -4.929038405122006528e-01 6.995184985471914807e+00
1.198998036124600119e+01 1.238341089766215575e+01 2.838794491961502686e+01 -2.390386060023898196e+00 -3.827023670918686116e-01 5.757847510792922563e+00
1.160827011157264188e+01 1.176122894115994200e+01 2.829398066028822711e+01 -2.410585655430834251e+00 -3.515915105479301417e-01 4.389330914140287199e+00
1.156427826951368054e+01 1.141116019075221111e+01 2.821482752981670927e+01 -2.574848556837586511e+00 -4.047365257642408509e-01 2.942291460843911466e+00
1.178393398638083411e+01 1.115492627760237987e+01 2.814173388778025142e+01 -2.837682913350235925e+00 -5.203518626359452393e-01 1.466224100524005536e+00
1.220837640621578224e+01 1.073339958433114560e+01 2.806210130127938740e+01 -3.115581857007454047e+00 -6.584755462117778402e-01 8.362308552354787497e-03
1.258041926345673289e+01 1.013836322871014062e+01 2.796392984197454368e+01 -3.330259530444933613e+00 -7.697741358611677187e-01 -1.386263165842640310e+00
1.243271701781429428e+01 9.700854916957442953e+00 2.783866627064334054e+01 -3.437222407675571301e+00 -8.138252939203866054e-01 -2.676133576098993938e+00
1.191605359548445442e+01 9.281509904812162759e+00 2.768233901077080006e+01 -3.428474209453301391e+00 -7.812528822145661245e-01 -3.825846193422520081e+00
1.114338048467076092e+01 8.891278932902940468e+00 2.749526923212373219e+01 -3.326021292951766739e+00 -6.966388305871338282e-01 -4.809410827451441328e+00
1.039169070903705716e+01 8.422356190060403591e+00 2.728082816775282993e+01 -3.174327126467141991e+00 -5.992429801741113726e-01 -5.613275142522812011e+00
9.768490409977504285e+00 7.912645760019655583e+00 2.704376391191922480e+01 -3.025937559482170247e+00 -5.207194761303942654e-01 -6.238013268470822936e+00
9.289448935153894027e+00 7.422570845479994794e+00 2.678857595050882168e+01 -2.919497629357386881e+00 -4.760605416784465249e-01 -6.697859305629072502e+00
8.949062011618295287e+00 6.954007451404057072e+00 2.651831366139209933e+01 -2.863769454776224244e+00 -4.653148739732357320e-01 -7.017859601463212194e+00
8.733690781481751486e+00 6.458286569872167426e+00 2.623404946515592684e+01 -2.839324715916969666e+00 -4.773739101160765497e-01 -7.229183509679683262e+00
8.613850284959122305e+00 5.882091493707864771e+00 2.593511313337899438e+01 -2.814609816713318224e+00 -4.938051913720732378e-01 -7.363773829160612294e+00
8.480859408249337150e+00 5.268512916329210150e+00 2.561994621169521835e+01 -2.763302001337464286e+00 -4.955003980284381493e-01 -7.449755672395116157e+00
8.165512475921200775e+00 4.761425905268843906e+00 2.528719874993142014e+01 -2.672807596898944205e+00 -4.718968785075511319e-01 -7.508741032073792177e+00
7.629306602859007747e+00 4.416445166091635066e+00 2.493658242839455141e+01 -2.544713356627862133e+00 -4.258024464537293330e-01 -7.555471725569449681e+00
6.956507826511328929e+00 4.193188442948900807e+00 2.456911983705712643e+01 -2.391713939169852310e+00 -3.693484711465054304e-01 -7.599411261724854150e+00
6.259449324669326131e+00 4.026334089730896793e+00 2.418674845449742961e+01 -2.231964017883695028e+00 -3.154374647179559732e-01 -7.647255875791818092e+00
5.614499955129249820e+00 3.869721135460547412e+00 2.379157276382234443e+01 -2.081430401956327003e+00 -2.715506166066152804e-01 -7.705140850481850379e+00
5.048957749667047246e+00 3.701285358490017607e+00 2.338521164025129195e+01 -1.947716931932659712e+00 -2.383364138264911780e-01 -7.779642788008255039e+00
4.562593093538348299e+00 3.506352007518378944e+00 2.296857273754408979e+01 -1.828911465471384501e+00 -2.113643460073616198e-01 -7.877371396638095824e+00
4.145295404917185955e+00 3.272804041638410766e+00 2.254208411740891904e+01 -1.717342491644158864e+00 -1.839453617714945921e-01 -8.003712778538634609e+00
3.782961851278818344e+00 2.998224924891444765e+00 2.210612854677620476e+01 -1.605111755069619894e+00 -1.494190322436815266e-01 -8.161965651642608677e+00
3.457172302097000660e+00 2.697276525058643681e+00 2.166133733769155612e+01 -1.488840851308600444e+00 -9.913346084133296821e-02 -8.355928432627885982e+00
3.148583353634670345e+00 2.397463997991923446e+00 2.120853661573147519e+01 -1.381343371918055229e+00 3.258500340147378604e-02 -8.635278792793259939e+00
2.845810626282968769e+00 2.123871837761333481e+00 2.074837261506357322e+01 -8.621021365381865920e+00 -1.205043613394001678e+00 -2.116382631253231894e-01
2.556696915806428994e+00 1.880402738077821878e+00 2.028080742919695112e+01 -8.912982396129944362e+00 -1.097749722927226612e+00 -9.616990083527253430e-02
2.300675081005238543e+00 1.652587591124245359e+00 1.980468869291658152e+01 -9.146402579466194283e+00 -9.881258605790199656e-01 -5.734860867659941075e-02
2.077048555630561122e+00 1.438602756677774597e+00 1.931748797338564572e+01 -9.365039796754327739e+00 -8.880302599251725937e-01 -3.603857583502959733e-02
1.863087447669700580e+00 1.253740305817944822e+00 1.881516494101647297e+01 -9.569800606232428564e+00 -7.974581923287706875e-01 -2.347883635710676029e-02
1.645364303973809950e+00 1.102892184874675996e+00 1.829201896072489220e+01 -9.756843318001468646e+00 -7.135734971171877605e-01 -1.490241137708675501e-02
1.429174682906669824e+00 9.743262113228282617e-01 1.774034648918505042e+01 -9.919126138409012583e+00 -6.331656583727621745e-01 -7.019400015723567705e-03
1.221629406053138966e+00 8.581406185566865519e-01 1.714969700331351277e+01 -1.004560393861892287e+01 -5.544030585067767358e-01 1.707827480387982084e-03
1.026770228480889502e+00 7.509143461727596502e-01 1.650547807577868653e+01 -1.012005828113418282e+01 -4.776279041143912663e-01 1.090312151939438860e-02
8.484406728525335506e-01 6.512967565852442187e-01 1.578659472649313678e+01 -1.011937726728672970e+01 -4.049752244872013573e-01 1.878823174850324101e-02
6.905680791851684930e-01 5.576548684282326418e-01 1.496173697457650853e+01 -1.001057389183456969e+01 -3.390799589810346015e-01 2.327759806207653492e-02
5.553238991888841403e-01 4.681380055576723209e-01 1.398392472129792452e+01 -9.745803817915700051e+00 -2.815271336734359586e-01 2.317480224108525028e-02
4.412860744061316565e-01 3.816806509800330649e-01 1.278330583549725574e+01 -9.255222096062716730e+00 -2.317901039339506919e-01 1.887071798118208216e-02
3.434883200171688356e-01 2.983025866115964764e-01 1.126011986145930699e+01 -8.439670556200134399e+00 -1.871908007656749584e-01 1.220933095186916770e-02
2.555663666719538707e-01 2.182435184040493192e-01 9.285991611929119927e+00 -7.171578199879301785e+00 -1.439582972714079923e-01 5.659390403838427362e-03
1.719814029609079420e-01 1.413215326395244054e-01 6.735243972049922867e+00 -5.325969587417439755e+00 -9.887127044766831629e-02 1.236341678698829518e-03
8.826175241719155795e-02 6.786368389003877288e-02 3.576401690934760236e+00 -2.871842609053270934e+00 -5.059316082752905730e-02 -3.575788388271814323e-04
-7.061257967525710413e-15 8.880256188200045379e-15 7.680019049368149117e-15 -6.262854233262823783e-15 -3.479371330464977525e-16 2.063461419125972043e-16
-7.061257967525710413e-15 8.880256188200045379e-15 7.680019049368149117e-15 -6.262854233262823783e-15 -3.479371330464977525e-16 2.063461419125972043e-16
-3.642164433790760769e-02 3.756395414379323089e-02 3.986072467146586397e-03 -6.550321359907856347e-04 3.775778110878002525e-01 -3.783206769397701175e-01
-2.037611641135582061e-02 2.268957677834012449e-02 7.924575616170697473e-03 -1.332338770887863278e-03 8.662124080987894381e-02 -8.812584481320528962e-02
-1.592125000257925416e-02 1.945862256329717807e-02 1.177110291638638201e-02 -2.054133000618933377e-03 5.242048636260464300e-02 -5.472051082284477147e-02
-1.436748957945544261e-02 1.919673005215689551e-02 1.548640150155155930e-02 -2.841361851483072565e-03 3.845576854840122155e-02 -4.159238642092053656e-02
-1.394126930412747239e-02 2.013482841747299759e-02 1.903668939045566333e-02 -3.711085323479978298e-03 3.081431095718039845e-02 -3.482691478020961962e-02
-1.402651335142553711e-02 2.165062656449183096e-02 2.239262098765306547e-02 -4.673189420786818919e-03 2.604319130555663581e-02 -3.095958043822546676e-02
-1.433481740605783115e-02 2.344033089684147142e-02 2.552768034712316753e-02 -5.727651469011638824e-03 2.283924701368511209e-02 -2.866651708089651765e-02
-1.470105014321799672e-02 2.531662145535779410e-02 2.841675305610174077e-02 -6.863348969272933635e-03 2.059069710473868109e-02 -2.730781765588715868e-02
-1.501916225583784133e-02 2.714696081680883707e-02 3.103532669437440716e-02 -8.058807748488883149e-03 1.896790575093289938e-02 -2.652072650738501389e-02
-1.522012648760890513e-02 2.883365726338039253e-02 3.335945316101700947e-02 -9.284704286308903196e-03 1.777588955980900776e-02 -2.607509547719790224e-02
-1.526453673718293491e-02 3.030800616114336446e-02 3.536639882764056747e-02 -1.050756809319563882e-02 1.689190623141498607e-02 -2.581421686792201645e-02
-1.514015260213692586e-02 3.152886068997707431e-02 3.703581193725490051e-02 -1.169399073811447538e-02 1.623566146703538104e-02 -2.562831284893825681e-02
-1.486030966328609829e-02 3.248178805227187882e-02 3.835120500765019230e-02 -1.281467605538057393e-02 1.575342083353261508e-02 -2.544167296478104870e-02
-1.446134015058612304e-02 3.317724509082778384e-02 3.930154406318476373e-02 -1.384779089493697914e-02 1.540848203362531199e-02 -2.520558214796513388e-02
-1.399825650068881565e-02 3.364726672363536203e-02 3.988273921681668999e-02 -1.478124489890583586e-02 1.517475340788273196e-02 -2.489349217641195766e-02
-1.353862619349140844e-02 3.394072047586393914e-02 4.009884155204478801e-02 -1.561370638825920233e-02 1.503203268346568408e-02 -2.449680474191574808e-02
-1.315502460500486519e-02 3.411749424894201799e-02 3.996277447165146740e-02 -1.635432697163255455e-02 1.496243308663295669e-02 -2.402059916146059848e-02
-1.291675749289699845e-02 3.424215153352472979e-02 3.949646761505880288e-02 -1.702128593092210387e-02 1.494779242389935280e-02 -2.347916999113743713e-02
-1.288171264263459660e-02 3.437765146331957927e-02 3.873031805322071919e-02 -1.763936977703997599e-02 1.496804503001001978e-02 -2.289153847875430650e-02
-1.308923692776501647e-02 3.457971175316067874e-02 3.770197293041343406e-02 -1.823687157483117396e-02 1.500054552011001810e-02 -2.227724983402135442e-02
-1.355484947628692212e-02 3.489230417064903556e-02 3.645450402982393368e-02 -1.884213209580193685e-02 1.502027333038723211e-02 -2.165280650219703756e-02
-1.426741064897021904e-02 3.534462695501736779e-02 3.503412117469269921e-02 -1.948005613203664457e-02 1.500076469710598555e-02 -2.102904320869218580e-02
-1.518909575374861876e-02 3.594971144580263317e-02 3.348764085146470337e-02 -2.016892779978696551e-02 1.491554720529864389e-02 -2.040964672860534276e-02
-1.625820483505582489e-02 3.670461183057061039e-02 3.185998051397123665e-02 -2.091782194115691246e-02 1.473981195677588792e-02 -1.979088639229605734e-02
-1.739451315009219248e-02 3.759192536769033477e-02 3.019197660699501212e-02 -2.172486597773415351e-02 1.445205813415347679e-02 -1.916247433600766492e-02
-1.850656998044010806e-02 3.858222935106352114e-02 2.851881208110571692e-02 -2.257654718428288299e-02 1.403548191450142840e-02 -1.850933974965175352e-02
-1.950012238591082581e-02 3.963693351563971068e-02 2.686927532755767345e-02 -2.344818341262464717e-02 1.347894625369567764e-02 -1.781399762837696660e-02
-2.028670499264776175e-02 4.071105494187216706e-02 2.526595409097519632e-02 -2.430558122165200202e-02 1.277744604646242378e-02 -1.705913339872973736e-02
-2.079141627345498441e-02 4.175552849733252941e-02 2.372630782891170520e-02 -2.510779731589377409e-02 1.193206045609823338e-02 -1.623001758686598225e-02
-2.095900251556890442e-02 4.271884639132767642e-02 2.226439030520899545e-02 -2.581080366401663703e-02 1.094944942687769290e-02 -1.531640986128988448e-02
-2.075758471460127305e-02 4.354803308546103396e-02 2.089285111685386040e-02 -2.637174321884148617e-02 9.840997584099451731e-03 -1.431370295004387623e-02
-2.017966828866738990e-02 4.418915820861565869e-02 1.962476639335470827e-02 -2.675336303876415037e-02 8.621733639661942686e-03 -1.322318163287141551e-02
-1.924043486105362841e-02 4.458773051403020632e-02 1.847485228925677125e-02 -2.692813537380581504e-02 7.309158726230407035e-03 -1.205141304355493090e-02
-1.797368337525026213e-02 4.468937789776799424e-02 1.745969017610170260e-02 -2.688153124699105279e-02 5.922106874016841438e-03 -1.080892189939131227e-02
-1.642611275270906487e-02 4.444119689830364900e-02 1.659670258280332433e-02 -2.661389229150863331e-02 4.479739925282103484e-03 -9.508417607821596784e-03
-1.465086863995648803e-02 4.379405581668241454e-02 1.590170432584033997e-02 -2.614033558673134472e-02 3.000751598555727404e-03 -8.162911308458961623e-03
-1.270136788353855295e-02 4.270596860404007877e-02 1.538483405665287684e-02 -2.548807641544754976e-02 1.502823649746632718e-03 -6.784076510367485248e-03
-1.062633644178388390e-02 4.114643326692190434e-02 1.504444473915368327e-02 -2.469037988731583380e-02 2.342158510844338798e-06 -5.381161191918028969e-03
-8.466743301515613357e-03 3.910136440305969630e-02 1.485798186391715063e-02 -2.377593720639160219e-02 -1.485655428710558595e-03 -3.960655609839491831e-03
-6.254911532018245582e-03 3.657797284746621552e-02 1.476800437890144792e-02 -2.275178575724298019e-02 -2.947369649290100882e-03 -2.526772856036009485e-03
-4.015605669215035166e-03 3.360870675382093831e-02 1.466106057447423214e-02 -2.157767736731626765e-02 -4.370064836161419511e-03 -1.082633045437950657e-03
-1.768441509421685327e-03 3.025324471688386335e-02 1.434086082305673603e-02 -2.013374870448756890e-02 -5.741950575979862768e-03 3.681106560801854569e-04
4.693252182344110485e-04 2.659761487875097682e-02 1.351596090074358610e-02 -1.820229287153244876e-02 -7.052232488833689965e-03 1.819570589705981701e-03
2.680582110886636175e-03 2.274987600130427140e-02 1.186546185648800107e-02 -1.552781780092713122e-02 -8.291407672569681142e-03 3.262242593392227549e-03
4.847349547113542767e-03 1.883243289667996603e-02 9.250181832685087230e-03 -1.202352145868197664e-02 -9.451809447048603249e-03 4.682278205404641867e-03
4.847349547113542767e-03 1.883243289667996603e-02 9.250181832685087230e-03 -1.202352145868197664e-02 -9.451809447048603249e-03 4.682278205404641867e-03
8.188970402232615964e-01 2.099107941263683497e+00 -9.641311407798810462e-01 -2.158691124310769371e+00 5.254909684184423668e-02 5.323633202134020470e-01
1.624457068723427877e+00 4.136844832570976571e+00 -1.930835881751477023e+00 -4.259748818163504147e+00 1.143408277387778088e-01 1.059786097237532143e+00
2.414277410745154562e+00 6.092597907022164527e+00 -2.884467779499760631e+00 -6.273447413679719808e+00 1.757218550571595650e-01 1.586447642246793466e+00
3.181332666540326759e+00 7.932025784481861130e+00 -3.818968410425578774e+00 -8.163585613054655354e+00 2.364331658108695666e-01 2.111809163401685119e+00
3.918770626530073908e+00 9.627394121815770589e+00 -4.728696054295759232e+00 -9.901065452395181765e+00 2.961522648126054813e-01 2.635293934140171324e+00
4.619909491913007038e+00 1.115818977738200068e+01 -5.608443469058616238e+00 -1.146446988274828271e+01 3.545056913008698962e-01 3.156252779911118189e+00
5.278305167760698247e+00 1.251094100615484983e+01 -6.453406822355139738e+00 -1.283978206285158663e+01 4.110950202165199463e-01 3.673893149226313160e+00
5.887877945217680598e+00 1.367846409407557928e+01 -7.259127769484089221e+00 -1.401950918242062905e+01 4.655289206489496290e-01 4.187180317798663509e+00
6.443060490794355388e+00 1.465879098648583501e+01 -8.021432146951518405e+00 -1.500151322925454522e+01 5.174540419924582579e-01 4.694729307061509260e+00
6.938917115326313834e+00 1.545399601241085108e+01 -8.736382242383347929e+00 -1.578780570803125549e+01 5.665797285302978104e-01 5.194709850115775573e+00
7.371192641870766060e+00 1.606907022330474888e+01 -9.400247565031675023e+00 -1.638347281126814536e+01 6.126946608139158812e-01 5.684782341677394157e+00
7.736274854616829622e+00 1.651092275914972873e+01 -1.000948512556264802e+01 -1.679580170666405792e+01 6.556761796408060450e-01 6.162070932066702866e+00
8.031087772246644718e+00 1.678753918041765658e+01 -1.056070831181333425e+01 -1.703360456318419480e+01 6.954942900850206167e-01 6.623164060030853229e+00
8.252961032108792949e+00 1.690730108524716258e+01 -1.105061678277727033e+01 -1.710669613380564158e+01 7.322118456957003030e-01 7.064117601317785322e+00
8.399532418135894574e+00 1.687846391569448912e+01 -1.147586034260358190e+01 -1.702547169304627772e+01 7.659805434217797915e-01 7.480426286770356370e+00
8.468730908445634142e+00 1.670879122995227917e+01 -1.183281760147138328e+01 -1.680054541276107827e+01 7.970299179360872399e-01 7.866928391537189924e+00
8.458859475844603182e+00 1.640534537437216400e+01 -1.211728347726878496e+01 -1.644243214043335399e+01 8.256443186988504657e-01 8.217617515610081469e+00
8.368760287880324000e+00 1.597443135623212207e+01 -1.232407475131210361e+01 -1.596127597570914780e+01 8.521213175711591647e-01 8.525351258318702108e+00
8.198013522443542200e+00 1.542168175008076325e+01 -1.244657597955698591e+01 -1.536663842133675573e+01 8.767040217563163429e-01 8.781465354786300637e+00
7.947106928563004047e+00 1.475225786831991392e+01 -1.247625627869792098e+01 -1.466735364589996138e+01 8.994788483189187778e-01 8.975318779470265795e+00
7.617522722097076482e+00 1.397113005954420473e+01 -1.240219128167946216e+01 -1.387144039197581513e+01 9.202290146023938133e-01 9.093808151337213985e+00
7.211719164324755127e+00 1.308339158259729018e+01 -1.221062968223424328e+01 -1.298603594344714729e+01 9.382328551394483185e-01 9.120901318379990741e+00
6.733026255138877758e+00 1.209455799074019211e+01 -1.188466329379946629e+01 -1.201729772163089649e+01 9.519983516915657695e-01 9.037260350358597094e+00
6.185514830354871485e+00 1.101080621540448945e+01 -1.140411440651002728e+01 -1.097021619559302330e+01 9.589404848817476568e-01 8.820070561126879483e+00
5.573926355963958024e+00 9.839108364423962527e+00 -1.074587010214930949e+01 -9.848316947251909426e+00 9.550596999697233969e-01 8.443281483137344168e+00
4.903774424240334717e+00 8.587196265614414514e+00 -9.885085858964931305e+00 -8.653324154578822203e+00 9.348252095658452498e-01 7.878582767392633635e+00
4.181809564571254079e+00 7.263191408472156496e+00 -8.797915659056311455e+00 -7.385037754631994744e+00 8.918682875215467876e-01 7.097418146118950943e+00
3.417447691790053366e+00 5.874288847908709421e+00 -7.466537551067363054e+00 -6.041934158435373625e+00 8.223969387518702545e-01 6.073371333250416448e+00
2.627719208756726044e+00 4.421888964398590360e+00 -5.886848532871099771e+00 -4.623194143925657862e+00 7.392321831672319377e-01 4.778045441573038232e+00
1.852936695681072887e+00 2.885908494220911891e+00 -4.077788760486663833e+00 -3.132571813519910986e+00 7.355500900817474319e-01 3.130664539856702788e+00
1.079583970362967715e+00 1.301703436774936051e+00 -2.088801933903449815e+00 -1.583165394473632137e+00 8.535086686049847549e-01 1.141737421902132121e+00
3.782617916172943945e-17 2.562403030585477311e-16 -2.440665700283812038e-17 -6.282887492526076170e-17 9.816262875469260661e-18 4.438228054601042269e-17
