0.000000000000000000e+00 0.000000000000000000e+00 0.000000000000000000e+00 0.000000000000000000e+00 0.000000000000000000e+00 0.000000000000000000e+00
3.632740515693782868e+01 2.725873101565864687e+01 2.621508858105637430e+01 -1.754783688743171907e-02 -2.092877520045487438e-01 3.617301265854609760e+00
3.329302539973171093e+01 2.230111299887825638e+01 3.906770189358523737e+01 -5.437603686740771769e-01 -8.040736013993696751e-01 7.893091231153647414e+00
3.169994256669429689e+01 2.441917598603453143e+01 4.020048711858945012e+01 -1.032175994708266709e+00 -1.169587758440086889e+00 1.145570261746781426e+01
3.101504603374772984e+01 2.597321150044024662e+01 4.093276551096998617e+01 -1.581302290742265582e+00 -1.548279707609727662e+00 1.448189107042349200e+01
3.066384947415739504e+01 2.728414775120501545e+01 4.156213537365186284e+01 -2.131363954997036014e+00 -2.016566677324058698e+00 1.688378800990775730e+01
3.039892970060430599e+01 2.840676088684587697e+01 4.212451863487961390e+01 -2.649013136501124688e+00 -2.580552737129941043e+00 1.859357542355080994e+01
3.010234151462588414e+01 2.930325083790051366e+01 4.260537667719662380e+01 -3.134826228979060936e+00 -3.191676909896170145e+00 1.958187361101996160e+01
2.972704836644172133e+01 2.990630506435280012e+01 4.298399183691223158e+01 -3.621067172155266523e+00 -3.761102582246131476e+00 1.985801919336541488e+01
2.928181633040536624e+01 3.014339192678463419e+01 4.324742564539607770e+01 -4.208436808872268564e+00 -4.134584392547641762e+00 1.946569196808496827e+01
2.886514948459023699e+01 2.990675433055774235e+01 4.339497611660101484e+01 -4.855462237747836696e+00 -4.313184822021149500e+00 1.847629799913221760e+01
2.902817445874245195e+01 2.868600846600172005e+01 4.343808590249472701e+01 -5.266064658782974028e+00 -4.572481389219911208e+00 1.698131342762150453e+01
2.877474290944352830e+01 2.755565733356675651e+01 4.339758784035254280e+01 -5.492915976127393130e+00 -4.861448563522918320e+00 1.508447666810441135e+01
2.780313809606864339e+01 2.691607952585534491e+01 4.329951583489275180e+01 -5.600047419053802322e+00 -5.137370444938992087e+00 1.289449388096294769e+01
2.673103714385668184e+01 2.625028763098710982e+01 4.317052837304230906e+01 -5.633215691918103118e+00 -5.389150232994319722e+00 1.051871186541852587e+01
2.569748271111192039e+01 2.550635697403750157e+01 4.303383462551199301e+01 -5.636050069006397933e+00 -5.612668488778303377e+00 8.058017696562641774e+00
2.474815678731143009e+01 2.470171074012032264e+01 4.290627480801679638e+01 -5.645992734010650160e+00 -5.806219318298066590e+00 5.603055807432905766e+00
2.388215484596272731e+01 2.387203333028205066e+01 4.279689618692914621e+01 -5.688255290402656428e+00 -5.969701700850637671e+00 3.231717522162974365e+00
2.307777615270589067e+01 2.304688964344158109e+01 4.270703721964783739e+01 -5.772444718500278960e+00 -6.104230235096778756e+00 1.007759091983507327e+00
2.230722348024005086e+01 2.224077262324343707e+01 4.263164923505818393e+01 -5.892954041331884163e+00 -6.211542541855964217e+00 -1.019656046347445333e+00
2.154411919082771476e+01 2.145378689531649385e+01 4.256139964137908294e+01 -6.032813756911082237e+00 -6.293107691438447837e+00 -2.815717078452911526e+00
2.076712433307060479e+01 2.067673344858558693e+01 4.248503730750472585e+01 -6.169774437517795640e+00 -6.349087842555755756e+00 -4.359241119872610426e+00
1.996108143710398863e+01 1.989751025173871923e+01 4.239155253276177149e+01 -6.282577257712283370e+00 -6.377782291229682876e+00 -5.641637159000449486e+00
1.911954216330503087e+01 1.910382660170337132e+01 4.227179888281450815e+01 -6.355052376664390046e+00 -6.376545901277299144e+00 -6.665675300782145207e+00
1.825628474248902933e+01 1.827412885833953027e+01 4.211941749074247809e+01 -6.377280070836621739e+00 -6.343945813874716677e+00 -7.444119101398507965e+00
1.738075578307842051e+01 1.740194038587178937e+01 4.193107215709972024e+01 -6.345635450240946440e+00 -6.280887585046385446e+00 -7.998231322459839809e+00
1.648657064991992627e+01 1.650512094328715307e+01 4.170613221710135576e+01 -6.262822537531325118e+00 -6.189732992695157421e+00 -8.356138234549138843e+00
1.557742538651507758e+01 1.559661127382740098e+01 4.144601167449098966e+01 -6.136771281973555148e+00 -6.073115969463316333e+00 -8.551039774716670649e+00
1.466499922617802554e+01 1.468302944309808389e+01 4.115338538480561681e+01 -5.978103135732125928e+00 -5.933564211647276210e+00 -8.619280174316108045e+00
1.375981590332465387e+01 1.377090862529340498e+01 4.083146685423231759e+01 -5.797325013304054586e+00 -5.773569553026894674e+00 -8.598336818463558018e+00
1.286712794665992909e+01 1.286895535734250906e+01 4.048346631743115154e+01 -5.602806294525020547e+00 -5.595645073922657531e+00 -8.524830072935703384e+00
1.198984090802222369e+01 1.198441641506135191e+01 4.011227355280814777e+01 -5.399920763548094804e+00 -5.402259930238379582e+00 -8.432688837526484349e+00
1.113020388600551058e+01 1.112165787755978208e+01 3.972034619425944868e+01 -5.191228676901945782e+00 -5.195725979545891882e+00 -8.351614389736905508e+00
1.029015496629308402e+01 1.028273377997297189e+01 3.930974346777568940e+01 -4.977308057304410838e+00 -4.978137071176599093e+00 -8.305964164904157343e+00
9.471559113478512870e+00 9.468327158488023088e+00 3.888223140882128348e+01 -4.757787506566593549e+00 -4.751411570875823109e+00 -8.314130878574152561e+00
8.676391391370563255e+00 8.678679085123238934e+00 3.843939502757863380e+01 -4.532236693657250015e+00 -4.517410606215601199e+00 -8.388430881669409089e+00
7.906817238621517419e+00 7.914325074837083918e+00 3.798271663453374458e+01 -4.300743288735255909e+00 -4.278052701800957536e+00 -8.535452433605744460e+00
7.165181681470902397e+00 7.176516608183207246e+00 3.751360691282194182e+01 -4.064152264551506910e+00 -4.035356774009718706e+00 -8.756762938368369831e+00
6.453930079417771637e+00 6.467301331296481770e+00 3.703339723488225843e+01 -3.824028470784556877e+00 -3.791401154677439322e+00 -9.049843623001189385e+00
5.775478766264249941e+00 5.789320060061895923e+00 3.654331294729375657e+01 -3.582441968773007801e+00 -3.548233768516856124e+00 -9.409114365744056130e+00
5.132059286454166980e+00 5.145423971219988957e+00 3.604444721579815791e+01 -3.341686056294820517e+00 -3.307778555097637074e+00 -9.826928066673493944e+00
4.525568386462185622e+00 4.538229277799802119e+00 3.553774660998716683e+01 -3.104021876496848353e+00 -3.071766463855354790e+00 -1.029444607505006637e+01
3.957454656776319801e+00 3.969723982679067564e+00 3.502400798058601339e+01 -2.871504208082393816e+00 -2.841698870803376131e+00 -1.080234444268308280e+01
3.428660649473898925e+00 3.441023936256845328e+00 3.450387636495239008e+01 -2.645896539425804050e+00 -2.618838950618458838e+00 -1.134133621846197215e+01
2.939623835206702562e+00 2.952338040715587919e+00 3.397782897454560924e+01 -2.428649503179944436e+00 -2.404222450762485863e+00 -1.190252116625041268e+01
2.490326663392482764e+00 2.503146319032692801e+00 3.344613156242246532e+01 -2.220905920165404890e+00 -2.198679458626346950e+00 -1.247758828014254284e+01
2.080377586735529860e+00 2.092531586654747144e+00 3.290875900135185361e+01 -2.023506032317253567e+00 -2.002859868979450120e+00 -1.305889891873543007e+01
1.709103042525276450e+00 1.719553424536034214e+00 3.236527852563587260e+01 -1.836986963176794330e+00 -1.817256148689065709e+00 -1.363947244702765182e+01
1.375634397983192425e+00 1.383531661154647985e+00 3.181469825808920859e+01 -1.661587772191205570e+00 -1.642218222515779757e+00 -1.421288611238680843e+01
1.078978705351471445e+00 1.084130874809091871e+00 3.125528253108267762e+01 -1.497276606231679574e+00 -1.477957905348350920e+00 -1.477308999916743382e+01
8.180631498318786665e-01 8.212073256183282099e-01 3.068432750565958500e+01 -1.343808210987658347e+00 -1.324544287985189195e+00 -1.531412785525976794e+01
5.917418782215163597e-01 5.944728737088736947e-01 3.009787501722485104e+01 -1.200804587627327447e+00 -1.181895354389016273e+00 -1.582974418001741768e+01
3.987591364930105908e-01 4.031070948022834055e-01 2.949031861897875118e+01 -1.067838160221317167e+00 -1.049772905542130763e+00 -1.631284302735730307e+01
2.376831089720323753e-01 2.454695247689794302e-01 2.885382076462214584e+01 -9.444927313865358887e-01 -9.277867101156470619e-01 -1.675473721633767354e+01
1.068510131781910261e-01 1.190199874719611861e-01 2.817740700081143501e+01 -8.303849058370855740e-01 -8.154105772199492508e-01 -1.714407689678474966e+01
4.362401453910413722e-03 2.048425547862369259e-02 2.744551741640815834e+01 -7.251453629115677257e-01 -7.120098874627575070e-01 -1.746525579330043598e+01
-7.189002548778682111e-02 -5.375651284087372417e-02 2.663565094232857788e+01 -6.283857109427662957e-01 -6.168808123052318404e-01 -1.769592722083421066e+01
-1.241976585141895822e-01 -1.071393389771037874e-01 2.571449154231424572e+01 -5.397606594103665500e-01 -5.293270398171339153e-01 -1.780290523295207805e+01
-1.550365986765196158e-01 -1.424282414846929912e-01 2.463150298836803032e+01 -4.603393121132697829e-01 -4.492687767457744785e-01 -1.773374360574739939e+01
-1.670600361647748555e-01 -1.614645929257160772e-01 2.330841838868510152e+01 -1.508849803160564740e+01 -2.663224954584497706e+00 -4.243679049571798534e-01
-1.630529366382785506e-01 -1.652840192827463861e-01 2.162269058877605588e+01 -1.672957023494284101e+01 -3.136816221160507734e-01 -3.035675163326144732e-01
-1.458542540557988265e-01 -1.545722119924853588e-01 1.938472857155322515e+01 -1.548302243771617981e+01 -2.449869627293460028e-01 -2.372414956581095913e-01
-1.182746716396560482e-01 -1.302955294905137895e-01 1.631965983098115203e+01 -1.340011233870953689e+01 -1.811390593911285929e-01 -1.747899019588848579e-01
-8.303869495897357733e-02 -9.427478045522483252e-02 1.210111517134694736e+01 -1.015793239803048564e+01 -1.196514027927417095e-01 -1.150342389406076443e-01
-4.276753950490636697e-02 -4.948965534521127668e-02 6.546144625146572693e+00 -5.575511126010243679e+00 -5.951506315037862621e-02 -5.706828327066611195e-02
-1.015755031574414605e-16 4.046720894252908145e-16 1.716990463154812134e-14 -1.474614824969307427e-14 -1.393280579872904673e-16 -1.463499828125388808e-16
-1.015755031574414605e-16 4.046720894252908145e-16 1.716990463154812134e-14 -1.474614824969307427e-14 -1.393280579872904673e-16 -1.463499828125388808e-16
8.032489572506587572e-03 4.449775218105176929e-05 -2.287975219838172224e-03 1.260554946698455407e-02 1.103080023666411485e-03 -8.194324259981605046e-03
1.391319445683863662e-02 1.883732698740860035e-04 -5.475566791883103648e-03 2.214285868059678170e-02 1.535433762490410114e-03 -1.317186386174712745e-02
1.685005801118982099e-02 -2.522052461707360057e-04 -9.730738048832980255e-03 2.709780887927159057e-02 1.391654528056972045e-03 -1.421492779339313811e-02
1.614477323129765926e-02 -1.057473512505667209e-03 -1.429840571323767739e-02 2.777731734767725780e-02 7.550748469068300399e-04 -1.245977652763769969e-02
1.215373893320377020e-02 -1.939456729525537194e-03 -1.793597585781375042e-02 2.554796449451541066e-02 -1.783734520982093819e-04 -9.852114556332596668e-03
6.019502520084686614e-03 -2.520651561623645214e-03 -1.961673791117225091e-02 2.193074179680326932e-02 -1.098623878893171309e-03 -7.905835097814718077e-03
-7.147512365151995842e-04 -2.519714519668165859e-03 -1.905038269979367205e-02 1.801472541008762931e-02 -1.688784926341204079e-03 -7.036006991444000713e-03
-6.613719139326709566e-03 -1.933633972700374813e-03 -1.677970564216691232e-02 1.426509562283382812e-02 -1.745614546589042840e-03 -6.652652576610696041e-03
-1.078323611820427436e-02 -1.113218959086011801e-03 -1.388798280872911850e-02 1.065335222219287656e-02 -1.258461105975749658e-03 -5.763658129907167117e-03
-1.304169359371017828e-02 -6.646195917592121350e-04 -1.152386176093175493e-02 6.962259061460315292e-03 -4.134407963754851956e-04 -3.672032482466475612e-03
-1.376450139840640699e-02 -1.192147917284718623e-03 -1.047679014809064189e-02 3.080352985179850202e-03 4.812121844550317743e-04 -3.979410658601823967e-04
-1.351059152173520427e-02 -2.989986951871792357e-03 -1.095527003107323732e-02 -8.622897284167727787e-04 1.119972248631408759e-03 3.346599883340254690e-03
-1.266358371606670502e-02 -5.838339544500371556e-03 -1.260271691939200168e-02 -4.557745658287577425e-03 1.323172336157658413e-03 6.556047030812515476e-03
-1.130751835621088448e-02 -9.026771867379027384e-03 -1.469347099778247484e-02 -7.704476042991063867e-03 1.104880380047992350e-03 8.452999448632212212e-03
-9.402508143959898215e-03 -1.162176150690838808e-02 -1.641384417759658709e-02 -1.017117217658605743e-02 6.547241558713857599e-04 8.855416754686916761e-03
-7.118738200245660654e-03 -1.286894118929983802e-02 -1.714183409852242101e-02 -1.202704094092238093e-02 2.414293488567732034e-04 8.224988002521473399e-03
-5.062174846448200607e-03 -1.254159656363895876e-02 -1.666442787396338332e-02 -1.341951419245695706e-02 8.261025974168774964e-05 7.410101147405505004e-03
-4.174298344545817989e-03 -1.106109838859241704e-02 -1.528671059713184420e-02 -1.438205720399339874e-02 2.422841421441412652e-04 7.240487065587952048e-03
-5.294540772382479513e-03 -9.318737162013751921e-03 -1.378786520754894315e-02 -1.470798092273963194e-02 6.051988698677043853e-04 8.175241543398796204e-03
-8.613754158138538231e-03 -8.271296264352851271e-03 -1.318710951997496307e-02 -1.400484889606062530e-02 9.401544834517110757e-04 1.014891185568107465e-02
-1.336259196723459976e-02 -8.493996615604165051e-03 -1.433392645410224743e-02 -1.195153749083530982e-02 1.020647310777334166e-03 1.265028518650426932e-02
-1.798178525635539884e-02 -9.900203088245721275e-03 -1.745336456817230333e-02 -8.638416529920242559e-03 7.423356631730231156e-04 1.496835585239374329e-02
-3.195630446675733483e-01 -8.632430997301902664e+00 8.184029458084532749e+00 6.851985210995237274e+00 -9.870676566625792292e-01 -4.514585317923908825e+00
-1.943827591260006704e-01 -7.675810717338438671e+00 8.783204746632746307e+00 5.331158506249840556e+00 -1.051959428500489624e+00 -4.239551841067266125e+00
-5.411860171726624175e-02 -6.675260641749546586e+00 9.470213157108430480e+00 3.677230257246921763e+00 -1.119711129142631378e+00 -3.966765452278877113e+00
1.013508739881626292e-01 -5.645666066909668324e+00 1.017665566151760714e+01 1.975364041449066965e+00 -1.190008498267636217e+00 -3.698304897561208726e+00
2.718679743003880600e-01 -4.601193092958963504e+00 1.084182594835291624e+01 3.037426100754500036e-01 -1.262362213329895066e+00 -3.436739503541456742e+00
4.570431750939839555e-01 -3.554892059803335780e+00 1.142713991833009679e+01 -1.281224988451031832e+00 -1.336289007073740986e+00 -3.184769047177042900e+00
6.564077199634680282e-01 -2.518599677894576505e+00 1.191801912818646692e+01 -2.747452057253679580e+00 -1.411481737051780927e+00 -2.944702497139446429e+00
8.695835103806843769e-01 -1.502990542561509546e+00 1.231728456377314984e+01 -4.081441634707056565e+00 -1.487881131487878594e+00 -2.718032440803219707e+00
1.096374345325888067e+00 -5.175827152109359064e-01 1.263667636404529482e+01 -5.280661131919288209e+00 -1.565611860983814552e+00 -2.505333269170688659e+00
1.336730362708232756e+00 4.294429211016523307e-01 1.289047492223512670e+01 -6.347725076075507289e+00 -1.644819242878770238e+00 -2.306570840828602531e+00
1.590610868563842262e+00 1.331627902318227141e+00 1.309216223606838980e+01 -7.287129012329549127e+00 -1.725497488645104660e+00 -2.121717520202558216e+00
1.857825239343261048e+00 2.184710124874274850e+00 1.325349369722617432e+01 -8.103892210698369070e+00 -1.807402690423582925e+00 -1.951405907551695851e+00
2.137936274522571622e+00 2.986979359374948295e+00 1.338491686279199122e+01 -8.803242762320783399e+00 -1.890091556282927687e+00 -1.797305203248120264e+00
2.430266450906966469e+00 3.739299851004104003e+00 1.349635334148047860e+01 -9.390695026784676713e+00 -1.973051753451402934e+00 -1.661999696190329390e+00
2.733986017161025295e+00 4.444675159716941160e+00 1.359764467870912519e+01 -9.872145337053979119e+00 -2.055837682948726375e+00 -1.548360503443691361e+00
3.048221935220666090e+00 5.107393293083547725e+00 1.369834556404573256e+01 -1.025382973186108337e+01 -2.138128290993935199e+00 -1.458645185012836798e+00
3.372129713687215702e+00 5.731967652705971084e+00 1.380695090368380384e+01 -1.054213319797924875e+01 -2.219678244990128668e+00 -1.393726448806472451e+00
3.704907284929904954e+00 6.322205910929125316e+00 1.392996169147492935e+01 -1.074332340499370453e+01 -2.300204655357696470e+00 -1.352851722908267496e+00
4.045770622588538146e+00 6.880733275164073959e+00 1.407131863006477523e+01 -1.086331500835141917e+01 -2.379292516217825781e+00 -1.334142445302423097e+00
4.393925387915479597e+00 7.409151603504309236e+00 1.423260546066936172e+01 -1.090756473809269167e+01 -2.456386699237275817e+00 -1.335712714967727477e+00
4.748550733633697618e+00 7.908773331016820229e+00 1.441408664781981841e+01 -1.088116313306863425e+01 -2.530877372276947312e+00 -1.356953639172126413e+00
5.108780946732840000e+00 8.381620294481633593e+00 1.461623509988949543e+01 -1.078913386957627907e+01 -2.602220517360477103e+00 -1.399353111288148765e+00
5.473659517421221032e+00 8.831230123633861950e+00 1.484111099102909392e+01 -1.063688335659389672e+01 -2.670010541381113711e+00 -1.466319585916933121e+00
5.842065245985045507e+00 9.262845711400949256e+00 1.509292517732253636e+01 -1.043067405250559787e+01 -2.733955475117023415e+00 -1.561862722426271777e+00
6.212656300926517439e+00 9.682785577973636038e+00 1.537740680037806840e+01 -1.017794745809353607e+01 -2.793774673240271955e+00 -1.688526447018386945e+00
6.583906065879542524e+00 1.009713048634128540e+01 1.570010319301935375e+01 -9.887327360067494908e+00 -2.849096139084552615e+00 -1.845438342879586857e+00
6.954277965931472849e+00 1.051018209676671589e+01 1.606426582655634760e+01 -9.568216354984278027e+00 -2.899433934094394871e+00 -2.027483605995963778e+00
7.322503757811528402e+00 1.092331631668418446e+01 1.646927491386926690e+01 -9.230059095870451813e+00 -2.944269772536876495e+00 -2.226283318818168322e+00
7.687835078202565064e+00 1.133478171317033301e+01 1.691045098235537836e+01 -8.881535989809032472e+00 -2.983183388759720334e+00 -2.432909249600221369e+00
8.050099544810928265e+00 1.174068032211058998e+01 1.738058064928772239e+01 -8.530069984530681992e+00 -3.015930262627463776e+00 -2.641385783026508172e+00
8.409458474417085938e+00 1.213690442624718280e+01 1.787272828128417146e+01 -8.181962091676700410e+00 -3.042391573248730552e+00 -2.851439226039499619e+00
8.765921662199412268e+00 1.252135439873611311e+01 1.838323315038155670e+01 -7.843176302198730632e+00 -3.062411576481905318e+00 -3.069019081872800037e+00
9.118847549300143740e+00 1.289552548453254843e+01 1.891352295726072086e+01 -7.520376689003595239e+00 -3.075636937982442642e+00 -3.303919685188631661e+00
9.466736512715741014e+00 1.326467154287204941e+01 1.946968721096725119e+01 -7.221513684143753053e+00 -3.081510723282030462e+00 -3.565087671570327021e+00
9.807536246758877141e+00 1.363624319057091583e+01 2.005959453567297501e+01 -6.955297989324157548e+00 -3.079510082998805132e+00 -3.855360328632466249e+00
1.013943337761631547e+01 1.401700055012444146e+01 2.068841744058543242e+01 -6.729362651924312821e+00 -3.069570568590202608e+00 -4.167878129826841693e+00
1.046181247271984738e+01 1.440984308503215949e+01 2.135430589205819984e+01 -6.547626579562249916e+00 -3.052487662232123533e+00 -4.485941964030653928e+00
1.077587906389325134e+01 1.481169773501304299e+01 2.204619684184111250e+01 -6.407981144593995815e+00 -3.030021817824271935e+00 -4.786749707385765440e+00
1.108449037801441150e+01 1.521358158209386069e+01 2.274514022806735980e+01 -6.301560395448534635e+00 -3.004514309338491618e+00 -5.047762276880278343e+00
1.139103282259501171e+01 1.560320975008077760e+01 2.342920089083340685e+01 -6.214357417695472563e+00 -2.978028421558836847e+00 -5.253138162342575690e+00
1.169761740198747191e+01 1.596947598903408583e+01 2.408045067203444134e+01 -6.130968874327931140e+00 -2.951272989676934078e+00 -5.397353919777645004e+00
1.200323984503705788e+01 1.630719833388179651e+01 2.469144760174605935e+01 -6.039212235041989452e+00 -2.922727315595566200e+00 -5.484028592732004270e+00
1.230269022509618893e+01 1.662013812784486788e+01 2.526843851167967614e+01 -5.933759332113875296e+00 -2.888387198922548471e+00 -5.519827094842037596e+00
1.258682106391662892e+01 1.692072644711683438e+01 2.582949197711317524e+01 -5.817100952359348653e+00 -2.842381355777356067e+00 -5.505445126852752225e+00
1.284436064500318153e+01 1.722608487849955239e+01 2.639760288818617084e+01 -5.697136642180927524e+00 -2.778425485093521718e+00 -5.427200486391529743e+00
1.306496002407985202e+01 1.755141132484376953e+01 2.699086628875998528e+01 -5.582161626520242059e+00 -2.691787132875057331e+00 -5.252952310211074227e+00
1.324276726548673722e+01 1.790308037580562939e+01 2.761328272700221831e+01 -5.475380521937192491e+00 -2.581228777444176448e+00 -4.934738649846274861e+00
1.337963364650686415e+01 1.827437270307912343e+01 2.824995739410827156e+01 -5.371590493869426552e+00 -2.450346051265333003e+00 -4.418149563067811592e+00
1.348707778401164070e+01 1.864621893518670248e+01 2.886918158417460489e+01 -5.257912646557638681e+00 -2.307832177702344278e+00 -3.656002356374123519e+00
1.358630604719555102e+01 1.899362767294256216e+01 2.943153474774654654e+01 -5.118645066985637371e+00 -2.166431099570709229e+00 -2.622303039548202541e+00
1.370584238928492660e+01 1.929601684501743719e+01 2.990355140638400400e+01 -4.942334309346587240e+00 -2.040622048382009890e+00 -1.322265377833909294e+00
1.387662373692963413e+01 1.954755294567040735e+01 3.027154550501832375e+01 -4.727996467600947383e+00 -1.943363655312465577e+00 2.047010492722768360e-01
1.412480198842040835e+01 1.976302440390825410e+01 3.055050954198565094e+01 -4.487570856965254151e+00 -1.882500481872372955e+00 1.890001185820812779e+00
1.446304541636412999e+01 1.997616960962245969e+01 3.078393013315039539e+01 -4.243025322048086245e+00 -1.857666479032502815e+00 3.647329525059019417e+00
1.488188071239116717e+01 2.022996341713086821e+01 3.103291752011327276e+01 -4.018537797122754718e+00 -1.858622373764969415e+00 5.386983225820329402e+00
1.534340135779682157e+01 2.056079888567932912e+01 3.135678919101988171e+01 -3.830237648602937917e+00 -1.865822799535822973e+00 7.028507094404281119e+00
1.578009841952404280e+01 2.098015419853275532e+01 3.179096379178202980e+01 -3.677436686069343708e+00 -1.853560113615049021e+00 8.507937207349174358e+00
1.610114074642404702e+01 2.145869562635390437e+01 3.232991772783663720e+01 -3.539408095604114290e+00 -1.795337891482501114e+00 9.778064328316952825e+00
1.620678040183990021e+01 2.191925793158837621e+01 3.292168294730439726e+01 -3.380119839304856377e+00 -1.670386410064187643e+00 1.080274340905245900e+01
1.600884003892769059e+01 2.224558401859035328e+01 3.347619591086093749e+01 -3.160184617691967013e+00 -1.469702757283449346e+00 1.154825446582295356e+01
1.545240555278402894e+01 2.231059205322870653e+01 3.388474158412665105e+01 -2.851910225314985947e+00 -1.199887904207858735e+00 1.197545954433173065e+01
1.453240074875436072e+01 2.202015900394846426e+01 3.404408777904464500e+01 -2.451440196244656367e+00 -8.834512719707617867e-01 1.203606744747234814e+01
1.329970680793575255e+01 2.135928496851293801e+01 3.387743106001987314e+01 -1.982686070956289237e+00 -5.551196835193927814e-01 1.167514492064046472e+01
1.185434658781728778e+01 2.042478115626751034e+01 3.334320709953819772e+01 -1.490718475528913789e+00 -2.549187760506717582e-01 1.084039725482550409e+01
1.032538532810496790e+01 1.944077936984971089e+01 3.241719656920173520e+01 -1.025290670022481088e+00 -2.065010685582862812e-02 9.496596268514254646e+00
8.832850762738164718e+00 1.878940807876256613e+01 3.100788697368397706e+01 -6.111644826989854895e-01 1.111578867643059076e-01 7.640093578806550489e+00
7.393855479024296962e+00 1.917234149498382578e+01 2.864807402631089417e+01 -1.503706929363708145e-01 4.487692089122032740e-02 5.295932902215839455e+00
9.186358183711076819e+00 1.802717844848000794e+01 2.317640196911593975e+01 7.233925108302488027e-01 -2.991611932076039260e-01 2.310870439288304823e+00
0.000000000000000000e+00 0.000000000000000000e+00 0.000000000000000000e+00 0.000000000000000000e+00 0.000000000000000000e+00 0.000000000000000000e+00
0.000000000000000000e+00 0.000000000000000000e+00 0.000000000000000000e+00 0.000000000000000000e+00 0.000000000000000000e+00 0.000000000000000000e+00
1.445498023738123194e+01 -1.663014134896723561e+00 2.191823876804639681e+01 5.792072230366559493e-01 -1.388411277236263099e-02 1.898451642835291997e+00
1.090406198915592562e+01 1.963635252151161525e+00 2.610443122096424773e+01 4.959928182444436895e-01 7.720780718235743800e-02 4.012901349217163904e+00
1.052052405461597751e+01 5.884523916232332397e+00 2.732219566887050277e+01 2.645727568728459267e-01 -3.173888897055699571e-02 5.885466453812125742e+00
1.149502390665079687e+01 9.697319544541752379e+00 2.790344839855792358e+01 -1.122511792184676116e-01 -3.412373403753270473e-01 7.417595225145444005e+00
1.192503591113964845e+01 1.394096302243278807e+01 2.828147281269990998e+01 -5.819962326371962424e-01 -7.851906545946225613e-01 8.553433627259508398e+00
1.377846311874423435e+01 1.567569963891331675e+01 2.854024732207731319e+01 -1.050181260778575432e+00 -1.250464336075578053e+00 9.261121219081291045e+00
1.507498985380290790e+01 1.629817903476691043e+01 2.868963662734214992e+01 -1.420883817976772878e+00 -1.618470104813567900e+00 9.536371123598099686e+00
1.477571086324071636e+01 1.674395900361393430e+01 2.873596425695428280e+01 -1.628794500664051625e+00 -1.812248802679583104e+00 9.401245169337377305e+00
1.085457066145353089e+01 1.939733442340180858e+01 2.869866647358389145e+01 -1.660207196134949825e+00 -1.822877483724865355e+00 8.898979298856650288e+00
1.355985816277981115e+01 1.465938406824660234e+01 2.860783608501112241e+01 -1.556901553077326916e+00 -1.705626756270764321e+00 8.086536735780770258e+00
1.294369312738981570e+01 1.316824667574529073e+01 2.849536444646200906e+01 -1.400266995893410638e+00 -1.551466749484618823e+00 7.026766590810839652e+00
1.214205208802200886e+01 1.230092562797413969e+01 2.838602928347298260e+01 -1.279784133375298172e+00 -1.449725966862491777e+00 5.781954363582920919e+00
1.147449244521964928e+01 1.196239030820772697e+01 2.829225699745884626e+01 -1.257980099373055882e+00 -1.457957249726147486e+00 4.409955948326809150e+00
1.090751855116773328e+01 1.212866939698888302e+01 2.821387652204500185e+01 -1.349177755081038210e+00 -1.586189654241261682e+00 2.963133289695428108e+00
1.016181555299202444e+01 1.282984511346259282e+01 2.814172223300734643e+01 -1.520910777585902984e+00 -1.797899663624462185e+00 1.489328603752408497e+00
8.701206740633157466e+00 1.428698633037977217e+01 2.806272197062618545e+01 -1.712765007760905567e+00 -2.027684996428032349e+00 3.351239992523839112e-02
6.880573522943350895e+00 1.588155486190030885e+01 2.796446248945217050e+01 -1.861466632290755596e+00 -2.209071788409870063e+00 -1.361278726397904260e+00
6.360865593221045167e+00 1.581648349885556826e+01 2.783821294405504077e+01 -1.923946439550493492e+00 -2.298937177196385573e+00 -2.654595170826740791e+00
6.718014226651980891e+00 1.452605179332478791e+01 2.768016756914471088e+01 -1.891445258893863501e+00 -2.288499577603448021e+00 -3.810931384409540712e+00
7.378224782613664878e+00 1.270604780243095178e+01 2.749111359575017133e+01 -1.788556611851786382e+00 -2.200601079212658018e+00 -4.803170047698216649e+00
7.581927986002112263e+00 1.128357244260088876e+01 2.727499048134255943e+01 -1.658282371269682365e+00 -2.077494284601800079e+00 -5.616018699235658218e+00
7.408305101318195973e+00 1.032419754150228464e+01 2.703694760705498012e+01 -1.541946897931694371e+00 -1.963796455898777937e+00 -6.248224449478970044e+00
7.058873624080809428e+00 9.702998762066723515e+00 2.678151554389913258e+01 -1.464114245887150112e+00 -1.890004391897158742e+00 -6.712620629125082061e+00
6.611109841631114037e+00 9.340066321606062871e+00 2.651138158187268346e+01 -1.427387945602378361e+00 -1.862967937011075659e+00 -7.033662853893268618e+00
6.058662569625112404e+00 9.180567697038727104e+00 2.622704076995941591e+01 -1.416498188500090905e+00 -1.867046200787918497e+00 -7.242884356755631359e+00
5.398461711204723734e+00 9.145216627591326031e+00 2.592731939677197062e+01 -1.408134404659099781e+00 -1.874298730930406887e+00 -7.373383580334338383e+00
4.763357993252975042e+00 9.035198391868620504e+00 2.561048074838893385e+01 -1.381818434674618734e+00 -1.858100946465797820e+00 -7.454793919010142211e+00
4.345183671694623939e+00 8.632493939988147957e+00 2.527541044818992333e+01 -1.327772667586450961e+00 -1.803659191579245702e+00 -7.510024973964863904e+00
4.116779982650585090e+00 7.980590059854727691e+00 2.492236120719280379e+01 -1.249097769619387455e+00 -1.711668609219214821e+00 -7.554433556913971337e+00
3.953124785346831871e+00 7.248112821456070165e+00 2.455296511377084911e+01 -1.157869749188878972e+00 -1.595321990570131687e+00 -7.597205686557874316e+00
3.775352115138695286e+00 6.561246721663745340e+00 2.416959672300993489e+01 -1.067932032107141493e+00 -1.473152073840983123e+00 -7.643966003878776228e+00
3.559541039048121469e+00 5.974747837834217812e+00 2.377448850134471314e+01 -9.885426584062723121e-01 -1.361115618902081659e+00 -7.699307622308504406e+00
3.308602226616381703e+00 5.491463216376675227e+00 2.336908407928284603e+01 -9.216642101256088404e-01 -1.267264478478242973e+00 -7.768170755708892372e+00
3.029990567740038721e+00 5.089127446916594799e+00 2.295392468933809482e+01 -8.633706467132806761e-01 -1.190748541137673699e+00 -7.855619861465349629e+00
2.736870307030461635e+00 4.731950590498804843e+00 2.252902483015820323e+01 -8.080478805821746935e-01 -1.124664711422936225e+00 -7.965169430849426746e+00
2.455826560994358587e+00 4.376143661871631174e+00 2.209441798556455439e+01 -7.534843199050769158e-01 -1.061093615593333039e+00 -8.095677116894469449e+00
2.216152503751083191e+00 3.988017817802714138e+00 2.165050280727334808e+01 -7.082358750090734789e-01 -9.978081629747701520e-01 -8.232605226728940906e+00
2.030320056385420013e+00 3.562949742679204501e+00 2.119799362206821058e+01 -7.580933823775104496e-01 -9.748620476361288256e-01 -8.246950542136319839e+00
1.892472234660423247e+00 3.120601344920623355e+00 2.073752954293956208e+01 -8.991442021854714639e+00 -3.178194001475240782e-01 -7.255319938599813501e-01
1.772349142312925618e+00 2.703394596144113926e+00 2.026915475404027589e+01 -9.035737547457717511e+00 -3.822674819444965011e-01 -6.871832691504925483e-01
1.632684043486650527e+00 2.354066989469330462e+00 1.979187639742173843e+01 -9.220104502255601631e+00 -3.550004833445801755e-01 -6.160480700698238721e-01
1.470645534733863835e+00 2.073321864760418354e+00 1.930338369482732475e+01 -9.418894952512934182e+00 -3.224303207468839361e-01 -5.476853277133275633e-01
1.309456280011624507e+00 1.830695547712141380e+00 1.879987419031565565e+01 -9.613139063898698211e+00 -2.916564222131658446e-01 -4.860505382446148603e-01
1.163926694614076496e+00 1.602921051177087497e+00 1.827585091484889546e+01 -9.793278705696591757e+00 -2.619090414596194627e-01 -4.300966758004708401e-01
1.030858699462705363e+00 1.386898088901636683e+00 1.772372796225848290e+01 -9.950199742979670248e+00 -2.312974737096131772e-01 -3.774375170485192998e-01
9.038337249871557511e-01 1.186606714066555934e+00 1.713306399826969084e+01 -1.007217434322883420e+01 -1.990084572239803895e-01 -3.263508132126393679e-01
7.811232034504776989e-01 1.004969334211671228e+00 1.648919134907821871e+01 -1.014282534602941155e+01 -1.660344314886016137e-01 -2.768085129577105286e-01
6.652408630982440396e-01 8.425579047118082476e-01 1.577091819813937512e+01 -1.013896805593719996e+01 -1.347763762276883437e-01 -2.304113300106945539e-01
5.602914154440420402e-01 6.978222787982889530e-01 1.494688484507495296e+01 -1.002745638122866723e+01 -1.078726509168649872e-01 -1.893872348182180920e-01
4.684893697087607056e-01 5.684599542274871853e-01 1.397014231503896653e+01 -9.760219073585474803e+00 -8.688792891228820647e-02 -1.551902470759362884e-01
3.879854726499723516e-01 4.526403231577943997e-01 1.277092730015656841e+01 -9.267218099814366283e+00 -7.150905648779747048e-02 -1.274611925128903145e-01
3.137580344328100290e-01 3.487037248003390655e-01 1.124956052852901323e+01 -8.449211657435490963e+00 -5.961444979989143078e-02 -1.039485428880350948e-01
2.403201760114256069e-01 2.543011581698100265e-01 9.277677165755209288e+00 -7.178649574884793161e+00 -4.820552364776318349e-02 -8.142101212638430674e-02
1.640136811976325715e-01 1.663646358134371339e-01 6.729522324381902898e+00 -5.330615598280791012e+00 -3.477852925620855684e-02 -5.705827322163268406e-02
8.369580178579338892e-02 8.208632002390293947e-02 3.573492509010316898e+00 -2.874138421341000615e+00 -1.841267122569937090e-02 -2.964493209643995902e-02
2.222339379793688271e-15 3.437891971068202842e-15 9.303635282825403852e-15 -5.712681759089974841e-15 -1.217891045903256154e-15 -5.072183220975229617e-16
2.222339379793688271e-15 3.437891971068202842e-15 9.303635282825403852e-15 -5.712681759089974841e-15 -1.217891045903256154e-15 -5.072183220975229617e-16
6.894902568708216606e-01 2.219693166651541372e+00 -1.768664074108057038e+00 -3.656442676566901695e-01 -3.541950459811848972e-01 1.066856078118339157e+00
1.345598465909423558e+00 4.415139648959517160e+00 -3.479009510854911724e+00 -7.270443310252383551e-01 -5.711021820928952053e-01 1.946523635302110700e+00
1.996835129032200840e+00 6.504069010414860408e+00 -5.079123488793120700e+00 -1.080908214174008952e+00 -8.167737106656494106e-01 2.762457335274310477e+00
2.633104897896942465e+00 8.449896507127771628e+00 -6.528165419535983283e+00 -1.425402575072491462e+00 -1.062290000119190392e+00 3.455555676059389736e+00
3.248569699440774006e+00 1.022095371887761317e+01 -7.798359059639447644e+00 -1.760072185052657279e+00 -1.299855963068608844e+00 4.002099563877226984e+00
3.838462382440806842e+00 1.179449828057728489e+01 -8.874444209029721975e+00 -2.085361344888487345e+00 -1.525721676587122877e+00 4.395563398684065426e+00
4.398709945035750302e+00 1.315678127824732968e+01 -9.751454536897361081e+00 -2.402044716178455275e+00 -1.737229059852777313e+00 4.640772032260140456e+00
4.925866903284200404e+00 1.430199369166305523e+01 -1.043185389427834053e+01 -2.710787750511313376e+00 -1.932257779443737888e+00 4.749927988303565662e+00
5.417097955659658126e+00 1.523072801522686781e+01 -1.092281707976286320e+01 -3.011907985983177660e+00 -2.109075986024475213e+00 4.739371689530088361e+00
5.870160834195137234e+00 1.594833195087470301e+01 -1.123406582285114297e+01 -3.305306789220203267e+00 -2.266292573822928258e+00 4.627152672100510067e+00
6.283378686107038646e+00 1.646339589556529859e+01 -1.137636451220302547e+01 -3.590507418800027661e+00 -2.402839442361909050e+00 4.431382337002384375e+00
6.655601128645518116e+00 1.678650481278398843e+01 -1.136060568307921237e+01 -3.866743091947073552e+00 -2.517961977208353463e+00 4.169222150051385078e+00
6.986156066764809935e+00 1.692930152474491123e+01 -1.119735093814377791e+01 -4.133059123473328711e+00 -2.611209878664185524e+00 3.856331140045126116e+00
7.274795170827032642e+00 1.690385515240422265e+01 -1.089669296595494430e+01 -4.388410853230208630e+00 -2.682425167565789970e+00 3.506618690633346080e+00
7.521635919921497049e+00 1.672230039076746166e+01 -1.046833062192224872e+01 -4.631749950439590258e+00 -2.731726110725989365e+00 3.132187707235995600e+00
7.727102810338960737e+00 1.639670214259512449e+01 -9.921779151814881459e+00 -4.862096900657340903e+00 -2.759486809104381599e+00 2.743390311070186716e+00
7.891869916805416274e+00 1.593909759386778902e+01 -9.266661358018351891e+00 -5.078599316152765830e+00 -2.766312880908267768e+00 2.348946607912728357e+00
8.016806568552153678e+00 1.536166793608482273e+01 -8.513039760207401940e+00 -5.280576004667053347e+00 -2.753014224394677800e+00 1.956096395181093017e+00
8.102927495566092375e+00 1.467699091787654275e+01 -7.671754995077459505e+00 -5.467546602922487509e+00 -2.720576275248566933e+00 1.570765790632381531e+00
8.151348412750198946e+00 1.389832196246889495e+01 -6.754733951266266523e+00 -5.639246570370985978e+00 -2.670131440007422974e+00 1.197737917259717122e+00
8.163247627901265346e+00 1.303984673507571301e+01 -5.775225736924580744e+00 -5.795627613559682700e+00 -2.602932446476111217e+00 8.408208064345893407e-01
8.139833869900565233e+00 1.211684485386307664e+01 -4.747918911607204251e+00 -5.936844125596290489e+00 -2.520329185496622326e+00 5.030078958565051828e-01
8.082320132177160943e+00 1.114570737339329831e+01 -3.688894605679811978e+00 -6.063226823199802773e+00 -2.423750241235902880e+00 1.866277459658887694e-01
7.991902924272131337e+00 1.014376418465583107e+01 -2.615381939132396028e+00 -6.175245251900268073e+00 -2.314689765494722717e+00 -1.065196196468244372e-01
7.869745949463819557e+00 9.128903861465744285e+00 -1.545306942096451808e+00 -6.273461022067540860e+00 -2.194699710478678067e+00 -3.750417565618945348e-01
7.716966923994487360e+00 8.119005635912500907e+00 -4.966619422574126141e-01 -6.358473382577646937e+00 -2.065386763506304124e+00 -6.178497125085201658e-01
7.534626082463490526e+00 7.131243625901857008e+00 5.132382487007101091e-01 -6.430857923143886268e+00 -1.928412688024911281e+00 -8.340718105305298113e-01
7.323714942586592613e+00 6.181355850486700554e+00 1.468515170362846511e+00 -6.491097733472212639e+00 -1.785496215102455375e+00 -1.022985852381979033e+00
7.085144201232155936e+00 5.282983959646037952e+00 2.355388760887591193e+00 -6.539504136398614165e+00 -1.638414179704474893e+00 -1.183969910258106939e+00
6.819730265942809844e+00 4.447178315892189815e+00 3.162640620672825253e+00 -6.576120972144681609e+00 -1.488999276821762807e+00 -1.316471589648519513e+00
6.528180935460371259e+00 3.682129793690046782e+00 3.881806441376000727e+00 -6.600601978011264137e+00 -1.339131641277884865e+00 -1.419995470793725900e+00
6.211082133691363971e+00 2.993144510434135874e+00 4.507064620186721271e+00 -6.612044375467150736e+00 -1.190721456560125846e+00 -1.494108354635389491e+00
5.868889312892362042e+00 2.382833724542543941e+00 5.034821837452533089e+00 -6.608752043520774500e+00 -1.045680014608101560e+00 -1.538461893724383245e+00
5.501929009181298014e+00 1.851459039545891860e+00 5.463011918304334635e+00 -6.587886340042985012e+00 -9.058771475623477176e-01 -1.552832073728489526e+00
5.110417741376767076e+00 1.397357893810627472e+00 5.790113080012074143e+00 -6.544937927756903306e+00 -7.730838271392443950e-01 -1.537174675844062977e+00
4.694506476564711761e+00 1.017375370919840538e+00 6.013846198022465117e+00 -6.472913072636294451e+00 -6.489000840125401792e-01 -1.491695115941876537e+00
4.254358499552600037e+00 7.072413547575989723e-01 6.129441169102339160e+00 -6.361065823122384444e+00 -5.346703251557020087e-01 -1.416929757586208760e+00
3.790265799394255453e+00 4.618519198984376573e-01 6.127254771385495680e+00 -6.192922070981263793e+00 -4.313906291486219180e-01 -1.313833850835824935e+00
3.302803143249337658e+00 2.754366309091727527e-01 5.989431971749104910e+00 -5.943268069876325832e+00 -3.396155227488558692e-01 -1.183868751024411470e+00
2.793009468476218782e+00 1.416166450871465254e-01 5.685407740671005072e+00 -5.573895846428596812e+00 -2.593746813071737267e-01 -1.029078387863253230e+00
2.262573932734621707e+00 5.338032866618485500e-02 5.167001024475113446e+00 -5.028862856686872718e+00 -1.901122514301157862e-01 -8.521427738123059648e-01
1.713991716375629082e+00 3.020969768348653450e-03 4.367430448393942122e+00 -4.233607229367831515e+00 -1.306621394957465376e-01 -6.563956078392381155e-01
1.150647363664990541e+00 -1.790891374696361102e-02 3.217337364226884322e+00 -3.111018605193236919e+00 -7.927072461681460014e-02 -4.457947115824394402e-01
5.767868292575840661e-01 -1.857494912482984817e-02 1.699001573029545797e+00 -1.635664514560905669e+00 -3.367352372722160619e-02 -2.248387094487571125e-01
-2.642851655088075246e-03 -8.736498092077341071e-03 -7.095011397037900847e-02 8.351416502228710403e-02 8.775322474605469839e-03 1.569214437918383612e-03
-2.642851655088075246e-03 -8.736498092077341071e-03 -7.095011397037900847e-02 8.351416502228710403e-02 8.775322474605469839e-03 1.569214437918383612e-03
-4.567783256730454343e-03 -6.810925886237464283e-03 -7.297840555656968931e-02 8.384706408702854996e-02 7.460012533082813375e-03 2.097012608552181832e-03
-6.517781354556127782e-03 -5.151758898646302542e-03 -7.312603220124225256e-02 8.249005775719203681e-02 6.295880277385606030e-03 2.605725465699719381e-03
-8.162538361351064087e-03 -3.687407790377766458e-03 -7.131963485187534091e-02 7.957507666622661013e-02 5.360591904300044189e-03 3.059041601340723501e-03
-9.212611268573114159e-03 -2.346847878643110522e-03 -6.779849899556306125e-02 7.541678303526279381e-02 4.688314884778005051e-03 3.419893338689038425e-03
-9.492264002215982863e-03 -1.062753157407011302e-03 -6.306578864893323810e-02 7.043965350229400291e-02 4.263829846775083442e-03 3.670570213146327580e-03
-8.980303071667588774e-03 2.189679129084638092e-04 -5.776546603272624675e-02 6.508659713363562638e-02 4.026747474010193735e-03 3.824300352703314566e-03
-7.808097589186326418e-03 1.521833971452692807e-03 -5.253032366900033112e-02 5.974623616896742456e-02 3.883651876132673472e-03 3.922532988118085026e-03
-6.217985244068855930e-03 2.820213223171571734e-03 -4.784830437794285879e-02 5.471841806667730734e-02 3.724976337891617532e-03 4.017797056260762577e-03
-4.497685716019983286e-03 4.030809583780516764e-03 -4.398038849005687922e-02 5.021436676136398214e-02 3.443370737552240921e-03 4.148173866620208546e-03
-2.912767425311386504e-03 5.024170802692570943e-03 -4.094402404084008379e-02 4.637315183633475973e-02 2.950908287256060001e-03 4.313732538663767914e-03
-1.657541721385607071e-03 5.659083530966576778e-03 -3.855808653294320182e-02 4.327493723833926442e-02 2.193247914212869201e-03 4.465876147790790590e-03
-8.359477837185728651e-04 5.832880267431578107e-03 -3.653157107003896648e-02 4.094059457356834242e-02 1.159453176329184937e-03 4.516818902336824752e-03
-4.716596271121241434e-04 5.532250299154536921e-03 -3.456976885743968247e-02 3.931981983569184796e-02 -1.135551572970174450e-04 4.369310560284297637e-03
-5.356840364437124441e-04 4.865739107506376199e-03 -3.246925999941976254e-02 3.827936082897231279e-02 -1.542822286841495118e-03 3.958539718933966681e-03
-9.744111846462690917e-04 4.062530050451824970e-03 -3.017699940861524530e-02 3.760555505084553496e-02 -3.008105326087486507e-03 3.291815417422397014e-03
-1.723434008667200888e-03 3.431685271731382044e-03 -2.779852620759352966e-02 3.703068254436552714e-02 -4.367488721675956073e-03 2.469734609906011017e-03
-2.701367588583824999e-03 3.288871739104539359e-03 -2.555401889016568895e-02 3.628307885216668777e-02 -5.478593623628769636e-03 1.676390379117078050e-03
-3.789553513441531671e-03 3.869445236039791448e-03 -2.369542042030851545e-02 3.515051895935740467e-02 -6.222566126948248476e-03 1.135184528174984020e-03
-4.812870110742136290e-03 5.253392850005011647e-03 -2.240939577767933621e-02 3.353908815766557666e-02 -6.526613914522841689e-03 1.038528386245902600e-03
-5.539616117074326607e-03 7.326356749628545016e-03 -2.173605007079985191e-02 3.150827546866705881e-02 -6.380094281330087914e-03 1.470483819740637426e-03
-5.712852787588709562e-03 9.791643475404197827e-03 -2.153016519553525507e-02 2.926788761819342291e-02 -5.839467726306397065e-03 2.347482924553309907e-03
-5.113254945406744446e-03 1.223334260872819060e-02 -2.148045947762111316e-02 2.713192537583400746e-02 -5.019016769097849051e-03 3.401137681022097480e-03
-3.638868127955661655e-03 1.421496855126859471e-02 -2.118565540663851568e-02 2.543563958632975852e-02 -4.066983868644336725e-03 4.218397152547348483e-03
-1.375961713747699596e-03 1.538647677882489309e-02 -2.026835870722516406e-02 2.443115130096764134e-02 -3.130282549293993393e-03 4.339835474218262101e-03
1.367542753787416403e-03 1.556913424354631169e-02 -1.849393637224689899e-02 2.418191446104956191e-02 -2.314456489290214573e-03 3.400171499936046129e-03
4.086334393067917251e-03 1.479428405540647931e-02 -1.585602882904655828e-02 2.447695263903149759e-02 -1.648085208541675770e-03 1.279713694594868849e-03
6.161826192748072299e-03 1.328743061335442566e-02 -1.259555045170786605e-02 2.478586676342552086e-02 -1.061004880470245481e-03 -1.777644847242213118e-03
6.984884860498199836e-03 1.140953994221785388e-02 -9.136362910564405429e-03 2.428275276457746157e-02 -3.820160697296934240e-04 -5.138051731399414374e-03
6.079907907696397926e-03 9.581676385169921040e-03 -5.946564492453190742e-03 2.198786680805150592e-02 6.389903680513603097e-04 -7.910822035934133786e-03
3.321668146372069690e-03 8.090947411311694148e-03 -3.365341526586345267e-03 1.709171657463770880e-02 2.086022301340281163e-03 -9.104442674671933688e-03
4.918319622133898858e-04 5.523707073101532736e-03 -1.462164855155238460e-03 9.452659446650519062e-03 1.663860198773334893e-03 -6.014443748491383850e-03
-1.015755031574414605e-16 4.046720894252908145e-16 1.716990463154812134e-14 -1.474614824969307427e-14 -1.393280579872904673e-16 -1.463499828125388808e-16
