0.000000000000000000e+00 0.000000000000000000e+00 0.000000000000000000e+00 0.000000000000000000e+00 0.000000000000000000e+00 0.000000000000000000e+00
-6.928488209814163135e+00 -1.542568894751258313e+01 1.139938506677786734e+01 -1.292494091206621565e-01 -6.554744521314533889e-01 1.237776811513291664e+00
-4.499024944117515190e+00 -4.359180011813546862e+00 -5.580757619558234239e-01 1.567649590301536111e-01 -1.403241679670043374e-01 8.333523148587003160e-01
-3.411412586115519563e+00 -3.183258835623894889e+00 -1.578720374962122364e+00 2.465020842462566086e-01 1.397414079525084452e-01 7.571821750300552489e-01
-2.688649394015077299e+00 -2.581975861374781189e+00 -1.576403385134524271e+00 2.829188666890948833e-01 2.808201393869391160e-01 7.405579509299684560e-01
-2.132340055360829378e+00 -1.974740401451822835e+00 -1.328513876870784260e+00 3.035100632274053689e-01 3.028119144482280256e-01 7.178342097386364307e-01
-1.699818177643364514e+00 -1.324895785361191347e+00 -1.005289189504061653e+00 3.180560751373010531e-01 2.287701829928102115e-01 6.695079112381848718e-01
-1.377146820261144766e+00 -6.774654219338661632e-01 -6.800588505289094643e-01 3.232616201480873475e-01 9.682167876323151401e-02 5.919077196285167375e-01
-1.145393741682983357e+00 -9.938080701097591618e-02 -3.940514892328002561e-01 3.034817148992299263e-01 -3.943369265206457530e-02 4.893331881406333128e-01
-9.645164398983991916e-01 3.334257458634307114e-01 -1.700962656326111822e-01 1.996310211689711345e-01 -8.457917681760440676e-02 3.705802915235971717e-01
-7.315353828817366955e-01 5.056168740475183165e-01 -1.692331489370749176e-02 -1.170195313009558535e-01 1.191599027619029832e-01 2.465911358151494370e-01
2.232926824768185353e-02 -3.804227397248992337e-02 6.809101838667523665e-02 -3.320360463480815372e-01 2.747569176414890180e-01 1.285319205937214271e-01
5.439741215659111839e-01 -5.089397314514008119e-01 9.597925297704054670e-02 -3.479139946910249637e-01 2.885852646874667027e-01 2.620535730641284505e-02
3.971827417931084181e-01 -4.214077139400893013e-01 8.285976539965569931e-02 -2.754207966016454789e-01 2.626729430687627098e-01 -5.314307658996465095e-02
1.623270705279696025e-01 -3.021052002918898083e-01 4.655376060232931101e-02 -1.595402941228429017e-01 2.239954366532662111e-01 -1.055486702253620040e-01
-3.800912287831140907e-02 -2.247112075216367022e-01 3.583577180031320263e-03 -3.164058171156749338e-02 1.815245629676101868e-01 -1.305394662129059358e-01
-1.656940624450216892e-01 -1.900389264203506123e-01 -3.306388268337140390e-02 8.210362755954686564e-02 1.398833871475733126e-01 -1.308521171274718287e-01
-2.179296210660443545e-01 -1.787761804148092770e-01 -5.518119363262437987e-02 1.628085489609118752e-01 1.016755625877066027e-01 -1.117290749011465995e-01
-2.085253855329143036e-01 -1.706048305403598531e-01 -5.955993339917330792e-02 2.011526121047892413e-01 6.797274139745387855e-02 -7.992925594249947197e-02
-1.573715423140941705e-01 -1.524249928197278225e-01 -4.733617345480971988e-02 1.978146283800192307e-01 3.857386836262848007e-02 -4.262080908668678531e-02
-8.458923252826179573e-02 -1.201021257755939542e-01 -2.274239110160531513e-02 1.618140664872201873e-01 1.241948976648380928e-02 -6.334860989334297962e-03
-7.357011116477847439e-03 -7.677191463771533553e-02 8.397054613770755724e-03 1.070599441083664449e-01 -1.160441015845401456e-02 2.386038598312603329e-02
6.082758349828334965e-02 -2.892462318621867937e-02 4.010692649196804377e-02 4.783620252388151584e-02 -3.341894180589140978e-02 4.485269242593374617e-02
1.076244642836947651e-01 1.977829836080735593e-02 6.739381299271490766e-02 -5.114264678621961019e-03 -5.091709562185451482e-02 5.559924742442103052e-02
1.285357069539873054e-01 6.400853800157296769e-02 8.693348523663430027e-02 -4.568835713230418039e-02 -6.112097934867172233e-02 5.688556905131739866e-02
1.348116912780781274e-01 8.945447445055687563e-02 9.728863823443613390e-02 -7.096189709531350309e-02 -6.272682546016671024e-02 5.081774969934547276e-02
1.298413369155120012e-01 9.561838037330025464e-02 9.872721433124075074e-02 -8.022793514936576997e-02 -5.695728988458649555e-02 4.017717536846331094e-02
1.137989208863242202e-01 8.939159764282463005e-02 9.277244953072791289e-02 -7.529700187968740854e-02 -4.621168938662097159e-02 2.777861428661890578e-02
9.091393392700236609e-02 7.559042223965083129e-02 8.163764926270769551e-02 -6.025017604386268683e-02 -3.274256978498229359e-02 1.595411723621967606e-02
6.727107716938263149e-02 5.707282911118233965e-02 6.768491931793019223e-02 -4.016847548040036048e-02 -1.828871254254336304e-02 6.242773182879528433e-03
4.659296176287565372e-02 3.738109285497569906e-02 5.300776658198257801e-02 -1.971811241097285589e-02 -4.156512737853191100e-03 -6.884755603739216604e-04
3.000675236866050602e-02 2.011765064726439914e-02 3.918622589649492505e-02 -2.250106067005806700e-03 8.693102402191633590e-03 -4.921395426257729917e-03
1.744773845389466227e-02 7.414358029860902179e-03 2.721358120703934805e-02 1.046807409365383378e-02 1.962895002322513627e-02 -7.029016087294582930e-03
8.408673409508191435e-03 -3.589139580798385385e-04 1.755651477611938280e-02 1.805279066598166129e-02 2.834420573272416685e-02 -7.771585384427621805e-03
2.274263575518660398e-03 -4.126017947957175483e-03 1.029145268415436985e-02 2.107328058590976147e-02 3.480962177903228205e-02 -7.828814113763593943e-03
-1.503261206630783541e-03 -5.397345061199930981e-03 5.259368458341457178e-03 2.059075203487190434e-02 3.918162727709000037e-02 -7.627504885156025094e-03
-3.331446764449940041e-03 -5.607031467066878397e-03 2.195158180300429106e-03 1.778942762498862337e-02 4.169775742113537159e-02 -7.288977116077085747e-03
-3.478828032754656407e-03 -5.670305790508598301e-03 8.089839479587704980e-04 1.374325920360874517e-02 4.259772176996975968e-02 -6.685268652024713154e-03
-2.121267683695306563e-03 -5.837164770413580742e-03 8.183278411763441696e-04 9.307895880264115129e-03 4.208988636242412540e-02 -5.566001163040111901e-03
5.897118938641405074e-04 -5.818384838791350842e-03 1.945106560208037776e-03 5.100056450537865209e-03 4.035888344487609247e-02 -3.704864313966808268e-03
4.454609391932482995e-03 -5.084719959895011264e-03 3.899078889492568409e-03 1.520598251146784968e-03 3.759503278584731822e-02 -1.017343186820622537e-03
9.165564910355465666e-03 -3.205288350819366326e-03 6.367011028191854778e-03 -1.212587362796254623e-03 3.402332408139505104e-02 2.383219333990295712e-03
1.427495081911397436e-02 -1.011572104886052586e-04 9.019170153556615305e-03 -3.037730466787114808e-03 2.991528118550232027e-02 6.201698273740911295e-03
1.921360758657247522e-02 3.860135737380243886e-03 1.153448903619053341e-02 -4.027452828234127057e-03 2.557677348855691077e-02 1.003744950104559948e-02
2.337487412216039673e-02 7.937446930475157772e-03 1.363694087323325844e-02 -4.362746127118511709e-03 2.131506921348888181e-02 1.349254102775157560e-02
2.625232119770227676e-02 1.121703076065409463e-02 1.513092634963503214e-02 -4.294659517391789284e-03 1.739577978263118566e-02 1.627737867082839490e-02
2.757856103671932346e-02 1.288308753329251571e-02 1.592374513308579889e-02 -4.093465543929488380e-03 1.400265458975413248e-02 1.828334028330830252e-02
2.740044057523694648e-02 1.248538841176601022e-02 1.602773056716172428e-02 -3.993859945902104684e-03 1.121063550514740138e-02 1.960446793105237451e-02
2.605827944862960238e-02 1.011626486285339965e-02 1.554137395968916042e-02 -4.150271246551896602e-03 8.977409394865330100e-03 2.050670650678075232e-02
2.408183092095117148e-02 6.420819465291981512e-03 1.461530953893263804e-02 -4.616514179876732814e-03 7.153465285889053227e-03 2.135883810410932684e-02
2.204078715655239523e-02 2.418847135176415211e-03 1.341327850608453609e-02 -5.358708252791752162e-03 5.506473276960523536e-03 2.255025503900881870e-02
2.039188025155638795e-02 -8.091099340263562803e-04 1.207898207849183309e-02 -6.301131639223692821e-03 3.751893167461673936e-03 2.442521442617347216e-02
1.936085270210669007e-02 -2.464671282984919661e-03 1.071708092060032549e-02 -7.395026785995125612e-03 1.576690867815904807e-03 2.726237224858943722e-02
1.889180397826875635e-02 -2.286017045785766234e-03 9.391550404779402950e-03 -8.696369756982931867e-03 -1.364373056340261120e-03 3.132769860015239410e-02
1.868478963987732847e-02 -6.300158273984339920e-04 8.138828688580568294e-03 -1.044893827971972444e-02 -5.515420015491142268e-03 3.704317321600358870e-02
1.831644742865124950e-02 1.644839538533653589e-03 6.988447053612577980e-03 -1.321068561979046700e-02 -1.163465997221946498e-02 4.539086930846557288e-02
1.739986591579113090e-02 3.466027623469890295e-03 5.981424739670519221e-03 -1.820732899328745061e-02 -2.146645845998346874e-02 5.902747111262467844e-02
1.571731560876255679e-02 3.925732362737156637e-03 5.177174709745850298e-03 -2.885059093421353180e-02 -4.050825530959517584e-02 8.665982897836987942e-02
1.328062890719830871e-02 2.624144212379388077e-03 4.642642630626244576e-03 -6.207401536765104477e-02 -9.961193137940181630e-02 1.760497023992415311e-01
1.031764279285571351e-02 -1.605567656223276746e-04 4.421831437877920754e-03 -1.842447944770529089e+00 1.123940782419070805e+00 7.292328891408503821e-01
7.205586371633173823e-03 -3.554522224606753399e-03 4.488636857535550223e-03 -1.380663282302541095e-01 5.897268279258997131e-02 8.585892908982876992e-02
4.370692995421771726e-03 -6.396776155351162341e-03 4.691564029180055571e-03 -6.974890006488131122e-02 2.854055460641476138e-02 4.421911517112896151e-02
2.171718273606860691e-03 -7.656183252843951938e-03 4.711813518107404661e-03 -4.380673285021501051e-02 1.681764361818922221e-02 2.706156551176549727e-02
7.915382783204386865e-04 -6.800409597863407533e-03 4.093894965912216362e-03 -2.751684434351085035e-02 9.802264342542790776e-03 1.623983812832772641e-02
1.685692631577051319e-04 -3.984446352713846839e-03 2.469436232033687170e-03 -1.362918977144435446e-02 4.564451940755475008e-03 7.711943532631577482e-03
-1.023246010402758201e-16 2.464824941841660453e-15 -5.801947775648243190e-17 9.075760622215850446e-17 -3.762750901081557702e-17 9.852141697545718412e-17
-1.023246010402758201e-16 2.464824941841660453e-15 -5.801947775648243190e-17 9.075760622215850446e-17 -3.762750901081557702e-17 9.852141697545718412e-17
5.820391469695361808e-01 1.150256992249948373e+00 -1.513219614889580900e+00 -1.145591757937417743e+00 -3.966708726011301811e-02 1.481563572798754391e+00
2.037979206897146400e-01 3.227896219697643954e+00 -2.945875966250798506e+00 -2.262151061802291530e+00 -1.867474715978923545e-03 2.786964795825924046e+00
2.798673120731599573e-01 4.787735327494900162e+00 -4.234000394364930031e+00 -3.333813471565709730e+00 4.722475944591492114e-02 3.913948641051049560e+00
3.577952274026598434e-01 6.255575950446691458e+00 -5.339150052772676069e+00 -4.356828585652992025e+00 9.291066323358476708e-02 4.847137969576563066e+00
4.320076756856862099e-01 7.614899865282809266e+00 -6.247834239809246348e+00 -5.331035911839381747e+00 1.356464644518020346e-01 5.585038167137484244e+00
5.010997552683141842e-01 8.849301585556665017e+00 -6.965020832941945628e+00 -6.254500167833575652e+00 1.770598467007352128e-01 6.141612386248720412e+00
5.644545350941760908e-01 9.945170011263980925e+00 -7.506383053063884425e+00 -7.122694005688638086e+00 2.182728527164845000e-01 6.538754973672882720e+00
6.215639805002686202e-01 1.089177401691291536e+01 -7.892082320475802604e+00 -7.929456442691468432e+00 2.598041602270825257e-01 6.800666291842160760e+00
6.717648423864001073e-01 1.168134415180886876e+01 -8.142858316166734056e+00 -8.667873344120414103e+00 3.017628751772796769e-01 6.950451907331965273e+00
7.141857600133166839e-01 1.230931167596868292e+01 -8.278147212984558578e+00 -9.330619310263989163e+00 3.441317014545962061e-01 7.008355043003029472e+00
7.478417517003846937e-01 1.277445856229280707e+01 -8.315664243793738919e+00 -9.909888767119944930e+00 3.870097676732711101e-01 6.991164243659846456e+00
7.717842461539052845e-01 1.307870767374200227e+01 -8.271917492660284310e+00 -1.039710891934623938e+01 4.307174691491526541e-01 6.912422306626578639e+00
7.852013921132218188e-01 1.322646610267408462e+01 -8.163232564347707054e+00 -1.078251477866112928e+01 4.757440955185533449e-01 6.783079511729639854e+00
7.874032345967487689e-01 1.322368081201390844e+01 -8.007004692575048210e+00 -1.105456274027672414e+01 5.226010479290168487e-01 6.612261398720110428e+00
7.777048531348235150e-01 1.307693197597019363e+01 -7.823032741406829693e+00 -1.119914657566704186e+01 5.716790778795360906e-01 6.407902140082197384e+00
7.552930347289096291e-01 1.279289321683326897e+01 -7.634865632972358540e+00 -1.119867923591911207e+01 6.231820190685329885e-01 6.177118259507810016e+00
7.191830685813164203e-01 1.237833479887193988e+01 -7.471005023759213159e+00 -1.103131220529055057e+01 6.771480655281632011e-01 5.926320657386355606e+00
6.683247103224209118e-01 1.184061476610631303e+01 -7.365465864323904377e+00 -1.067089291131081019e+01 7.335175862276084313e-01 5.661146771869824512e+00
6.018250260092979920e-01 1.118840184969601026e+01 -7.356602112199620791e+00 -1.008871906868662549e+01 7.921948705147706660e-01 5.386328244938183296e+00
5.191757505960999941e-01 1.043228875137053713e+01 -7.482542434427865707e+00 -9.258560065810115702e+00 8.530783849465265467e-01 5.105605594180694595e+00
4.203562694097394692e-01 9.585014413211180084e+00 -7.771912628596805206e+00 -8.166045891377441635e+00 9.160712173330607389e-01 4.821776121137374638e+00
3.057445060248089597e-01 8.661183914448550070e+00 -8.231113610623774335e+00 -6.821059695869208461e+00 9.810985826668687793e-01 4.536918281705794698e+00
3.939838307180761924e-03 4.525427893681152614e-02 1.976629509074771807e-02 2.893079512418904840e-03 -4.791357706348581616e-03 -1.929357432899342362e-02
6.659259736557582993e-03 4.613759678393244273e-02 1.799764588119901615e-02 4.012008705946459343e-03 -5.348367551716616541e-03 -2.160620426499037378e-02
1.020925277984051881e-02 4.734177370761528253e-02 1.573188628741336095e-02 5.211592233764680490e-03 -5.624060397475977649e-03 -2.282940946578812177e-02
1.393825540556951903e-02 4.897757707805631272e-02 1.245191759049732103e-02 6.950707070698398070e-03 -5.557832149359592799e-03 -2.276260245597299878e-02
1.716157810267624623e-02 5.084063300758955017e-02 8.182942344812314459e-03 9.417924128435556722e-03 -5.215405760982985174e-03 -2.178094673631406422e-02
1.939675937220494001e-02 5.254388714465160065e-02 3.586924065568944386e-03 1.237268763912097690e-02 -4.765268038527029244e-03 -2.065855244922374517e-02
2.048618313445120520e-02 5.375900787188467311e-02 -3.275050212768440723e-04 1.526989315320150843e-02 -4.404785739012149690e-03 -2.020003728368261614e-02
2.058362539781631584e-02 5.439332696081595336e-02 -2.720230796176179803e-03 1.755606778877780508e-02 -4.271174510983070070e-03 -2.084354221912761845e-02
2.003932805876465495e-02 5.457832277310134539e-02 -3.380951130444193303e-03 1.894112735323505436e-02 -4.379598458750473544e-03 -2.242737643842088527e-02
1.924624686161058307e-02 5.448333360858109015e-02 -2.895498183067444706e-03 1.950521324353047398e-02 -4.617368267308468929e-03 -2.425078889019785869e-02
1.850692362180195172e-02 5.410029471364166676e-02 -2.418731010021805353e-03 1.961524390462217327e-02 -4.796904891946428447e-03 -2.542547923418651129e-02
1.795845134959619602e-02 5.318000173833827005e-02 -3.139668038966969381e-03 1.972619295495512889e-02 -4.743691260835708468e-03 -2.536585624921057838e-02
1.756695569005284688e-02 5.140731455872155076e-02 -5.679218911625702644e-03 2.018367165351434012e-02 -4.380656405871739996e-03 -2.417579367618779076e-02
1.718142160520491971e-02 4.873477988790193838e-02 -9.715398014997999460e-03 2.111830723128432785e-02 -3.772867574767751683e-03 -2.271136038333526272e-02
1.662122848789789747e-02 4.565763889970979317e-02 -1.404773373699087086e-02 2.245505731232590868e-02 -3.113674419873033779e-03 -2.223689225575666700e-02
1.576277573584407288e-02 4.320260958866015133e-02 -1.711622900175312559e-02 2.399739790630179767e-02 -2.657432273476594171e-03 -2.379171605720688254e-02
1.459150903669031649e-02 4.254099744098263636e-02 -1.776575021547699071e-02 2.552312846059100193e-02 -2.624876833262540076e-03 -2.755387127611550954e-02
1.320047611744380386e-02 4.435694772427797861e-02 -1.590358037335249525e-02 2.684943706444305536e-02 -3.117497258280851023e-03 -3.253483897550509679e-02
1.174256162017889814e-02 4.828223464013760985e-02 -1.271526923326447671e-02 2.786282998688587031e-02 -4.073517396974495400e-03 -3.682332668608349902e-02
1.036799593573372626e-02 5.273896709636556601e-02 -1.028638529264990116e-02 2.853020308992303827e-02 -5.282009602138153410e-03 -3.835088428381114994e-02
9.185226517980538130e-03 5.537326754933549061e-02 -1.074737195293320319e-02 2.889770373401576858e-02 -6.449481503373459199e-03 -3.588237267545309195e-02
8.264664010086183316e-03 5.397864734671074805e-02 -1.529101345590161247e-02 2.906222659576140552e-02 -7.293907791069223663e-03 -2.977226850247611037e-02
7.671390211508574697e-03 4.753521331248476700e-02 -2.349721139507909146e-02 2.909802578641145290e-02 -7.632480630237813840e-03 -2.206972639943872647e-02
7.487252317077659064e-03 3.687551506700408738e-02 -3.329514465378362320e-02 2.895322052745261457e-02 -7.434054519208825075e-03 -1.580922215300493983e-02
7.784735027311027664e-03 2.460518559967234120e-02 -4.164011568253166845e-02 2.837986635824493731e-02 -6.821591994619331453e-03 -1.369558875891543383e-02
8.547420005319961503e-03 1.421751154271940452e-02 -4.568529468675267685e-02 2.698475817517119457e-02 -6.026394744062920673e-03 -1.672004310467392965e-02
9.576575919974805035e-03 8.708669022059353088e-03 -4.400714357406492611e-02 2.444896274611329731e-02 -5.308150925148231655e-03 -2.336384627050621526e-02
1.045055895525963917e-02 9.256571570187326070e-03 -3.738639702046701180e-02 2.086048079525407162e-02 -4.860766376420378246e-03 -2.986914383300751097e-02
1.059006980592133371e-02 1.455012616318903523e-02 -2.878046620482403728e-02 1.698510975321345165e-02 -4.725821882217943505e-03 -3.162096151634311014e-02
9.429532728199354133e-03 2.112421388018603449e-02 -2.240481571261243240e-02 1.424888391829098877e-02 -4.737318539890127307e-03 -2.516050527589518138e-02
6.633217004498761886e-03 2.465297879672280826e-02 -2.217478430922712254e-02 1.429006568659875118e-02 -4.524676525203508333e-03 -9.977372003461451588e-03
2.265280289559191453e-03 2.174082039226505822e-02 -3.003113245078938010e-02 1.815507501104349566e-02 -3.600887339830738734e-03 1.079364760812465303e-02
-3.152265671833416605e-03 1.150244141970923652e-02 -4.478443591069943691e-02 2.546199089479159877e-02 -1.548775053759446829e-03 3.126093272144733065e-02
-8.696327278811940772e-03 -3.744931441459338657e-03 -6.200988529358733570e-02 3.398805965848936822e-02 1.717486104166096594e-03 4.507647608763823421e-02
-1.316001412390401318e-02 -1.904321129519176772e-02 -7.520801606337895739e-02 4.004219534090565358e-02 5.690587563109665223e-03 4.830321719262202496e-02
-1.516906731411817900e-02 -2.850109610022338869e-02 -7.799055961569210937e-02 3.966049746385052338e-02 9.128634242180303643e-03 4.162549460974283161e-02
-1.328860705494666790e-02 -2.757997047842414978e-02 -6.659662284184773851e-02 3.024292238697938451e-02 1.016249945961078711e-02 3.080061595328636298e-02
-6.189163360055614793e-03 -1.511338460350015664e-02 -4.177820805933488840e-02 1.194118126400684973e-02 6.728447526515799089e-03 2.487917890711311211e-02
7.017507325900767395e-03 5.769108595827211576e-03 -9.174887041975212862e-03 -1.190350705832231119e-02 -2.707054016794296393e-03 3.264043526398877071e-02
2.620872207042942645e-02 2.831310103792617633e-02 2.223024967547489530e-02 -3.563493977353920233e-02 -1.829886121485028647e-02 5.852671146650203354e-02
4.952351383572554944e-02 4.434315185889591698e-02 4.324299429804689954e-02 -5.326481822539134298e-02 -3.812896771982587224e-02 9.974702992926945400e-02
7.273459970326337509e-02 4.732601940393220408e-02 4.811807270963982391e-02 -6.081744608862096890e-02 -5.797520819186360863e-02 1.459402823022616091e-01
8.910407190993167859e-02 3.519083872923260692e-02 3.728645206591856692e-02 -5.802695154306562741e-02 -7.177318451493983065e-02 1.818864967178893954e-01
9.009257902149445107e-02 1.174562385788356818e-02 1.785474119390889625e-02 -4.854575612878821167e-02 -7.282411075869409112e-02 1.925472465026759339e-01
6.710023772600838543e-02 -1.408883472587736836e-02 1.337043453744506160e-03 -3.840778929979105083e-02 -5.557343770341483663e-02 1.686965404226368481e-01
1.409193410056774898e-02 -3.126314590910223706e-02 -8.088910679316160118e-04 -3.329601179997297711e-02 -1.757598335024923575e-02 1.110362083852341197e-01
-6.939635336886659789e-02 -3.094421690326215613e-02 1.776389877347260907e-02 -3.584028941625478498e-02 3.886564407607848853e-02 3.116895122046312375e-02
-1.756427503707057303e-01 -1.064236257333448128e-02 5.474315597561858759e-02 -4.433200471750217003e-02 1.059142398128422174e-01 -5.107074272573245560e-02
-2.873868817832211930e-01 2.364790241966488113e-02 9.887928736739970415e-02 -5.368979294520891121e-02 1.706716308569150853e-01 -1.131344214390995889e-01
-3.785082791396277568e-01 5.849155307088991368e-02 1.336242996172540831e-01 -5.843518391696628234e-02 2.170887559408253564e-01 -1.363680325042106456e-01
-4.172230884249412686e-01 7.722347338303280073e-02 1.437862403630507380e-01 -5.636605563096213495e-02 2.291676313421819322e-01 -1.116063902415919823e-01
-3.718681447838623200e-01 6.596457046232928612e-02 1.228637344939297743e-01 -5.110636502495936179e-02 1.949497764341101835e-01 -4.197493999399397324e-02
-2.188171288686722171e-01 1.927589840024326873e-02 7.797305182005148660e-02 -5.201829865188624391e-02 1.104556615312668050e-01 5.799565237045073429e-02
4.855051405395451741e-02 -5.662807782653878769e-02 2.963848748594823113e-02 -7.095751278985450161e-02 -1.746337653656368505e-02 1.666424432476744932e-01
4.116007699066001058e-01 -1.443925003352857783e-01 5.310529666028279867e-03 -1.166672159920417035e-01 -1.703713753181424206e-01 2.614126603690811734e-01
8.213045789178649025e-01 -2.200328267840773178e-01 2.794549807295843014e-02 -1.888078890118697895e-01 -3.202720996764452099e-01 3.250446863016598353e-01
1.198804246738703227e+00 -2.607252782103227084e-01 1.034065482732851315e-01 -2.742640111182807483e-01 -4.344686062885209088e-01 3.498077425546169961e-01
1.443653578094103773e+00 -2.540285737376094533e-01 2.116260019359020861e-01 -3.480580788527370961e-01 -4.825231581016269367e-01 3.387373729128168587e-01
1.449940078446440683e+00 -2.053565553288830003e-01 3.055842943952949975e-01 -3.797657263233272795e-01 -4.438431582370083173e-01 3.038652626636786924e-01
1.127872140452103489e+00 -1.397133429283584638e-01 3.194300090099636003e-01 -3.440890810579403380e-01 -3.139879018567202085e-01 2.622764008416555992e-01
4.259337435064904365e-01 -9.483455060155443483e-02 1.838091799832364814e-01 -2.321020879565642292e-01 -1.078636410817956498e-01 2.312176919998323588e-01
-6.522442360359383962e-01 -1.068471556561252228e-01 -1.555853078502182629e-01 -5.875419592860957330e-02 1.414022623892489949e-01 2.235484391150307504e-01
-2.040725023781880143e+00 -1.952218192253559192e-01 -7.200497579078356525e-01 1.367751824493706192e-01 3.880735508589259752e-01 2.448149940063672203e-01
-3.614704063682778745e+00 -3.578654430985562795e-01 -1.482135422645723954e+00 2.985244610590192527e-01 5.828433326740950493e-01 2.932760977923173917e-01
-5.200189812086121854e+00 -5.873393385008915946e-01 -2.350254574510149297e+00 3.662927706174262665e-01 6.828203677666597748e-01 3.644068664632144627e-01
-6.574324670140508253e+00 -9.216179405831875782e-01 -3.143652771270300406e+00 2.909022015145139584e-01 6.542220804065380646e-01 4.631092671647394354e-01
-7.376069676989146728e+00 -1.596606658211143781e+00 -3.511913447162435808e+00 1.112501058217383182e-01 3.825370992599235187e-01 6.407823341139046169e-01
-5.333657499975354099e+00 -4.716147313183847167e+00 -2.553402365192006140e+00 -1.349765148607293963e-01 -3.924923570197191847e-01 1.160178043257798608e+00
0.000000000000000000e+00 0.000000000000000000e+00 0.000000000000000000e+00 0.000000000000000000e+00 0.000000000000000000e+00 0.000000000000000000e+00
0.000000000000000000e+00 0.000000000000000000e+00 0.000000000000000000e+00 0.000000000000000000e+00 0.000000000000000000e+00 0.000000000000000000e+00
3.562977848457339558e+00 1.015528841543734195e+01 1.974912856736978384e+01 -1.341594590637287809e-01 3.133546825894735922e-03 2.590996743974889327e+00
4.992324467709295277e+00 8.167013723741217035e+00 2.548889941588360486e+01 2.741433862604042079e-02 3.829998080229471413e-02 4.513260861774938348e+00
7.883068706951733340e+00 8.599044055107581741e+00 2.717594222438904339e+01 3.171442259872850247e-03 -1.343619995484950369e-01 6.240271284525623408e+00
1.120910438956896016e+01 9.997020991574499860e+00 2.787445973012513534e+01 -2.071447337563601665e-01 -5.283732177070848968e-01 7.690494330630677666e+00
1.549938849814385300e+01 1.035842318512284166e+01 2.827370285237196157e+01 -5.366357497885492212e-01 -1.062433786884596554e+00 8.779155188373096053e+00
1.788811545159841998e+01 1.154802525755197351e+01 2.853450190461178693e+01 -8.906692966877327589e-01 -1.607017738869950030e+00 9.457728728381628258e+00
1.711977123226384023e+01 1.423378260335696943e+01 2.868548542272111135e+01 -1.165484039947887629e+00 -2.042741191194645367e+00 9.712107677013806395e+00
1.739877325375221062e+01 1.410836632693962223e+01 2.873362945601384055e+01 -1.286662761785661191e+00 -2.298040866596516185e+00 9.558727030844176298e+00
2.024110953460664319e+01 1.001275473124208304e+01 2.869640906459721208e+01 -1.248938343836071940e+00 -2.354929770353555440e+00 9.038342579332969251e+00
1.603296720447375279e+01 1.220651651262199699e+01 2.860392508041819326e+01 -1.115763037054401163e+00 -2.247898580932392143e+00 8.207819824200736747e+00
1.397319828469250247e+01 1.217547652051472085e+01 2.848949349896030370e+01 -9.708684360183844619e-01 -2.066712615020493526e+00 7.131387279929898959e+00
1.287637631749215927e+01 1.161162550866727372e+01 2.837921530879425447e+01 -8.754551323819806941e-01 -1.929550588284397294e+00 5.873136814958080265e+00
1.230753990066057746e+01 1.116986079498213158e+01 2.828622656828137494e+01 -8.660615507396376422e-01 -1.919603910081712606e+00 4.492156287778285240e+00
1.218208359747698033e+01 1.087764427208232298e+01 2.821067080534772842e+01 -9.528915163463521631e-01 -2.049740010205994167e+00 3.040782304214207254e+00
1.249168256389338083e+01 1.050030746915069990e+01 2.814333362848798359e+01 -1.117026025374054043e+00 -2.267930149577193077e+00 1.565435554908538585e+00
1.359823149160432187e+01 9.370445419075608129e+00 2.807040818631196899e+01 -1.313012360599098205e+00 -2.491672598786613513e+00 1.087268234733698991e-01
1.531904234890334848e+01 7.415170379053438232e+00 2.797795125070323508e+01 -1.477589769431464806e+00 -2.652820126110992049e+00 -1.288745477831299224e+00
1.498395079563998777e+01 7.171037167801872947e+00 2.785547437724315500e+01 -1.559961404638426918e+00 -2.715370480254347463e+00 -2.588171105745605605e+00
1.405913407114829639e+01 7.178267779872708587e+00 2.769820987656190425e+01 -1.549923882050566082e+00 -2.672619652817139535e+00 -3.754369192648609133e+00
1.221456765610978223e+01 7.881339138131663091e+00 2.750748708961098643e+01 -1.475944357776563409e+00 -2.545073230044930579e+00 -4.759248680896450701e+00
1.076927277236792335e+01 8.121407755921465466e+00 2.728901536883942569e+01 -1.381319490221813551e+00 -2.376444702225300354e+00 -5.585697500780439917e+00
9.785434133831630632e+00 7.976888554031305922e+00 2.704973690454395552e+01 -1.300858747757280609e+00 -2.219181075720790375e+00 -6.230434819216777775e+00
9.100288684189422383e+00 7.687206082656564909e+00 2.679471337739103021e+01 -1.252636041922977173e+00 -2.110812238023157761e+00 -6.704638270668128897e+00
8.643655840467721063e+00 7.323593033909903127e+00 2.652555841754535493e+01 -1.238427502225759591e+00 -2.058817923815654094e+00 -7.031869498781856187e+00
8.384417061720730757e+00 6.861038765287648999e+00 2.624103455292034681e+01 -1.245814795613103598e+00 -2.043962613488053304e+00 -7.243705902055810775e+00
8.276691790332749932e+00 6.267580272841157374e+00 2.593913277000300255e+01 -1.253142237575709972e+00 -2.035508738592890943e+00 -7.374227287711610401e+00
8.135209074702290266e+00 5.664710186006450598e+00 2.561912256560161083e+01 -1.238130196965325558e+00 -2.007179303233103340e+00 -7.454827844794102987e+00
7.713361677414141582e+00 5.271776545136941827e+00 2.528226140783154108e+01 -1.188005120032248119e+00 -1.945635767327189347e+00 -7.510607477725918635e+00
7.041088681788022718e+00 5.071269217684596597e+00 2.493091178770573535e+01 -1.105245629935603491e+00 -1.851091799747625055e+00 -7.558960310095605983e+00
6.315088111918790048e+00 4.905291990318629836e+00 2.456695051340346581e+01 -1.004796784557155709e+00 -1.733868963431936860e+00 -7.610228194285014069e+00
5.682491830052658344e+00 4.671025293638725984e+00 2.419075594550193031e+01 -9.055286009064805741e-01 -1.608877371923147281e+00 -7.669734654384069650e+00
5.180720375977593051e+00 4.362656686244223536e+00 2.380148631187804398e+01 -8.217106409499265185e-01 -1.489344744274976540e+00 -7.740304367257436979e+00
4.784549001503108911e+00 4.015592667066348653e+00 2.339831839196763852e+01 -7.581062748318170286e-01 -1.382337685144674921e+00 -7.824460273287767720e+00
4.447274064113869940e+00 3.667354015918827148e+00 2.298162587663608036e+01 -7.096450303634902479e-01 -1.287919394209599000e+00 -7.925755374475002668e+00
4.120516617524446090e+00 3.347117406900082859e+00 2.255322680406758096e+01 -6.651281743519238399e-01 -1.201255902815376420e+00 -8.049089654193313237e+00
3.775793066016613686e+00 3.065165872521031787e+00 2.211561160406006366e+01 -6.121408550562046358e-01 -1.116074325123927125e+00 -8.200585789091595856e+00
3.419723269875947214e+00 2.805542161269762413e+00 2.167080214296634111e+01 -5.354704666232743548e-01 -1.029588086710384154e+00 -8.390471900057841381e+00
3.081400547137281176e+00 2.541051589574809366e+00 2.121962599175986952e+01 -3.408967277945217922e-01 -9.663231767564397501e-01 -8.687270810697397039e+00
2.781827499578384266e+00 2.261085988198439090e+00 2.076170441579215264e+01 -8.562876370142637583e+00 -7.223379731757180178e-01 -7.634914548041566995e-01
2.513901033423965981e+00 1.985957169083218510e+00 2.029582999426502710e+01 -8.907181781500719708e+00 -5.190566543412434841e-01 -6.947803739985343174e-01
2.259528030628466855e+00 1.743861801348765894e+00 1.982017902966617129e+01 -9.156165489897411192e+00 -4.420557318900312782e-01 -6.122379313343586649e-01
2.014597611328133642e+00 1.541963374043640922e+00 1.933209122478458752e+01 -9.385022409172094626e+00 -3.867402258479343269e-01 -5.392573485003125944e-01
1.779929273708799053e+00 1.374649334166416770e+00 1.882760980583825727e+01 -9.595581842065707079e+00 -3.399470414648793071e-01 -4.772730100356158411e-01
1.552079839671678174e+00 1.235095654111724395e+00 1.830113857913037378e+01 -9.784355473552897919e+00 -2.967601580561666230e-01 -4.230708096672761154e-01
1.326476711193360414e+00 1.116636673160236182e+00 1.774527195985680450e+01 -9.945756513553138944e+00 -2.551146696992220297e-01 -3.725565361275076093e-01
1.104277404035704846e+00 1.010729455764383111e+00 1.715035857140598807e+01 -1.007061787624253135e+01 -2.148781062825671773e-01 -3.231355885455468036e-01
8.974046490697433764e-01 9.049820494498255208e-01 1.650310353298121413e+01 -1.014403168611300643e+01 -1.773057825401785359e-01 -2.745513022741871145e-01
7.216304556363057898e-01 7.898052693856618678e-01 1.578369295199747846e+01 -1.014314803009112076e+01 -1.442338901055553735e-01 -2.283867034329770118e-01
5.821158077137369435e-01 6.690753606940080811e-01 1.496132444697768094e+01 -1.003440792680061300e+01 -1.170419785561155196e-01 -1.868901215387496206e-01
4.732892499584550605e-01 5.544917091723603475e-01 1.398829208858952278e+01 -9.769155189194933087e+00 -9.580632407056774436e-02 -1.517296732304593554e-01
3.846456994835329990e-01 4.549088173228409415e-01 1.279298745124441439e+01 -9.277000317074859836e+00 -7.913103603948858089e-02 -1.230542903166964713e-01
3.065313054164108819e-01 3.693566526760664326e-01 1.127362609882788114e+01 -8.458666024177615483e+00 -6.477038984919729347e-02 -9.915438824168786025e-02
2.330709594317308397e-01 2.876591228966421943e-01 9.300386431235569518e+00 -7.186751313239942540e+00 -5.057450729816838353e-02 -7.702245728512019385e-02
1.586323425995861958e-01 2.007184426895339269e-01 6.747184305977593333e+00 -5.336536429503324186e+00 -3.515698561974792136e-02 -5.373301859266638170e-02
8.063319712712159471e-02 1.041039076093615706e-01 3.583131317165675789e+00 -2.877266615874201516e+00 -1.812464259586826429e-02 -2.785899795264812004e-02
-3.452221873895807305e-15 5.252395543653318910e-15 7.456585319846724322e-15 -5.899119993483034185e-15 -4.480527872813627079e-16 1.948728035778881148e-16
-3.452221873895807305e-15 5.252395543653318910e-15 7.456585319846724322e-15 -5.899119993483034185e-15 -4.480527872813627079e-16 1.948728035778881148e-16
-6.872838595909545045e-01 -2.219733471064135877e+00 1.771527664039490801e+00 3.625799974151689975e-01 3.393949406062553020e-01 -1.049033808451372840e+00
-1.336552795731514642e+00 -4.419995625113510407e+00 3.484620639132187225e+00 7.210933398415317885e-01 5.616803297122062721e-01 -1.931311090627367610e+00
-1.983656825489089170e+00 -6.511305922551297698e+00 5.087262389910856442e+00 1.072392999187670615e+00 8.109942121320976582e-01 -2.748587966374901992e+00
-2.616869185937948039e+00 -8.458813881205671237e+00 6.538532227072836100e+00 1.414735059886329527e+00 1.057591930119798684e+00 -3.441088351164443448e+00
-3.230360106244182461e+00 -1.023090607437513988e+01 7.810605632896036710e+00 1.747689982070652626e+00 1.295300263683718756e+00 -3.986788177670212541e+00
-3.819365034767689515e+00 -1.180485125393519574e+01 8.888208746950965633e+00 2.071669643689481255e+00 1.520744638806320825e+00 -4.379534477437485585e+00
-4.379724090136145165e+00 -1.316694746562972007e+01 9.766392347792365314e+00 2.387373096574143982e+00 1.731413939404460978e+00 -4.624230298573229980e+00
-4.907818731192086226e+00 -1.431146915781673279e+01 1.044765850425829434e+01 2.695366043425621250e+00 1.925280227911867703e+00 -4.733049700998654075e+00
-5.400577476473470639e+00 -1.523911778023552266e+01 1.093922828266519254e+01 2.995861324448139129e+00 2.100694680039578266e+00 -4.722259109467707994e+00
-5.855489468580699075e+00 -1.595536278440894051e+01 1.125086425012582936e+01 3.288667527003272806e+00 2.256352129968758558e+00 -4.609817988256931010e+00
-6.270609078913633283e+00 -1.646891741775372964e+01 1.139335494323419340e+01 3.573240199880399093e+00 2.391273738047657638e+00 -4.413749940513887360e+00
-6.644546051226904559e+00 -1.679048073664104024e+01 1.137759318074178339e+01 3.848778535924116895e+00 2.504792604916774579e+00 -4.151143771360422896e+00
-6.976439857850873949e+00 -1.693179312082818910e+01 1.121411487390396644e+01 4.114331116698782154e+00 2.596537495223883329e+00 -3.837609820032966912e+00
-7.265919140176770874e+00 -1.690499911099152897e+01 1.091296413936628618e+01 4.368892319275187397e+00 2.666413482190567397e+00 -3.487037688226998444e+00
-7.513048551272404119e+00 -1.672228332684978369e+01 1.048377607518001930e+01 4.611482341936851803e+00 2.714579782791319840e+00 -3.111540328259164045e+00
-7.718266306309741864e+00 -1.639573400274367998e+01 9.935998047871587247e+00 4.841209601298308129e+00 2.741425662094914451e+00 -2.721506767957218909e+00
-7.882316324918863693e+00 -1.593738609394370975e+01 9.279193578274346876e+00 5.057316640017136322e+00 2.747545511510150362e+00 -2.325714582411807285e+00
-8.006179017282670785e+00 -1.535939581586100289e+01 8.523386874755958686e+00 5.259211357484732119e+00 2.733714237661776902e+00 -1.931472976972491873e+00
-8.091004533710398405e+00 -1.467429723888536763e+01 7.679411199833864110e+00 5.446485336664132149e+00 2.700864021204785193e+00 -1.544779775178496184e+00
-8.138051708552826113e+00 -1.389528797943687088e+01 6.759222725499453688e+00 5.618920778529484572e+00 2.650063356518642443e+00 -1.170482865485674040e+00
-8.148635061437815352e+00 -1.303648619910778450e+01 5.776136646503141847e+00 5.776487270457727696e+00 2.582499078443574625e+00 -8.124405766203200985e-01
-8.124081178491344701e+00 -1.211309816517726823e+01 4.744938451492925147e+00 5.919329364407997396e+00 2.499461824462124504e+00 -4.736773584294752260e-01
-8.065694708167729488e+00 -1.114143898999476789e+01 3.681825458975257259e+00 6.047745719999499947e+00 2.402335072388002590e+00 -1.565319452922552534e-01
-7.974733200112307685e+00 -1.013876321386089607e+01 2.604146607747609643e+00 6.162160341754130854e+00 2.292587543767058644e+00 1.372045504558686568e-01
-7.852389211932740309e+00 -9.122888734136664013e+00 1.529934231123574406e+00 6.263086153238630160e+00 2.171768391396000641e+00 4.061630766873452481e-01
-7.699777607536848478e+00 -8.111634874128869299e+00 4.772578388648561210e-01 6.351080727368461076e+00 2.041504224553169600e+00 6.492859642801784847e-01
-7.517925840879628119e+00 -7.122135448756363729e+00 -5.365308258234897654e-01 6.426693330358206779e+00 1.903496700348752624e+00 8.657332674299320630e-01
-7.307765293531732986e+00 -6.170119156622548395e+00 -1.495561204040605441e+00 6.490401400154650169e+00 1.759519152453653534e+00 1.054807897818401896e+00
-7.070122408990758167e+00 -5.269261705176010224e+00 -2.386103383103639786e+00 6.542532974956778880e+00 1.611410556590705312e+00 1.215900856324316770e+00
-6.805709401116926571e+00 -4.430701510085324202e+00 -3.197022636025958153e+00 6.583169118767174588e+00 1.461065049032340912e+00 1.348457322720382878e+00
-6.515115635833939933e+00 -3.662776795017737008e+00 -3.919959380647485503e+00 6.612016580696330692e+00 1.310415213656013655e+00 1.451963802259403025e+00
-6.198802288930423288e+00 -2.970996932225422604e+00 -4.549204656378321054e+00 6.628234966992777366e+00 1.161407429882280518e+00 1.525955988478505443e+00
-5.857104422946518341e+00 -2.358218066567010052e+00 -5.081274826234744246e+00 6.630193221041098539e+00 1.015967740580336232e+00 1.570046493957653500e+00
-5.490245997698092850e+00 -1.824962964823429790e+00 -5.514203873380523646e+00 6.615114853464032940e+00 8.759570024617059358e-01 1.583971089861331505e+00
-5.098374235394683041e+00 -1.369812275849888961e+00 -5.846559069331368264e+00 6.578546273837084790e+00 7.431146128475970558e-01 1.567651493338485080e+00
-4.681619778247307906e+00 -9.897977732988115784e-01 -6.076141645141404091e+00 6.513541828830835989e+00 6.189909966453125412e-01 1.521271917919031047e+00
-4.240187638388213109e+00 -6.807429555940149868e-01 -6.198256476518852587e+00 6.409395468076748870e+00 5.048704258697049863e-01 1.445365412595039700e+00
-3.774480402285762981e+00 -4.375171648185143258e-01 -6.203328035492961412e+00 6.249660465561937883e+00 4.016877182411964786e-01 1.340904366647120094e+00
-3.285249003974453963e+00 -2.541918710874860876e-01 -6.073542801720774875e+00 6.009119186213230712e+00 3.099448637953319818e-01 1.209387494763120019e+00
-2.773757670032169109e+00 -1.241091938355560614e-01 -5.778292788565031479e+00 5.649473425538796612e+00 2.296363555252896038e-01 1.052913422822480793e+00
-2.241939556578309123e+00 -3.989109878361581096e-02 -5.269132915171073073e+00 5.114473472592442782e+00 1.601943373916435154e-01 8.742292501000890059e-01
-1.692510959353036970e+00 6.569332743866370186e-03 -4.478537113036387574e+00 4.328781537898231058e+00 1.004657442673878576e-01 6.767420092274969434e-01
-1.129009038091289385e+00 2.408881241529886238e-02 -3.335582140070839419e+00 3.213711359895002229e+00 4.873244130781624606e-02 4.644826782760858586e-01
-5.557250407435483375e-01 2.210855122727341943e-02 -1.820137623602785748e+00 1.741435321346310960e+00 2.781333490687336232e-03 2.420169037117254340e-01
2.247625270841315664e-02 1.052418083580087399e-02 -4.664125746065873879e-02 1.874967796008077461e-02 -3.997538220949286430e-02 1.430371034518511907e-02
2.247625270841315664e-02 1.052418083580087399e-02 -4.664125746065873879e-02 1.874967796008077461e-02 -3.997538220949286430e-02 1.430371034518511907e-02
2.580234355427226886e-02 7.381569183108017615e-03 -5.415883828796337618e-02 2.535072616795770034e-02 -4.177053541159040512e-02 1.600307622754236839e-02
2.907477333338883210e-02 4.043797460371773705e-03 -5.964927508792158828e-02 3.017570071542311286e-02 -4.358186659538976215e-02 1.791484360259939373e-02
3.244797664690112632e-02 3.448137340839530418e-04 -6.300461927346255597e-02 3.323657986667469255e-02 -4.547020810134647095e-02 1.995943525582885916e-02
3.613084691113219171e-02 -3.984569295445059348e-03 -6.431836902859645877e-02 3.471540308241309603e-02 -4.751412731492328512e-02 2.206833850976287759e-02
4.031258601624868043e-02 -9.250827753099996956e-03 -6.384242426749810184e-02 3.489291499965852666e-02 -4.980298978722216829e-02 2.421720860272934608e-02
4.511023989278274693e-02 -1.572402304843965523e-02 -6.192994224656340335e-02 3.409216275147714664e-02 -5.242590309455073122e-02 2.643932363077434664e-02
5.055779416658165437e-02 -2.357934681638974503e-02 -5.897440182309592049e-02 3.264561483781289186e-02 -5.545857095305272572e-02 2.881482254602146797e-02
5.663795809356120953e-02 -3.286868400723052391e-02 -5.535167786969628911e-02 3.087891256765876516e-02 -5.895142776297179060e-02 3.144014056174220667e-02
6.333925154665419333e-02 -4.352540492735137295e-02 -5.137132754657518924e-02 2.909790194832916066e-02 -6.292290808319629669e-02 3.438972086907573361e-02
7.071056266657593792e-02 -5.539555665690365505e-02 -4.724367581535096616e-02 2.756838584466292721e-02 -6.736098573057294758e-02 3.768570622609047904e-02
7.888737671719195377e-02 -6.828318314619530316e-02 -4.306831097379669460e-02 2.648641349062303557e-02 -7.223422349410840715e-02 4.128944033651572171e-02
8.807754591676757172e-02 -8.199741604730406697e-02 -3.884635069916138328e-02 2.594609922469143584e-02 -7.751096994703796095e-02 4.512160625904999139e-02
9.851400247742110594e-02 -9.639298822540384726e-02 -3.451387840214656388e-02 2.591780932297110124e-02 -8.318283162783984830e-02 4.910788171927808754e-02
1.103988679981234844e-01 -1.114015192376716090e-01 -2.998867458924773036e-02 2.624965659813499261e-02 -8.928704883594951180e-02 5.323745894827111580e-02
1.238704842292914082e-01 -1.270557622814777743e-01 -2.521842558636986156e-02 2.669941843134562495e-02 -9.592259757128014652e-02 5.761609901267730760e-02
1.390184384096648518e-01 -1.435112097593170821e-01 -2.021743396532793210e-02 2.699424215892337262e-02 -1.032568954083738499e-01 6.249589951461031329e-02
1.559536770789445304e-01 -1.610686166422741483e-01 -1.508131098890223148e-02 2.690527445104607535e-02 -1.115234441029665513e-01 6.827102833916243174e-02
1.749183117887393168e-01 -1.801982110472929999e-01 -9.975027689194409034e-03 2.631735822610555345e-02 -1.210146682201968388e-01 7.544055814021319306e-02
1.964023144407879562e-01 -2.015638725404114151e-01 -5.097695795093584031e-03 2.527286237836791002e-02 -1.320776056476689053e-01 8.455290426225654798e-02
2.212306654078785018e-01 -2.260460419665861753e-01 -6.352514409661320785e-04 2.397426031558877457e-02 -1.451223896250807832e-01 9.615748891395033138e-02
2.505991926771103939e-01 -2.547678262911014513e-01 3.282791293120910971e-03 2.274072712809699706e-02 -1.606549237711058231e-01 1.107954038104984468e-01
2.860691119875428123e-01 -2.891410075899816245e-01 6.606240503052506104e-03 2.192648785187853444e-02 -1.793473754398313691e-01 1.290617111356969771e-01
3.295732874300319470e-01 -3.309683135651838026e-01 9.356027986695226659e-03 2.181891469359201891e-02 -2.021666535787908225e-01 1.517710545018718660e-01
3.835352200558218017e-01 -3.826676794495332823e-01 1.158433209124375141e-02 2.253905291468839833e-02 -2.305993013458368934e-01 1.802646076822046195e-01
4.512548445682990073e-01 -4.477307224445268297e-01 1.331469038088198102e-02 2.396489790045698218e-02 -2.670583770085270259e-01 2.169301668432219443e-01
5.377841968384446947e-01 -5.316052614188973013e-01 1.448456244141459182e-02 2.569003447124501224e-02 -3.156800006047286167e-01 2.661171203740079760e-01
6.515838835698727349e-01 -6.432811106397821055e-01 1.491838540093236819e-02 2.702330115549451267e-02 -3.840546111980666644e-01 3.359545447812551933e-01
8.068281661660283710e-01 -7.974625238617034650e-01 1.435596336413820159e-02 2.704040168065159275e-02 -4.874439879118276364e-01 4.425727957866913420e-01
1.019993193593547787e+00 -1.011000838929885015e+00 1.254573772218774662e-02 2.472769117508012010e-02 -6.596951475610338678e-01 6.208670940691265461e-01
1.234528611116360253e+00 -1.227437635400347116e+00 9.383460433350440319e-03 1.929577347826144651e-02 -9.598942579722739010e-01 9.307637170451781294e-01
9.646885215844123174e-01 -9.607786927321709802e-01 5.039997141060893922e-03 1.068510992058951253e-02 -9.403913088705501133e-01 9.246347492539040980e-01
-1.023246010402758201e-16 2.464824941841660453e-15 -5.801947775648243190e-17 9.075760622215850446e-17 -3.762750901081557702e-17 9.852141697545718412e-17
