0.000000000000000000e+00 0.000000000000000000e+00 0.000000000000000000e+00 0.000000000000000000e+00 0.000000000000000000e+00 0.000000000000000000e+00
-4.845077237169808093e+00 -2.504770295969213301e+00 -2.128579409830909874e+00 5.643475492750786859e-01 -3.538284369147018937e-01 2.292286997806790294e-01
-3.837646367294945016e+00 -2.985729864724061322e+00 -2.229914482196571957e+00 4.069392766379534843e-01 1.458609735666127338e-01 2.706293738818444372e-01
-3.127636285488851531e+00 -2.849728652553281005e+00 -2.089709351866921416e+00 3.649231277396559059e-01 3.718225210941048520e-01 3.677401442989294278e-01
-2.544432550264083659e+00 -2.480035721959661821e+00 -1.802121239480845682e+00 3.442098379095713812e-01 4.764981846486897044e-01 4.327675493220886627e-01
-2.047095689671818874e+00 -1.944996133189071719e+00 -1.456253893787457843e+00 3.367390629248288580e-01 4.698722684562766094e-01 4.557191589757592087e-01
-1.639970918825214063e+00 -1.316410448704399050e+00 -1.098586047684293909e+00 3.361967696777863335e-01 3.725486703396291843e-01 4.357825969644518738e-01
-1.328029400709833885e+00 -6.712833366087515019e-01 -7.633439541909328163e-01 3.326472156132707081e-01 2.213552912328145272e-01 3.773359495591946389e-01
-1.101250139631888558e+00 -8.922914608189903840e-02 -4.755883776161579646e-01 3.080158934215628252e-01 6.833336791209115857e-02 2.887436867649847416e-01
-9.237809682467121863e-01 3.478889403447408268e-01 -2.508022891323750669e-01 2.060621767404229310e-01 3.833522126226859058e-03 1.810725967422689986e-01
-6.938057796210066464e-01 5.215155504860493618e-01 -9.470579887472413416e-02 -8.716540970735707494e-02 1.695375086509504359e-01 6.660919799220317572e-02
5.723058420061048757e-02 -2.445893612959684077e-02 -4.081314513547290579e-03 -2.839399385263869924e-01 2.943243953013482961e-01 -4.266453161210849443e-02
5.710488494177818897e-01 -4.954879424735019744e-01 3.137952847427191022e-02 -2.993629962654369425e-01 2.966815806639138131e-01 -1.364511741896687336e-01
4.195632617886093096e-01 -4.124273792554343232e-01 2.650981219563200431e-02 -2.312264622636193701e-01 2.653566738079107812e-01 -2.072107772328546926e-01
1.813706973014862500e-01 -2.984485249939829443e-01 -2.175299401676652773e-03 -1.207008866571088190e-01 2.233152586974548603e-01 -2.508094585265742138e-01
-2.134923652146590925e-02 -2.254979800877133234e-01 -3.913270172628046523e-02 1.837025562431793572e-03 1.783982673392646989e-01 -2.666856360372593659e-01
-1.504521676617986969e-01 -1.936984611353414487e-01 -7.186396319705400104e-02 1.104844799664897598e-01 1.348456022604606064e-01 -2.575414370915882212e-01
-2.033021645549732970e-01 -1.835209984349938650e-01 -9.215414043381102427e-02 1.863850250100733963e-01 9.514034655529995943e-02 -2.286311501044920313e-01
-1.940774708697974860e-01 -1.747400562928388967e-01 -9.639997232323241350e-02 2.201339004739625016e-01 6.036540907104720466e-02 -1.867727538805729615e-01
-1.431825098895908588e-01 -1.545055345315326234e-01 -8.512240088739872479e-02 2.122735637161398126e-01 3.041502790179638135e-02 -1.392440305571772674e-01
-7.137857938024380622e-02 -1.188859192642673507e-01 -6.189127859742350746e-02 1.716958797939294179e-01 4.354713120921545853e-03 -9.273505650353448815e-02
3.288746236904357620e-03 -7.088933473781228178e-02 -3.196044344761909961e-02 1.123049622135614684e-01 -1.889027720128342441e-02 -5.251134061692275951e-02
6.611560233571045497e-02 -1.632090701907283267e-02 -9.123097326668801101e-04 4.865807646027180827e-02 -3.945650079067822280e-02 -2.189888092781663159e-02
1.049624771897691572e-01 4.069478934497525874e-02 2.644694068229706124e-02 -7.913613594508435434e-03 -5.576740762861335382e-02 -2.141312050736916221e-03
1.208442633763179702e-01 8.928980856364107654e-02 4.679530519641168090e-02 -5.068709931606680402e-02 -6.543432086378059287e-02 7.388585821046535045e-03
1.265909210915212302e-01 1.137170821824127903e-01 5.856491949751160137e-02 -7.651690642750515192e-02 -6.739301973008249291e-02 8.702360838712416488e-03
1.228318739042471852e-01 1.164722374251246639e-01 6.182489717827096415e-02 -8.497655074355868476e-02 -6.266206097234727768e-02 4.556883658490672000e-03
1.090362733792083066e-01 1.054009278925423648e-01 5.789088548870931217e-02 -7.838710074527699412e-02 -5.325796387168966334e-02 -2.198225488354545870e-03
8.890307672496131075e-02 8.606301503882946013e-02 4.880239644329193577e-02 -6.129944866482258531e-02 -4.112199100991740380e-02 -9.160788566888311904e-03
6.732219760219834703e-02 6.266573092948785062e-02 3.680221452401905013e-02 -3.913298079543857388e-02 -2.781591250620086761e-02 -1.471606332794089984e-02
4.748468490771073219e-02 3.938194122894764226e-02 2.391962249426430459e-02 -1.677200632102546218e-02 -1.456523613907589540e-02 -1.814204007321463044e-02
3.077761937605267423e-02 1.961611842193938804e-02 1.171270516558185933e-02 2.309137546899020163e-03 -2.302011550450700720e-03 -1.950078156865674150e-02
1.753507014458456637e-02 5.147318733496145451e-03 1.177251824667120868e-03 1.629879728657358459e-02 8.341197924528167412e-03 -1.938065429684868862e-02
7.545128754498624940e-03 -3.906286691634502407e-03 -7.208490784553976162e-03 2.483638419991727672e-02 1.703131364510961782e-02 -1.857787717070881126e-02
3.798804948381184808e-04 -8.613392987478653631e-03 -1.335604504056589481e-02 2.856429436751332929e-02 2.368937773790963375e-02 -1.780539732215085519e-02
-4.399858305437972204e-03 -1.056147332473950616e-02 -1.741291094259080421e-02 2.864213950303532916e-02 2.840416140493456226e-02 -1.749562309015714398e-02
-7.150123594162265811e-03 -1.123078710036424371e-02 -1.962895436978630975e-02 2.634953445908931949e-02 3.133868119722953149e-02 -1.772894847269881891e-02
-8.128663381522096415e-03 -1.158027830294108308e-02 -2.026948671230282065e-02 2.282873530448802785e-02 3.266491281993574164e-02 -1.828262813995979938e-02
-7.525771482004714463e-03 -1.191913825631862010e-02 -1.958011706800175805e-02 1.896296366809610556e-02 3.254242039475991471e-02 -1.876417365507503446e-02
-5.516978749757513525e-03 -1.203770602091875155e-02 -1.779140364924086670e-02 1.535501786212504181e-02 3.113367844802015019e-02 -1.877679563799633175e-02
-2.321448820304882876e-03 -1.149810880314677645e-02 -1.514232578001322750e-02 1.236123895142338634e-02 2.863521105332795039e-02 -1.806390670698322307e-02
1.746503264310615222e-03 -9.952941793495286710e-03 -1.190135337020658234e-02 1.014321781379719754e-02 2.530191692466736766e-02 -1.659328366951645303e-02
6.246749840689856496e-03 -7.373002650402427256e-03 -8.370526328229453694e-03 8.716060184525475929e-03 2.144898673276925821e-02 -1.456374610066360140e-02
1.062399142051079909e-02 -4.117544960569700062e-03 -4.867997057438129549e-03 7.988354064770841062e-03 1.742715686853723786e-02 -1.234114649536438221e-02
1.428027509274342605e-02 -8.485896544655734943e-04 -1.694124622153185067e-03 7.798617630751601866e-03 1.357805833946109861e-02 -1.034951533376958499e-02
1.670475150293360481e-02 1.662701984722187191e-03 9.075593365739907398e-04 7.954340320753419333e-03 1.018324436285797732e-02 -8.952886689988361762e-03
1.761316085054744768e-02 2.777089203865918884e-03 2.781811088060375751e-03 8.275131523861901581e-03 7.421475745724001073e-03 -8.362188126942950508e-03
1.703096729925283187e-02 2.211489476677530857e-03 3.876037085201714753e-03 8.634966749340838507e-03 5.345044663666186427e-03 -8.591190374330613666e-03
1.528199639742903494e-02 1.730691243143773204e-04 4.234094928375080683e-03 8.993924436952753856e-03 3.879814040843974562e-03 -9.469711748983247399e-03
1.289096181871111912e-02 -2.660568714007317120e-03 3.972669950999644338e-03 9.409807943141333328e-03 2.847440922911300895e-03 -1.070588336394025404e-02
1.043779552860871207e-02 -5.331111672515413506e-03 3.248297523362881061e-03 1.002556117171999640e-02 2.002869955320545330e-03 -1.197676042035337833e-02
8.407954627805601377e-03 -6.907085905145408586e-03 2.224957910543951065e-03 1.103829434225134763e-02 1.075556408742691901e-03 -1.302091332542115905e-02
7.076894242665051488e-03 -6.804543135791972855e-03 1.050666136257945695e-03 1.266713369505956775e-02 -2.011075945551647965e-04 -1.370883054110185427e-02
6.456728729146796013e-03 -5.004650238713749533e-03 -1.525918594442421904e-04 1.514726854752646186e-02 -2.091392057169932060e-03 -1.407607193056350375e-02
6.319832443942041168e-03 -2.085990438716382039e-03 -1.286346002067647112e-03 1.878975901771749030e-02 -4.917143759675415143e-03 -1.431815296450297988e-02
6.294556029790064275e-03 9.470972251617442187e-04 -2.265776814233382268e-03 2.418614599035999110e-02 -9.238626187883802049e-03 -1.476433996601514594e-02
6.002454637775102644e-03 2.992062793278367234e-03 -3.010134999520339572e-03 3.282314796947285312e-02 -1.638943833407037476e-02 -1.587686921343501104e-02
5.188498011960155677e-03 3.231004852849753920e-03 -3.440797018965928000e-03 4.946924528700567814e-02 -3.062759494821266568e-02 -1.839858188429823252e-02
3.802423324254079404e-03 1.439047972633142151e-03 -3.491545501400069879e-03 9.911329739099310199e-02 -7.586789402796367821e-02 -2.348873365961381271e-02
2.013247590662199833e-03 -1.899861153858577872e-03 -3.131376601826143993e-03 1.386074469872524917e+00 -1.945069272385078873e+00 5.575888701323470364e-01
1.590378159245063735e-04 -5.724217496456205333e-03 -2.395512848592777893e-03 1.418129495142653185e-02 -8.485695287572027345e-02 6.790021104542980079e-02
-1.353710792584894356e-03 -8.735509292395884223e-03 -1.415690752883489974e-03 1.024545803027572549e-04 -3.996464732886380322e-02 3.590516057490630158e-02
-2.176062237510747056e-03 -9.831201276180668094e-03 -4.335311501357787213e-04 -3.562180978103414095e-03 -2.346060203759738755e-02 2.251568980435946984e-02
-2.134335733490115225e-03 -8.478330175424679191e-03 2.367653292917064518e-04 -4.020796587976921584e-03 -1.380160537033631868e-02 1.377795673141759582e-02
-1.302809649598779974e-03 -4.897747393179633854e-03 3.542169756031305879e-04 -2.555807271569134585e-03 -6.499610083662552863e-03 6.625227053129551132e-03
8.263988326092378503e-17 -8.833106950549523692e-16 1.329950215141145514e-16 -1.035368393815550932e-16 -9.749651483059864644e-17 3.382593705252891654e-17
8.263988326092378503e-17 -8.833106950549523692e-16 1.329950215141145514e-16 -1.035368393815550932e-16 -9.749651483059864644e-17 3.382593705252891654e-17
2.233915507058349126e-01 1.507778783259712929e+00 -1.515685245406216630e+00 -1.142726143294739316e+00 1.222842318567439329e-01 1.316007134893692587e+00
1.645792836584430430e-01 3.265264487677934646e+00 -2.950358338952780546e+00 -2.256914877400603814e+00 1.411881234889193482e-01 2.637119649059041837e+00
2.596092874250029992e-01 4.806128100956280846e+00 -4.239761770807468189e+00 -3.326991892340730228e+00 1.544154765993496492e-01 3.797496461736410200e+00
3.455724200727843809e-01 6.266755570188365709e+00 -5.345412239612728378e+00 -4.349190493721285300e+00 1.743356478726839909e-01 4.754789668170925410e+00
4.246571923553199568e-01 7.622750893880808398e+00 -6.254012998775912102e+00 -5.323079457096144829e+00 1.997657010635458530e-01 5.509079764910905119e+00
4.972008716615098356e-01 8.855611958765230440e+00 -6.970862271732715776e+00 -6.246359366760880327e+00 2.293911016666921876e-01 6.077143174490551303e+00
5.632274619641596258e-01 9.950587547907222330e+00 -7.511966078421639104e+00 -7.114217276753140418e+00 2.622607188325358218e-01 6.482839744114207825e+00
6.225475040282704153e-01 1.089615440311752614e+01 -7.897705299517905786e+00 -7.920390209967782091e+00 2.975684322590699260e-01 6.751634754286825135e+00
6.746923388274035371e-01 1.168408236450381743e+01 -8.148868966405759195e+00 -8.658057384386429689e+00 3.346332553759432393e-01 6.907381453752177158e+00
7.189098828355485749e-01 1.230973142847603619e+01 -8.284789085108570816e+00 -9.320116033135878553e+00 3.730145025207623477e-01 6.970671241092013304e+00
7.542579629783713324e-01 1.277217464336993480e+01 -8.322996831356880065e+00 -9.899006314184372712e+00 4.126146492461539306e-01 6.958350496860602696e+00
7.797473146486495477e-01 1.307383918669345491e+01 -8.279828434111133006e+00 -1.038632141394981723e+01 4.536660191388715568e-01 6.883855689007087442e+00
7.944571152620721888e-01 1.321962783210694425e+01 -8.171518035552132631e+00 -1.077231983562660922e+01 4.965889412036367245e-01 6.757996598751711659e+00
7.975685512024455193e-01 1.321577699796164573e+01 -8.015467567467515764e+00 -1.104533668867435203e+01 5.417938723059099182e-01 6.589825522701870497e+00
7.883174386287935542e-01 1.306886617668632589e+01 -7.831548392769690281e+00 -1.119105566236653715e+01 5.895299458990329589e-01 6.387316276135480919e+00
7.659204686380250982e-01 1.278533951546162406e+01 -7.643389645813982725e+00 -1.119168044801376993e+01 6.398456491779874744e-01 6.157723493652967228e+00
7.295480675590603203e-01 1.237167118113088904e+01 -7.479531672286858779e+00 -1.102523821294485451e+01 6.926548438135801122e-01 5.907642092944240808e+00
6.783874430914371700e-01 1.183502366375956782e+01 -7.373973531364699241e+00 -1.066557686056566467e+01 7.478435360079864758e-01 5.642884665999449822e+00
6.117786060525401970e-01 1.118404954231286297e+01 -7.365028932032800846e+00 -1.008409420964298242e+01 8.053446259906764659e-01 5.368322240911970411e+00
5.293518571936138839e-01 1.042945699319122532e+01 -7.490817988380828574e+00 -9.254680154934627367e+00 8.651472331147594952e-01 5.087808174156286611e+00
4.310835645886045286e-01 9.584094836648535676e+00 -7.780034577657448658e+00 -8.163016582560294054e+00 9.272601968474274425e-01 4.804254940987344291e+00
3.172274378474247425e-01 8.662535077794787597e+00 -8.239217660489343231e+00 -6.818930631574255941e+00 9.916769371148133061e-01 4.519877364839893552e+00
-3.163245464943959528e-01 -8.636682665865162534e+00 8.191374815977908952e+00 6.853747570174355985e+00 -9.945952237895806514e-01 -4.522020742062929699e+00
-1.923022245917841433e-01 -7.680010797176189286e+00 8.789555649271683535e+00 5.333140228967677920e+00 -1.060462227237623400e+00 -4.247385494492274205e+00
-5.305004342208879259e-02 -6.678997903731192842e+00 9.474171026583926292e+00 3.679693905640877727e+00 -1.128066352098136438e+00 -3.974899376385974126e+00
1.010442676270198181e-01 -5.648151433078610673e+00 1.017786910304893055e+01 1.978261052124428820e+00 -1.197338253207449243e+00 -3.706510051456644916e+00
2.695243028584689560e-01 -4.601981294175822690e+00 1.084114808877085423e+01 3.067071337207827320e-01 -1.268370152774611404e+00 -3.444744858285333500e+00
4.521216602054619060e-01 -3.554363951198133087e+00 1.142607464937825945e+01 -1.278547939478807960e+00 -1.341354099194888905e+00 -3.192389811795336207e+00
6.488853037513234723e-01 -2.517917975640685313e+00 1.191791604565039187e+01 -2.745086688475161019e+00 -1.416462001571483720e+00 -2.951947916782414527e+00
8.601339250227483246e-01 -1.503574388670699147e+00 1.231874827995118338e+01 -4.079008302999961089e+00 -1.493720731704055504e+00 -2.725134225846729041e+00
1.086262919840755847e+00 -5.204251079904436139e-01 1.263939420576160444e+01 -5.277529507448932122e+00 -1.572939013223859650e+00 -2.512672794502771811e+00
1.327492998572353367e+00 4.242246851753355696e-01 1.289344543666604892e+01 -6.343251000519876115e+00 -1.653719218445742545e+00 -2.314538904903016725e+00
1.583660816784938641e+00 1.324782501695896286e+00 1.309419026008378140e+01 -7.280856855946425732e+00 -1.735548462980920137e+00 -2.130581221394587388e+00
1.854126871249080155e+00 2.177433566536640441e+00 1.325375911870641410e+01 -8.095667496544630026e+00 -1.817928060195953099e+00 -1.961255055180446849e+00
2.137828061105481403e+00 2.980357588083841325e+00 1.338340280376990599e+01 -8.793220962868012691e+00 -1.900484489152905576e+00 -1.808102714508352582e+00
2.433450386869727922e+00 3.733925985012818138e+00 1.349395262723025901e+01 -9.379254771500663779e+00 -1.983014719908752221e+00 -1.673693646077331953e+00
2.739656815473844542e+00 4.440614326994543504e+00 1.359586774360735006e+01 -9.859738126410794834e+00 -2.065448285702240927e+00 -1.560972101314732408e+00
3.055287752366058651e+00 5.104442826264806499e+00 1.369871109617936256e+01 -1.024082481190055383e+01 -2.147743945215657924e+00 -1.472258091564116134e+00
3.379463538385053756e+00 5.729989204509212897e+00 1.381029378278359943e+01 -1.052872496283395876e+01 -2.229764965631690465e+00 -1.408366985751471345e+00
3.711558514125500974e+00 6.321285956903860637e+00 1.393596356188117369e+01 -1.072954104954327725e+01 -2.311184001741004135e+00 -1.368329868496359847e+00
4.051070799919726184e+00 6.881062715914024075e+00 1.407850143285840971e+01 -1.084911801526481412e+01 -2.391454737852196644e+00 -1.349968027237254953e+00
4.397456868643994099e+00 7.410715889949596402e+00 1.423883723673018586e+01 -1.089295795702933134e+01 -2.469859594344502085e+00 -1.351175061935550703e+00
4.750011670176567335e+00 7.911085812549402796e+00 1.441741244917972864e+01 -1.086625764273761519e+01 -2.545612881698954499e+00 -1.371363543067922519e+00
5.107845569558502774e+00 8.383723385866769462e+00 1.461568031447951732e+01 -1.077412161374255639e+01 -2.617979386290658184e+00 -1.412342782029623045e+00
5.469954018164085774e+00 8.832031338641073148e+00 1.483710071542805409e+01 -1.062195539448826231e+01 -2.686367071204619261e+00 -1.478042743743676279e+00
5.835325865044166171e+00 9.261640390332914308e+00 1.508713385976622945e+01 -1.041594973526699874e+01 -2.750368012963701148e+00 -1.572971111981842141e+00
6.203019974937296510e+00 9.679675889426350821e+00 1.537211822427284957e+01 -1.016346805711257595e+01 -2.809744367067406934e+00 -1.699908629210530986e+00
6.572165737319796364e+00 1.009307321408009983e+01 1.569738855396573740e+01 -9.873113126075944379e+00 -2.864374218802090422e+00 -1.857833797085001848e+00
6.941894277053159534e+00 1.050658375897895169e+01 1.606535864087645393e+01 -9.554332408622686401e+00 -2.914178353826868850e+00 -2.041157780869390148e+00
7.311251428873558389e+00 1.092134501209421060e+01 1.647439790529348258e+01 -9.216626587450075903e+00 -2.959044036784686416e+00 -2.240922245015732894e+00
7.679152914829828980e+00 1.133473918867034769e+01 1.691909957899757444e+01 -8.868671167841577940e+00 -2.998753484340107800e+00 -2.447777531741990309e+00
8.044412028878445753e+00 1.174176991009742999e+01 1.739202926830169105e+01 -8.517799241451948333e+00 -3.032922924711066504e+00 -2.655655290572945137e+00
8.405823738010065327e+00 1.213753532300355609e+01 1.788643185612243158e+01 -8.170189508477035290e+00 -3.060968462996252359e+00 -2.864517331600076933e+00
8.762261645037906277e+00 1.251984382309111155e+01 1.839889716713902246e+01 -7.831744359670278044e+00 -3.082131507655773373e+00 -3.080724926028954425e+00
9.112755918117411369e+00 1.289085337305030876e+01 1.893084823495828672e+01 -7.509188506287921783e+00 -3.095601697714417622e+00 -3.314451393459354911e+00
9.456559140118150353e+00 1.325692299651738360e+01 1.948802145941202468e+01 -7.210635061669755430e+00 -3.100751213356524261e+00 -3.574830254958610176e+00
9.793236194565947628e+00 1.362654751367239214e+01 2.007780367949324329e+01 -6.944968201187991852e+00 -3.097439429838087399e+00 -3.864647531738645281e+00
1.012279910302100738e+01 1.400703856336321529e+01 2.070516817024531164e+01 -6.719903854389508879e+00 -3.086283060465657258e+00 -4.176821488956118600e+00
1.044584359638176529e+01 1.440119932518637391e+01 2.136868641672462488e+01 -6.539306816986431237e+00 -3.068750081480596581e+00 -4.494391180867984836e+00
1.076356616298683377e+01 1.480537551237946126e+01 2.205834684590411499e+01 -6.400910005063440877e+00 -3.046955615314212551e+00 -4.794382880636661959e+00
1.107750678311870196e+01 1.520986647960520699e+01 2.275647646800572232e+01 -6.295665574516401186e+00 -3.023121614560196679e+00 -5.054254216000048316e+00
1.138892157765578794e+01 1.560184811959049611e+01 2.344198796736441892e+01 -6.209430737478213835e+00 -2.998788765424615477e+00 -5.258333900937259386e+00
1.169784580477863578e+01 1.596996530198936703e+01 2.409680926858286654e+01 -6.126728924697348866e+00 -2.973995345348104280e+00 -5.401376352217267751e+00
1.200210866515825181e+01 1.630896965023542577e+01 2.471223028979571623e+01 -6.035340083465248640e+00 -2.946711749433240879e+00 -5.487264370889231913e+00
1.229671403661887297e+01 1.662254706603054899e+01 2.529253976632747580e+01 -5.929912930151156836e+00 -2.912800576154503496e+00 -5.522768303658350142e+00
1.257401417532249610e+01 1.692294832775270308e+01 2.585400266992039775e+01 -5.812954875126819410e+00 -2.866653588618888193e+00 -5.508426009754249897e+00
1.282493700707516204e+01 1.722709583633188757e+01 2.641883561020366500e+01 -5.692480891590157022e+00 -2.802472172150142438e+00 -5.430144548866612908e+00
1.304122175230344993e+01 1.755017414285812904e+01 2.700585130772802600e+01 -5.577026338029132724e+00 -2.715963099313949858e+00 -5.255285132549942340e+00
1.321827474747575160e+01 1.789889900262179268e+01 2.762107657816193296e+01 -5.470087686405070926e+00 -2.606066183005875114e+00 -4.935571555356463413e+00
1.335798855674246077e+01 1.826723892483985523e+01 2.825215727298451540e+01 -5.366640029635088460e+00 -2.476245492651746094e+00 -4.416697170270182937e+00
1.347073920392928770e+01 1.863692398847413045e+01 2.886939661491396336e+01 -5.253710371379118449e+00 -2.334882100710157893e+00 -3.652038527702649251e+00
1.357579594371530618e+01 1.898347982945613310e+01 2.943406428406670017e+01 -5.115213272923719856e+00 -2.194425167293646783e+00 -2.616395643452447128e+00
1.369952526027862305e+01 1.928618968701213987e+01 2.991189613484326415e+01 -4.939204615163002465e+00 -2.069203541615489694e+00 -1.315623592113029927e+00
1.387104602366541606e+01 1.953832576331642557e+01 3.028741556355866393e+01 -4.724403777804333515e+00 -1.972154156166576744e+00 2.107228660874937154e-01
1.411543590362543199e+01 1.975332143802533835e+01 3.057367901329211790e+01 -4.482885142470492745e+00 -1.911114637390287196e+00 1.894496371433947113e+00
1.444524044044369049e+01 1.996371762659308757e+01 3.081281741647963912e+01 -4.237196120936566501e+00 -1.885632520862686956e+00 3.650215672924742361e+00
1.485185402586319015e+01 2.021208089242492889e+01 3.106542176917715636e+01 -4.012299036658236950e+00 -1.885324857864896231e+00 5.388967196695892525e+00
1.529913238072567871e+01 2.053549756444855845e+01 3.139086443019736450e+01 -3.824946861533197406e+00 -1.890589994855526257e+00 7.030679275867528943e+00
1.572199483228965100e+01 2.094707546878211346e+01 3.182467118251928540e+01 -3.674611968020904396e+00 -1.875939311554668310e+00 8.511249852939721805e+00
1.603231635122618215e+01 2.141945640801432305e+01 3.236112002513430497e+01 -3.540151086813011272e+00 -1.815502885581699255e+00 9.783014107987106911e+00
1.613275889352734538e+01 2.187695706816565178e+01 3.294789429901192790e+01 -3.384613838375233552e+00 -1.689562396339122863e+00 1.080945885881333979e+01
1.593654950132953552e+01 2.220348658476221360e+01 3.349510927418103279e+01 -3.167374567081089776e+00 -1.490486770899356772e+00 1.155695594871543896e+01
1.538857873941284460e+01 2.227040443999304387e+01 3.389548692053921997e+01 -2.859381635248969822e+00 -1.226372706657972156e+00 1.198704282979792168e+01
1.448196398373237237e+01 2.198073612024241896e+01 3.404851432466373495e+01 -2.455455896133526217e+00 -9.211220828020413309e-01 1.205248183401102047e+01
1.326512754471607280e+01 2.131676811292334861e+01 3.388013993979841132e+01 -1.978333858908843057e+00 -6.105727234587127183e-01 1.169935521098525655e+01
1.183679136383662467e+01 2.037490107888982038e+01 3.334898914631552458e+01 -1.472299005691439788e+00 -3.354213965859002000e-01 1.087602634326109907e+01
1.032831504380619059e+01 1.938376831034872083e+01 3.242435631399617790e+01 -9.882055133436981054e-01 -1.326760483054016393e-01 9.547784990928253279e+00
8.872036711952176802e+00 1.873794755246869315e+01 3.099283410993405852e+01 -5.650482549078250649e-01 -2.672608839409228512e-02 7.712731128152005233e+00
7.562963259768131330e+00 1.914212363530506522e+01 2.851657222342305076e+01 -2.462170894391886578e-01 2.061392740735992074e-02 5.402799119923500371e+00
1.044542400612635902e+01 1.755450775872967384e+01 2.250906898056794603e+01 -2.664888110421971823e-01 5.502500505135868858e-01 2.444612070290440808e+00
0.000000000000000000e+00 0.000000000000000000e+00 0.000000000000000000e+00 0.000000000000000000e+00 0.000000000000000000e+00 0.000000000000000000e+00
0.000000000000000000e+00 0.000000000000000000e+00 0.000000000000000000e+00 0.000000000000000000e+00 0.000000000000000000e+00 0.000000000000000000e+00
5.579937168794786295e+00 1.027213797829367614e+01 1.862449801219824153e+01 1.431327583944234094e-01 5.833565397566597976e-01 1.723462472456385397e+00
5.408950318463991991e+00 8.278769701262291392e+00 2.517236574355025880e+01 6.794694768975385879e-02 5.446132664423901648e-01 3.946261289627436053e+00
7.633714421829882468e+00 8.993941497941195351e+00 2.705865025700804694e+01 -1.916617356421072005e-01 4.258929079570119014e-01 5.844472755081900672e+00
1.026676407299848037e+01 1.098510307644104955e+01 2.780774159701402226e+01 -6.719602163776163817e-01 2.077454071204643538e-01 7.378712199378791858e+00
1.236519232633924759e+01 1.351479854575477901e+01 2.821852024464498143e+01 -1.297963803708505282e+00 -8.032714068586019329e-02 8.508227985266746174e+00
1.410384479977294703e+01 1.534249822511138461e+01 2.848533635198831959e+01 -1.925256352510229085e+00 -3.825806150272252903e-01 9.208783101725570575e+00
1.553002960276810285e+01 1.581258540862459405e+01 2.864640657491643339e+01 -2.428819878584719039e+00 -6.150957078848211523e-01 9.480678827006006060e+00
1.576566980155741504e+01 1.570027164182429402e+01 2.870850913111110003e+01 -2.745543699953584493e+00 -7.023169424967158347e-01 9.347804744634306218e+00
1.529128278719193723e+01 1.489152487771066191e+01 2.868537535316730569e+01 -2.858581756132510865e+00 -6.395099767113634481e-01 8.852754952270291966e+00
1.404506403111930091e+01 1.410375954664426423e+01 2.860344672274773359e+01 -2.788611057089944278e+00 -5.014779727018058297e-01 8.050178236258465958e+00
1.297023356534774763e+01 1.308288477997543353e+01 2.849424967349817805e+01 -2.619002011111541073e+00 -3.737816439965189197e-01 7.000034727046521965e+00
1.217508175086554445e+01 1.222521038910062963e+01 2.838418518669481472e+01 -2.486451679957758287e+00 -2.946670502889458532e-01 5.762216654715633268e+00
1.174191150493097702e+01 1.166237487627645564e+01 2.828803865008831409e+01 -2.497415348830031689e+00 -2.749854653573242658e-01 4.393433120070973530e+00
1.164011953929181509e+01 1.136111475928917791e+01 2.820798953814435706e+01 -2.673873333937851093e+00 -3.164208705311673531e-01 2.946394802471506758e+00
1.177586468194221325e+01 1.116730645404557087e+01 2.813655900546698874e+01 -2.953701995083345633e+00 -4.135909736517318636e-01 1.470515701241189133e+00
1.211301659538523978e+01 1.080947996934239796e+01 2.806107429087246885e+01 -3.233620413771769453e+00 -5.468839563937036852e-01 1.291721513401601455e-02
1.240021231054818607e+01 1.028417147837923906e+01 2.796806577477037692e+01 -3.436933428555433601e+00 -6.664818450937723959e-01 -1.381401351172697689e+00
1.202898641732442719e+01 1.006897402455621027e+01 2.784688868558370345e+01 -3.534092267934336729e+00 -7.182090153022885337e-01 -2.670871405985318248e+00
1.158714235189690278e+01 9.585907240133694884e+00 2.769208627090646502e+01 -3.522249748419828741e+00 -6.883267062544861092e-01 -3.820094947847225253e+00
1.085719487350538337e+01 9.169661676611342571e+00 2.750398707709308965e+01 -3.416233331258548223e+00 -6.086092449976382435e-01 -4.803299843384387202e+00
1.012079657151273437e+01 8.699881561636967575e+00 2.728733465192541274e+01 -3.253400556949672673e+00 -5.246188046562066942e-01 -5.607369232178542440e+00
9.491717061917777087e+00 8.202674992111047558e+00 2.704849380749819687e+01 -3.089362545295597062e+00 -4.637130058259167353e-01 -6.233290650849053094e+00
8.976167544721388225e+00 7.746535190526867787e+00 2.679252269266832087e+01 -2.970442430582403759e+00 -4.322307508250977093e-01 -6.695313842972026919e+00
8.562386813681090558e+00 7.342183260090508590e+00 2.652152135358335627e+01 -2.908465945307187273e+00 -4.270208118294901989e-01 -7.017857668694423623e+00
8.226195282477878123e+00 6.956494602159556173e+00 2.623492698600418649e+01 -2.881678880752983840e+00 -4.400665756169349074e-01 -7.230955180976115670e+00
7.934766833958286192e+00 6.544709508840642620e+00 2.593124847091446128e+01 -2.854915710078620439e+00 -4.576541968820734829e-01 -7.365447316838193537e+00
7.630423076651398517e+00 6.102192639483360104e+00 2.560991563899676393e+01 -2.800776117090834738e+00 -4.623774406842002249e-01 -7.449074292402234398e+00
7.254242353955056899e+00 5.662470166305382691e+00 2.527202180714647284e+01 -2.707830057552987668e+00 -4.421881202049333104e-01 -7.504165041811690529e+00
6.796714551438611807e+00 5.248781254680278785e+00 2.491965494199171971e+01 -2.578268618627966635e+00 -3.983119599241736752e-01 -7.547047760184199205e+00
6.282031894499223057e+00 4.875827145719874522e+00 2.455454951224596982e+01 -2.424069053256287187e+00 -3.428171363283086803e-01 -7.588840013289528841e+00
5.766770747116366280e+00 4.530186234303581472e+00 2.417719162830014312e+01 -2.262440727123303130e+00 -2.896958173080025345e-01 -7.637028364920010581e+00
5.300218379704054961e+00 4.192311624195214748e+00 2.378703010561796560e+01 -2.108846964687418613e+00 -2.479590381038462021e-01 -7.697195770505463663e+00
4.902335737074510646e+00 3.850670219166654196e+00 2.338352383865796824e+01 -1.970760438828496719e+00 -2.194396573039453791e-01 -7.774344711903771632e+00
4.567931936283319061e+00 3.500339955535142433e+00 2.296713732902785310e+01 -1.846346818160626402e+00 -1.996983410107939227e-01 -7.873466756977577141e+00
4.271323446324253759e+00 3.147985846639043128e+00 2.253952705622879549e+01 -1.728033788869219878e+00 -1.807150297537312988e-01 -7.999342758384339724e+00
3.974824722903670615e+00 2.814180530427543570e+00 2.210285621620737828e+01 -1.607396029390371517e+00 -1.545218214126865275e-01 -8.156167035624333650e+00
3.646126972992638660e+00 2.523335960806171840e+00 2.165882273595084939e+01 -1.477886161539111010e+00 -1.142982949672484150e-01 -8.349849202554766592e+00
3.270161988139096199e+00 2.293616127216965062e+00 2.120808062435198593e+01 -1.324195540468434906e+00 -2.104457886398694924e-02 -8.633729485747247523e+00
2.852220179767454233e+00 2.130712810301564009e+00 2.075027717871988031e+01 -8.606338666565768847e+00 -1.266889026720700473e+00 -1.587790499543628164e-01
2.433181351428474581e+00 2.006922092013343040e+00 2.028437163589588010e+01 -8.911361343564065507e+00 -1.113146883405894627e+00 -7.948474475386180238e-02
2.076284386099468193e+00 1.868728993781753944e+00 1.980872843009703388e+01 -9.151094705957550701e+00 -9.923131100135232918e-01 -5.048896939579188003e-02
1.803445075541858067e+00 1.696898968511120209e+00 1.932078695027517412e+01 -9.373060633778244721e+00 -8.880010053292658467e-01 -3.450619673516391178e-02
1.594744910979320585e+00 1.506419747521571262e+00 1.881655312215877984e+01 -9.577986415550897803e+00 -7.964977834001624180e-01 -2.435501656984575755e-02
1.423481841634052447e+00 1.313818239952726286e+00 1.829028381399362146e+01 -9.762819196621096651e+00 -7.128982991908773270e-01 -1.596931093723731598e-02
1.268478052367072673e+00 1.129176910200743844e+00 1.773439881590615030e+01 -9.922016624778954963e+00 -6.326496927691650507e-01 -7.223977625661812639e-03
1.114978376492886447e+00 9.598572803093791128e-01 1.713913987114731441e+01 -1.004589568577084790e+01 -5.534552737807948430e-01 2.175109631126522728e-03
9.565832807961655027e-01 8.115446957249138338e-01 1.649124029201312425e+01 -1.011883326097680147e+01 -4.758529572665401441e-01 1.114295635740864508e-02
7.991293615541291695e-01 6.841729054026390866e-01 1.577106212359008808e+01 -1.011750956407615654e+01 -4.024137973730628204e-01 1.805250863341385792e-02
6.556786053155955196e-01 5.732901890949821944e-01 1.494808144187042842e+01 -1.000837839858848177e+01 -3.361033467588103729e-01 2.160904435907917351e-02
5.357777665875422812e-01 4.751610228216705534e-01 1.397488998643272673e+01 -9.743209729639801253e+00 -2.785844702785724714e-01 2.141520214939688499e-02
4.404835508281833012e-01 3.869022867480548245e-01 1.278010918882933211e+01 -9.252172168659654972e+00 -2.292160836500939103e-01 1.810058047090504219e-02
3.582730947930989340e-01 3.093341094522928381e-01 1.126206091418856836e+01 -8.436379406665960090e+00 -1.851623777395691173e-01 1.305333302563896694e-02
2.747712091073284957e-01 2.407526928206455141e-01 9.290902126518192361e+00 -7.168501531863819665e+00 -1.425300784439237634e-01 7.885622270352899907e-03
1.868187752970235926e-01 1.696169426448494444e-01 6.740438144359822914e+00 -5.323604546561139017e+00 -9.800615112242150317e-02 3.843881188313457223e-03
9.476334343657040471e-02 8.870280397052295041e-02 3.579618930690539269e+00 -2.870563395723475963e+00 -5.019931987165528187e-02 1.373518349679386146e-03
6.729641566582581930e-15 -2.178264698284224732e-15 8.493877963701864943e-15 -6.521918824574222085e-15 -3.114539268859933145e-16 -5.635068344998520668e-16
6.729641566582581930e-15 -2.178264698284224732e-15 8.493877963701864943e-15 -6.521918824574222085e-15 -3.114539268859933145e-16 -5.635068344998520668e-16
3.626409486569523444e-02 -3.361505376741225071e-02 4.833245730708412950e-03 -3.773238700931732734e-03 -2.106845041893976311e-01 2.100686388337126842e-01
1.446914587390852637e-02 -9.217501742627016645e-03 9.502682741395616917e-03 -7.362489871510700251e-03 -6.349966661857334160e-02 6.224748710561684578e-02
7.038738122276151123e-03 7.241515430702251009e-04 1.386886908097810685e-02 -1.061292727103945940e-02 -3.897346572195903303e-02 3.704831094425624360e-02
2.756045467735163037e-03 7.384690543859200908e-03 1.783361696677147890e-02 -1.341919701758135207e-02 -2.815103510762098984e-02 2.550725738522840319e-02
-2.510771138160303260e-04 1.259822221447849840e-02 2.134575774098348283e-02 -1.573261659437721199e-02 -2.188188416580386444e-02 1.847329616624974677e-02
-2.573003700414689711e-03 1.692202093144398040e-02 2.439696270159188995e-02 -1.755668807775901188e-02 -1.771235988997006336e-02 1.350043433922148636e-02
-4.458322377122742562e-03 2.057737452885777946e-02 2.701167746585809298e-02 -1.893564268393703801e-02 -1.468511839996420459e-02 9.646125340446884411e-03
-6.035091746714626136e-03 2.367174150414607173e-02 2.923538834528289360e-02 -1.994081573944356603e-02 -1.234433994655680100e-02 6.475122339707112089e-03
-7.382172548869293978e-03 2.627106203261309753e-02 3.112398147954938132e-02 -2.065793177923631874e-02 -1.044430315355358851e-02 3.766599036444671315e-03
-8.556606959050546898e-03 2.842813190242609103e-02 3.273530822373016402e-02 -2.117654570307251488e-02 -8.841363802094633420e-03 1.404578271105709573e-03
-9.604997897000795357e-03 3.019484215303781457e-02 3.412300079013943360e-02 -2.158176553772664027e-02 -7.447266946944055416e-03 -6.704571980059417834e-04
-1.056807793115209157e-02 3.162728245626749563e-02 3.533216650483010646e-02 -2.194799062992121991e-02 -6.206558523417465660e-03 -2.486006367062747191e-03
-1.148203516559351961e-02 3.278709200292478226e-02 3.639658710206162412e-02 -2.233442217819800110e-02 -5.084579750299762953e-03 -4.051482665036559155e-03
-1.237820535129505184e-02 3.374053167686404120e-02 3.733720352201740783e-02 -2.278224547583732398e-02 -4.060497215070413453e-03 -5.367049270055752538e-03
-1.328197916024231179e-02 3.455606343359281935e-02 3.816181325249091288e-02 -2.331348001729878494e-02 -3.122893199682381157e-03 -6.429675611015707795e-03
-1.421145026316604151e-02 3.530098108853602784e-02 3.886597594753219559e-02 -2.393149272137108652e-02 -2.266757528751600550e-03 -7.237427379258259616e-03
-1.517617522336518407e-02 3.603756194099805993e-02 3.943510233883917859e-02 -2.462308342165863903e-02 -1.491330952154809771e-03 -7.792425656935535877e-03
-1.617632467107207872e-02 3.681918871189084758e-02 3.984760917814566400e-02 -2.536191881006927620e-02 -7.985398265088160513e-04 -8.102664072045620211e-03
-1.720243152021110056e-02 3.768687693670425692e-02 4.007888930480224543e-02 -2.611295307416450218e-02 -1.918925024683745643e-04 -8.182788312710704420e-03
-1.823586658368531177e-02 3.866661043711081686e-02 4.010570544164612089e-02 -2.683736511232839850e-02 3.242462774684736924e-04 -8.053940399432661310e-03
-1.925008800514045604e-02 3.976782311537097742e-02 3.991050429795279381e-02 -2.749748637188386205e-02 7.450846184395696530e-04 -7.742807417799329843e-03
-2.021261932054960880e-02 4.098325984188354310e-02 3.948509708195855478e-02 -2.806120039650580530e-02 1.065633130433836766e-03 -7.280063541796270854e-03
-2.108761752129280700e-02 4.229029773636116402e-02 3.883318976292661484e-02 -2.850536406023852776e-02 1.280845234515724622e-03 -6.698436247756795435e-03
-2.183880646661211233e-02 4.365361573246998028e-02 3.797138326691996968e-02 -2.881792113666034952e-02 1.385777716947741555e-03 -6.030649880335528339e-03
-2.243248325446038291e-02 4.502888441249304485e-02 3.692848947533428766e-02 -2.899853511190432151e-02 1.375860641935443621e-03 -5.307494998779352900e-03
-2.284026652674009741e-02 4.636694869036860761e-02 3.574328501656202223e-02 -2.905774068900165291e-02 1.247326311107992006e-03 -4.556238500352456297e-03
-2.304125519670843433e-02 4.761784721265577974e-02 3.446108954153721121e-02 -2.901478233747843347e-02 9.977952721749495674e-04 -3.799530760219836482e-03
-2.302330925267389791e-02 4.873400786110618221e-02 3.312973963434659441e-02 -2.889445489175949608e-02 6.269638928225696947e-04 -3.054889554115609168e-03
-2.278325177198686768e-02 4.967210790567837264e-02 3.179558287090186730e-02 -2.872336954995032346e-02 1.372942891918499820e-04 -2.334756871367931266e-03
-2.232591798310033793e-02 5.039337581548020834e-02 3.050002753546073378e-02 -2.852612595579481769e-02 -4.654166943496645340e-04 -1.647045697003367759e-03
-2.166213187486301997e-02 5.086247814435591874e-02 2.927698599567438512e-02 -2.832186850674257850e-02 -1.171711329125548189e-03 -9.960308032293237277e-04
-2.080585655727262145e-02 5.104548887362576198e-02 2.815130715308847981e-02 -2.812163793403640519e-02 -1.968481918299799707e-03 -3.833997867819134708e-04
-1.977091963939401481e-02 5.090769130003135884e-02 2.713806980842785321e-02 -2.792679694490560888e-02 -2.839363874696922228e-03 1.907262773690116594e-04
-1.856783469336794126e-02 5.041205471204560778e-02 2.624244167574910427e-02 -2.772861380770069023e-02 -3.765494276753662394e-03 7.269679691727163858e-04
-1.720129905440565682e-02 4.951914238246441641e-02 2.545969517559689560e-02 -2.750883302714777351e-02 -4.726556255585819682e-03 1.226170430530132112e-03
-1.566892350315705895e-02 4.818896367435655109e-02 2.477486858097077346e-02 -2.724074537760999212e-02 -5.701977220807641702e-03 1.689233245782338763e-03
-1.396162339726178363e-02 4.638492380767797463e-02 2.416139675726602584e-02 -2.688987499516397664e-02 -6.672117396687508341e-03 2.117247156599423585e-03
-1.206586702357055271e-02 4.407960116679701668e-02 2.357772105904677729e-02 -2.641289654068673318e-02 -7.619281403917274945e-03 2.511826736474364989e-03
-9.967647122764803150e-03 4.126164760725550135e-02 2.296036829271366070e-02 -2.575276765389039255e-02 -8.528412361454976165e-03 2.875481008930376448e-03
-7.657654801978329082e-03 3.794272171697347235e-02 2.221146946493011975e-02 -2.482753759473982011e-02 -9.387382851135911421e-03 3.211852231739166768e-03
-5.136765952656670298e-03 3.416310199218937360e-02 2.117950490631752974e-02 -2.351120638342399718e-02 -1.018687245588874649e-02 3.525682065421113440e-03
-2.420707455102427338e-03 2.999457642856949782e-02 1.963914390881238425e-02 -2.161227181677011222e-02 -1.091990465072005707e-02 3.822430475531346863e-03
4.572257065698339599e-04 2.553945635215260079e-02 1.730066237347273328e-02 -1.888045010593286319e-02 -1.158118977109082182e-02 4.107562465508541802e-03
3.446199054664616200e-03 2.092515930507373237e-02 1.392168260467472121e-02 -1.511456079100754156e-02 -1.216646731971898938e-02 4.385609521874262937e-03
6.480772397266822832e-03 1.629468619496372145e-02 9.559237581233550815e-03 -1.041003882251861565e-02 -1.267204470715255216e-02 4.659181937675456464e-03
6.480772397266822832e-03 1.629468619496372145e-02 9.559237581233550815e-03 -1.041003882251861565e-02 -1.267204470715255216e-02 4.659181937675456464e-03
8.215829449568921028e-01 2.095531115628922247e+00 -9.639800609974138457e-01 -2.157592610430904667e+00 5.047169991258944333e-02 5.322221398535749159e-01
1.627854039430632893e+00 4.133040749766552224e+00 -1.930779349459543104e+00 -4.260021489705697384e+00 1.134917544012339491e-01 1.059647883786944300e+00
2.417837219364927570e+00 6.089225425040819317e+00 -2.884441673578266752e+00 -6.275706831222440663e+00 1.759287198540533115e-01 1.586460132100958376e+00
3.184427890678442452e+00 7.929414655289136249e+00 -3.818916932701432287e+00 -8.167999903675283946e+00 2.373403217144131050e-01 2.112115474392179060e+00
3.920859260384423006e+00 9.625503968711026204e+00 -4.728576508349070728e+00 -9.907285928169271116e+00 2.973256555154115688e-01 2.635997820917006962e+00
4.620686426740225450e+00 1.115670424069964639e+01 -5.608231862726321459e+00 -1.147171610319199786e+01 3.555392012088914866e-01 3.157389217396038728e+00
5.277792845330375293e+00 1.250944638253609931e+01 -6.453108610076993656e+00 -1.284704679137217553e+01 4.116936711547552474e-01 3.675413156979705498e+00
5.886425634500992210e+00 1.367663625251960191e+01 -7.258793684701011273e+00 -1.402581428689770782e+01 4.655541185173404095e-01 4.188956089321493437e+00
6.441248489765778906e+00 1.465652147049403453e+01 -8.021173463486059418e+00 -1.500613960692641768e+01 5.169280077033141518e-01 4.696580366519697236e+00
6.937390867667167171e+00 1.545142112337492080e+01 -8.736375946208152499e+00 -1.579043698949857166e+01 5.656564942811853625e-01 5.196444630330348424e+00
7.370473781958254200e+00 1.606650913699397520e+01 -9.400722075811604128e+00 -1.638422439454603818e+01 6.116109524146646770e-01 5.686244301672409129e+00
7.736604795015142422e+00 1.650876443951638350e+01 -1.001068201946564606e+01 -1.679514142912314867e+01 6.546963712242803712e-01 6.163175976990702409e+00
8.032351581726400624e+00 1.678613079738093106e+01 -1.056282373347653269e+01 -1.703219868376055501e+01 6.948604724331878257e-01 6.623917629726033596e+00
8.254716775211120350e+00 1.690688022628651055e+01 -1.105373518242269526e+01 -1.710522829329007166e+01 7.321050835771885090e-01 7.064605200821940656e+00
8.401140193156230396e+00 1.687915000457765657e+01 -1.147989952940401359e+01 -1.702448210514273796e+01 7.664949024572649261e-01 7.480779097930854604e+00
8.469545811329314944e+00 1.671062104659115022e+01 -1.183750510939447942e+01 -1.680032564135368389e+01 7.981583287220943568e-01 7.867273725882880875e+00
8.458433008795848806e+00 1.640831678880597977e+01 -1.212217871012157033e+01 -1.644299257776974343e+01 8.272751308790888825e-01 8.218029747825067233e+00
8.366991674571011117e+00 1.597851712867480956e+01 -1.232864023548789056e+01 -1.596238405959677387e+01 8.540457014888522824e-01 8.525820431896999452e+00
8.195207087112915900e+00 1.542679241813747026e+01 -1.245028716983283879e+01 -1.536791017612867094e+01 8.786357762300329721e-01 8.781896900485198998e+00
7.943919568958368593e+00 1.475816202595576598e+01 -1.247872668616285097e+01 -1.466837193360616354e+01 9.010881639399365151e-01 8.975569332697874714e+00
7.614817849496032132e+00 1.397736888161128732e+01 -1.240328202773546629e+01 -1.387187095924404012e+01 9.211892534649093189e-01 9.093751487476883000e+00
7.210370371625010932e+00 1.308923879062497342e+01 -1.221051239895886553e+01 -1.298571593161996240e+01 9.382741717214105881e-01 9.120508241118573167e+00
6.733727541808654848e+00 1.209906792045276269e+01 -1.188381300601259483e+01 -1.201627876637115122e+01 9.509545780375824320e-01 9.036670643934002101e+00
6.188651358137267522e+00 1.101296117165880517e+01 -1.140322302397167498e+01 -1.096875342181968627e+01 9.567669627986193914e-01 8.819637578942511880e+00
5.579543560611126551e+00 9.838030908782268824e+00 -1.074568855547656732e+01 -9.846804534977405154e+00 9.517886055321129746e-01 8.443585645514554372e+00
4.911663105426163689e+00 8.582346501394139793e+00 -9.886220950062021728e+00 -8.652187334966065180e+00 9.304016432664535818e-01 7.880451855872260936e+00
4.191711998489409119e+00 7.254438000788677954e+00 -8.800624858536988171e+00 -7.384600994200869017e+00 8.857304223540432009e-01 7.102105964971467955e+00
3.429362959901633090e+00 5.861765822672850845e+00 -7.470580598072535494e+00 -6.042297480279668065e+00 8.123243731225469055e-01 6.083433259333451026e+00
2.641748226499217811e+00 4.406128008835462850e+00 -5.891464769213205166e+00 -4.624163614252642773e+00 7.174367639983169065e-01 4.801051003584763777e+00
1.861807549571214748e+00 2.875105615155318706e+00 -4.081858688759933962e+00 -3.133696925182741122e+00 6.785350368388954889e-01 3.189359386548262343e+00
1.056454900471297753e+00 1.323594057000569757e+00 -2.091194780487940719e+00 -1.583910732665181342e+00 8.310648618049040204e-01 1.165361975751194157e+00
8.263988326092378503e-17 -8.833106950549523692e-16 1.329950215141145514e-16 -1.035368393815550932e-16 -9.749651483059864644e-17 3.382593705252891654e-17
