-3.171525073055410188e-06 -1.410844149608716907e-06 -4.073314841317694929e-07 1.378929540579587965e+01 1.378929540579622071e+01 1.378929540579629531e+01
9.059630045011531074e-02 9.064747602735320764e-02 1.978440485457373110e-01 1.378801631866397237e+01 1.378894601615747817e+01 1.378894635248691181e+01
1.811439116445063280e-01 1.812461954558529931e-01 3.956452901708450987e-01 1.378418269159586274e+01 1.378789892983287402e+01 1.378790027400580875e+01
2.715942265358530228e-01 2.717474836269730964e-01 5.933607472860047416e-01 1.377780540371117191e+01 1.378615738859843098e+01 1.378616040869171044e+01
3.618988018570274412e-01 3.621028293658143382e-01 7.909471016091608186e-01 1.376890250752077449e+01 1.378372677547162617e+01 1.378373213382733198e+01
4.520094381392666949e-01 4.522639647672365704e-01 9.883605252831887400e-01 1.375749911059089037e+01 1.378061458497623448e+01 1.378062293589522902e+01
5.418782575634156773e-01 5.421829428908434556e-01 1.185556513879422180e+00 1.374362721125730502e+01 1.377683038187032061e+01 1.377684236929378869e+01
6.314577789080535464e-01 6.318122125585967641e-01 1.382489722030351365e+00 1.372732548976030209e+01 1.377238574869076615e+01 1.377240200386762226e+01
7.207009888985332902e-01 7.211046895696472392e-01 1.579113802562004176e+00 1.370863905654072568e+01 1.376729422256512869e+01 1.376731536170349024e+01
8.095614092896885605e-01 8.100138236613051435e-01 1.775381250127965993e+00 1.368761915979198385e+01 1.376157122183438375e+01 1.376159784373650119e+01
8.979931590337542069e-01 8.984936605770145190e-01 1.971243250488034837e+00 1.366432285469730878e+01 1.375523396311934476e+01 1.375526664680039168e+01
9.859510109258512456e-01 9.864988986311834518e-01 2.166649536727236036e+00 1.363881263709342129e+01 1.374830136954778048e+01 1.374834067183984843e+01
1.073390442154502189e+00 1.073984939203205702e+00 2.361548253863035907e+00 1.361115604458633399e+01 1.374079397093682786e+01 1.374084042408113326e+01
1.160267678232210553e+00 1.160907930636801311e+00 2.555885833435101340e+00 1.358142522839959021e+01 1.373273379679720207e+01 1.373278790602850030e+01
1.246539729835203003e+00 1.247224805075332732e+00 2.749606879807231063e+00 1.354969649945636334e+01 1.372414426308854729e+01 1.372420650421747901e+01
1.332164422139922921e+00 1.332893307822628381e+00 2.942654070026704538e+00 1.351604985238062362e+01 1.371505005371076358e+01 1.371512087071113406e+01
1.417100416313548550e+00 1.417872018888032937e+00 3.134968069176454986e+00 1.348056847124719937e+01 1.370547699776100359e+01 1.370555680037068136e+01
1.501307222890137183e+00 1.502120366447989630e+00 3.326487463215070939e+00 1.344333822101238951e+01 1.369545194362126317e+01 1.369554110496684807e+01
1.584745206848213961e+00 1.585598632040492895e+00 3.517148711322520160e+00 1.340444712861415155e+01 1.368500263096510494e+01 1.368510148522192438e+01
1.667375584293917967e+00 1.668267947397755524e+00 3.706886119752540232e+00 1.336398485774210698e+01 1.367415756178376718e+01 1.367426640188441311e+01
1.749160410752868433e+00 1.750090282919497975e+00 3.895631839132030372e+00 1.332204218124177508e+01 1.366294587153153373e+01 1.366306494693727380e+01
1.830062561174754521e+00 1.831028427890828203e+00 4.083315887041311321e+00 1.327871045503370873e+01 1.365139720147590907e+01 1.365152671602691115e+01
1.910045701864326428e+00 1.911045962657796027e+00 4.269866197557148801e+00 1.323408109729788684e+01 1.363954157331184369e+01 1.363968168317295415e+01
1.989074254662908547e+00 1.990107223083746435e+00 4.455208699241490322e+00 1.318824507649765998e+01 1.362740926705815525e+01 1.362756007877826114e+01
2.067113353820347221e+00 2.068177257724620244e+00 4.639267422816139685e+00 1.314129241159822215e+01 1.361503070320078912e+01 1.361519227190450998e+01
2.144128796111384627e+00 2.145221778275903990e+00 4.821964639478329318e+00 1.309331168757536723e+01 1.360243632998076357e+01 1.360260865771183170e+01
2.220086984866080027e+00 2.221207103958348306e+00 5.003221030489517496e+00 1.304438958901560319e+01 1.358965651664511931e+01 1.358983955088137030e+01
2.294954868695086692e+00 2.296100100620824591e+00 5.182955888313115267e+00 1.299461045428336980e+01 1.357672145338858272e+01 1.357691508574854566e+01
2.368699875797291021e+00 2.369868115445414869e+00 5.361087349192314555e+00 1.294405585238199308e+01 1.356366105861196480e+01 1.356386512377318176e+01
2.441289844837651657e+00 2.442478908239074542e+00 5.537532656653700869e+00 1.289280418426820063e+01 1.355050489401286207e+01 1.355071916886158157e+01
2.512692953472979163e+00 2.513900580386543293e+00 5.712208455001275276e+00 1.284093031000402618e+01 1.353728208790570875e+01 1.353750629093736180e+01
2.582877645682740031e+00 2.584101502618591173e+00 5.885031111437228013e+00 1.278850520275226543e+01 1.352402126704434693e+01 1.352425505803319616e+01
2.651812559127945779e+00 2.653050242814068760e+00 6.055917065017249357e+00 1.273559563025080621e+01 1.351075049709202425e+01 1.351099347704750997e+01
2.719466453810342355e+00 2.720715495105515913e+00 6.224783200226947422e+00 1.268226386404609762e+01 1.349749723175428251e+01 1.349774894318022156e+01
2.785808143337930698e+00 2.787066011589836911e+00 6.391547242559100006e+00 1.262856741643436642e+01 1.348428827046071632e+01 1.348454819793220061e+01
2.850806430116737289e+00 2.852070537960511576e+00 6.556128173086704258e+00 1.257455880475944987e+01 1.347114972435560709e+01 1.347141729542642707e+01
2.914430045782824941e+00 2.915697754371931794e+00 6.718446658670488958e+00 1.252028534245497760e+01 1.345810699023610546e+01 1.345838157668783452e+01
2.976647598162356356e+00 2.977916222819954939e+00 6.878425494117742289e+00 1.246578895600269554e+01 1.344518473196324315e+01 1.344546565140481498e+01
3.037427525999885969e+00 3.038694342275439109e+00 7.035990052328600974e+00 1.241110602681277975e+01 1.343240686876719892e+01 1.343269338659153078e+01
3.096738062625557397e+00 3.098000312738471873e+00 7.191068738230113944e+00 1.235626725691944294e+01 1.341979656977646407e+01 1.342008790147808028e+01
3.154547209642510897e+00 3.155802109291334645e+00 7.343593442112758218e+00 1.230129755732877683e+01 1.340737625402224431e+01 1.340767156787726577e+01
3.210822721604718932e+00 3.212067467117766917e+00 7.493499987851698130e+00 1.224621595785463590e+01 1.339516759510698662e+01 1.339546601521380254e+01
3.265532102526328639e+00 3.266763878327056059e+00 7.640728571418528681e+00 1.219103553733225098e+01 1.338319152967965486e+01 1.338349213935593873e+01
3.318642614916082145e+00 3.319858601274069621e+00 7.785224185070797276e+00 1.213576337320404619e+01 1.337146826883278194e+01 1.337177011436103236e+01
3.370121301867385455e+00 3.371318682903609254e+00 7.926937022646955988e+00 1.208040050962284795e+01 1.336001731152640382e+01 1.336031940623726655e+01
3.419935022557520465e+00 3.421110994470806688e+00 8.065822861493892049e+00 1.202494194340826006e+01 1.334885745915351229e+01 1.334915878783274401e+01
3.468050501321299883e+00 3.469202280800994576e+00 8.201843416712300439e+00 1.196937662741337682e+01 1.333800683038979251e+01 1.333830635399131204e+01
3.514434390268244002e+00 3.515559223056353044e+00 8.334966663620404503e+00 1.191368749110276326e+01 1.332748287551658706e+01 1.332777953616073319e+01
3.559053345209427732e+00 3.560148514774437167e+00 8.465167124606569615e+00 1.185785147839779441e+01 1.331730238946962963e+01 1.331759511570230892e+01
3.601874114455698717e+00 3.602936950738479638e+00 8.592426116863927987e+00 1.180183960310176339e+01 1.330748152294578368e+01 1.330776923523077038e+01
3.642863639844253321e+00 3.643891528035745342e+00 8.716731957870548442e+00 1.174561702246293748e+01 1.329803579099367994e+01 1.329831740740687351e+01
3.681989169150608365e+00 3.682979558459482661e+00 8.838080125893903016e+00 1.168914312965844537e+01 1.328898007861984887e+01 1.328925452071121249e+01
3.719218378849244999e+00 3.720168791216924564e+00 8.956473373252208603e+00 1.163237166617500939e+01 1.328032864305773408e+01 1.328059484184327843e+01
3.754519506003402007e+00 3.755427544723128452e+00 9.071921790553295395e+00 1.157525085521420039e+01 1.327209511246903340e+01 1.327235201451234303e+01
3.787861487895511914e+00 3.788724846091188869e+00 9.184442820647017669e+00 1.151772355735234399e+01 1.326429248097315217e+01 1.326453905451327131e+01
3.819214107857102469e+00 3.820030576777182496e+00 9.294061221563506336e+00 1.145972744973092539e+01 1.325693310002760938e+01 1.325716834110760800e+01
3.848548145624163475e+00 3.849315622705539841e+00 9.400808978260249305e+00 1.140119523003807878e+01 1.325002866630667597e+01 1.325025160485515485e+01
3.875835530433775045e+00 3.876552027090421237e+00 9.504725163557601775e+00 1.134205484646161111e+01 1.324359020634404338e+01 1.324379991216033581e+01
3.901049494992554934e+00 3.901713144083915008e+00 9.605855749198346061e+00 1.128222975464900202e+01 1.323762805831517930e+01 1.323782364690771374e+01
3.924164728389146539e+00 3.924773791323584948e+00 9.704253368513146683e+00 1.122163920249979974e+01 1.323215185143235217e+01 1.323233248965925135e+01
3.945157525993591818e+00 3.945710399423203452e+00 9.799977032703509394e+00 1.116019854334575534e+01 1.322717048350825308e+01 1.322733539496918453e+01
3.964005934387702990e+00 3.964501156451949893e+00 9.893091803257478389e+00 1.109781957774716510e+01 1.322269209730928985e+01 1.322284056743835912e+01
3.980689889402243775e+00 3.981126145479572553e+00 9.983668423484388654e+00 1.103441092375934218e+01 1.321872405636601222e+01 1.321885543717690759e+01
3.995191345400330274e+00 3.995567473329138863e+00 1.007178291258477643e+01 1.096987841510753903e+01 1.321527292093326622e+01 1.321538663537000957e+01
4.007494394040961971e+00 4.007809388773890369e+00 1.015751612605332177e+01 1.090412552626382947e+01 1.321234442479659066e+01 1.321243997064614994e+01
4.017585370881092466e+00 4.017838388539809458e+00 1.024095328653977077e+01 1.083705382295482877e+01 1.320994345360317190e+01 1.321002040692972557e+01
4.025452948328008596e+00 4.025643309629250766e+00 1.032218348955906961e+01 1.076856343615710188e+01 1.320807402535621122e+01 1.320813204342118752e+01
4.031088213633191586e+00 4.031215406660963119e+00 1.040129918864282921e+01 1.069855355716905621e+01 1.320673927365175260e+01 1.320677809728867658e+01
4.034484730821832343e+00 4.034548413125077282e+00 1.047839566465566996e+01 1.062692295089597572e+01 1.320594143415882549e+01 1.320596088957742076e+01
4.035638585675148882e+00 4.035638585675978440e+00 1.055357048405943488e+01 1.055357048405971199e+01 1.320568183474921753e+01 1.320568183474961543e+01
4.035638585675148882e+00 4.035638585675978440e+00 1.055357048405943488e+01 1.055357048405971199e+01 1.320568183474921753e+01 1.320568183474961543e+01
4.035247372671166843e+00 4.037285134435959932e+00 1.055116844878834037e+01 1.055406024377462693e+01 1.320581840499112047e+01 1.320748986918112600e+01
4.034073355184258247e+00 4.042204995880517515e+00 1.054399363714796856e+01 1.055552996709706193e+01 1.320622759913586997e+01 1.321288069800241871e+01
4.032115399832782998e+00 4.050339177006474500e+00 1.053213830886880586e+01 1.055798099001334123e+01 1.320690787383814957e+01 1.322175612822931257e+01
4.029371624446857147e+00 4.061590546156111259e+00 1.051575101228724129e+01 1.056141555024457723e+01 1.320785667809375852e+01 1.323395774823972282e+01
4.025839408233133021e+00 4.075825566773548125e+00 1.049502938701957255e+01 1.056583680234868616e+01 1.320907048479806356e+01 1.324927416323978058e+01
4.021515405936673559e+00 4.092876626389053918e+00 1.047021121411013311e+01 1.057124883589658104e+01 1.321054483433477778e+01 1.326744999837990058e+01
4.016395565931513367e+00 4.112544871928490053e+00 1.044156457275842875e+01 1.057765669389535468e+01 1.321227438961225253e+01 1.328819581028255925e+01
4.010475152152528366e+00 4.134603449107179252e+00 1.040937791609440133e+01 1.058506638802197131e+01 1.321425300181232565e+01 1.331119809433959311e+01
4.003748769762905724e+00 4.158801037310927207e+00 1.037395072967821896e+01 1.059348490676751453e+01 1.321647378597500655e+01 1.333612872388812320e+01
3.996210394433451274e+00 4.184865571696116504e+00 1.033558523515568339e+01 1.060292021230229409e+01 1.321892920541263194e+01 1.336265335857643421e+01
3.987853405092805392e+00 4.212508050356778888e+00 1.029457939481093831e+01 1.061338122178299237e+01 1.322161116383219870e+01 1.339043856587656123e+01
3.978670619991144353e+00 4.241426334996294401e+00 1.025122129428650375e+01 1.062487776895272340e+01 1.322451110394425200e+01 1.341915757812427046e+01
3.968654335904153729e+00 4.271308867097240558e+00 1.020578484762771687e+01 1.063742054224960754e+01 1.322762011125414361e+01 1.344849474053216731e+01
3.957796370289319743e+00 4.301838236599186516e+00 1.015852668407089432e+01 1.065102099624357379e+01 1.323092902166593099e+01 1.347814879030775082e+01
3.946088106192895850e+00 4.332694555230745870e+00 1.010968403348201505e+01 1.066569123406121200e+01 1.323442853148239884e+01 1.350783514946757258e+01
3.933520539692708429e+00 4.363558600826113576e+00 1.005947341672613682e+01 1.068144385951670294e+01 1.323810930835673361e+01 1.353728742450970479e+01
3.920084329651090549e+00 4.394114711433853238e+00 1.000808995766408138e+01 1.069829179891437221e+01 1.324196210174235055e+01 1.356625829563266450e+01
3.905769849540795757e+00 4.424053418358273149e+00 9.955707155674831554e+00 1.071624809387850696e+01 1.324597785139706119e+01 1.359451995592750251e+01
3.890567241098243034e+00 4.453073815308900230e+00 9.902476984708044938e+00 1.073532566803962673e+01 1.325014779252611419e+01 1.362186423380269673e+01
3.874466469550046810e+00 4.480885666646715393e+00 9.848530212345314894e+00 1.075553707189028962e+01 1.325446355619459027e+01 1.364810250436489447e+01
3.857457380152087723e+00 4.507211261546382630e+00 9.793976857576348394e+00 1.077689421153289651e+01 1.325891726370268842e+01 1.367306547018834806e+01
3.839529755775206166e+00 4.531787023089003164e+00 9.738906727747636438e+00 1.079940806828691002e+01 1.326350161369624381e+01 1.369660287009110178e+01
3.820673375267226834e+00 4.554364882250162339e+00 9.683389993088576730e+00 1.082308841711240532e+01 1.326820996087837479e+01 1.371858315652677796e+01
3.800878072318894851e+00 4.574713426853731058e+00 9.627477771555485120e+00 1.084794355245654351e+01 1.327303638529513741e+01 1.373889316780445036e+01
3.800878073018315373e+00 4.574647898307460103e+00 9.627511103643627166e+00 1.084797118676384819e+01 1.327303638502279526e+01 1.373886981021513165e+01
3.780424418815933052e+00 4.592317142813076458e+00 9.572013424087133515e+00 1.087364653733855668e+01 1.327790734565381214e+01 1.375717000175831473e+01
3.759038130243605114e+00 4.607421397123344420e+00 9.516177375675091810e+00 1.090047573951435211e+01 1.328288403811565388e+01 1.377367833774191652e+01
3.736709945397972188e+00 4.619790796686436884e+00 9.460000783590023943e+00 1.092846114238389887e+01 1.328796314887493857e+01 1.378833705739041982e+01
3.713430875194060565e+00 4.629273634493777045e+00 9.403465544350778416e+00 1.095760288824569351e+01 1.329314220814476322e+01 1.380110469051476407e+01
3.689192256876437703e+00 4.635736516325256851e+00 9.346538126989123896e+00 1.098789880310292588e+01 1.329841960076556973e+01 1.381195580385266908e+01
3.663985806517032984e+00 4.639064357753479584e+00 9.289170079732979701e+00 1.101934433137553704e+01 1.330379456530515192e+01 1.382088073993039146e+01
3.637803670269720957e+00 4.639160231787812450e+00 9.231298552788789635e+00 1.105193251592522863e+01 1.330926718133170894e+01 1.382788533663348218e+01
3.610638474158978983e+00 4.635945076953558619e+00 9.172846848986822010e+00 1.108565402246970599e+01 1.331483834495075236e+01 1.383299061449182510e+01
3.582483372188416837e+00 4.629357276637704466e+00 9.113725014782515288e+00 1.112049720545875608e+01 1.332050973283227790e+01 1.383623241795340419e+01
3.553332092564120082e+00 4.619352121583822246e+00 9.053830484430037018e+00 1.115644821062035952e+01 1.332628375508632601e+01 1.383766099660677185e+01
3.523178981838400947e+00 4.605901168378586874e+00 8.993048790063740583e+00 1.119349110776560607e+01 1.333216349747226737e+01 1.383734051241155782e+01
3.492019046790984849e+00 4.588991507546706039e+00 8.931254349914246049e+00 1.123160804615655550e+01 1.333815265354821022e+01 1.383534845953586689e+01
3.459847993876605798e+00 4.568624955386246356e+00 8.868311345905803833e+00 1.127077942385363762e+01 1.334425544748014936e+01 1.383177498442020337e+01
3.426662266081771602e+00 4.544817183884489964e+00 8.804074700380212448e+00 1.131098406200457163e+01 1.335047654833564579e+01 1.382672209524200646e+01
3.392459077046535487e+00 4.517596802934342293e+00 8.738391159619935067e+00 1.135219937501996768e+01 1.335682097678126823e+01 1.382030275209063852e+01
3.357236442322983461e+00 4.487004408629581498e+00 8.671100489163025671e+00 1.139440152798055195e+01 1.336329400518754795e+01 1.381263983191708355e+01
3.320993207656192769e+00 4.453091610681711998e+00 8.602036782603237342e+00 1.143756557339218993e+01 1.336990105221743619e+01 1.380386496570611499e+01
3.283729074190390396e+00 4.415920051019559978e+00 8.531029881674443871e+00 1.148166556048526665e+01 1.337664757303410923e+01 1.379411724930666239e+01
3.245444620518856294e+00 4.375560424461644615e+00 8.457906901000605160e+00 1.152667461157043149e+01 1.338353894631090846e+01 1.378354183387599718e+01
3.206141321513378273e+00 4.332091511055181421e+00 8.382493846077057498e+00 1.157256496143522639e+01 1.339058035925941326e+01 1.377228840681851096e+01
3.165821563885804935e+00 4.285599228317314768e+00 8.304617308020489475e+00 1.161930795731755950e+01 1.339777669191107812e+01 1.376050957924384122e+01
3.124488658452204692e+00 4.236175710251635529e+00 8.224106213623610273e+00 1.166687401854982831e+01 1.340513240189330091e+01 1.374835920109128296e+01
3.082146849087326501e+00 4.183918418697044395e+00 8.140793604563208774e+00 1.171523255646964934e+01 1.341265141093219349e+01 1.373599062987889319e+01
3.038801318374920957e+00 4.128929291336040919e+00 8.054518415551394028e+00 1.176435185658580274e+01 1.342033699429214089e+01 1.372355498322101042e+01
2.994458189977029061e+00 4.071313929574206014e+00 7.965127218108435159e+00 1.181419892623257617e+01 1.342819167432636362e+01 1.371119940849680674e+01
2.949124527762946979e+00 4.011180828520600983e+00 7.872475894762537507e+00 1.186473931201291165e+01 1.343621711926436824e+01 1.369906540505208348e+01
2.902808331755684534e+00 3.948640650457154511e+00 7.776431208080500923e+00 1.191593689220394126e+01 1.344441404830140563e+01 1.368728723484301391e+01
2.855518530970776681e+00 3.883805542484696005e+00 7.676872230146085663e+00 1.196775364997006008e+01 1.345278214398316230e+01 1.367599045633970434e+01
2.807264973238765116e+00 3.816788498466458179e+00 7.573691600960837711e+00 1.202014943369937505e+01 1.346131997279689152e+01 1.366529061376731491e+01
2.758058412118510994e+00 3.747702764944798037e+00 7.466796588650804978e+00 1.207308171105624872e+01 1.347002491478884068e+01 1.365529210946677630e+01
2.707910491024159594e+00 3.676661290370355495e+00 7.356109930103651884e+00 1.212650532343784171e+01 1.347889310292892873e+01 1.364608728152329853e+01
2.656833724702566180e+00 3.603776216735965043e+00 7.241570437409023064e+00 1.218037224745113356e+01 1.348791937283804465e+01 1.363775570216308530e+01
2.604841478212348793e+00 3.529158412536744560e+00 7.123133362826536086e+00 1.223463136980720734e+01 1.349709722338290874e+01 1.363036370516133466e+01
2.551947943567975496e+00 3.452917045864636769e+00 7.000770522516521766e+00 1.228922828167953263e+01 1.350641878852925082e+01 1.362396414308029513e+01
2.498168114224643244e+00 3.375159196377393478e+00 6.874470186497880775e+00 1.234410509811304202e+01 1.351587482072813629e+01 1.361859636800688378e+01
2.443517757589497741e+00 3.295989504844722529e+00 6.744236748846058838e+00 1.239920030751940949e+01 1.352545468599335265e+01 1.361428642298276870e+01
2.388013385755362261e+00 3.215509858958774281e+00 6.610090197691537384e+00 1.245444865567080051e+01 1.353514637071226367e+01 1.361104742583781935e+01
2.331672224659933956e+00 3.133819114092374125e+00 6.472065408902301975e+00 1.250978106792693190e+01 1.354493650011899852e+01 1.360888012287325566e+01
2.274512181881603201e+00 3.051012847691977115e+00 6.330211290319060602e+00 1.256512461271645620e+01 1.355481036824921404e+01 1.360777358690762284e+01
2.216551813286951056e+00 2.967183145996280746e+00 6.184589805050988431e+00 1.262040250855910450e+01 1.356475197909082553e+01 1.360770603260526990e+01
2.157810288750368954e+00 2.882418421775894579e+00 6.035274902717602252e+00 1.267553417617512501e+01 1.357474409854651931e+01 1.360864572166975250e+01
2.098307357167499276e+00 2.796803261790167472e+00 5.882351386792927350e+00 1.273043533649656567e+01 1.358476831673201701e+01 1.361055193124838425e+01
2.038063310985234633e+00 2.710418302655786871e+00 5.725913744575638731e+00 1.278501815468366409e+01 1.359480512005050912e+01 1.361337596055624566e+01
1.977098950470657757e+00 2.623340133818102604e+00 5.566064963997128245e+00 1.283919142956988857e+01 1.360483397240832026e+01 1.361706215306432455e+01
1.915435547938549643e+00 2.535641226310428653e+00 5.402915358714960981e+00 1.289286082732006378e+01 1.361483340487098914e+01 1.362154891438032678e+01
1.853094812152572102e+00 2.447389885981967161e+00 5.236581419931127357e+00 1.294592915749615791e+01 1.362478111300216277e+01 1.362676970897306639e+01
1.790098853110795529e+00 2.358650229870688619e+00 5.067184710303999751e+00 1.299829668919044146e+01 1.363265402197062670e+01 1.363465406108095479e+01
1.726470147417702661e+00 2.269482184397669133e+00 4.894850812335334922e+00 1.304986150441133574e+01 1.363912827525270366e+01 1.364442859235605710e+01
1.662231504436687768e+00 2.179941504062158142e+00 4.719708340818216996e+00 1.310051988549594704e+01 1.364611668984873560e+01 1.365408054446742270e+01
1.597406033406808312e+00 2.090079809326696125e+00 4.541888026400628497e+00 1.315016673297747296e+01 1.365354208917207934e+01 1.366358536914775001e+01
1.532017111695358258e+00 1.999944642395773409e+00 4.361521875093882450e+00 1.319869601005579796e+01 1.366132663982499373e+01 1.367291825530698901e+01
1.466088354344923239e+00 1.909579539614305377e+00 4.178742406650125751e+00 1.324600120960404404e+01 1.366939252858174569e+01 1.368205425460185509e+01
1.399643585059342277e+00 1.819024119239684545e+00 3.993681973142357400e+00 1.329197583949179418e+01 1.367766257570381327e+01 1.369096840859957709e+01
1.332706808757097239e+00 1.728314183377050117e+00 3.806472157784161592e+00 1.333651392191304019e+01 1.368606078597962750e+01 1.369963587665902160e+01
1.265302185803780954e+00 1.637481832908159074e+00 3.617243252993793234e+00 1.337951050237046502e+01 1.369451283983944023e+01 1.370803206367323668e+01
1.197454008019011473e+00 1.546555594290959013e+00 3.426123815904968062e+00 1.342086216398254095e+01 1.370294652760830267e+01 1.371613274684366779e+01
1.129186676532208722e+00 1.455560557158098955e+00 3.233240298915344368e+00 1.346046754284118308e+01 1.371129213046040007e+01 1.372391420068776213e+01
1.060524681546192838e+00 1.364518521698143694e+00 3.038716752411145805e+00 1.349822784025019651e+01 1.371948275196139022e+01 1.373135331951711180e+01
9.914925840442979643e-01 1.273448154859800008e+00 2.842674596475009974e+00 1.353404732781259945e+01 1.372745460426356701e+01 1.373842773666233619e+01
9.221149994600419397e-01 1.182365154480762071e+00 2.645232458149390897e+00 1.356783384150304705e+01 1.373514725308006490e+01 1.374511593976234103e+01
8.524165833065063813e-01 1.091282420500222727e+00 2.446506070659428822e+00 1.359949926105444540e+01 1.374250382553384675e+01 1.375139738147930046e+01
7.824220187440509289e-01 1.000210232476853145e+00 2.246608230880971391e+00 1.362895997120054226e+01 1.374947118487525266e+01 1.375725258504556869e+01
7.121560060436556983e-01 9.091564326896195425e-01 2.045648811251174592e+00 1.365613730154384697e+01 1.375600007590566953e+01 1.376266324409424513e+01
6.416432538870190383e-01 8.181266141577576700e-01 1.843734822250924887e+00 1.368095794205711968e+01 1.376204524474729496e+01 1.376761231627126136e+01
5.709084724213083772e-01 7.271243129696042251e-01 1.640970521528764214e+00 1.370335433147191218e+01 1.376756553637127922e+01 1.377208411017215894e+01
4.999763679753073675e-01 6.361512043590914489e-01 1.437457565682592087e+00 1.372326501605775917e+01 1.377252397304549092e+01 1.377606436519217326e+01
4.288716393186844389e-01 5.452073020188894503e-01 1.233295200658733215e+00 1.374063497654616306e+01 1.377688781659592365e+01 1.377954032392220540e+01
3.576189753393327897e-01 4.542911601791428389e-01 1.028580486674970151e+00 1.375541592120388756e+01 1.378062861709537579e+01 1.378250079676660889e+01
2.862430539907631077e-01 3.634000780209168391e-01 8.234085535148597534e-01 1.376756654330785601e+01 1.378372225030360987e+01 1.378493621850075357e+01
2.147685423557228745e-01 2.725303060269473887e-01 6.178728819866832200e-01 1.377705274151828974e+01 1.378614894588587347e+01 1.378683869652690674e+01
1.432200976570378315e-01 1.816772539025051647e-01 4.120656072840830353e-01 1.378384780188750547e+01 1.378789330813405023e+01 1.378820205062686277e+01
7.162236902897038682e-02 9.083569972039209905e-02 2.060778399353693224e-01 1.378793254047798911e+01 1.378894433060705182e+01 1.378902184404785913e+01
-3.171525073055410188e-06 -1.410844149608716907e-06 -4.073314841317694929e-07 1.378929540579587965e+01 1.378929540579622071e+01 1.378929540579629531e+01
-3.171525073055410188e-06 -1.410844149608716907e-06 -4.073314841317694929e-07 1.378929540579587965e+01 1.378929540579622071e+01 1.378929540579629531e+01
7.803853028676457915e-02 7.803853447168995761e-02 2.072063316720805237e-01 1.378792496427649361e+01 1.378899995243089904e+01 1.378899995245754795e+01
1.560409245438223458e-01 1.560409328438170651e-01 4.143431631531311887e-01 1.378381924570048334e+01 1.378811435241622796e+01 1.378811435252327833e+01
2.339709695937217671e-01 2.339709819789216327e-01 6.213403366634940861e-01 1.377699504938973618e+01 1.378664088422870471e+01 1.378664088446907954e+01
3.117922990253833571e-01 3.117923154368635874e-01 8.281263853730634894e-01 1.376748031209097789e+01 1.378458333944399783e+01 1.378458333986959161e+01
3.894683179820200847e-01 3.894683383398204746e-01 1.034627894008671722e+00 1.375531401469002191e+01 1.378194701392900967e+01 1.378194701459029403e+01
4.669621299460757768e-01 4.669621541503563011e-01 1.240768877495282307e+00 1.374054605140877072e+01 1.377873869554987429e+01 1.377873869649550898e+01
5.442364659929709303e-01 5.442364939251517209e-01 1.446470183360839545e+00 1.372323706128820042e+01 1.377496664843457630e+01 1.377496664971104678e+01
6.212536171124610762e-01 6.212536486360826782e-01 1.651648923440224959e+00 1.370345822171041306e+01 1.377064059383860872e+01 1.377064059548986386e+01
6.979753701638664598e-01 6.979754051256928937e-01 1.856217940160721058e+00 1.368129100366752127e+01 1.376577168767158277e+01 1.376577168973867593e+01
7.743629480136056120e-01 7.743629862446294032e-01 2.060085312411772396e+00 1.365682688844363391e+01 1.376037249475096225e+01 1.376037249727177603e+01
8.503769543718868729e-01 8.503769956883423520e-01 2.263153905701836166e+00 1.363016704533756318e+01 1.375445695985682271e+01 1.375445696286574382e+01
9.259773238193270695e-01 9.259773680241007998e-01 2.465320970998670980e+00 1.360142197001741593e+01 1.374804037566750026e+01 1.374804037919515309e+01
1.001123277480963969e+00 1.001123324364746381e+00 2.666477796345809725e+00 1.357071108306055329e+01 1.374113934766152489e+01 1.374113935173453882e+01
1.075773284771887273e+00 1.075773334114630719e+00 2.866509415062032051e+00 1.353816228819164103e+01 1.373377175607485157e+01 1.373377176071563177e+01
1.149885031602458918e+00 1.149885083174615019e+00 3.065294374074219785e+00 1.350391148968303767e+01 1.372595671500510406e+01 1.372595672023164504e+01
1.223415395395026861e+00 1.223415448959075835e+00 3.262704565717765792e+00 1.346810206832197920e+01 1.371771452875569608e+01 1.371771453458141465e+01
1.296320427224642469e+00 1.296320482536557073e+00 3.458605126176318656e+00 1.343088431527296400e+01 1.370906664551255538e+01 1.370906665194615393e+01
1.368555341358798749e+00 1.368555398169536197e+00 3.652854403631076607e+00 1.339241482306683118e+01 1.370003560844480539e+01 1.370003561549016169e+01
1.440074512430698839e+00 1.440074570487547945e+00 3.845303999157655639e+00 1.335285583282664135e+01 1.369064500431792020e+01 1.369064501197400041e+01
1.510831480441662267e+00 1.510831539489889686e+00 4.035798883449485785e+00 1.331237453669163706e+01 1.368091940970424325e+01 1.368091941796503797e+01
1.580778963748662669e+00 1.580779023532869143e+00 4.224177592558835848e+00 1.327114233422489242e+01 1.367088433487069032e+01 1.367088434372518613e+01
1.649868880153407602e+00 1.649868940419043639e+00 4.410272506024473849e+00 1.322933404139117641e+01 1.366056616541800572e+01 1.366056617485018343e+01
1.718052376170370543e+00 1.718052436665145732e+00 4.593910210983409570e+00 1.318712705047932232e+01 1.364999210173958666e+01 1.364999211172842308e+01
1.785279864512310688e+00 1.785279924987591027e+00 4.774911956118137013e+00 1.314470043913541630e+01 1.363919009636122581e+01 1.363919010688075417e+01
1.851501069793364485e+00 1.851501130005595464e+00 4.953094199534386455e+00 1.310223402649794266e+01 1.362818878921668642e+01 1.362818880023603185e+01
1.916665082411692866e+00 1.916665142123627374e+00 5.128269254845172931e+00 1.305990737432519389e+01 1.361701744090731658e+01 1.361701745239081696e+01
1.980720420535285520e+00 1.980720479517326993e+00 5.300246039785129426e+00 1.301789873103647821e+01 1.360570586398850423e+01 1.360570587589580960e+01
2.043615100077132762e+00 2.043615158108556429e+00 5.468830931507062232e+00 1.297638391682867365e+01 1.359428435232084631e+01 1.359428436460707346e+01
2.105296712507054746e+00 2.105296769377195343e+00 5.633828732208586487e+00 1.293553514857512887e+01 1.358278360852069255e+01 1.358278362113659199e+01
2.165712510309997896e+00 2.165712565819345681e+00 5.795043747772185228e+00 1.289551980418161392e+01 1.357123466954325330e+01 1.357123468243542952e+01
2.224809499860737727e+00 2.224809553821976760e+00 5.952280980528458443e+00 1.285649912759875946e+01 1.355966883043233295e+01 1.355966884354348068e+01
2.282534541445630172e+00 2.282534593684656610e+00 6.105347434913598548e+00 1.281862687791590005e+01 1.354811756627412933e+01 1.354811757954333551e+01
2.338834456121170469e+00 2.338834506478036257e+00 6.254053531534747634e+00 1.278204792903178166e+01 1.353661245239911182e+01 1.353661246576218069e+01
2.393656139057386945e+00 2.393656187387039225e+00 6.398214620849198120e+00 1.274689683043360588e+01 1.352518508288576093e+01 1.352518509627560128e+01
2.446946678970610911e+00 2.446946725143737122e+00 6.537652582223636877e+00 1.271329634469525338e+01 1.351386698743349868e+01 1.351386700078058922e+01
2.498653483206140891e+00 2.498653527109790495e+00 6.672197487567488317e+00 1.268135598342335335e+01 1.350268954668944588e+01 1.350268955992234510e+01
2.548724407984822804e+00 2.548724449523018798e+00 6.801689301148903688e+00 1.265117057041717530e+01 1.349168390613475665e+01 1.349168391918070142e+01
2.597107893281428659e+00 2.597107932375641415e+00 6.925979578879600140e+00 1.262281886849262413e+01 1.348088088866169265e+01 1.348088090144726259e+01
2.643753101753735901e+00 2.643753138343278408e+00 7.044933121758807815e+00 1.259636231429427333e+01 1.347031090600119008e+01 1.347031091845309625e+01
2.688610061093367865e+00 2.688610095135700373e+00 7.158429529960965709e+00 1.257184391282986446e+01 1.346000386919360281e+01 1.346000388123953861e+01
2.731629809120294627e+00 2.731629840591180969e+00 7.266364597086950816e+00 1.254928734957276149e+01 1.344998909833052814e+01 1.344998910990013208e+01
2.772764540894580243e+00 2.772764569788163769e+00 7.368651479358494072e+00 1.252869638182142964e+01 1.344029523183402119e+01 1.344029524285994803e+01
2.811967757072260099e+00 2.811967783401058796e+00 7.465221573045209169e+00 1.251005457157835998e+01 1.343095013557947581e+01 1.343095014599855297e+01
2.849194412687238831e+00 2.849194436481974346e+00 7.556025036102378856e+00 1.249332541860483303e+01 1.342198081220941219e+01 1.342198082196386899e+01
2.884401065499270000e+00 2.884401086808617176e+00 7.641030897538686695e+00 1.247845294387420267e+01 1.341341331102636047e+01 1.341341332006516929e+01
2.917546023011394762e+00 2.917546041901583287e+00 7.720226710684707783e+00 1.246536276015128841e+01 1.340527263889305409e+01 1.340527264717326972e+01
2.948589487227575301e+00 2.948589503781922971e+00 7.793617724006024261e+00 1.245396364818184942e+01 1.339758267260543789e+01 1.339758268009355113e+01
2.977493696197084816e+00 2.977493710515380698e+00 7.861225564511332919e+00 1.244414963489597348e+01 1.339036607323800609e+01 1.339036607991130445e+01
3.004223061374549530e+00 3.004223073572357627e+00 7.923086452693877568e+00 1.243580254558597709e+01 1.338364420299020807e+01 1.338364420883802275e+01
3.028744299817188068e+00 3.028744310024998665e+00 7.979248992447101507e+00 1.242879497709935066e+01 1.337743704508530307e+01 1.337743705011009965e+01
3.051026560242640073e+00 3.051026568604951805e+00 8.029771602464007785e+00 1.242299361575447847e+01 1.337176312728889904e+01 1.337176313150717455e+01
3.071041541985063184e+00 3.071041548659413145e+00 8.074719675318910106e+00 1.241826280389970982e+01 1.336663944962154638e+01 1.336663945306442614e+01
3.088763605912494103e+00 3.088763611068284121e+00 8.114162565171975317e+00 1.241446824437076479e+01 1.336208141683793116e+01 1.336208141955145123e+01
3.104169876406052797e+00 3.104169880223384581e+00 8.148170513848185692e+00 1.241148072354352294e+01 1.335810277623328801e+01 1.335810277827822468e+01
3.117240333553701781e+00 3.117240336222133923e+00 8.176811627627085244e+00 1.240917973152673781e+01 1.335471556131540360e+01 1.335471556276666583e+01
3.127957894773353509e+00 3.127957896490509704e+00 8.200149013796474762e+00 1.240745686192485131e+01 1.335193004184820431e+01 1.335193004279376439e+01
3.136308485156470205e+00 3.136308486126693662e+00 8.218238177755059937e+00 1.240621888263643058e+01 1.334975468072996030e+01 1.334975468126926756e+01
3.142281095910710587e+00 3.142281096343638058e+00 8.231124769381857220e+00 1.240539038213730016e+01 1.334819609811673935e+01 1.334819609835872711e+01
3.145867830377165220e+00 3.145867830486197114e+00 8.238842752784989898e+00 1.240491591135164384e+01 1.334725904314036882e+01 1.334725904320104206e+01
3.147063937204297002e+00 3.147063937205744732e+00 8.241413057521643992e+00 1.240476155839872874e+01 1.334694637350084534e+01 1.334694637350126811e+01
3.147063937204297002e+00 3.147063937205744732e+00 8.241413057521643992e+00 1.240476155839872874e+01 1.334694637350084534e+01 1.334694637350126811e+01
3.147717064867416425e+00 3.150482336158037633e+00 8.242213434357832824e+00 1.240189165248222558e+01 1.334693107204691565e+01 1.334886794125382004e+01
3.149676769814983235e+00 3.160685808901519511e+00 8.244617789681885967e+00 1.239336563335288766e+01 1.334688633215749221e+01 1.335454927306184914e+01
3.152943991829879167e+00 3.177521051655354700e+00 8.248635751716737019e+00 1.237942249245914539e+01 1.334681564193818382e+01 1.336375236070740868e+01
3.157520210724596765e+00 3.200738623044602438e+00 8.254283212017110571e+00 1.236042414701149639e+01 1.334672479712939364e+01 1.337611693141330349e+01
3.163407318277013491e+00 3.230001495752086171e+00 8.261582087416684317e+00 1.233681248121386531e+01 1.334662187423101898e+01 1.339120341513827839e+01
3.170607442259717246e+00 3.264896027313288318e+00 8.270559977430021803e+00 1.230906641353139008e+01 1.334651719243742285e+01 1.340853588915198635e+01
3.179122725811590389e+00 3.304944535913175052e+00 8.281249708573286128e+00 1.227766652961273408e+01 1.334642326395331224e+01 1.342763746017842408e+01
3.188955066229982371e+00 3.349618652006461250e+00 8.293688755793816370e+00 1.224307039459765711e+01 1.334635473215290880e+01 1.344805497025869379e+01
3.200105818013055270e+00 3.398352694986807698e+00 8.307918530853230621e+00 1.220569814152287336e+01 1.334632829694805167e+01 1.346937342947769345e+01
3.212575465643265016e+00 3.450556466898248242e+00 8.323983528342536076e+00 1.216592612260944861e+01 1.334636262664783324e+01 1.349122238860770651e+01
3.226363272152282580e+00 3.505627028574532122e+00 8.341930322263063857e+00 1.212408601075969017e+01 1.334647825552647049e+01 1.351327686415798013e+01
3.241466909935867946e+00 3.562959197183285465e+00 8.361806409997049272e+00 1.208046710824265091e+01 1.334669746626999398e+01 1.353525505865257195e+01
3.257882080575139394e+00 3.621954655722811722e+00 8.383658906157858581e+00 1.203532023707391652e+01 1.334704415644984543e+01 1.355691450142131060e+01
3.275602130562830894e+00 3.682029682105694146e+00 8.407533096275221496e+00 1.198886216672122451e+01 1.334754368817526071e+01 1.357804765405741598e+01
3.294617669820533390e+00 3.742621584346895069e+00 8.433470869386257007e+00 1.194127997700566546e+01 1.334822272011127353e+01 1.359847758245775218e+01
3.314916199722929058e+00 3.803193971737582668e+00 8.461509058998663235e+00 1.189273505141500742e+01 1.334910902111756847e+01 1.361805400002389810e+01
3.336481757021787509e+00 3.863241006201293182e+00 8.491677732943911039e+00 1.184336657858538899e+01 1.335023126487044109e+01 1.363664980407984295e+01
3.359294579592749574e+00 3.922290771328777126e+00 8.523998483462856157e+00 1.179329454281220180e+01 1.335161880497873099e+01 1.365415812448429378e+01
3.383330799325249938e+00 3.979907876900537822e+00 8.558482778365959831e+00 1.174262223717997600e+01 1.335330143029857375e+01 1.367048985072423228e+01
3.408562166757780343e+00 4.035695391114651365e+00 8.595130441062270421e+00 1.169143835578314672e+01 1.335530910039456742e+01 1.368557158094262682e+01
3.434955811249611912e+00 4.089296166925636022e+00 8.633928330456654976e+00 1.163981872782770211e+01 1.335767166138852780e+01 1.369934393009479123e+01
3.462474039602004616e+00 4.140393606991779940e+00 8.674849290179823313e+00 1.158782775424014133e+01 1.336041854278349383e+01 1.371176013666259408e+01
3.491074175122814260e+00 4.188711896304050164e+00 8.717851429745204328e+00 1.153551960143728827e+01 1.336357843624955422e+01 1.372278491341095119e+01
3.520708438198242529e+00 4.234015723766072270e+00 8.762877787986369071e+00 1.148293919969095001e+01 1.336717895780849119e+01 1.373239349498287609e+01
3.551323868521483629e+00 4.276109513678219010e+00 8.809856412132665682e+00 1.143012308637106500e+01 1.337124629535181164e+01 1.374057084238181936e+01
3.582862288256379202e+00 4.314836194072674935e+00 8.858700865378470013e+00 1.137710012787438352e+01 1.337580484396499614e+01 1.374731097097596333e+01
3.615260304607384789e+00 4.350075539231849753e+00 8.909311153544532402e+00 1.132389214846049619e+01 1.338087683210074985e+01 1.375261637436010353e+01
3.648449349547089771e+00 4.381742136186749015e+00 8.961575039443161472e+00 1.127051448954045831e+01 1.338648194223130439e+01 1.375649752120554226e+01
3.682355753831683565e+00 4.409783037192392285e+00 9.015369693851068789e+00 1.121697651911704696e+01 1.339263693019922918e+01 1.375897240619437056e+01
3.716900851926505212e+00 4.434175170078520800e+00 9.070563616271758889e+00 1.116328210794372211e+01 1.339935524805614797e+01 1.376006613938237422e+01
3.752001114073935994e+00 4.454922584500336846e+00 9.127018748111471069e+00 1.110943008642711227e+01 1.340664667570593593e+01 1.375981056098701494e+01
3.787568301465923160e+00 4.472053613684348505e+00 9.184592696022800595e+00 1.105541469422530199e+01 1.341451696712725017e+01 1.375824387076719368e+01
3.823509640335142734e+00 4.485618028207942309e+00 9.243140983851727555e+00 1.100122603278455458e+01 1.342296751731040771e+01 1.375541026295390523e+01
3.859728010745914872e+00 4.495684251194588477e+00 9.302519257159257648e+00 1.094685052961417782e+01 1.343199505627838874e+01 1.375135955919385289e+01
3.896122145944668436e+00 4.502336694009223095e+00 9.362585373591109317e+00 1.089227142184144626e+01 1.344159137664212977e+01 1.374614683325794928e+01
3.932586838313985922e+00 4.505673259270606579e+00 9.423201324163404280e+00 1.083746926544483280e+01 1.345174310104391147e+01 1.373983202240755830e+01
3.969013148256886669e+00 4.505803044955960068e+00 9.484234943546043795e+00 1.078242247547343169e+01 1.346243149555002638e+01 1.373247952135544026e+01
4.005288612714318575e+00 4.502844270616233935e+00 9.545561380533676754e+00 1.072710790147244531e+01 1.347363233455431519e+01 1.372415775574784291e+01
4.041297450485058285e+00 4.496922435078111846e+00 9.607064312213875468e+00 1.067150144120602917e+01 1.348531582204701706e+01 1.371493873306257072e+01
4.076920762071262416e+00 4.488168705035743500e+00 9.668636896265152103e+00 1.061557869456546932e+01 1.349744657319726038e+01 1.370489756978759566e+01
4.112036722415862044e+00 4.476718525923009118e+00 9.730182465002300773e+00 1.055931565824545615e+01 1.350998365911416599e+01 1.369411199473029406e+01
4.146520765633271211e+00 4.462710440468603323e+00 9.791614972116153837e+00 1.050268946034674400e+01 1.352288071642375655e+01 1.368266182931426478e+01
4.180245761666267157e+00 4.446285096264565695e+00 9.852859208580335704e+00 1.044567913250836533e+01 1.353608612196857131e+01 1.367062844674427424e+01
4.213082185731029661e+00 4.427584421309630258e+00 9.913850808082017352e+00 1.038826641548559593e+01 1.354954323155396168e+01 1.365809421294907366e+01
4.244898282411710078e+00 4.406750945578505885e+00 9.974536064797707269e+00 1.033043659227680067e+01 1.356319068027831953e+01 1.364514191323330294e+01
4.275560227094499233e+00 4.383927247167198615e+00 1.003487158761964615e+01 1.027217934097669882e+01 1.357696274060089614e+01 1.363185416960410734e+01
4.304932285072351483e+00 4.359255506216880960e+00 1.009482381527576678e+01 1.021348959751784946e+01 1.359078973237035015e+01 1.361831285535970970e+01
4.332834490555319995e+00 4.332919630924695120e+00 1.015436841638390675e+01 1.015436841638424781e+01 1.360458493813573710e+01 1.360461205416925345e+01
4.332834490555319995e+00 4.332919630924695120e+00 1.015436841638390675e+01 1.015436841638424781e+01 1.360458493813573710e+01 1.360461205416925345e+01
4.332191318281228831e+00 4.332276273348648843e+00 1.015514537006840712e+01 1.015514538849194004e+01 1.360382639250268078e+01 1.360385346076491686e+01
4.330266899565601513e+00 4.330351300449116536e+00 1.015747157578729087e+01 1.015747164890396625e+01 1.360155513032894881e+01 1.360158205550237120e+01
4.327078499645686804e+00 4.327161982567234944e+00 1.016133127717154672e+01 1.016133143953316420e+01 1.359778498310004302e+01 1.359781167054162410e+01
4.322654692240345931e+00 4.322736901858299952e+00 1.016669828914983320e+01 1.016669857250466436e+01 1.359253900694154993e+01 1.359256536313624331e+01
4.317035056027747508e+00 4.317115648666443484e+00 1.017353611293643212e+01 1.017353654522955786e+01 1.358584948572199380e+01 1.358587541874198301e+01
4.310269757768504739e+00 4.310348404507625908e+00 1.018179809195313368e+01 1.018179869644342794e+01 1.357775793330410785e+01 1.357778335327620134e+01
4.302419029726813449e+00 4.302495419317170722e+00 1.019142760419039639e+01 1.019142839871052963e+01 1.356831509272798364e+01 1.356833991231154712e+01
4.293552550636716703e+00 4.293626392213304221e+00 1.020235828604454831e+01 1.020235928242570189e+01 1.355758092929068503e+01 1.355760506416864430e+01
4.283748740674456990e+00 4.283819766242516813e+00 1.021451428274954942e+01 1.021451548642742679e+01 1.354562461352618996e+01 1.354564798291151817e+01
4.273093981708458777e+00 4.273161948383145337e+00 1.022781052121416856e+01 1.022781193102735742e+01 1.353252448895372240e+01 1.353254701611385791e+01
4.261681774511171916e+00 4.261746466496223462e+00 1.024215300240829407e+01 1.024215461059474030e+01 1.351836801812093647e+01 1.351838963092239254e+01
4.249611844659654025e+00 4.249673074955187424e+00 1.025743911241654693e+01 1.025744090480853288e+01 1.350325169889419108e+01 1.350327233036939489e+01
4.236989208574587273e+00 4.237046820407905479e+00 1.027355795386304571e+01 1.027355991027616788e+01 1.348728094112471076e+01 1.348730053006252483e+01
4.223923210611825851e+00 4.223977078588911915e+00 1.029039070254638766e+01 1.029039279735341594e+01 1.347056989174540398e+01 1.347058838330618613e+01
4.210526541398352585e+00 4.210576572376361959e+00 1.030781099771210663e+01 1.030781320058840400e+01 1.345324119405391450e+01 1.345325854040873459e+01
4.196914246767874168e+00 4.196960380451283612e+00 1.032568537829288147e+01 1.032568765511624598e+01 1.343542566447396247e+01 1.343544182546615495e+01
4.183202735768556835e+00 4.183244945033180784e+00 1.034387378147680714e+01 1.034387609536105401e+01 1.341726186757368744e+01 1.341727681139902550e+01
4.169508795348484398e+00 4.169547086298507566e+00 1.036223012386977516e+01 1.036223243630790414e+01 1.339889556773831103e+01 1.339890927163711787e+01
4.155948618520784343e+00 4.155983030285091750e+00 1.038060298897393530e+01 1.038060526106337100e+01 1.338047903390988047e+01 1.338049148486156170e+01
4.142636852108600110e+00 4.142667456382459257e+00 1.039883644729638768e+01 1.039883864101519428e+01 1.336217017258366013e+01 1.336218136798979295e+01
4.129685669589648001e+00 4.129712569928657651e+00 1.041677103662884640e+01 1.041677311612840739e+01 1.334413146425140617e+01 1.334414141258923792e+01
4.117203874111448947e+00 4.117227204984496680e+00 1.043424492931724679e+01 1.043424686219291253e+01 1.332652868026115733e+01 1.332653740168410117e+01
4.105296036426122619e+00 4.105315962034661759e+00 1.045109531004446701e+01 1.045109706854231568e+01 1.330952936122917407e+01 1.330953688808586755e+01
4.094061672283077158e+00 4.094078385154500843e+00 1.046715998117491786e+01 1.046716154328961501e+01 1.329330104528806267e+01 1.329330742252642139e+01
4.083594463695815691e+00 4.083608183059484809e+00 1.048227920257977530e+01 1.048228055299625083e+01 1.327800924506118285e+01 1.327801453047993796e+01
4.073981528435501431e+00 4.073992498391068473e+00 1.049629775886510430e+01 1.049629888969656655e+01 1.326381518653258773e+01 1.326381945084032488e+01
4.065302742066352337e+00 4.065311229555627293e+00 1.050906722928532666e+01 1.050906814056200211e+01 1.325087334072008716e+01 1.325087666736196113e+01
4.057630116792868336e+00 4.057636409387913368e+00 1.052044841515425233e+01 1.052044911502282076e+01 1.323932879945591523e+01 1.323933128417169414e+01
4.051027241304736570e+00 4.051031644826791123e+00 1.053031385777853757e+01 1.053031436238132201e+01 1.322931456813660844e+01 1.322931631822120480e+01
4.045548785655041613e+00 4.045551621641334528e+00 1.053855035904485149e+01 1.053855069206156259e+01 1.322094886882600484e+01 1.322095000207564830e+01
4.041240074969747020e+00 4.041241678006790572e+00 1.054506139954343702e+01 1.054506159139518395e+01 1.321433256385039279e+01 1.321433320719313009e+01
4.038136735447973358e+00 4.038137450392387251e+00 1.054976933844484499e+01 1.054976942518065819e+01 1.320954682008987291e+01 1.320954710791838060e+01
4.036264415668930461e+00 4.036264594778709913e+00 1.055261727788454351e+01 1.055261729979169161e+01 1.320665113494502307e+01 1.320665120718968133e+01
4.035638585675148882e+00 4.035638585675978440e+00 1.055357048405943488e+01 1.055357048405971199e+01 1.320568183474921753e+01 1.320568183474961543e+01
