0.000000000000000000e+00 0.000000000000000000e+00 0.000000000000000000e+00 0.000000000000000000e+00 0.000000000000000000e+00 0.000000000000000000e+00
3.372589491430067454e+01 3.372589831408573247e+01 7.363764519093912497e+01 -9.519966501649332891e-01 -2.599749664481791345e-01 -2.598497692274811532e-01
3.369869345359549584e+01 3.369870699235328004e+01 7.361372844028544193e+01 -1.901289189709332250e+00 -5.191447032393626815e-01 -5.188944851202361708e-01
3.365340864821622091e+01 3.365343899726850196e+01 7.357376137546171435e+01 -2.845191262916951569e+00 -7.767084426329768920e-01 -7.763335582290317172e-01
3.359011645385097466e+01 3.359017013140636720e+01 7.351758565201103579e+01 -3.781051875643774540e+00 -1.031874302558327017e+00 -1.031375288673042068e+00
3.350892225637795718e+01 3.350900557483431186e+01 7.344498037367397103e+01 -4.706272706824332630e+00 -1.283863634312958357e+00 -1.283241215688820880e+00
3.340995992203315268e+01 3.341007893288419694e+01 7.335566292244160991e+01 -5.618324980517113154e+00 -1.531915256858610297e+00 -1.531170353659750516e+00
3.329339058736999846e+01 3.329355102807308242e+01 7.324929009178308092e+01 -6.514765758137765594e+00 -1.775289541192342613e+00 -1.774423278066595833e+00
3.315940119525969720e+01 3.315960843866422891e+01 7.312545956729265129e+01 -7.393253515807240994e+00 -2.013272309383844938e+00 -2.012286025914937770e+00
3.300820278578512301e+01 3.300846179287364635e+01 7.298371180578151041e+01 -8.251562878358354780e+00 -2.245178514282380355e+00 -2.244073776609995186e+00
3.284002855357960016e+01 3.284034382979745459e+01 7.282353236808850738e+01 -9.087598389500861629e+00 -2.470355667618951756e+00 -2.469134280974305984e+00
3.265513168495800045e+01 3.265550724065283106e+01 7.264435476251136947e+01 -9.899407206938564130e+00 -2.688186986272750545e+00 -2.686851008150086706e+00
3.245378299083446194e+01 3.245422230615328374e+01 7.244556385502046680e+01 -1.068519062184290824e+01 -2.898094228844485976e+00 -2.896645982505551942e+00
3.223626835386691880e+01 3.223677434847147083e+01 7.222649989912781621e+01 -1.144331431398425636e+01 -3.099540197390282525e+00 -3.097982285379432543e+00
3.200288601091010321e+01 3.200346101883603467e+01 7.198646323241631251e+01 -1.217231726694763339e+01 -3.292030882220742249e+00 -3.290366199553283799e+00
3.175394369468124012e+01 3.175458944460383393e+01 7.172471967846988150e+01 -1.287091928213445513e+01 -3.475117231058317380e+00 -3.473348977734662224e+00
3.148975566128549630e+01 3.149047326240501121e+01 7.144050668241200697e+01 -1.353802704556500203e+01 -3.648396527562181024e+00 -3.646528220055192282e+00
3.121063963309191536e+01 3.121142956680324687e+01 7.113304019567793546e+01 -1.417273871770330196e+01 -3.811513368257202661e+00 -3.809548849620636002e+00
3.091691368915221716e+01 3.091777580660627933e+01 7.080152231137260799e+01 -1.477434703345123701e+01 -3.964160231215099195e+00 -3.962103679466580264e+00
3.060889313800029754e+01 3.060982666358027160e+01 7.044514963589293188e+01 -1.534234091688171553e+01 -4.106077634396321230e+00 -4.103933568839956081e+00
3.028688741000058116e+01 3.028789095068642112e+01 7.006312236587619680e+01 -1.587640563295511242e+01 -4.237053886325295338e+00 -4.234827171495359366e+00
2.995119700853608435e+01 2.995226856905530965e+01 6.965465402236189618e+01 -1.637642151609923147e+01 -4.356924436681698154e+00 -4.354620283611727594e+00
2.960211056098938798e+01 2.960324756457611883e+01 6.921898177678053798e+01 -1.684246133281640567e+01 -4.465570839383572910e+00 -4.463194803931582300e+00
2.923990201171146097e+01 2.924110132622743308e+01 6.875537728645910818e+01 -1.727478635206977486e+01 -4.562919345735953591e+00 -4.560477323728918897e+00
2.886482799981291336e+01 2.886608596892027734e+01 6.826315794118175972e+01 -1.767384121273598652e+01 -4.648939150141870869e+00 -4.646437369138125106e+00
2.847712546466452821e+01 2.847843794366564296e+01 6.774169840740603377e+01 -1.804024769152725938e+01 -4.723640315629400455e+00 -4.721085323137022449e+00
2.807700952130100092e+01 2.807837191721049663e+01 6.719044234334910470e+01 -1.837479748711871252e+01 -4.787071410946224681e+00 -4.784470058977923657e+00
2.766467164650532595e+01 2.766607896186424043e+01 6.660891414671148425e+01 -1.867844414642029705e+01 -4.839316895116682282e+00 -4.836676321005346502e+00
2.724027821413422501e+01 2.724172509402877651e+01 6.599673058756123112e+01 -1.895229426668711881e+01 -4.880494289049346790e+00 -4.877821892494028866e+00
2.680396941519912346e+01 2.680545019692102926e+01 6.535361217208101436e+01 -1.919759811219278234e+01 -4.910751176933659146e+00 -4.908054593291566015e+00
2.635585859437863476e+01 2.635736735913638285e+01 6.467939407869815227e+01 -1.941573978627788577e+01 -4.930262082687471015e+00 -4.927549152573054592e+00
2.589603202998523912e+01 2.589756265606317243e+01 6.397403650664976738e+01 -1.960822709857967538e+01 -4.939225268534547908e+00 -4.936504003830657794e+00
2.542454917900699130e+01 2.542609539578194955e+01 6.323763427834634854e+01 -1.977668126307749574e+01 -4.937859503837592534e+00 -4.935138050267278587e+00
2.494144340276482197e+01 2.494299884498915532e+01 6.247042554098819522e+01 -1.992282655527369428e+01 -4.926400852537475394e+00 -4.923687448984829018e+00
2.444672318201738648e+01 2.444828144381522961e+01 6.167279941968173063e+01 -2.004848004648214399e+01 -4.905099526915742914e+00 -4.902402461722999760e+00
2.394037382315033824e+01 2.394192851120395815e+01 6.084530248369568994e+01 -2.015554152003286958e+01 -4.874216853890946055e+00 -4.871544418394379683e+00
2.342235964950074134e+01 2.342390443495187213e+01 5.998864389931383556e+01 -2.024598365852867232e+01 -4.834022397678352512e+00 -4.831382837278603404e+00
2.289262666403054425e+01 2.289415533267257885e+01 5.910369915680071529e+01 -2.032184257351643097e+01 -4.784791279413224352e+00 -4.782192742506162553e+00
2.235110566161155887e+01 2.235261216201061174e+01 5.819151227503996182e+01 -2.038520872954736873e+01 -4.726801730297636617e+00 -4.724252215419823209e+00
2.179771576128630883e+01 2.179919425052464632e+01 5.725329640519625940e+01 -2.043821829416113189e+01 -4.660332910045204002e+00 -4.657840211615113191e+00
2.123236832114007200e+01 2.123381320794384308e+01 5.629043277398891121e+01 -2.048304492445544867e+01 -4.585663016946947224e+00 -4.583234670007253264e+00
2.065497119105440404e+01 2.065637717612194635e+01 5.530446792756092833e+01 -2.052189198025041250e+01 -4.503067709860723689e+00 -4.500710934251521245e+00
2.006543325171427838e+01 2.006679536511916595e+01 5.429710925817887812e+01 -2.055698513409782180e+01 -4.412818855954989239e+00 -4.410540500370729866e+00
1.946366918197616158e+01 1.946498281756504767e+01 5.327021881778986057e+01 -2.059056533018293322e+01 -4.315183611237851657e+00 -4.312990097644506804e+00
1.884960439117929454e+01 1.885086533792852137e+01 5.222580544448655360e+01 -2.062488202815198335e+01 -4.210423833917071867e+00 -4.208321102828449511e+00
1.822318004833059391e+01 1.822438451865024334e+01 5.116601524988529093e+01 -2.066218665465116189e+01 -4.098795823612451983e+00 -4.096789280747410444e+00
1.758435813639232492e+01 1.758550279138810879e+01 5.009312053700323020e+01 -2.070472617538044702e+01 -3.980550372530361258e+00 -3.978644837395390876e+00
1.693312645724884646e+01 1.693420842896068024e+01 4.900950723913469886e+01 -2.075473669414984812e+01 -3.855933108070105586e+00 -3.854132765031879071e+00
1.626950351139537787e+01 1.627052042202479143e+01 4.791766099020070868e+01 -2.081443698306326695e+01 -3.725185100114924985e+00 -3.723493452547642413e+00
1.559354317601281004e+01 1.559449315414325632e+01 4.682015195579749189e+01 -2.088602184970234177e+01 -3.588543700622154997e+00 -3.586963528728663864e+00
1.490533910592757394e+01 1.490622079971657499e+01 4.571961857145132058e+01 -2.097165525305824829e+01 -3.446243578206008351e+00 -3.444776901123973278e+00
1.420502878399869395e+01 1.420584137129752555e+01 4.461875035014366375e+01 -2.107346308984317673e+01 -3.298517906341112749e+00 -3.297165949148444852e+00
1.349279715075546449e+01 1.349354034607968522e+01 4.352026993478096983e+01 -2.119352558644041906e+01 -3.145599660718709334e+00 -3.144362826949313128e+00
1.276887974759146793e+01 1.276955380583718735e+01 4.242691458272328475e+01 -2.133386924873153134e+01 -2.987722979263301770e+00 -2.986600829528669898e+00
1.203356531349164449e+01 1.203417103026448665e+01 4.134141727856174242e+01 -2.149645834185068694e+01 -2.825124537441179751e+00 -2.824115774727394612e+00
1.128719778207083912e+01 1.128773649047206717e+01 4.026648767787001759e+01 -2.168318589394623430e+01 -2.658044891817196387e+00 -2.657147353985104044e+00
1.053017763356982428e+01 1.053065119727517818e+01 3.920479308848862843e+01 -2.189586424157314326e+01 -2.486729746363752547e+00 -2.485940406324696372e+00
9.762962565305944196e+00 9.763373367765840527e+00 3.815893969691006760e+01 -2.213621515864014810e+01 -2.311431098789526573e+00 -2.310746072755816005e+00
8.986067453787329740e+00 8.986418383394427778e+00 3.713145424541337292e+01 -2.240585963510188350e+01 -2.132408228088766844e+00 -2.131822792210049222e+00
8.200063592161242809e+00 8.200358023253375706e+00 3.612476636069182945e+01 -2.270630739502997031e+01 -1.949928489541360888e+00 -1.949437105131865300e+00
7.405577197703413717e+00 7.405818967313873458e+00 3.514119172679721714e+01 -2.303894626554717817e+01 -1.764267889399198985e+00 -1.763864236841827582e+00
6.603287195507391516e+00 6.603480575827332721e+00 3.418291628431851592e+01 -2.340503152765688455e+01 -1.575711418332701674e+00 -1.575388439612049440e+00
5.793922296192259402e+00 5.794071962779917762e+00 3.325198162389384038e+01 -2.380567539660764709e+01 -1.384553130197540893e+00 -1.384303079870387476e+00
4.978257397108595050e+00 4.978368392955978550e+00 3.235027172555037112e+01 -2.424183679256035262e+01 -1.191095960606605164e+00 -1.190910464869675112e+00
4.157109347948111377e+00 4.157187043604092302e+00 3.147950117617482135e+01 -2.471431157155342362e+01 -9.956512879287947593e-01 -9.955214112886366928e-01
3.331332132626164899e+00 3.331382182663486624e+00 3.064120497588691450e+01 -2.522372339179153755e+01 -7.985382474290486643e-01 -7.984545663298689977e-01
2.501811529558257696e+00 2.501839825760807656e+00 2.983673002054026213e+01 -2.577051539095507593e+01 -6.000828170665530870e-01 -6.000354996870929103e-01
1.669459321764709792e+00 1.669471943498046951e+00 2.906722832239215393e+01 -2.635494284650959784e+01 -4.006167007232529498e-01 -4.005955920211284882e-01
8.352071363888058375e-01 8.352102986918688021e-01 2.833365200461384603e+01 -2.697706698299893091e+01 -2.004760411024478495e-01 -2.004707520696882572e-01
3.073105271479402939e-15 3.373430034845728454e-15 8.418918352454557441e-02 -8.418918352454096699e-02 -8.941700262373889620e-16 -1.307878584041867218e-15
3.073105271479402939e-15 3.373430034845728454e-15 8.418918352454557441e-02 -8.418918352454096699e-02 -8.941700262373889620e-16 -1.307878584041867218e-15
1.809997182602194821e-14 1.752051365056551991e-14 1.070149547754884175e-12 -1.056421964757674551e-12 -8.656670430350564492e-15 -3.625719414287539664e-14
5.250171662125847977e-14 2.930712096251479179e-14 2.326258084722808475e-12 -2.289691466825378866e-12 -2.040908324870785621e-14 -7.193053053767213936e-14
6.544943964747882544e-14 3.570659413128028290e-14 5.580946101797620521e-13 -5.146552562163062621e-13 -2.942125652802790629e-14 -1.036347035881304151e-13
9.510763427490170048e-14 3.742720349511215452e-14 -4.976425347422616659e-13 5.487255635039443117e-13 -3.995881257814990355e-14 -1.316176758900103109e-13
1.201955255441965658e-13 5.556283091613052394e-14 9.377083919702681345e-13 -8.570693088740209775e-13 -4.816377917149826104e-14 -1.663397545088862005e-13
1.268682132229145284e-13 6.169893439891299474e-14 1.870875691724552334e-13 -1.133100705468443737e-13 -5.675617272050117017e-14 -1.907106814151349586e-13
1.579481055355517920e-13 5.355067213539769567e-14 -4.329024361150191828e-14 1.303173203418347832e-13 -6.547202367762844369e-14 -2.166268215112998978e-13
1.831641754018901848e-13 8.030793276157699020e-14 3.964995944050289432e-13 -2.914040281568037952e-13 -7.263912696530162454e-14 -2.432135855849143959e-13
2.104592237930499598e-13 6.113324920390406246e-14 1.953924451488395455e-13 -9.490866223485182812e-14 -8.234238509486106561e-14 -2.559484557729652359e-13
2.144435541073019931e-13 6.780567135952268252e-14 1.302290210404539330e-13 -9.594016270220323651e-15 -8.305754661262722224e-14 -2.777485044639403516e-13
2.286650878766766299e-13 9.033096707650339096e-14 2.359317947282829541e-13 -1.021302343668427733e-13 -8.566520498248303558e-14 -2.874175309077732468e-13
2.462844040174743181e-13 6.614455183696257985e-14 9.701047944525358355e-14 4.532736199458841048e-14 -9.297726670303046444e-14 -3.065881933430549839e-13
2.867673027193158794e-13 4.484548468622641434e-14 1.656152706471741519e-13 -2.129746415702634504e-14 -1.042081316224103144e-13 -3.050598390358584357e-13
2.889004924402544088e-13 5.203532943106984835e-14 2.169420678879436729e-13 -5.143852470512367390e-14 -1.041927488000985566e-13 -3.158981720899403394e-13
2.960409999961512074e-13 1.368313911094698441e-14 6.583023797160795269e-14 1.249864166972632435e-13 -1.054739547237502940e-13 -3.242718998412581404e-13
3.256858363141755216e-13 -1.031273200187823155e-14 1.395341739599211257e-13 5.747029614242979943e-14 -1.059176365365573899e-13 -3.163033469694442336e-13
3.035380975569842618e-13 2.308427473918651543e-14 1.687309203256939499e-13 4.812026769884705778e-14 -9.704553905594152419e-14 -3.252457723693282487e-13
3.230584849930239479e-13 2.188019879032663995e-14 1.312407383655170824e-13 9.542371855583004167e-14 -9.429536286502328147e-14 -3.332974548204693828e-13
3.400245004415663904e-13 -2.474337321849992320e-14 1.435820175036461515e-13 1.019969152904881338e-13 -9.510114987097050361e-14 -3.239276785040351054e-13
3.444694421469778197e-13 -5.756320349724793923e-14 2.132007082329638924e-13 7.909960218833928618e-14 -9.651510460667240598e-14 -3.199008101831527249e-13
3.600951009988395214e-13 -6.479541498800806249e-14 2.134106492101888953e-13 9.006072480580444381e-14 -9.333473531457878789e-14 -3.115773378445615177e-13
3.551936919668897946e-13 -6.952778606130845440e-14 1.893472222635674190e-13 1.309930524464320737e-13 -8.541101050415403124e-14 -3.143395818171407179e-13
3.736830923795541291e-13 -1.032853548180835928e-13 2.052099975138631963e-13 1.597605553402431049e-13 -8.393541828819719071e-14 -3.071581976507618206e-13
3.649973216719948413e-13 -1.226939087607366467e-13 2.074209503490198140e-13 1.781587277078670323e-13 -7.973164394364185732e-14 -3.021020381130655471e-13
5.248243485958068000e+00 -4.961206901535681446e+00 1.452577373183250842e+01 -6.588888444330198269e+00 -1.264584436445431059e+00 -5.034167223037100847e+00
5.491858510676522975e+00 -4.311813801299490656e+00 1.461582067025823584e+01 -6.891263324167745452e+00 -1.292850442244871667e+00 -4.572808263635932846e+00
5.737936204262126694e+00 -3.615467113212260664e+00 1.470430467230655225e+01 -7.194532117350733280e+00 -1.320137482133267870e+00 -4.094124329318308497e+00
5.986412039343099067e+00 -2.876898084910124886e+00 1.479547312213176546e+01 -7.498134105527435977e+00 -1.346664621861701550e+00 -3.602425365990606032e+00
6.237207327408269997e+00 -2.100900188591553253e+00 1.489344169840990340e+01 -7.801474261778004404e+00 -1.372655317181115553e+00 -3.101954764300193901e+00
6.490229454099643469e+00 -1.292286487873885781e+00 1.500219418463018606e+01 -8.103934532755731723e+00 -1.398334339052184738e+00 -2.596888810255366220e+00
6.745372175719409391e+00 -4.558492335709439791e-01 1.512557969597885510e+01 -8.404885668871779458e+00 -1.423924668656649795e+00 -2.091333234230100313e+00
7.002515975195694686e+00 4.036780964897807022e-01 1.526730695128860660e+01 -8.703699079209279432e+00 -1.449644398330575790e+00 -1.589316482787771712e+00
7.261528475456144882e+00 1.281656053201659207e+00 1.543093534309688053e+01 -8.999758177500133627e+00 -1.475703674253628472e+00 -1.094779464698440563e+00
7.522264907876595075e+00 2.173571488875902347e+00 1.561986266848271043e+01 -9.292468706637958320e+00 -1.502301716039184276e+00 -6.115616347183115975e-01
7.784568633198611032e+00 3.075066578636535208e+00 1.583730948828825547e+01 -9.581267580268077566e+00 -1.529623947298160758e+00 -1.433833863565654732e-01
8.048271712049546167e+00 3.981964359279588805e+00 1.608630019060950644e+01 -9.865629857069050601e+00 -1.557839269802925752e+00 3.061751640244583794e-01
8.313195521950921929e+00 4.890290613726341995e+00 1.636964095189289736e+01 -1.014507356056360088e+01 -1.587097512079813200e+00 7.336987990572619855e-01
8.579151417468175111e+00 5.796292004712576329e+00 1.668989491909186995e+01 -1.041916216751599222e+01 -1.617527081129842337e+00 1.135964892382839375e+00
8.845941429939193412e+00 6.696450445901430903e+00 1.704935508006290945e+01 -1.068750470347824510e+01 -1.649232843539168991e+00 1.509973688390533253e+00
9.113359003016901383e+00 7.587493784983495360e+00 1.745001544485912248e+01 -1.094975349730250436e+01 -1.682294259525600966e+00 1.852980528911905900e+00
9.381189760079990947e+00 8.466402954963035299e+00 1.789354132292300292e+01 -1.120559975073630277e+01 -1.716763790500326348e+00 2.162529221013598679e+00
9.649212299403549409e+00 9.330415821341432547e+00 1.838123964237920660e+01 -1.145476716915049131e+01 -1.752665597543842768e+00 2.436485576275180698e+00
9.917199012836761085e+00 1.017702801043831506e+01 1.891403040668459923e+01 -1.169700397123598634e+01 -1.789994544831980505e+00 2.673070000532668189e+00
1.018491692361468459e+01 1.100399104542520590e+01 1.949242050730624243e+01 -1.193207364703434337e+01 -1.828715518543314156e+00 2.870887887571525798e+00
1.045212853882856585e+01 1.180930814114244853e+01 2.011648119378698496e+01 -1.215974486444740776e+01 -1.868763068175173014e+00 3.028956485772209550e+00
1.071859271200704633e+01 1.259122801714836193e+01 2.078583052922201446e+01 -1.237978093529429913e+01 -1.910041373531975450e+00 3.146726878582764453e+00
1.098406551120020680e+01 1.334823708248295304e+01 2.149962211607869023e+01 -1.259192924501102873e+01 -1.952424536969688651e+00 3.224099761665497166e+00
1.124830108793721628e+01 1.407905032779373933e+01 2.225654125432283337e+01 -1.279591102790142720e+01 -1.995757196836139835e+00 3.261433821773059627e+00
1.151105254241847931e+01 1.478260123361321199e+01 2.305480948648540007e+01 -1.299141183553738621e+01 -2.039855454472729424e+00 3.259545729342656628e+00
1.177207278032874349e+01 1.545803097061324394e+01 2.389219819550651280e+01 -1.317807300264170145e+01 -2.084508103696604220e+00 3.219701045557513464e+00
1.203111535670438670e+01 1.610467713133089518e+01 2.476605156219607906e+01 -1.335548436561618146e+01 -2.129478148398241899e+00 3.143595703930061713e+00
1.228793530236114151e+01 1.672206219557767781e+01 2.567331877963939135e+01 -1.352317843654620333e+01 -2.174504590814779981e+00 3.033328136609286574e+00
1.254228992849387581e+01 1.730988189547234768e+01 2.661059498874999818e+01 -1.368062618236788630e+01 -2.219304470214024327e+00 2.891362549672694904e+00
1.279393960518428663e+01 1.786799361227855343e+01 2.757416997418294002e+01 -1.382723450683601207e+01 -2.263575129183089452e+00 2.720484277848360222e+00
1.304264850970767320e+01 1.839640490700418951e+01 2.856008327624210352e+01 -1.396234548346181370e+01 -2.306996682492492123e+00 2.523748534118170017e+00
1.328818534071239554e+01 1.889526226061644465e+01 2.956418406318214664e+01 -1.408523734177192566e+01 -2.349234661628124332e+00 2.304424182487547768e+00
1.353032399455599588e+01 1.936484007799492346e+01 3.058219389433784841e+01 -1.419512716781127182e+01 -2.389942806572860068e+00 2.065934377923685616e+00
1.376884420030700262e+01 1.980552999229068334e+01 3.160977040362134005e+01 -1.429117524321872779e+01 -2.428765975291117929e+00 1.811796020193654266e+00
1.400353211019134037e+01 2.021783049292609746e+01 3.264256995008368278e+01 -1.437249091566756398e+01 -2.465343140634502106e+00 1.545559953070578141e+00
1.423418084253337312e+01 2.060233689059959516e+01 3.367630741123461036e+01 -1.443813986703720964e+01 -2.499310444046493718e+00 1.270753713280734942e+00
1.446059097455576747e+01 2.095973162584656535e+01 3.470681151952192778e+01 -1.448715262429586836e+01 -2.530304275495403932e+00 9.908284107340969982e-01
1.468257098272279748e+01 2.129077492337768618e+01 3.573007443918994852e+01 -1.451853414156573407e+01 -2.557964349497261480e+00 7.091110265888558306e-01
1.489993762866686389e+01 2.159629579202682592e+01 3.674229462180567651e+01 -1.453127426999233585e+01 -2.581936747885758443e+00 4.287630763743370821e-01
1.511251628909069211e+01 2.187718336915311212e+01 3.773991233541639900e+01 -1.452435892457958744e+01 -2.601876901124171582e+00 1.527462303781612074e-01
1.532014122843523118e+01 2.213437860831241366e+01 3.871963760820491274e+01 -1.449678175378885392e+01 -2.617452481401191022e+00 -1.162048608402604516e-01
1.552265581348261669e+01 2.236886630951625676e+01 3.967847064093360387e+01 -1.444755611810449381e+01 -2.628346182482244497e+00 -3.756025999127436954e-01
1.571991266948645460e+01 2.258166749213092572e+01 4.061371500781028487e+01 -1.437572718760072021e+01 -2.634258363256030133e+00 -6.232196631557352928e-01
1.591177377782438285e+01 2.277383211116705297e+01 4.152298417359072147e+01 -1.428038397543753568e+01 -2.634909534087992000e+00 -8.570959430029146953e-01
1.609811051559968575e+01 2.294643211820489626e+01 4.240420200286348518e+01 -1.416067113379034481e+01 -2.630042667421841784e+00 -1.075539894104009075e+00
1.627880363803937058e+01 2.310055486836618854e+01 4.325559802782306207e+01 -1.401580035057949836e+01 -2.619425316517894231e+00 -1.277125053849854863e+00
1.645374320496294729e+01 2.323729687453246839e+01 4.407569827956371000e+01 -1.384506119911457667e+01 -2.602851528734402731e+00 -1.460682545407364863e+00
1.662282845301617229e+01 2.335775790940495256e+01 4.486331248358145984e+01 -1.364783130799188093e+01 -1.625290365485530408e+00 -2.580143542307833382e+00
1.678596761578310748e+01 2.346303545502604138e+01 4.561751838245240975e+01 -1.342358573487790174e+01 -1.770260219625198195e+00 -2.551153258125493206e+00
1.694307769428335675e+01 2.355421949810480697e+01 4.633764388726059025e+01 -1.317190544477921321e+01 -1.895122604466787042e+00 -2.515763480473722780e+00
1.709408418076332481e+01 2.363238766795259238e+01 4.702324768322348802e+01 -1.289248481066540108e+01 -1.999610758088482099e+00 -2.473888923146994046e+00
1.723892073905116717e+01 2.369860071216190889e+01 4.767409883178771679e+01 -1.258513807151164521e+01 -2.083644013734926137e+00 -2.425476979595298843e+00
1.737752884509766105e+01 2.375389830338844988e+01 4.829015582737276446e+01 -1.224980469964980578e+01 -2.147311005179540100e+00 -2.370508257931823071e+00
1.750985739165152566e+01 2.379929516885468033e+01 4.887154548652533492e+01 -1.188655364546569615e+01 -2.190853088135880977e+00 -2.308996883606152739e+00
1.763586226130126988e+01 2.383577753251150710e+01 4.941854197365253043e+01 -1.149558644271680841e+01 -2.214648264669515587e+00 -2.240990574348006525e+00
1.775550587240174139e+01 2.386429985827015443e+01 4.993154620258812315e+01 -1.107723917187001916e+01 -2.219195828333354381e+00 -2.166570493591479796e+00
1.786875670258061888e+01 2.388578188138409075e+01 5.041106579788343112e+01 -1.063198329171541445e+01 -2.205101887618404977e+00 -2.085850889995537916e+00
1.797558879478536298e+01 2.390110591396272710e+01 5.085769575395610076e+01 -1.016042536101033633e+01 -2.173065874378869111e+00 -1.998978531870050146e+00
1.807598125087480412e+01 2.391111440974913904e+01 5.127209989359074171e+01 -9.663305681964551752e+00 -2.123868101714637024e+00 -1.906131946316708792e+00
1.816991771796713806e+01 2.391660777273843408e+01 5.165499319890840013e+01 -9.141495906004188043e+00 -2.058358401586829700e+00 -1.807520473684440798e+00
1.825738587271972690e+01 2.391834239387905114e+01 5.200712506673306024e+01 -8.595995649446104281e+00 -1.977445845229457211e+00 -1.703383148549807435e+00
1.833837690880486448e+01 2.391702890009607074e+01 5.232926352513383961e+01 -8.027928172548655539e+00 -1.882089528152812274e+00 -1.593987418862365502e+00
1.841288503271879762e+01 2.391333060002256161e+01 5.262218043767473574e+01 -7.438535179957643351e+00 -1.773290385183864837e+00 -1.479627715162775914e+00
1.848090697307401697e+01 2.390786211129805494e+01 5.288663771543214409e+01 -6.829170803949181412e+00 -1.652083988597087938e+00 -1.360623881904794885e+00
1.854244150828757753e+01 2.390118815486305692e+01 5.312337455319892143e+01 -6.201294834197059735e+00 -1.519534273106960764e+00 -1.237319482919118530e+00
1.859748901748074701e+01 2.389382250245927608e+01 5.333309570463351434e+01 -5.556465259229138809e+00 -1.376728124595460345e+00 -1.110079992940127713e+00
1.864605105908152183e+01 2.388622706451203470e+01 5.351646081058319737e+01 -4.896330185386559286e+00 -1.224770764334345063e+00 -9.792908869375345216e-01
1.868812998145363480e+01 2.387881110651208161e+01 5.367407479507934198e+01 -4.222619199147306546e+00 -1.064781856658504111e+00 -8.453556387358811541e-01
1.872372856946263298e+01 2.387193058320713135e+01 5.380647934370369256e+01 -3.537134238240835948e+00 -8.978922651840777203e-01 -7.086936401106403993e-01
1.875284973048016113e+01 2.386588758105458297e+01 5.391414547938641988e+01 -2.841740036210589793e+00 -7.252413804753515825e-01 -5.697380512303303890e-01
1.877549622336664825e+01 2.386092986064679167e+01 5.399746725013131510e+01 -2.138354204102648204e+00 -5.479749403553431097e-01 -4.289335929925659485e-01
1.879167043289342587e+01 2.385725049207575310e+01 5.405675654277641939e+01 -1.428937011891410425e+00 -3.672432627010411843e-01 -2.867342914889491334e-01
1.880137419443208557e+01 2.385498757863495811e+01 5.409223903648805276e+01 -7.154809312026274570e-01 -1.841998094872401570e-01 -1.436011845476221349e-01
0.000000000000000000e+00 0.000000000000000000e+00 0.000000000000000000e+00 0.000000000000000000e+00 0.000000000000000000e+00 0.000000000000000000e+00
0.000000000000000000e+00 0.000000000000000000e+00 0.000000000000000000e+00 0.000000000000000000e+00 0.000000000000000000e+00 0.000000000000000000e+00
2.252000025257795812e+01 1.115372812031320038e+01 4.470680549820626482e+01 -5.912368436342643196e-01 -1.054891834867847100e-01 -1.494724895548732724e-01
2.250452386754920653e+01 1.114580338680955940e+01 4.468427444158390216e+01 -1.180054994870327612e+00 -2.106387079302762533e-01 -2.986287120157867236e-01
2.247808596560463457e+01 1.113318413264475204e+01 4.464648648389784569e+01 -1.764043801664977318e+00 -3.151165380055941934e-01 -4.471463014566633976e-01
2.244098597105781323e+01 1.111548843126679742e+01 4.459308962373602725e+01 -2.340808705151244951e+00 -4.185887500874487799e-01 -5.947078253487018129e-01
2.239316616309970343e+01 1.109265946006935444e+01 4.452359562616402400e+01 -2.907979317720721824e+00 -5.207268004042835408e-01 -7.409950267275717817e-01
2.233453926912515186e+01 1.106463883948918436e+01 4.443738453762087204e+01 -3.463217537976915672e+00 -6.212079268693739831e-01 -8.856899183724546987e-01
2.226499903171118788e+01 1.103135726319474053e+01 4.433371041953314062e+01 -4.004225713749258730e+00 -7.197164611177689908e-01 -1.028474947940231754e+00
2.218442167420630540e+01 1.099273448020078270e+01 4.421170825009781424e+01 -4.528754863414107490e+00 -8.159451358727608516e-01 -1.169033144762046339e+00
2.209266688706752291e+01 1.094867999701332728e+01 4.407040193669293160e+01 -5.034612964897998033e+00 -9.095963338703354495e-01 -1.307048298231675121e+00
2.198957895380182137e+01 1.089909387005011432e+01 4.390871337591942591e+01 -5.519673320946593797e+00 -1.000383289169644918e+00 -1.442205153522586603e+00
2.187498794359741083e+01 1.084386764923555546e+01 4.372547249543784176e+01 -5.981883008704630633e+00 -1.088031201970446560e+00 -1.574189660528004797e+00
2.174871102412615542e+01 1.078288540600789602e+01 4.351942821131568451e+01 -6.419271421515116316e+00 -1.172278280412251572e+00 -1.702689260060773258e+00
2.161055384837581883e+01 1.071602487776518764e+01 4.328926023687410662e+01 -6.829958911273619648e+00 -1.252876702099661177e+00 -1.827393212613846130e+00
2.146031212278615286e+01 1.064315860639826816e+01 4.303359168401738799e+01 -7.212165540825153265e+00 -1.329593478709977683e+00 -1.947992984934096672e+00
2.129777323326670313e+01 1.056415517864756204e+01 4.275100240566177945e+01 -7.564219957915186754e+00 -1.402211233797754586e+00 -2.064182683478362978e+00
2.112271798845347703e+01 1.047888049267143273e+01 4.244004303804400280e+01 -7.884568405193224550e+00 -1.470528872143457511e+00 -2.175659556174996290e+00
2.093492243927959606e+01 1.038719907512910545e+01 4.209924971409785854e+01 -8.171783884766234962e+00 -1.534362159555252791e+00 -2.282124543926053128e+00
2.073415981086574433e+01 1.028897539587312515e+01 4.172715943330397437e+01 -8.424575500734526656e+00 -1.593544189410084799e+00 -2.383282906463353168e+00
2.052020242952967877e+01 1.018407528041897514e+01 4.132232608886152292e+01 -8.641798008808001086e+00 -1.647925751517328896e+00 -2.478844908391729884e+00
2.029282381583684725e+01 1.007236723217834040e+01 4.088333716882804936e+01 -8.822461608075823136e+00 -1.697375592236465058e+00 -2.568526578369119573e+00
2.005180077830631902e+01 9.953723812813201732e+00 4.040883116291427513e+01 -8.965742015598934245e+00 -1.741780575191484548e+00 -2.652050534358944223e+00
1.979691556609996894e+01 9.828023005416437030e+00 3.989751571943195785e+01 -9.070990868678100227e+00 -1.781045736176598338e+00 -2.729146883947867419e+00
1.952795807767628844e+01 9.695149546721642864e+00 3.934818660554493874e+01 -9.137746500944917472e+00 -1.815094240403831272e+00 -2.799554194373520488e+00
1.924472810160972358e+01 9.554996235468868448e+00 3.875974752609619856e+01 -9.165745134848039655e+00 -1.843867247262145792e+00 -2.863020529976480155e+00
1.894703757391957311e+01 9.407465216029084587e+00 3.813123084892897197e+01 -9.154932522089390901e+00 -1.867323676031915403e+00 -2.919304566469452134e+00
1.863471285742721761e+01 9.252469215335082708e+00 3.746181926426741171e+01 -9.105476041915324004e+00 -1.885439893861536209e+00 -2.968176763357913472e+00
1.830759705070640209e+01 9.089932709161116620e+00 3.675086836835802728e+01 -9.017777231103851321e+00 -1.898209319837723896e+00 -3.009420602965690694e+00
1.796555226644554182e+01 8.919793061520982391e+00 3.599793010275048744e+01 -8.892484664764497282e+00 -1.905641952385032312e+00 -3.042833890584261347e+00
1.760846191275816963e+01 8.742001587153424680e+00 3.520277689580658631e+01 -8.730507029231835858e+00 -1.907763836290309323e+00 -3.068230100502170377e+00
1.723623295609737127e+01 8.556524541727197786e+00 3.436542623811440222e+01 -8.533026123233693028e+00 -1.904616464917982199e+00 -3.085439772513375534e+00
1.684879813349574107e+01 8.363344055074744432e+00 3.348616527541989996e+01 -8.301509387983177390e+00 -1.896256134132420001e+00 -3.094311941494543916e+00
1.644611813992441540e+01 8.162458964297416131e+00 3.256557482057064590e+01 -8.037721399739170991e+00 -1.882753251767041114e+00 -3.094715594088216726e+00
1.602818373792154105e+01 7.953885581777902836e+00 3.160455197230695035e+01 -7.743733561862862658e+00 -1.864191613062767594e+00 -3.086541138565273901e+00
1.559501779548314815e+01 7.737658373756818087e+00 3.060433029098560453e+01 -7.421931014443469365e+00 -1.840667649559736496e+00 -3.069701875365033583e+00
1.514667723913154873e+01 7.513830543648560401e+00 2.956649623337710509e+01 -7.075015551504443501e+00 -1.812289657795930431e+00 -3.044135455329371354e+00
1.468325488414269842e+01 7.282474538616247273e+00 2.849300031218452034e+01 -6.706003119617839126e+00 -1.779177022196898106e+00 -3.009805302932706983e+00
1.420488116158216663e+01 7.043682439710119425e+00 2.738616125083206043e+01 -6.318214296653267503e+00 -1.741459430281309784e+00 -2.966701996367159477e+00
1.371172567840942058e+01 6.797566278777258830e+00 2.624866128791132880e+01 -5.915256052144520105e+00 -1.699276095189032665e+00 -2.914844577784588164e+00
1.320399862203529828e+01 6.544258249873661448e+00 2.508353079108723094e+01 -5.500993113208317631e+00 -1.652774993265132775e+00 -2.854281772675973716e+00
1.268195199231342940e+01 6.283910811145106301e+00 2.389412051016509153e+01 -5.079507444224935497e+00 -1.602112110920924204e+00 -2.785093109437662751e+00
1.214588061398859686e+01 6.016696703158695314e+00 2.268406016949374049e+01 -4.655044729946010484e+00 -1.547450725460221888e+00 -2.707389898466762368e+00
1.159612293767128044e+01 5.742808855008264324e+00 2.145720269127728841e+01 -4.231947350025189181e+00 -1.488960708101143782e+00 -2.621316065627972147e+00
1.103306159407259912e+01 5.462460193570592537e+00 2.021755414903594783e+01 -3.814574142976390192e+00 -1.426817860826750328e+00 -2.527048810909452659e+00
1.045712368158443262e+01 5.175883357100919291e+00 1.896919053712333181e+01 -3.407208241578815855e+00 -1.361203289000288530e+00 -2.424799072566802494e+00
9.868780793346022762e+00 4.883330289912867883e+00 1.771616353475494776e+01 -3.013955346400172708e+00 -1.292302816311263536e+00 -2.314811772662715317e+00
9.268548729540638575e+00 4.585071757402817916e+00 1.646239853580707546e+01 -2.638635883715955810e+00 -1.220306434144532215e+00 -2.197365835126010136e+00
8.656986912766573283e+00 4.281396751232129816e+00 1.521158918195627585e+01 -2.284675442016610880e+00 -1.145407793660946583e+00 -2.072773952533076169e+00
8.034697480726073593e+00 3.972611801259265718e+00 1.396709334715020034e+01 -1.954998568424364924e+00 -1.067803747818037552e+00 -1.941382080700490675e+00
7.402324065864477554e+00 3.659040179140361726e+00 1.273183586671501999e+01 -1.651931323924115125e+00 -9.876939214290274549e-01 -1.803568671685324087e+00
6.760550220229912810e+00 3.341021034081520291e+00 1.150822321756224120e+01 -1.377117877926318013e+00 -9.052803300878224935e-01 -1.659743615961606356e+00
6.110097535802864854e+00 3.018908413900056598e+00 1.029807482772943139e+01 -1.131455859835806654e+00 -8.207670336440802128e-01 -1.510346903075679315e+00
5.451723427622780171e+00 2.693070212491750048e+00 9.102574777076787527e+00 -9.150542320519610140e-01 -7.343598302959523094e-01 -1.355846993507528575e+00
4.786218586507830608e+00 2.363887050631880093e+00 7.922246453611891503e+00 -7.272162133384307836e-01 -6.462659836496384980e-01 -1.196738912330773674e+00
4.114404164932611963e+00 2.031751045729391691e+00 6.756951393177179632e+00 -5.664484062750876348e-01 -5.566939723281391084e-01 -1.033542082409091289e+00
3.437128642703897174e+00 1.697064548570849318e+00 5.605912203492663615e+00 -4.304959178902875161e-01 -4.658532838877744164e-01 -8.667978871827723975e-01
2.755264429091866862e+00 1.360238820469845678e+00 4.467758287382290305e+00 -3.164020400812061484e-01 -3.739542138423363471e-01 -6.970670185331158120e-01
2.069704219350754215e+00 1.021692668097368140e+00 3.340592125452776173e+00 -2.205900679757659133e-01 -2.812077072447956017e-01 -5.249265928812494320e-01
1.381356801582513283e+00 6.818513799953119792e-01 2.222073196348695934e+00 -1.389641215959725173e-01 -1.878252051838142089e-01 -3.509670977960059335e-01
6.911367993448753744e-01 3.411515235317116868e-01 1.109516194200821371e+00 -6.702539098883181223e-02 -9.401881398228842390e-02 -1.757888795509483792e-01
1.647406072255686621e-15 -3.995062805967802332e-15 2.142674990367601742e-15 1.214144323384629856e-15 3.697959876412586441e-17 -1.819476597562762519e-15
1.647406072255686621e-15 -3.995062805967802332e-15 2.142674990367601742e-15 1.214144323384629856e-15 3.697959876412586441e-17 -1.819476597562762519e-15
3.381126009202647942e-01 1.768269232247793976e+00 4.146242860020104559e-01 -1.482663361391245882e+00 -7.908049789350378792e-03 9.915805006171549696e-01
6.763927363167604456e-01 3.509829305231919605e+00 8.309169219347357638e-01 -2.922518623954420303e+00 -1.521286669574960226e-02 1.940522072526511987e+00
1.014994425198249894e+00 5.198931689713532478e+00 1.250522257998740727e+00 -4.282845807449985998e+00 -2.131397461784025060e-02 2.810274797830176308e+00
1.354044904717270681e+00 6.811665569408640764e+00 1.675035920905660669e+00 -5.537159836250316047e+00 -2.561644390057948514e-02 3.574525440591754588e+00
1.693631857242783090e+00 8.326681446507345541e+00 2.105978689206145837e+00 -6.670512999755120909e+00 -2.753374632441919420e-02 4.218500778424091102e+00
2.033791367140059148e+00 9.725715158742636035e+00 2.544768387495195405e+00 -7.678325143626581806e+00 -2.649070643107004699e-02 4.737798644010078775e+00
2.374496830331640052e+00 1.099389458990521007e+01 2.992689369764037544e+00 -8.563836469914525296e+00 -2.192657839319071128e-02 5.135841547975652510e+00
2.715649022361824372e+00 1.211983831279400370e+01 3.450859371566910916e+00 -9.335278567828598995e+00 -1.329827506825980755e-02 5.421048498509199121e+00
3.057067508850794813e+00 1.309557623796951731e+01 3.920193783357256212e+00 -1.000345750464955330e+01 -8.377261738385223620e-05 5.604418841285279562e+00
3.398483556048525589e+00 1.391633464893834571e+01 4.401367734747410942e+00 -1.058000900338246808e+01 1.821428991541176531e-02 5.697788140968496506e+00
3.739534668882583901e+00 1.458023171660106065e+01 4.894776777371776078e+00 -1.107630224050991430e+01 4.206480144253107317e-02 5.712732633125750858e+00
4.079760849893302677e+00 1.508792634562521862e+01 5.400497399711291280e+00 -1.150284714652627116e+01 7.190415106916307753e-02 5.659977125731680658e+00
4.418602635356636554e+00 1.544225547272610299e+01 5.918249076486819860e+00 -1.186904244113353180e+01 1.081319791830108595e-01 5.549143579938406567e+00
4.755400925567522918e+00 1.564788519145645118e+01 6.447360010465957636e+00 -1.218313022257503953e+01 1.511067122572742893e-01 5.388706188938184205e+00
5.089398585730407376e+00 1.571099131346309186e+01 6.986739114473992984e+00 -1.245226224792928527e+01 2.011408945942791127e-01 5.186058092933873986e+00
5.419743753410275033e+00 1.563897650515994364e+01 7.534857043486956840e+00 -1.268261734277189667e+01 2.584963395926682672e-01 4.947629171939558645e+00
5.745494749337048290e+00 1.544022462845667398e+01 8.089739152987478477e+00 -1.287953439059472949e+01 3.233791334688501662e-01 4.679019372490206941e+00
6.065626451927013996e+00 1.512388853664967137e+01 8.648973066688229849e+00 -1.304764179149300318e+01 3.959345356706440167e-01 4.385128466066982256e+00
6.379037963480461038e+00 1.469970518434910112e+01 9.209733037887557927e+00 -1.319097431228234818e+01 4.762418324118371515e-01 4.070273172483870106e+00
6.684561368851484886e+00 1.417783118305348111e+01 9.768822469016617660e+00 -1.331307399080923837e+01 5.643092126944502240e-01 3.738288324990020950e+00
6.980971366427946911e+00 1.356869247886273655e+01 1.032273484183845724e+01 -1.341707481833888238e+01 6.600687496607056115e-01 3.392611817920130779e+00
7.266995537224872237e+00 1.288284323894731287e+01 1.086773198492808490e+01 -1.350577240051200434e+01 7.633715838273817944e-01 3.036354557257215259e+00
7.541325011165817216e+00 1.213083091895604326e+01 1.139993719188988130e+01 -1.358168038286273394e+01 8.739834183003460932e-01 2.672357222765594731e+00
7.802625290238545119e+00 1.132306649039590241e+01 1.191543936385159164e+01 -1.364707553937250140e+01 9.915804489253357001e-01 2.303235765399844315e+00
8.049546995883666511e+00 1.046970063268489426e+01 1.241040325434955882e+01 -1.370403330413182097e+01 1.115745863869296306e+00 1.931417447517973951e+00
8.280736322086488244e+00 9.580508105403664487e+00 1.288118019594750763e+01 -1.375445531170829128e+01 1.245967056588136224e+00 1.559169020729615829e+00
8.494844995372876184e+00 8.664783363235587288e+00 1.332441348981573803e+01 -1.380009027291993462e+01 1.381633702670249875e+00 1.188618398516019248e+00
8.690539567189315306e+00 7.731250704683731989e+00 1.373713297659146093e+01 -1.384254928497895598e+01 1.522036853721876470e+00 8.217709535469446269e-01
8.866509891877120353e+00 6.787991894298522233e+00 1.411683413668289688e+01 -1.388331647412884351e+01 1.666369199323167072e+00 4.605213684839096766e-01
9.021476673449125627e+00 5.842393383392701978e+00 1.446153827948836579e+01 -1.392375570011067509e+01 1.813726640216971830e+00 1.066617990427682627e-01
9.154197995555518830e+00 4.901114144215079627e+00 1.476983181559636016e+01 -1.396511391500286159e+01 1.963111301481511139e+00 -2.381130310062355149e-01
9.263474780415107190e+00 3.970073914290312533e+00 1.504088408861340476e+01 -1.400852166174313851e+01 2.113436092888118178e+00 -5.722032939788236350e-01
9.348155153272847073e+00 3.054460494882557775e+00 1.527444461161587697e+01 -1.405499111669447743e+01 2.263530894654260717e+00 -8.941036584719391778e-01
9.407137718550195871e+00 2.158753795949524434e+00 1.547082168206093833e+01 -1.410541202259660309e+01 2.412150410484922070e+00 -1.202404666983986514e+00
9.439373781940050279e+00 1.286763653142201980e+00 1.563084516330778584e+01 -1.416054582000718653e+01 2.557983686740169293e+00 -1.495795578729570252e+00
9.443868579115203943e+00 4.416780899661775228e-01 1.575581669784040351e+01 -1.422101826407285330e+01 2.699665247926636091e+00 -1.773068396797220947e+00
9.419681596622629272e+00 -3.738813568037626101e-01 1.584745077854723405e+01 -1.428731080663946429e+01 2.835787746185379099e+00 -2.033122817920657521e+00
9.365926094205999419e+00 -1.157800437868741650e+00 1.590781000299140047e+01 -1.435975102903299039e+01 2.964915968280624980e+00 -2.274971852559219521e+00
9.281767960745392898e+00 -1.908411935328379494e+00 1.593923754064242715e+01 -1.443850242614096757e+01 3.085601990451555476e+00 -2.497747865159595460e+00
9.166424058817479903e+00 -2.624436685899079524e+00 1.594428942637848756e+01 -1.452355386562459039e+01 3.196401222326519243e+00 -2.700708781788423440e+00
9.019160236222454330e+00 -3.304927694987947806e+00 1.592566881968461168e+01 -1.461470907510129358e+01 3.295889038929109116e+00 -2.883244207160914563e+00
8.839289207241042945e+00 -3.949218636864810783e+00 1.588616388916176270e+01 -1.471157654286367844e+01 3.382677667451354786e+00 -3.044881187791831589e+00
8.626168531888882995e+00 -4.556877564288635440e+00 1.582859053225135781e+01 -1.481356025202355475e+01 3.455432975222085812e+00 -3.185289354772502080e+00
8.379198945572715829e+00 -5.127666242560404264e+00 1.575574074204850028e+01 -1.491985170177072639e+01 3.512890798313355045e+00 -3.304285180164208580e+00
8.097823297830984757e+00 -5.661505170772864304e+00 1.567033709630469396e+01 -1.502942370062894817e+01 3.553872454034977757e+00 -3.401835083841415308e+00
7.781526209793490523e+00 -6.158443919558167501e+00 1.557499356910686217e+01 -1.514102644318294111e+01 3.577299067552357048e+00 -3.478057106954850042e+00
7.429831884764534600e+00 -6.618633523126835172e+00 1.547218264856126169e+01 -1.525318640180739571e+01 3.582203837502224264e+00 -3.533220350744752380e+00
4.585411812966893150e-08 -4.585095560286138036e-08 -8.455338957626093999e-01 8.455338957599253247e-01 2.480935300365850805e-08 -2.480822141734965075e-08
4.585411812966893150e-08 -4.585095560286138036e-08 -8.455338957626093999e-01 8.455338957599253247e-01 2.480935300365850805e-08 -2.480822141734965075e-08
4.334976093407126431e-08 -4.334664298304975865e-08 -1.601662775866593243e-05 1.601662507980358875e-05 2.334297337703433360e-08 -2.334186010342140256e-08
4.193295740270665937e-08 -4.192982016061816051e-08 -2.398239535030258684e-06 2.398236842708005399e-06 2.158886125109268431e-08 -2.158776352878305986e-08
4.001129128742774337e-08 -4.000816809675985310e-08 -7.617118865188660942e-07 7.617092121886749046e-07 2.008425755781525364e-08 -2.008317519341731472e-08
3.773933535921324835e-08 -3.773624537434006002e-08 -1.371875474707838984e-07 1.371849000428389578e-07 1.889927036472357867e-08 -1.889821530558362698e-08
3.622418330457685106e-08 -3.622115797166521395e-08 -4.332022549312034303e-08 4.331758430600295824e-08 1.744068293409895272e-08 -1.743963736406024271e-08
3.436687579419766160e-08 -3.436388204740616226e-08 2.006419942279602390e-07 -2.006445864147830227e-07 1.626537811422949523e-08 -1.626436929837515541e-08
3.229327261091513879e-08 -3.229032825049447488e-08 1.857813662378923451e-07 -1.857839455531517198e-07 1.550736553599464875e-08 -1.550636618982807492e-08
3.129181940668606637e-08 -3.128893301665327484e-08 2.624586164648776131e-07 -2.624611541403380991e-07 1.400174844635006584e-08 -1.400077225723040406e-08
2.930736118524038966e-08 -2.930456113973740664e-08 2.205800254654288734e-07 -2.205825224288375317e-07 1.320629542962972118e-08 -1.320533962870004599e-08
2.774997784074610621e-08 -2.774722950978120786e-08 2.548207055126264750e-07 -2.548231675560391211e-07 1.225039162363558049e-08 -1.224945204329847090e-08
2.634165382046402224e-08 -2.633898202007923302e-08 2.867242494481126928e-07 -2.867266564427093601e-07 1.132476625319373898e-08 -1.132384412394777304e-08
2.495139466018413235e-08 -2.494879804713692598e-08 2.817489378118983915e-07 -2.817512869415810922e-07 1.044396378056930817e-08 -1.044306625468527677e-08
2.361108924316870736e-08 -2.360858435434070854e-08 2.794999674479530242e-07 -2.795022733749298379e-07 9.620076300079813618e-09 -9.619197879556146981e-09
2.237789468339059856e-08 -2.237547218081235967e-08 2.868958470177097428e-07 -2.868981007819531804e-07 8.800972595146716341e-09 -8.800104759788043599e-09
2.106585240711278458e-08 -2.106348722299448072e-08 2.981831874114370500e-07 -2.981853840813805264e-07 8.043252607647263995e-09 -8.042406285848139754e-09
1.990309926616134461e-08 -1.990082345957621847e-08 3.040390084005174276e-07 -3.040411369370350216e-07 7.358772397812048710e-09 -7.357948591474029168e-09
1.864433838326547784e-08 -1.864217383019849631e-08 2.973122507828232070e-07 -2.973143141145065051e-07 6.667534922467373090e-09 -6.666728454895852623e-09
1.778048064273525277e-08 -1.777841016589162154e-08 3.358595792926813816e-07 -3.358615648321862068e-07 5.915317559280878631e-09 -5.914537317766578207e-09
1.639121665662023886e-08 -1.638926352582463332e-08 3.135755625752972348e-07 -3.135774739791880580e-07 5.445378902022936495e-09 -5.444621390619529690e-09
1.507608772924356630e-08 -1.507421977600938701e-08 3.383690309131041710e-07 -3.383708468587060970e-07 4.875584372986859503e-09 -4.874860406716457572e-09
1.409275792905544341e-08 -1.409102994752138873e-08 3.497102703158213161e-07 -3.497119999022755606e-07 4.308070694942082351e-09 -4.307370297392443687e-09
1.291513476778208620e-08 -1.291351484898825626e-08 3.628274981395990272e-07 -3.628291437601353494e-07 3.838182354403285473e-09 -3.837512286801563455e-09
1.188627652814035207e-08 -1.188475476380204846e-08 4.402482997896951813e-07 -4.402498234534700812e-07 3.350004288178078137e-09 -3.349375291869933773e-09
1.066081696804509795e-08 -1.065941639963903831e-08 4.728764079574308005e-07 -4.728778113680342640e-07 2.958217019203685743e-09 -2.957633372690094926e-09
9.590013508731153927e-09 -9.588725871408473352e-09 5.237489168070344104e-07 -5.237502163748987983e-07 2.551283760738437474e-09 -2.550735326140658885e-09
8.497376071092748130e-09 -8.496236873309518541e-09 5.522922883004027418e-07 -5.522934592018614824e-07 2.182295693583068722e-09 -2.181798553163419083e-09
7.534582446470211262e-09 -7.533578043781764201e-09 6.192548794082754457e-07 -6.192559274971582027e-07 1.804032330451765170e-09 -1.803582603878652469e-09
6.487295906892523462e-09 -6.486433078819591320e-09 6.997608218173265763e-07 -6.997617361260872712e-07 1.490915317306575118e-09 -1.490520173557140371e-09
5.419703405543549872e-09 -5.418962093895850363e-09 9.462367665050680675e-07 -9.462375210433851222e-07 1.206766650584689853e-09 -1.206437624465454268e-09
4.289341147322320354e-09 -4.288754968454660057e-09 1.023135771725009646e-06 -1.023136392261626325e-06 9.415628842503774266e-10 -9.412902508606188102e-10
3.202375688119656227e-09 -3.201926481602329455e-09 1.490988606729679455e-06 -1.490989075751621110e-06 6.981437031266137488e-10 -6.979357359304819220e-10
2.155562035025782409e-09 -2.155250653020704962e-09 2.609779140308484864e-06 -2.609779444062709193e-06 4.561977007088221587e-10 -4.560627207554180347e-10
1.073842569530280483e-09 -1.073682124032854858e-09 5.473881757269241293e-06 -5.473881906026864096e-06 2.267631183334483739e-10 -2.266970365298461450e-10
3.073105271479402939e-15 3.373430034845728454e-15 8.418918352454557441e-02 -8.418918352454096699e-02 -8.941700262373889620e-16 -1.307878584041867218e-15
