0.000000000000000000e+00 0.000000000000000000e+00 0.000000000000000000e+00 0.000000000000000000e+00 0.000000000000000000e+00 0.000000000000000000e+00
-1.773251004292238092e-12 -1.189322520425648615e-08 5.449476987636886971e-09 8.945128167294575133e-11 2.722041604233728185e-14 -8.946627170000896206e-11
-1.775613515025068938e-12 -2.970130109036351785e-09 1.360893815263561020e-09 4.462278180686422265e-11 5.448505662573341592e-14 -4.465235820619577661e-11
-1.759657252781686044e-12 -1.322345107197530718e-09 6.058865601051497963e-10 2.972351427661233221e-11 8.162703942155913755e-14 -2.976861802102531689e-11
-1.754616014553652343e-12 -7.419984389537238528e-10 3.399717324139067107e-10 2.227696299460178796e-11 1.088163661254264053e-13 -2.233768533245637854e-11
-1.764084705111926081e-12 -4.735417178051646606e-10 2.169778239154070765e-10 1.764013559742958540e-11 1.363378789134845639e-13 -1.771612818637361358e-11
-1.789160255161894561e-12 -3.282385949563937188e-10 1.503963012598972495e-10 1.468406316864356789e-11 1.642064622884733391e-13 -1.477021442916461008e-11
-1.783172143111553074e-12 -2.402956745429100790e-10 1.101152430255274954e-10 1.246840357898897360e-11 1.917195165467815828e-13 -1.256991529361912182e-11
-1.793650213522440532e-12 -1.843634585213705601e-10 8.448851709570583149e-11 1.093439819417232407e-11 2.202467978181671110e-13 -1.104672532800763583e-11
-1.803835374703432801e-12 -1.441887643212571807e-10 6.609877533122717693e-11 9.615030015051428586e-12 2.475022327064822764e-13 -9.740399341878533552e-12
-1.817872037459816887e-12 -1.162520658940868278e-10 5.330310775675216403e-11 8.619373326847033882e-12 2.769751219385063153e-13 -8.756247342311759355e-12
-1.836362620678960308e-12 -9.615425420886490004e-11 4.409457208087567390e-11 7.774198522821885308e-12 3.070514258032895159e-13 -7.919290044428288203e-12
-1.847936187712472852e-12 -8.013257519435353497e-11 3.675693973830087132e-11 7.052676311317220668e-12 3.373340386770694245e-13 -7.206974467655817250e-12
-1.848346740330975594e-12 -6.868135401215515602e-11 3.150551656362742705e-11 6.509221200206286942e-12 3.670940890166184276e-13 -6.670275669519512080e-12
-1.842997145505760613e-12 -5.877193968565186678e-11 2.698665528847663428e-11 5.985771081943142485e-12 3.981610606060542703e-13 -6.158883699568211540e-12
-1.850984010470924896e-12 -5.060132998035485832e-11 2.325401133175620944e-11 5.571647799040429631e-12 4.257575588994066907e-13 -5.745461931837682079e-12
-1.880248424181223763e-12 -4.438946837305117757e-11 2.037635714497187016e-11 5.171086875997441428e-12 4.615954834108889777e-13 -5.350926650035670332e-12
-1.868816398249911248e-12 -3.907641674413828491e-11 1.796025146468056237e-11 4.826495276443807188e-12 4.896480693044690344e-13 -5.013184151775902071e-12
-1.890209623210335843e-12 -3.499600792363941436e-11 1.608718410828637475e-11 4.565057734066284263e-12 5.241358144920913671e-13 -4.751264957177579988e-12
-1.919822301582768407e-12 -3.090797118821943418e-11 1.421550909508980031e-11 4.283578533940255066e-12 5.567903869653378109e-13 -4.473694147200195642e-12
-1.899385794658894024e-12 -2.785143962234004817e-11 1.282559176644975702e-11 4.059909184980452838e-12 5.876662583518148625e-13 -4.252336857876454013e-12
-1.924969033449207961e-12 -2.524299770928444005e-11 1.160631730174353621e-11 3.846955414123636570e-12 6.233261897700852623e-13 -4.029089947275494983e-12
-1.926839851814773085e-12 -2.308362505983646009e-11 1.062097082799611947e-11 3.689675609714947882e-12 6.581275249998108034e-13 -3.878088561062862610e-12
-1.922069582619484411e-12 -2.125042248672189897e-11 9.783424421257544970e-12 3.525329656180445226e-12 6.950252814220832744e-13 -3.715404643866038492e-12
-1.915784019281128551e-12 -1.948943869027881295e-11 8.976228023111762022e-12 3.376358907153599438e-12 7.273174625249717508e-13 -3.565171102708032283e-12
-1.936886250852624187e-12 -1.775379228128227128e-11 8.180618362563428553e-12 3.246021024842002568e-12 7.626750048055955136e-13 -3.431490324603348053e-12
-1.945994138428569445e-12 -1.628572704305979939e-11 7.480944251165210170e-12 3.122680523491469019e-12 8.013508251713109880e-13 -3.307373477024736452e-12
-1.940226530775922839e-12 -1.517327635486031341e-11 6.952727838835487910e-12 3.044052405493744183e-12 8.412052262021099968e-13 -3.220353351756545517e-12
-1.934368532672047597e-12 -1.410028721305954638e-11 6.461344259926032491e-12 2.948077623777657617e-12 8.745641977651647422e-13 -3.120030872508435549e-12
-1.937054602857127012e-12 -1.306494842059174679e-11 5.958822652341829258e-12 2.851798547556072663e-12 9.161995744266507754e-13 -3.022413004643307644e-12
-1.927907433363337759e-12 -1.217474281217295739e-11 5.548547879428195699e-12 2.804249822815141949e-12 9.537724754198582786e-13 -2.975614833608347909e-12
-1.911844393319608367e-12 -1.154423273216254514e-11 5.220037362414962089e-12 2.749898292233384390e-12 9.937063000715467794e-13 -2.912149641753045710e-12
-1.918796615723982407e-12 -1.074062109253318900e-11 4.829859609376486398e-12 2.673986175776503897e-12 1.034005129985172555e-12 -2.838455265483694284e-12
-1.884034716603518512e-12 -1.014340734958766256e-11 4.516881996581457993e-12 2.659879864108493185e-12 1.078049519954418553e-12 -2.818613860269801163e-12
-1.885721351845957074e-12 -9.437702938376570063e-12 4.187407010912509662e-12 2.615386925296871071e-12 1.117932987435766044e-12 -2.770921653099084080e-12
-1.860250609448438051e-12 -8.923481967621738958e-12 3.907415885073913972e-12 2.580262872920108267e-12 1.158869792550085433e-12 -2.737119838426600877e-12
-1.847820484263812136e-12 -8.306174013502461549e-12 3.596452106621211732e-12 2.554248212112740658e-12 1.199427449205091156e-12 -2.707069520001601028e-12
-1.822897794299389267e-12 -7.996546186953975281e-12 3.398756473251932231e-12 2.539223605624848175e-12 1.250462873959581423e-12 -2.697196608449665623e-12
-1.791809554165413739e-12 -7.467614834263301525e-12 3.133987981369712890e-12 2.528724169776905892e-12 1.290930428846473936e-12 -2.677891328672888281e-12
-1.752472517242206802e-12 -7.012241159480413809e-12 2.868979096993879084e-12 2.513819093847952612e-12 1.335797556312105619e-12 -2.671742151909847057e-12
-1.731690603184838228e-12 -6.642395567593640395e-12 2.664673086583945898e-12 2.502493433707438827e-12 1.383880100282488655e-12 -2.664130249948583961e-12
-1.674817094082942484e-12 -6.381688268333744432e-12 2.472068984377382897e-12 2.510417040847043396e-12 1.432781721866378787e-12 -2.679689578560506073e-12
-1.666747900639184574e-12 -5.926747057256763706e-12 2.237004341443543928e-12 2.504770780379916952e-12 1.480518621701942899e-12 -2.673082185903605442e-12
-1.620478820346162831e-12 -5.619748362522385196e-12 2.049773650608602726e-12 2.491187075482627109e-12 1.526009053199774256e-12 -2.669112001567498443e-12
-1.572731346351113130e-12 -5.322569550995217983e-12 1.859035416452364994e-12 2.480616190618197680e-12 1.576066186009988403e-12 -2.672427457770171466e-12
-1.529630419028389549e-12 -5.023495786590393488e-12 1.663292457325680611e-12 2.490543096443813000e-12 1.625317855207704122e-12 -2.687691149743313586e-12
-1.486243141888793269e-12 -4.699177654813898776e-12 1.475909060995830200e-12 2.477066967971786756e-12 1.669033944951537256e-12 -2.681166059856607556e-12
-1.420202798492395224e-12 -4.446016386718060277e-12 1.280203146405037453e-12 2.489480796652905001e-12 1.724096129650550040e-12 -2.710202587242895648e-12
-1.373691592126229198e-12 -4.177161649488098074e-12 1.098703393616449402e-12 2.486081104633274561e-12 1.776170635398667872e-12 -2.716961108329838415e-12
-1.321730233870125686e-12 -3.924737812896999484e-12 9.257973724054210362e-13 2.477452531507492840e-12 1.822834531233349970e-12 -2.719913171040035269e-12
-1.256993652918684138e-12 -3.669477554622953339e-12 7.640957319623476125e-13 2.464042780486653113e-12 1.871091665940358478e-12 -2.733192213375512572e-12
-1.183334479696780517e-12 -3.459601431452505910e-12 6.127638543229752364e-13 2.445423224096350961e-12 1.917616538538094384e-12 -2.735318430498573263e-12
-1.127754082941903481e-12 -3.214821212819702602e-12 4.263582634256109852e-13 2.452506563627970678e-12 1.974319826000748301e-12 -2.762915733881823616e-12
-1.046799227386026003e-12 -3.032552597401099413e-12 2.842285321321205735e-13 2.432363629486925739e-12 2.026037722894622199e-12 -2.773841808735326204e-12
-9.895826290217119614e-13 -2.807449605354897371e-12 1.144772912053555107e-13 2.437197607713642564e-12 2.076109669556702780e-12 -2.797543053519796038e-12
-9.008865621002075612e-13 -2.591034714615728089e-12 -3.977015469272257308e-14 2.402146339252290973e-12 2.118708956263461849e-12 -2.791278046652452853e-12
-8.378670990545453688e-13 -2.403130090112365753e-12 -1.712512570873080170e-13 2.361687939095928092e-12 2.168735164635685770e-12 -2.788520180420510532e-12
-7.693606370867083045e-13 -2.217198889823117007e-12 -3.277139241248946289e-13 2.365927602585524282e-12 2.221969394746946838e-12 -2.811305352354432900e-12
-6.748965047060566679e-13 -2.028809108015948016e-12 -4.583698304322134190e-13 2.334698817026489689e-12 2.265205601863232087e-12 -2.816379881341690520e-12
-5.848587022108683390e-13 -1.852001748382121949e-12 -6.013429193114147206e-13 2.288531516392025952e-12 2.315402513989601070e-12 -2.814627577693646120e-12
-5.125709726150175275e-13 -1.674976952932412276e-12 -7.447643180445368317e-13 2.262007665628488595e-12 2.361653423979763285e-12 -2.811009269582146863e-12
-4.065139077476603649e-13 -1.528903223092495377e-12 -8.543613038122531484e-13 2.210375712564244698e-12 2.393467175916351615e-12 -2.807776975696279935e-12
-3.307962255835306412e-13 -1.361203747680859848e-12 -9.892961384913295433e-13 2.173150621127663259e-12 2.444248078752066126e-12 -2.804160067986140182e-12
-2.304833642067336786e-13 -1.213827779895161178e-12 -1.102897140375233401e-12 2.112915338163216272e-12 2.488255967043490891e-12 -2.794668386527959508e-12
-1.255826041108874302e-13 -1.074516125590319518e-12 -1.216058004355320421e-12 2.063355791558909225e-12 2.517951739285340492e-12 -2.783569055752231226e-12
-3.500849241269111278e-14 -9.247789460797590619e-13 -1.310250708092870759e-12 2.002417025752418675e-12 2.555581414497520726e-12 -2.769668789533119430e-12
6.853701744425395257e-14 -7.887072895575739367e-13 -1.422609933499589463e-12 1.932247523492970382e-12 2.594415890653811691e-12 -2.754867094417689540e-12
1.793468047341686440e-13 -6.603291554634782550e-13 -1.524847285332537550e-12 1.868518294769188522e-12 2.627235849621311676e-12 -2.736281035106044313e-12
2.895995593614356274e-13 -5.326893936279492366e-13 -1.612054429955377438e-12 1.786089164823859157e-12 2.657199435086046356e-12 -2.716728497138526412e-12
-2.123286423707423489e-15 -1.115879767489935262e-15 1.996476246562747196e-15 1.907197308499298624e-15 -2.272088354119261360e-15 -3.535003504699196108e-15
-2.123286423707423489e-15 -1.115879767489935262e-15 1.996476246562747196e-15 1.907197308499298624e-15 -2.272088354119261360e-15 -3.535003504699196108e-15
-2.026101106462034618e-01 8.518616243348029471e-01 -1.242614936924258506e+00 2.536516365515997795e-01 7.070885692063232086e-02 9.349042985053489518e-01
-4.054157798846907412e-01 1.693492701349085694e+00 -2.469094217120198831e+00 5.075332565794993256e-01 1.411506269516956957e-01 1.852647572489294570e+00
-6.086115086426600040e-01 2.514849245089759489e+00 -3.664134151361583491e+00 7.618766160849523850e-01 2.110615311569926655e-01 2.736904724187097848e+00
-8.123896876467865402e-01 3.306252679129547900e+00 -4.813997661148667007e+00 1.016916790400103077e+00 2.801843621916760285e-01 3.572925175376776785e+00
-1.016939555122257755e+00 4.058553886304935077e+00 -5.907074635880330327e+00 1.272893278219227486e+00 3.482716599434651505e-01 4.348097154644976925e+00
-1.222446169773479641e+00 4.763276549502749369e+00 -6.934225264567006164e+00 1.530050463052939458e+00 4.150887567549982893e-01 5.052294929790035027e+00
-1.429089404015594811e+00 5.412735446628405001e+00 -7.888901568117941743e+00 1.788637258002033548e+00 4.804166516648783469e-01 5.678004201218532998e+00
-1.637042962317954098e+00 6.000127147646059811e+00 -8.767074437294562372e+00 2.048905793605772629e+00 5.440546755317344774e-01 6.220252950937612546e+00
-1.846473429387423870e+00 6.519592360611295767e+00 -9.567013707308259285e+00 2.311109050088587580e+00 6.058229118608999819e-01 6.676395267247650978e+00
-2.057539352762987050e+00 6.966250810695254536e+00 -1.028897588368570659e+01 2.575497383900741344e+00 6.655643415805980734e-01 7.045802748439675689e+00
-2.270390364211627876e+00 7.336210877838708733e+00 -1.093485048038655805e+01 2.842313953005259908e+00 7.231466838603065606e-01 7.329514434664441858e+00
-2.485166344110730563e+00 7.626557185827743446e+00 -1.150780570868661279e+01 3.111789104473332124e+00 7.784639092618409473e-01 7.529885994127005766e+00
-2.701996632777223795e+00 7.835319904583825767e+00 -1.201196160795933388e+01 3.384133849731220778e+00 8.314374059960265573e-01 7.650266241806352951e+00
-2.920999292457311824e+00 7.961429722282027832e+00 -1.245210669887467070e+01 3.659532614842526232e+00 8.820167847529012395e-01 7.694717057699229201e+00
-3.142280423425225511e+00 8.004662323062268214e+00 -1.283346455717748391e+01 3.938135512598872179e+00 9.301803124099738973e-01 7.667783088643650657e+00
-3.365933537358705152e+00 7.965575847739345683e+00 -1.316150988995287285e+01 4.220050436542707395e+00 9.759349698289049302e-01 7.574310800958455658e+00
-3.592038990855749070e+00 7.845444303068748404e+00 -1.344182954065050239e+01 4.505335320635702523e+00 1.019316133852994577e+00 7.419312294977721045e+00
-3.820663481652767590e+00 7.646189298851682636e+00 -1.368002179525673512e+01 4.793990938250181522e+00 1.060386888452632848e+00 7.207867238223947481e+00
-4.051859609769016934e+00 7.370311898391904037e+00 -1.388162677333927775e+01 5.085954626787540178e+00 1.099236974665800171e+00 6.945055684936222384e+00
-4.285665505474762327e+00 7.020825817758383103e+00 -1.405208100231247137e+01 5.381095316319341570e+00 1.135981393487336844e+00 6.635914864053905404e+00
-4.522104525631882588e+00 6.601192737632069374e+00 -1.419669006274063960e+01 5.679210209915679819e+00 1.170758680120614903e+00 6.285413807132262498e+00
-4.761185019602325319e+00 6.115260117575432197e+00 -1.432061416470551940e+01 5.980023408827475073e+00 1.203728871970239478e+00 5.898440659954540699e+00
-5.002900165566850355e+00 5.567201632676421319e+00 -1.442886249128275900e+01 6.283186698165658335e+00 1.235071196379507130e+00 5.479798497910188360e+00
-5.247227877731741152e+00 4.961460182736176172e+00 -1.452629302899634034e+01 6.588282610849976351e+00 1.264981507370546820e+00 5.034206349538390413e+00
5.248243485959029009e+00 -4.961206901536529656e+00 1.452577373183073384e+01 -6.588888444331671757e+00 -1.264584436445131077e+00 -5.034167223035613148e+00
5.491858510677530170e+00 -4.311813801300397486e+00 1.461582067025644704e+01 -6.891263324169346838e+00 -1.292850442244529052e+00 -4.572808263634398074e+00
5.737936204263236917e+00 -3.615467113213223005e+00 1.470430467230466576e+01 -7.194532117352421707e+00 -1.320137482132907492e+00 -4.094124329316731981e+00
5.986412039344265246e+00 -2.876898084911135633e+00 1.479547312212982924e+01 -7.498134105529204341e+00 -1.346664621861351163e+00 -3.602425365989007311e+00
6.237207327409552526e+00 -2.100900188592583984e+00 1.489344169840786769e+01 -7.801474261779885566e+00 -1.372655317180722312e+00 -3.101954764298569422e+00
6.490229454100969519e+00 -1.292286487874985124e+00 1.500219418462808996e+01 -8.103934532757664400e+00 -1.398334339051805930e+00 -2.596888810253679125e+00
6.745372175720828700e+00 -4.558492335720163435e-01 1.512557969597660268e+01 -8.404885668873896876e+00 -1.423924668656209480e+00 -2.091333234228337723e+00
7.002515975197191267e+00 4.036780964887001777e-01 1.526730695128630622e+01 -8.703699079211489220e+00 -1.449644398330134143e+00 -1.589316482785986473e+00
7.261528475457724952e+00 1.281656053200542766e+00 1.543093534309446468e+01 -8.999758177502434009e+00 -1.475703674253140640e+00 -1.094779464696572724e+00
7.522264907878233764e+00 2.173571488874734836e+00 1.561986266848021643e+01 -9.292468706640354625e+00 -1.502301716038693336e+00 -6.115616347164128941e-01
7.784568633200323440e+00 3.075066578635355263e+00 1.583730948828566376e+01 -9.581267580270553808e+00 -1.529623947297672260e+00 -1.433833863545968257e-01
8.048271712051430882e+00 3.981964359278351129e+00 1.608630019060676730e+01 -9.865629857071606779e+00 -1.557839269802394844e+00 3.061751640264832042e-01
8.313195521952824407e+00 4.890290613725103874e+00 1.636964095189004098e+01 -1.014507356056622278e+01 -1.587097512079255868e+00 7.336987990593644149e-01
8.579151417470130880e+00 5.796292004711244950e+00 1.668989491908891054e+01 -1.041916216751868696e+01 -1.617527081129263689e+00 1.135964892384941027e+00
8.845941429941246881e+00 6.696450445900011594e+00 1.704935508005985056e+01 -1.068750470348092918e+01 -1.649232843538626092e+00 1.509973688392731495e+00
9.113359003019015248e+00 7.587493784981992562e+00 1.745001544485598544e+01 -1.094975349730521863e+01 -1.682294259525070279e+00 1.852980528914125458e+00
9.381189760082106588e+00 8.466402954961468552e+00 1.789354132291976640e+01 -1.120559975073909875e+01 -1.716763790499711728e+00 2.162529221015905279e+00
9.649212299405629523e+00 9.330415821339752114e+00 1.838123964237589902e+01 -1.145476716915331039e+01 -1.752665597543210829e+00 2.436485576277501508e+00
9.917199012838947780e+00 1.017702801043647476e+01 1.891403040668121349e+01 -1.169700397123881785e+01 -1.789994544831360557e+00 2.673070000535014312e+00
1.018491692361676293e+01 1.100399104542331230e+01 1.949242050730270748e+01 -1.193207364703725304e+01 -1.828715518542650242e+00 2.870887887573952746e+00
1.045212853883070814e+01 1.180930814114040395e+01 2.011648119378338251e+01 -1.215974486445031211e+01 -1.868763068174518871e+00 3.028956485774628060e+00
1.071859271200907138e+01 1.259122801714611128e+01 2.078583052921832319e+01 -1.237978093529716972e+01 -1.910041373531286890e+00 3.146726878585206499e+00
1.098406551120219454e+01 1.334823708248050522e+01 2.149962211607499540e+01 -1.259192924501391531e+01 -1.952424536968995428e+00 3.224099761667961861e+00
1.124830108793915251e+01 1.407905032779111032e+01 2.225654125431900354e+01 -1.279591102790430313e+01 -1.995757196835446168e+00 3.261433821775527431e+00
1.151105254242038001e+01 1.478260123361039291e+01 2.305480948648150274e+01 -1.299141183554030832e+01 -2.039855454471988683e+00 3.259545729345141751e+00
1.177207278033065485e+01 1.545803097061023657e+01 2.389219819550257284e+01 -1.317807300264466619e+01 -2.084508103695848824e+00 3.219701045559995034e+00
1.203111535670616838e+01 1.610467713132765510e+01 2.476605156219201831e+01 -1.335548436561910002e+01 -2.129478148397487391e+00 3.143595703932493102e+00
1.228793530236267273e+01 1.672206219557416418e+01 2.567331877963537323e+01 -1.352317843654913432e+01 -2.174504590814011706e+00 3.033328136611684656e+00
1.254228992849533597e+01 1.730988189546846812e+01 2.661059498874583085e+01 -1.368062618237083328e+01 -2.219304470213233849e+00 2.891362549675064564e+00
1.279393960518566864e+01 1.786799361227448202e+01 2.757416997417871229e+01 -1.382723450683891819e+01 -2.263575129182287871e+00 2.720484277850683252e+00
1.304264850970877276e+01 1.839640490699979480e+01 2.856008327623782606e+01 -1.396234548346476778e+01 -2.306996682491661677e+00 2.523748534120464182e+00
1.328818534071338142e+01 1.889526226061170888e+01 2.956418406317774128e+01 -1.408523734177491704e+01 -2.349234661627251253e+00 2.304424182489797079e+00
1.353032399455668155e+01 1.936484007798977558e+01 3.058219389433334356e+01 -1.419512716781427741e+01 -2.389942806571965228e+00 2.065934377925874532e+00
1.376884420030740941e+01 1.980552999228515532e+01 3.160977040361674995e+01 -1.429117524322175470e+01 -2.428765975290179568e+00 1.811796020195786783e+00
1.400353211019178090e+01 2.021783049292014667e+01 3.264256995007892925e+01 -1.437249091567059089e+01 -2.465343140633548646e+00 1.545559953072608073e+00
1.423418084253372129e+01 2.060233689059316831e+01 3.367630741122955840e+01 -1.443813986704024899e+01 -2.499310444045511836e+00 1.270753713282684938e+00
1.446059097455551878e+01 2.095973162583966243e+01 3.470681151951671239e+01 -1.448715262429891837e+01 -2.530304275494399846e+00 9.908284107359536241e-01
1.468257098272228411e+01 2.129077492337036048e+01 3.573007443918469761e+01 -1.451853414156889777e+01 -2.557964349496159251e+00 7.091110265906569454e-01
1.489993762866599170e+01 2.159629579201892469e+01 3.674229462179995664e+01 -1.453127426999554750e+01 -2.581936747884612693e+00 4.287630763760508223e-01
1.511251628908974887e+01 2.187718336914473127e+01 3.773991233541036650e+01 -1.452435892458281508e+01 -2.601876901122979202e+00 1.527462303798101384e-01
1.532014122843384563e+01 2.213437860830331871e+01 3.871963760819845390e+01 -1.449678175379213663e+01 -2.617452481399932918e+00 -1.162048608387180604e-01
1.552265581348083501e+01 2.236886630950656851e+01 3.967847064092683240e+01 -1.444755611810785823e+01 -2.628346182480907345e+00 -3.756025999112366787e-01
1.571991266948421107e+01 2.258166749212053048e+01 4.061371500780294497e+01 -1.437572718760414681e+01 -2.634258363254626811e+00 -6.232196631543274190e-01
1.591177377782193325e+01 2.277383211115579442e+01 4.152298417358278471e+01 -1.428038397544105997e+01 -2.634909534086481209e+00 -8.570959430015769875e-01
1.609811051559672634e+01 2.294643211819285256e+01 4.240420200285490893e+01 -1.416067113379392062e+01 -2.630042667420255054e+00 -1.075539894102746530e+00
1.627880363803589248e+01 2.310055486835322824e+01 4.325559802781363317e+01 -1.401580035058310081e+01 -2.619425316516263091e+00 -1.277125053848667147e+00
1.645374320495853837e+01 2.323729687451853110e+01 4.407569827955364161e+01 -1.384506119911822886e+01 -2.602851528732671671e+00 -1.460682545406251975e+00
1.662282845301142231e+01 2.335775790938960128e+01 4.486331248357018353e+01 -1.364783130799566635e+01 -1.625290365484489685e+00 -2.580143542305963766e+00
1.678596761577750129e+01 2.346303545500963850e+01 4.561751838243999657e+01 -1.342358573488176710e+01 -1.770260219624199216e+00 -2.551153258123506795e+00
1.694307769427704713e+01 2.355421949808691551e+01 4.633764388724696914e+01 -1.317190544478316561e+01 -1.895122604465834026e+00 -2.515763480471608915e+00
1.709408418075634728e+01 2.363238766793319456e+01 4.702324768320814030e+01 -1.289248481066946361e+01 -1.999610758087582596e+00 -2.473888923144738072e+00
1.723892073904315936e+01 2.369860071214061747e+01 4.767409883177099061e+01 -1.258513807151584807e+01 -2.083644013734082812e+00 -2.425476979592860793e+00
1.737752884508848439e+01 2.375389830336476038e+01 4.829015582735381429e+01 -1.224980469965412944e+01 -2.147311005178752730e+00 -2.370508257929233142e+00
1.750985739164075028e+01 2.379929516882878815e+01 4.887154548650406127e+01 -1.188655364547013171e+01 -2.190853088135136240e+00 -2.308996883603378514e+00
1.763586226128947132e+01 2.383577753248266617e+01 4.941854197362869883e+01 -1.149558644272143404e+01 -2.214648264668812150e+00 -2.240990574345001818e+00
1.775550587238729605e+01 2.386429985823824751e+01 4.993154620256125042e+01 -1.107723917187477980e+01 -2.219195828332708231e+00 -2.166570493588284130e+00
1.786875670256558735e+01 2.388578188134818348e+01 5.041106579785284225e+01 -1.063198329172043266e+01 -2.205101887617787693e+00 -2.085850889992005186e+00
1.797558879476691374e+01 2.390110591392210537e+01 5.085769575392084363e+01 -1.016042536101550375e+01 -2.173065874378299789e+00 -1.998978531866305586e+00
1.807598125085370100e+01 2.391111440970366431e+01 5.127209989355061737e+01 -9.663305681969928784e+00 -2.123868101714096124e+00 -1.906131946312705994e+00
1.816991771794125299e+01 2.391660777268655380e+01 5.165499319886234986e+01 -9.141495906009842187e+00 -2.058358401586346087e+00 -1.807520473680063633e+00
1.825738587269002977e+01 2.391834239381906002e+01 5.200712506667883872e+01 -8.595995649452145670e+00 -1.977445845228988253e+00 -1.703383148544987513e+00
1.833837690876817561e+01 2.391702890002459725e+01 5.232926352507008971e+01 -8.027928172554814168e+00 -1.882089528152389724e+00 -1.593987418857325311e+00
1.841288503267429633e+01 2.391333059993779386e+01 5.262218043759888531e+01 -7.438535179964505417e+00 -1.773290385183478035e+00 -1.479627715156963674e+00
1.848090697302012941e+01 2.390786211119687010e+01 5.288663771533823166e+01 -6.829170803956567504e+00 -1.652083988596731334e+00 -1.360623881898358256e+00
1.854244150822023940e+01 2.390118815473634584e+01 5.312337455308339429e+01 -6.201294834205083539e+00 -1.519534273106648792e+00 -1.237319482911958035e+00
1.859748901739528293e+01 2.389382250230106308e+01 5.333309570448671622e+01 -5.556465259237993060e+00 -1.376728124595174130e+00 -1.110079992932051285e+00
1.864605105896905357e+01 2.388622706430631837e+01 5.351646081039421432e+01 -4.896330185396574386e+00 -1.224770764334099260e+00 -9.792908869281951034e-01
1.868812998130490755e+01 2.387881110622973679e+01 5.367407479481648380e+01 -4.222619199158689440e+00 -1.064781856658289616e+00 -8.453556387250888982e-01
1.872372856921979789e+01 2.387193058280302793e+01 5.380647934333116211e+01 -3.537134238254596941e+00 -8.978922651839008617e-01 -7.086936400973643524e-01
1.875284973012282919e+01 2.386588758042414682e+01 5.391414547880219033e+01 -2.841740036227694777e+00 -7.252413804752098070e-01 -5.697380512136170916e-01
1.877549622272193375e+01 2.386092985952710066e+01 5.399746724908246165e+01 -2.138354204124704339e+00 -5.479749403552373055e-01 -4.289335929708075756e-01
1.879167043134087933e+01 2.385725048953743865e+01 5.405675654044428313e+01 -1.428937011924314771e+00 -3.672432627009692974e-01 -2.867342914562433509e-01
1.880137418854629772e+01 2.385498756840603818e+01 5.409223902714273891e+01 -7.154809312710971314e-01 -1.841998094872040470e-01 -1.436011844792517700e-01
0.000000000000000000e+00 0.000000000000000000e+00 0.000000000000000000e+00 0.000000000000000000e+00 0.000000000000000000e+00 0.000000000000000000e+00
0.000000000000000000e+00 0.000000000000000000e+00 0.000000000000000000e+00 0.000000000000000000e+00 0.000000000000000000e+00 0.000000000000000000e+00
1.399020743825919944e+01 1.966798478712449949e+01 4.471265691156666833e+01 -5.911476726699158579e-01 -1.384120059973329431e-01 -1.166388361307603150e-01
1.397110504866096647e+01 1.966370744346493993e+01 4.469011845095977975e+01 -1.179876745988699405e+00 -2.765813855684033373e-01 -2.328642683086160625e-01
1.395315449890750159e+01 1.964263641420772188e+01 4.465231816780908503e+01 -1.763776660675344887e+00 -4.140843504812566911e-01 -3.484455799191418235e-01
1.393004096323502239e+01 1.961100395058298673e+01 4.459890410223039225e+01 -2.340452950263470111e+00 -5.506154092270117983e-01 -4.630368037912920287e-01
1.390074341065172092e+01 1.956971643188300192e+01 4.452938807042453107e+01 -2.907535318932769286e+00 -6.858556493977844282e-01 -5.763099507077363848e-01
1.386501833321946009e+01 1.951887157524505412e+01 4.444315018262576444e+01 -3.462685756268503834e+00 -8.194866119212218525e-01 -6.879426316457735169e-01
1.382263726898595912e+01 1.945852211100620366e+01 4.433944457603037392e+01 -4.003606700094241688e+00 -9.511915139240668671e-01 -7.976183124796613066e-01
1.377359079926980101e+01 1.938847323426181291e+01 4.421740631550316181e+01 -4.528049257621408863e+00 -1.080656364572775363e+00 -9.050266526180038573e-01
1.371769010810953304e+01 1.930868273506355592e+01 4.407605940463400174e+01 -5.033821494300902089e+00 -1.207569217924677307e+00 -1.009865679679925021e+00
1.365485023329434000e+01 1.921897966705774863e+01 4.391432584433900388e+01 -5.518796798959504812e+00 -1.331623240715242851e+00 -1.111840118842027270e+00
1.358492109965556338e+01 1.911923545176579964e+01 4.373103567310313622e+01 -5.980922333282186365e+00 -1.452513983870112657e+00 -1.210665485060296698e+00
1.350777544571794664e+01 1.900927829422686699e+01 4.352493792266716355e+01 -6.418227573550521647e+00 -1.569940192700619797e+00 -1.306068600714469508e+00
1.342326974691788521e+01 1.888893479256864083e+01 4.329471242515693774e+01 -6.828832952985348648e+00 -1.683608405113946160e+00 -1.397784287376102830e+00
1.333124981618500549e+01 1.875802704564607382e+01 4.303898241268279889e+01 -7.210958614196765204e+00 -1.793227911953651388e+00 -1.485561656180501178e+00
1.323157653728265970e+01 1.861634978764386616e+01 4.275632785804670988e+01 -7.562933283266498385e+00 -1.898515624745255925e+00 -1.569160450704190524e+00
1.312407566846623652e+01 1.846372359582088407e+01 4.244529951537922585e+01 -7.883203279979892564e+00 -1.999194558269129951e+00 -1.648353734688096539e+00
1.300860579203624745e+01 1.829993007916921144e+01 4.210443363192911193e+01 -8.170341682729269195e+00 -2.094993331512367885e+00 -1.722929521388895990e+00
1.288499711185413510e+01 1.812477632902501412e+01 4.173226731643941889e+01 -8.423057671543496383e+00 -2.185650082224367630e+00 -1.792687950231114158e+00
1.275309202363308891e+01 1.793805768974697301e+01 4.132735456500554250e+01 -8.640206078376085230e+00 -2.270909994134325594e+00 -1.857444813108130921e+00
1.261274015387491154e+01 1.773956613654318559e+01 4.088828296108446381e+01 -8.820797179753908424e+00 -2.350527161764404571e+00 -1.917030707280507063e+00
1.246378782320829615e+01 1.752910428761019546e+01 4.041369108139211619e+01 -8.964006772498018805e+00 -2.424265544192177657e+00 -1.971291065789729569e+00
1.230608349388272416e+01 1.730648347389211494e+01 3.990228665221508919e+01 -9.069186577405929484e+00 -2.491898618530237641e+00 -2.020087457209979398e+00
1.213949372123895287e+01 1.707151132983016950e+01 3.935286550932865168e+01 -9.135875017088926242e+00 -2.553211558919185720e+00 -2.063296331737523914e+00
1.196388443994766781e+01 1.682401405762040270e+01 3.876433141683255457e+01 -9.163808410580356778e+00 -2.608000453196974711e+00 -2.100810704343208268e+00
1.177913506455483805e+01 1.656382586893181852e+01 3.813571679285593774e+01 -9.152932616311668212e+00 -2.656074180200483248e+00 -2.132539154880818799e+00
1.158513869207341251e+01 1.629079229988875710e+01 3.746620436973443447e+01 -9.103415133402847914e+00 -2.697254378536827701e+00 -2.158406716966403405e+00
1.138179247576720243e+01 1.600478331381611596e+01 3.675514977888821022e+01 -9.015657635139362469e+00 -2.731377541433444911e+00 -2.178353623327160538e+00
1.116902214129035897e+01 1.570567220417711063e+01 3.600210499180484902e+01 -8.890308853770068964e+00 -2.758294061351019177e+00 -2.192337085721019374e+00
1.094675564231959086e+01 1.539336528408013116e+01 3.520684246372614012e+01 -8.728277657909318421e+00 -2.777870881651588242e+00 -2.200329453224552978e+00
1.071494755677498034e+01 1.506778074456865468e+01 3.436937971171632000e+01 -8.530746058695774181e+00 -2.789991334355987895e+00 -2.202319170076243893e+00
1.047356544136125578e+01 1.472886544699976952e+01 3.349000391070060800e+01 -8.299181745295781454e+00 -2.794555544378781953e+00 -2.198311151861720436e+00
1.022259618993783015e+01 1.437659158664865267e+01 3.256929590892247006e+01 -8.035349583187855416e+00 -2.791483575980338916e+00 -2.188324402268376989e+00
9.962053754971215369e+00 1.401095185047680935e+01 3.160815285057677571e+01 -7.741321312092388496e+00 -2.780714104311122981e+00 -2.172394084143844939e+00
9.691967291056434064e+00 1.363197399173345303e+01 3.060780835558855273e+01 -7.419482461390187744e+00 -2.762205849626933940e+00 -2.150570802401531090e+00
9.412388792725035813e+00 1.323971573025740334e+01 2.956984895852162865e+01 -7.072535272736710787e+00 -2.735939933479997421e+00 -2.122918933010321751e+00
9.123398546360165895e+00 1.283426163915918572e+01 2.849622527206921418e+01 -6.703496203315600255e+00 -2.701917518011800912e+00 -2.089519628833042209e+00
8.825094264572827640e+00 1.241573612946374894e+01 2.738925614543222053e+01 -6.315686407992902041e+00 -2.660165152370376873e+00 -2.050466068515479634e+00
8.517605253645990970e+00 1.198429116156789043e+01 2.625162397170360506e+01 -5.912713501313887399e+00 -2.610731079802445453e+00 -2.005867683461453499e+00
8.201078586126069325e+00 1.154012169052039205e+01 2.508635930376465240e+01 -5.498442922677929445e+00 -2.553688907571803224e+00 -1.955846947765965238e+00
7.875696717341866382e+00 1.108344938526838064e+01 2.389681310810284032e+01 -5.076957412267065095e+00 -2.489137629939286889e+00 -1.900539726478920777e+00
7.541658295575857984e+00 1.061454285111928364e+01 2.268661535645468774e+01 -4.652503486763998275e+00 -2.417201431755101826e+00 -1.840095739030588984e+00
7.199194591850908154e+00 1.013370190880899102e+01 2.145961924663373210e+01 -4.229424402278379347e+00 -2.338030750962377002e+00 -1.774677642940566402e+00
6.848560138010681086e+00 9.641267321576277638e+00 2.021983115165456368e+01 -3.812079902020670819e+00 -2.251801973625490838e+00 -1.704461346965510327e+00
6.490034162361043357e+00 9.137619362204581819e+00 1.897132738305374033e+01 -3.404754030457357139e+00 -2.158719067460322716e+00 -1.629634230194328515e+00
6.123926561713918026e+00 8.623171464036195388e+00 1.771815994698722818e+01 -3.011553380573460892e+00 -2.059011959252653234e+00 -1.550396444321520351e+00
5.750566124721910199e+00 8.098381226033888325e+00 1.646425456464418957e+01 -2.636299220789446451e+00 -1.952937605112402997e+00 -1.466959333343438310e+00
5.370311029644346590e+00 7.563738736365235305e+00 1.521330519496335398e+01 -2.282417896347846309e+00 -1.840778172423881642e+00 -1.379546536069480744e+00
4.983540450998088289e+00 7.019773370857495642e+00 1.396867000818431315e+01 -1.952834587513205156e+00 -1.722843025129117134e+00 -1.288391065609572284e+00
4.590664000679649526e+00 6.467042335254902241e+00 1.273327410415356908e+01 -1.649875824915712830e+00 -1.599465357160643419e+00 -1.193737508872928066e+00
4.192092648631702723e+00 5.906157304929821272e+00 1.150952418249325859e+01 -1.375186044365924953e+00 -1.471003180904024710e+00 -1.095839629595789289e+00
3.788287083744414918e+00 5.337733204747855176e+00 1.029923984348250876e+01 -1.129662900956009075e+00 -1.337837928010426669e+00 -9.949601110099078882e-01
3.379709520750623142e+00 4.762433131737354053e+00 9.103605282005929666e+00 -9.134151092466534783e-01 -1.200371496242736535e+00 -8.913716013980526043e-01
2.966835278059963166e+00 4.180953109340572738e+00 7.923143939451112061e+00 -7.257453409516033682e-01 -1.059027760601177537e+00 -7.853530451490501330e-01
2.550169483168780893e+00 3.594001335796786378e+00 6.757717341545346201e+00 -5.651593362280237232e-01 -9.142476609460482573e-01 -6.771921922637262892e-01
2.130232162055923695e+00 3.002308694942791956e+00 5.606548023220298660e+00 -4.294010197794673189e-01 -7.664884184105378306e-01 -5.671837438144395893e-01
1.707542438376604910e+00 2.406639833711726517e+00 4.468265255276217651e+00 -3.155121899762241555e-01 -6.162258520167362974e-01 -4.556241765808849431e-01
1.282651110722597743e+00 1.807755573307388675e+00 3.340971332924179471e+00 -2.199143600100222085e-01 -4.639406863927826863e-01 -3.428223755287876928e-01
8.561253275404878682e-01 1.206422974457074027e+00 2.222325504037537591e+00 -1.385096163942240444e-01 -3.101281941301412548e-01 -2.290867549968690631e-01
4.285796827816499288e-01 6.033787778789423406e-01 1.109642196361681821e+00 -6.679691390043852872e-02 -1.552796189864475429e-01 -1.147404513463289033e-01
-8.545512780535422563e-15 -2.578189982990529128e-14 -9.991416476108332215e-15 2.341331980481601794e-14 -1.136567942021355710e-14 4.005054424276584041e-16
-8.545512780535422563e-15 -2.578189982990529128e-14 -9.991416476108332215e-15 2.341331980481601794e-14 -1.136567942021355710e-14 4.005054424276584041e-16
-1.003890336194511389e-10 1.003204860515029970e-10 -6.085293667199900247e-14 -1.998674506668321029e-13 -2.351463915897491689e-13 4.453553631908956711e-13
-5.021052071767221013e-11 5.010790592311925702e-11 -1.027590268639461322e-13 -4.253275304062704284e-13 1.018492321727116891e-12 -5.907903120452002347e-13
-3.294648698275078450e-11 3.281052195274799107e-11 -1.432428928091408282e-13 -6.263367494560981287e-13 -1.827903899780873016e-13 8.036733476978679652e-13
-2.472346268433653225e-11 2.457271250461646031e-11 -1.840007102283760241e-13 -8.015754831581821010e-13 -5.988741791879712789e-15 7.947409552457735053e-13
-1.919162705106183596e-11 1.898563675052468172e-11 -2.382529600083471246e-13 -9.624743719989339477e-13 3.025112245886115782e-13 6.627356476798000583e-13
-1.613118575504273012e-11 1.589432767315722664e-11 -2.916256937844282411e-13 -1.104248091225298737e-12 7.300450175854236353e-14 1.033274607038837613e-12
-1.371524187929414447e-11 1.342904064716110106e-11 -3.082474316752867590e-13 -1.234358256469964416e-12 7.384519774864311879e-14 1.151442333647148334e-12
-1.189530831182174215e-11 1.158968320493078988e-11 -3.747223915102161470e-13 -1.316127216665366499e-12 -9.376765622963564877e-14 1.407363592574138149e-12
-1.061086320288429813e-11 1.025567064522727008e-11 -4.077718790538720907e-13 -1.378468018761807467e-12 -3.399626215168778955e-14 1.427787312107831553e-12
-9.158397762043096765e-12 8.841109640799547401e-12 -4.250216764338539761e-13 -1.472644633339552054e-12 -6.149148657135455687e-14 1.525294730403214602e-12
-8.787651337414520483e-12 8.400191247410923359e-12 -4.830353176408005317e-13 -1.551051121528853268e-12 1.328406029817089257e-14 1.541952990595429624e-12
-7.757074954384553852e-12 7.382944184813614675e-12 -5.135330160943823441e-13 -1.578399683076088885e-12 -7.219021222567720717e-14 1.653132134703929466e-12
-7.252055993017754931e-12 6.884932749904729432e-12 -5.766237615957103132e-13 -1.616856561415971804e-12 -1.332556871785902127e-13 1.770251830806735298e-12
-6.352232370066909339e-12 6.022561756387644935e-12 -5.892226811974338640e-13 -1.665257436058306839e-12 -7.327469247736741401e-14 1.742706509301267286e-12
-5.620048280572421228e-12 5.308774543491191225e-12 -6.144970635429233694e-13 -1.608947607474697601e-12 -2.366884502851718168e-13 1.862039637427624729e-12
-5.333974011650293694e-12 5.014206432167491587e-12 -6.315453805180530280e-13 -1.662442374205639526e-12 -1.879030468563524177e-13 1.866959492385219303e-12
-4.985976650169865467e-12 4.715503782257634236e-12 -6.883255618626687677e-13 -1.722102612816235022e-12 -1.173693682993284075e-13 1.868827568315091451e-12
-4.598907239400330590e-12 4.336496717199081865e-12 -7.063535313183113993e-13 -1.705929463387059598e-12 -1.917234227898845738e-13 1.928529170126051085e-12
-4.061654878731325059e-12 3.865152640217039363e-12 -7.612019944309990248e-13 -1.700529226904959572e-12 -1.744705256779694155e-13 1.923580238665841507e-12
-3.789429169086981653e-12 3.586965670988890885e-12 -7.563495586811561679e-13 -1.701602651497041665e-12 -2.143972625295197660e-13 1.964080453252306657e-12
-3.602719508523729408e-12 3.484684648152093768e-12 -8.402858483135311763e-13 -1.740888554567135619e-12 -2.071417849387245810e-13 1.995088215079438251e-12
-3.311118376391015274e-12 3.191204851411844982e-12 -8.432824843818011551e-13 -1.694522873198077889e-12 -2.973785697442926773e-13 2.060515955770779775e-12
-2.967193961002941494e-12 2.896278539836981340e-12 -8.576488630364934070e-13 -1.690129489559284609e-12 -2.743738237459302322e-13 2.055236913141328992e-12
-2.737098016614972913e-12 2.765761843090140269e-12 -9.307043164987879080e-13 -1.684447464799018565e-12 -2.821201766216413584e-13 2.076344992212490427e-12
-2.583085769277823862e-12 2.588088783782333105e-12 -9.484363591235703793e-13 -1.694232401658902957e-12 -2.763852995583895156e-13 2.074201239296614172e-12
-2.300383326577251916e-12 2.380053659639660570e-12 -9.629595887810599588e-13 -1.661741489432209089e-12 -3.188804200640960976e-13 2.098052030574972246e-12
-2.025693941209692876e-12 2.204094714066930947e-12 -1.033953829062296750e-12 -1.675386335479078916e-12 -3.335368607884366575e-13 2.140810332790479328e-12
-1.934850088007625586e-12 2.068863613218538635e-12 -1.037635222189015792e-12 -1.602084321789259727e-12 -3.973876557339691972e-13 2.169742887159927443e-12
-1.695155186597796032e-12 1.989564853786917086e-12 -1.087571048661007422e-12 -1.621178839585756009e-12 -4.129974233491592251e-13 2.207990516412016672e-12
-1.604007465046612535e-12 1.851372821569974453e-12 -1.101062000316587526e-12 -1.561163984566390693e-12 -4.680387764005142097e-13 2.244505552250637632e-12
-1.408712126972386298e-12 1.771336681288836196e-12 -1.130599046537337850e-12 -1.583280985989531507e-12 -4.381073616228383524e-13 2.236361811367331460e-12
-1.311040000528522403e-12 1.683612328087685555e-12 -1.154446751314744953e-12 -1.563262146720984738e-12 -4.763600266474024027e-13 2.278176035342069582e-12
-1.139867837753265530e-12 1.546704511057043039e-12 -1.198322857335159707e-12 -1.566093759002222548e-12 -4.585375900241077157e-13 2.310580402252334315e-12
-1.060012054321987213e-12 1.509170435515615693e-12 -1.241160305700632832e-12 -1.550154052243186522e-12 -5.136164678929480576e-13 2.369319793897062785e-12
-9.294270715291189857e-13 1.413720063155845168e-12 -1.260682502034060012e-12 -1.569843145363882387e-12 -4.975655151411786121e-13 2.368163612607999520e-12
-7.995158259906334234e-13 1.299288405926652250e-12 -1.297854280299223756e-12 -1.528869018606758578e-12 -5.133507952965225838e-13 2.401001960494897120e-12
-6.844153001241309503e-13 1.228992476482803453e-12 -1.343940270415237338e-12 -1.479014235616670292e-12 -5.422210173574235343e-13 2.409931515979380227e-12
-5.627803125625383983e-13 1.143273319989007841e-12 -1.357183535723110931e-12 -1.458287456479665591e-12 -5.803574178116148771e-13 2.443459407411626164e-12
-5.168153404003897164e-13 1.149005469084712473e-12 -1.396327843970951267e-12 -1.471161882700313014e-12 -5.814993445810547107e-13 2.484401782960995849e-12
-4.448885989790374708e-13 1.126803982100517245e-12 -1.412536901710054941e-12 -1.450573748569211893e-12 -6.000035759617975040e-13 2.504338496903556563e-12
-3.658148072456069153e-13 1.025020681644470840e-12 -1.435531261658557959e-12 -1.416934364978660636e-12 -6.254890663296195062e-13 2.538914588802293644e-12
-3.371904979183056139e-13 9.350895898367482448e-13 -1.453497282856526580e-12 -1.368928307349503713e-12 -6.429760041762423205e-13 2.544647298378782669e-12
-2.630185147887036647e-13 9.016532402707865122e-13 -1.490376447180867021e-12 -1.362702153076269217e-12 -6.452363421068045973e-13 2.605282635323703045e-12
-1.992333164668433237e-13 8.635803189405919491e-13 -1.512135429425084518e-12 -1.350561774268521385e-12 -6.745682018457248890e-13 2.637185935825942821e-12
-1.742353978936541847e-13 8.297685756092767760e-13 -1.508119733622106899e-12 -1.313061388478248566e-12 -6.986764644510796403e-13 2.655897573882769229e-12
-1.627294027396304548e-13 8.432195784255413884e-13 -1.572949771593014055e-12 -1.295985528431536815e-12 -7.054535725961555158e-13 2.707298112108183877e-12
-9.596940804445999824e-14 7.737316214560846207e-13 -1.553483346938169229e-12 -1.268912355128635954e-12 -7.397128983633970496e-13 2.727595317275183551e-12
-5.476990975218732755e-13 1.236350203129386818e-12 -8.166115930339441175e-13 -2.010925362100766148e-12 7.018977020413806293e-13 1.303627000073614283e-12
-5.476990975218732755e-13 1.236350203129386818e-12 -8.166115930339441175e-13 -2.010925362100766148e-12 7.018977020413806293e-13 1.303627000073614283e-12
4.718176481228350538e-01 4.718526260273072093e-01 -5.699251548761796737e-01 -5.699346819221305926e-01 5.563374574793561456e-01 5.563433234004050432e-01
9.394004961370928664e-01 9.394701327738855801e-01 -1.135991955728265168e+00 -1.136010754686105351e+00 1.109292181739865546e+00 1.109303940409855915e+00
1.398558550988771909e+00 1.398662212713059239e+00 -1.694359024447024575e+00 -1.694386592486411214e+00 1.655480708022655234e+00 1.655498411842150963e+00
1.845191639259826877e+00 1.845328387133736037e+00 -2.241219208688864484e+00 -2.241254809904553280e+00 2.191518486671674815e+00 2.191542211082730063e+00
2.275332170296279433e+00 2.275500773332830295e+00 -2.772815322371955826e+00 -2.772858009048613237e+00 2.714019878703388233e+00 2.714049718368142461e+00
2.685185426320356061e+00 2.685384378212328560e+00 -3.285454382313641730e+00 -3.285503022084857339e+00 3.219598828579669725e+00 3.219634892238896651e+00
3.071166729979959431e+00 3.071394268613973910e+00 -3.775520078182370565e+00 -3.775573386161794609e+00 3.704870492587463371e+00 3.704912896564442448e+00
3.429934972025009188e+00 3.430189101028069842e+00 -4.239483400302860083e+00 -4.239539975155476093e+00 4.166454147219354809e+00 4.166503007531964009e+00
3.758422127263495671e+00 3.758700638824834073e+00 -4.673911564511727512e+00 -4.673969927377708444e+00 4.600977760098776237e+00 4.601033183146157057e+00
4.053858535546120301e+00 4.054159033812525514e+00 -5.075475604589931855e+00 -5.075534239776031242e+00 5.005084676037768077e+00 5.005146747838662868e+00
4.313793866729750626e+00 4.314113791181032553e+00 -5.440957239830558123e+00 -5.441014636234574375e+00 5.375442951646068224e+00 5.375511725627849735e+00
4.536113816193852344e+00 4.536450464536827987e+00 -5.767255856950667336e+00 -5.767310549264029973e+00 5.708757961046197593e+00 5.708833444418068837e+00
4.719052684244950946e+00 4.719403234532916436e+00 -6.051396660502495806e+00 -6.051447269338079415e+00 6.001788988136392611e+00 6.001871126933573386e+00
4.861202074613727220e+00 4.861563606460403975e+00 -6.290541232094335022e+00 -6.290586502282710768e+00 6.251370610021149687e+00 6.251459272982361703e+00
4.961516002474455789e+00 4.961885517397290890e+00 -6.482001882323581654e+00 -6.482040718703329318e+00 6.454439750360993600e+00 6.454534711902250699e+00
5.019312731421588403e+00 5.019687172484530002e+00 -6.623261263776715424e+00 -6.623292763851045706e+00 6.608069324269714606e+00 6.608170246949801374e+00
5.034273663839737623e+00 5.034649934878684618e+00 -6.711998718182429435e+00 -6.712022201018279510e+00 6.709509386093255756e+00 6.709615803129273637e+00
5.006439593766847551e+00 5.006814578548230976e+00 -6.746124730491660948e+00 -6.746139761188658213e+00 6.756236599932993414e+00 6.756347898519547535e+00
4.936204600245855723e+00 4.936575181938144041e+00 -6.723824627275333476e+00 -6.723831036236084024e+00 6.746012646563310788e+00 6.746128052968400013e+00
4.824307817374336338e+00 4.824670898698267152e+00 -6.643612253342507046e+00 -6.643610149442825907e+00 6.676951822395003511e+00 6.677070390035586556e+00
4.671823269937239509e+00 4.672175794300956753e+00 -6.504393756741099430e+00 -6.504383533348414126e+00 6.547597540109299175e+00 6.547718142029550492e+00
4.480147915509880008e+00 4.480486889346773083e+00 -6.305540783986113063e+00 -6.305523116648807935e+00 6.357006678314609083e+00 6.357128005662617376e+00
4.250987989579407156e+00 4.251310505982126564e+00 -6.046971328200704932e+00 -6.046947162771217243e+00 6.104839739272951427e+00 6.104960307454172508e+00
3.986343713096523800e+00 3.986646976701723410e+00 -5.729235207713157862e+00 -5.729205737736388748e+00 5.791453581270594952e+00 5.791571745393652826e+00
3.688492394628308801e+00 3.688773747554700666e+00 -5.353599751804674511e+00 -5.353566384255130650e+00 5.417992163377800097e+00 5.418106144344989161e+00
3.359969943626309075e+00 3.360226892120082187e+00 -4.922129861330772016e+00 -4.922094170275269853e+00 4.986469400823155596e+00 4.986577322903904097e+00
3.003550807980448045e+00 3.003781049284043547e+00 -4.437755384149945748e+00 -4.437719052666717623e+00 4.499837066854364132e+00 4.499937006794179517e+00
2.622226357735436331e+00 2.622427806578999654e+00 -3.904317940171620371e+00 -3.904282691863899757e+00 3.962029932234426788e+00 3.962119978909526719e+00
2.219181756457750510e+00 2.219352570488241749e+00 -3.326589213186950555e+00 -3.326556735813618548e+00 3.377980270533136764e+00 3.378058592936217686e+00
1.797771390323269936e+00 1.797909993736842127e+00 -2.710253534443164636e+00 -2.710225399419333048e+00 2.753594713662009141e+00 2.753659633733482437e+00
1.361492959968629402e+00 1.361598064607178360e+00 -2.061849461194917854e+00 -2.061827043799773218e+00 2.095688362468492105e+00 2.095738428162476907e+00
9.139603785256255053e-01 9.140310017336129578e-01 -1.388667986313191438e+00 -1.388652392163695959e+00 1.411874025681524536e+00 1.411908078893353125e+00
4.588756577913442047e-01 4.589111364112841707e-01 -6.986087776338589794e-01 -6.986007811422751956e-01 7.104082523293797635e-01 7.104254861132714982e-01
-2.123286423707423489e-15 -1.115879767489935262e-15 1.996476246562747196e-15 1.907197308499298624e-15 -2.272088354119261360e-15 -3.535003504699196108e-15
