0.000000000000000000e+00 0.000000000000000000e+00 0.000000000000000000e+00 0.000000000000000000e+00 0.000000000000000000e+00 0.000000000000000000e+00
1.150147725488659658e-08 -2.390191805209531562e-12 -5.267372787453288737e-09 -1.079026697943796504e-10 1.079409303276797267e-10 -2.642961930674937700e-14
2.886985286965629870e-09 -2.397191096044593195e-12 -1.322441649384919192e-09 -5.402653411851850511e-11 5.410299184423288963e-11 -5.264127020179380218e-14
1.280913232685292336e-09 -2.370383636177764638e-12 -5.869582705217376101e-10 -3.593022120025193853e-11 3.604482056658415521e-11 -7.853363857025278943e-14
7.210514335381673261e-10 -2.346352182558998214e-12 -3.305880361601949732e-10 -2.687742043515943373e-11 2.703036778092471909e-11 -1.041873551355492864e-13
4.621515624929864217e-10 -2.307267842610951990e-12 -2.120286666762337564e-10 -2.154736327800133423e-11 2.173775365734732317e-11 -1.289755942106389326e-13
3.206292814105657209e-10 -2.266959071414879406e-12 -1.472475920876873114e-10 -1.788801735733618734e-11 1.811641592475635586e-11 -1.527936408188340595e-13
2.350309883218474364e-10 -2.217819651790761748e-12 -1.080511047944384082e-10 -1.525713633076958281e-11 1.552125798773461525e-11 -1.754306776916874677e-13
1.807250029518576456e-10 -2.148280843692497713e-12 -8.321555732791805870e-11 -1.340793019332149834e-11 1.371110117676913120e-11 -1.987275197201294119e-13
1.426666155902349597e-10 -2.100826660166249789e-12 -6.579440544448427723e-11 -1.187418459408980465e-11 1.221269581390618024e-11 -2.202394179136811433e-13
1.155536634136062609e-10 -2.037805707828332425e-12 -5.340498776515881147e-11 -1.064613147156478560e-11 1.102011836217983704e-11 -2.385176516660006559e-13
9.555486394791959601e-11 -1.975278344068216638e-12 -4.426567304844015152e-11 -9.672273266987631536e-12 1.008287100267775853e-11 -2.581099062926704776e-13
8.010619876688147008e-11 -1.913704357815336421e-12 -3.723692959093083409e-11 -8.861203930141253947e-12 9.310101518649863032e-12 -2.738496469680737602e-13
6.842684055682123182e-11 -1.821763812531269976e-12 -3.189818754284519468e-11 -8.166750466792192111e-12 8.650442903276506938e-12 -2.918636373682986595e-13
5.870192036482636606e-11 -1.768639771532493300e-12 -2.748542263198247725e-11 -7.517819065022483475e-12 8.036776799334936470e-12 -3.025780988100196802e-13
5.125904615905013095e-11 -1.658036050225005257e-12 -2.411405732708173250e-11 -7.015132294580376374e-12 7.568359683324088230e-12 -3.172230793279643069e-13
4.481949199158201317e-11 -1.579105012285044387e-12 -2.119219931223494124e-11 -6.505318374682585458e-12 7.094806310458935099e-12 -3.287266030450194621e-13
4.011731243469923049e-11 -1.514711600033695523e-12 -1.907549629523101452e-11 -6.154552157025993255e-12 6.779851887699350844e-12 -3.413082715648156499e-13
3.528737271284548207e-11 -1.419567283137077287e-12 -1.685467646547657047e-11 -5.787938306822833585e-12 6.441286510131604108e-12 -3.520898466892052376e-13
3.177286476227929414e-11 -1.321643205630527795e-12 -1.530342848114233372e-11 -5.476375260328522683e-12 6.165611059446553874e-12 -3.597122786346216552e-13
2.859158893874644642e-11 -1.255860542619091807e-12 -1.386423888166909326e-11 -5.165578885112899784e-12 5.887187921607227935e-12 -3.681158503572922222e-13
2.605030269760421365e-11 -1.182142065476300280e-12 -1.272626161021931044e-11 -4.929168576251328855e-12 5.688548780374682901e-12 -3.798990266337262086e-13
2.335715133212444850e-11 -1.110499346927146397e-12 -1.154240532590749752e-11 -4.668844952861845148e-12 5.460203497932647144e-12 -3.801827521971234518e-13
2.150427301872916694e-11 -1.028582167395141857e-12 -1.069248076794241801e-11 -4.454628180707956716e-12 5.279725378623642304e-12 -3.917027833018830301e-13
1.962114863827636421e-11 -9.426729494598009238e-13 -9.864096833975868628e-12 -4.239543796066040987e-12 5.102403724426164733e-12 -3.994919302985799808e-13
1.797712468067612378e-11 -8.788329187072412358e-13 -9.138817715565596702e-12 -4.074426592738912954e-12 4.968562825863570905e-12 -4.061731111601912719e-13
1.654953344045249157e-11 -7.940098044321934148e-13 -8.478660093444805085e-12 -3.858682249194747306e-12 4.779744647175010840e-12 -4.175692724058551141e-13
1.542656742313531548e-11 -7.214918472003925210e-13 -7.980004190534126678e-12 -3.725770390421137047e-12 4.680114165103941462e-12 -4.247845085492795869e-13
1.433262837499262480e-11 -7.030309756150680994e-13 -7.493186275698621653e-12 -3.586627090645965749e-12 4.582686477868719030e-12 -4.358687684430837676e-13
1.318082811623592025e-11 -6.407257500493217623e-13 -6.998434236926725587e-12 -3.423618142794130042e-12 4.454772479696041890e-12 -4.408393632639812200e-13
1.220342226317642999e-11 -5.717459086598407901e-13 -6.546395386176882421e-12 -3.288999308441745112e-12 4.352587060636344365e-12 -4.559418102097255139e-13
1.135342467523018095e-11 -5.422165529578369313e-13 -6.143552315386306324e-12 -3.169182339530923252e-12 4.260095792375038200e-12 -4.684081154947229340e-13
1.054337505079437432e-11 -4.864806689328281658e-13 -5.797464548048850994e-12 -3.037511424740497593e-12 4.162731035923482779e-12 -4.798421357107651435e-13
9.845549682078188542e-12 -4.538099078105216724e-13 -5.466157923936910767e-12 -2.938781454813608093e-12 4.102304781617507028e-12 -5.023727203739528090e-13
9.264997832312077251e-12 -4.292950249968454694e-13 -5.202262419121592787e-12 -2.803811520458153626e-12 4.006514440247001986e-12 -5.210535293666952399e-13
8.691114401217042616e-12 -4.154030257035040918e-13 -4.924761099785733098e-12 -2.713466785504917418e-12 3.954937256800852952e-12 -5.394844335411840444e-13
8.207545039201790080e-12 -4.001384934964135442e-13 -4.681832223338655123e-12 -2.616737903533344815e-12 3.889257056093286076e-12 -5.627909864573751206e-13
7.710575347580145510e-12 -3.792137498582202642e-13 -4.442394224690979815e-12 -2.518546063339794870e-12 3.824729304575963957e-12 -5.915030153385548643e-13
7.255337036064783039e-12 -3.704534453622628821e-13 -4.219237328409427826e-12 -2.404605427176335592e-12 3.753537689613181970e-12 -6.137939562054900844e-13
6.801369211344579820e-12 -3.468363577778913793e-13 -3.998210231266950455e-12 -2.313506983894735907e-12 3.693394341201052394e-12 -6.485924541236500124e-13
6.462789445916132430e-12 -3.519015680086176078e-13 -3.816917584004957619e-12 -2.224424588180829168e-12 3.643668835044705090e-12 -6.805352811033676441e-13
6.069546098312865270e-12 -3.591526552472418791e-13 -3.614307247847063539e-12 -2.135971844910913547e-12 3.590352459894170390e-12 -7.146437216490509507e-13
5.784361660070373796e-12 -3.771084299776194108e-13 -3.451813778383614374e-12 -2.047865498292243281e-12 3.541118189482723983e-12 -7.552285010768971160e-13
5.489694798923552217e-12 -3.862696635863997870e-13 -3.279385423920606858e-12 -1.974973449386191179e-12 3.506971389988622899e-12 -7.953470961865220655e-13
5.197639552652493370e-12 -3.949926946786624119e-13 -3.109811696240430417e-12 -1.890287599550478878e-12 3.452887092549792416e-12 -8.372480950277930089e-13
4.886627853369657268e-12 -4.048955538868530130e-13 -2.934696979367263497e-12 -1.803247135702662120e-12 3.398679178176406008e-12 -8.798030412311385917e-13
4.678904645950919038e-12 -4.369356492812783130e-13 -2.791370028339344353e-12 -1.716468988842223406e-12 3.355503845348993022e-12 -9.311138246598702837e-13
4.431746736533720676e-12 -4.473951380685905560e-13 -2.641512357389896957e-12 -1.631304520380940169e-12 3.302085525129581357e-12 -9.740098802672776647e-13
4.190840331366171148e-12 -4.653105626153010055e-13 -2.483310349364464017e-12 -1.552606696052967654e-12 3.257880338495655696e-12 -1.030353045089789131e-12
3.996431520473706299e-12 -4.911097458075202589e-13 -2.351543152225828014e-12 -1.483917513701676719e-12 3.219686950199428725e-12 -1.084423768697042157e-12
3.825444205726032488e-12 -5.245805402212915146e-13 -2.223941064297352925e-12 -1.399216530430399103e-12 3.173051785397312050e-12 -1.136445318554622396e-12
3.629331490205509769e-12 -5.574018169135873157e-13 -2.082358649756359012e-12 -1.326664355885276372e-12 3.135704741708233268e-12 -1.196181714132986641e-12
3.484663578007224670e-12 -6.110504638726707551e-13 -1.961887097022932725e-12 -1.245741752352135026e-12 3.094583652007117420e-12 -1.250878739914185279e-12
3.294613792187113927e-12 -6.391943090873500517e-13 -1.835758837368115968e-12 -1.172030698898223298e-12 3.054264778898248058e-12 -1.310048953044319152e-12
3.149680486021377742e-12 -6.889027611452090214e-13 -1.718473080003514758e-12 -1.094865452455776613e-12 3.010786915920984120e-12 -1.368920535543748845e-12
2.998463824690196945e-12 -7.101090500262184016e-13 -1.585043695951973967e-12 -1.018699880043164310e-12 2.962631707779571098e-12 -1.433686693548805313e-12
2.858799783546829712e-12 -7.647926028171434132e-13 -1.472673611261670122e-12 -9.373026936741861450e-13 2.917285588167087499e-12 -1.488423312954422380e-12
2.735401724370831020e-12 -8.032568591664480542e-13 -1.345618750032723678e-12 -8.708659634470566688e-13 2.876807297214209777e-12 -1.555302459934913985e-12
2.609308550424257106e-12 -8.641479914223956074e-13 -1.243860474864103257e-12 -7.814550466872277317e-13 2.826127485453324094e-12 -1.612221049689339124e-12
2.461744371559803968e-12 -8.881396146410298574e-13 -1.114006428330543754e-12 -7.228954822841500432e-13 2.786108503397677962e-12 -1.680477616318085529e-12
2.367488980343927905e-12 -9.551258413456436599e-13 -1.015534540625548402e-12 -6.333264799984493555e-13 2.734761245042650716e-12 -1.736364074373070821e-12
2.247695410089653030e-12 -1.003243959521764013e-12 -9.085177243906235042e-13 -5.510765316243931609e-13 2.685122141533533600e-12 -1.797996435692967382e-12
2.139923241373045708e-12 -1.057554113898541710e-12 -8.044029242505538246e-13 -4.770241298628043629e-13 2.644386560611717751e-12 -1.864075565533021428e-12
2.041037022118808610e-12 -1.118760531007208025e-12 -6.948206618064995703e-13 -4.026290591512914511e-13 2.595937886051878505e-12 -1.923687035642663437e-12
1.947214340611511586e-12 -1.180978424863480042e-12 -5.831903543060214214e-13 -3.254973820299939363e-13 2.545889639345328837e-12 -1.988177857433545904e-12
1.853335389562576089e-12 -1.244720761452425239e-12 -5.010143258248602007e-13 -2.334197309263161841e-13 2.492689670436048508e-12 -2.042882946923928117e-12
1.762300066806876114e-12 -1.300748072918141682e-12 -3.959002255570452934e-13 -1.489496846582906099e-13 2.444146021838770122e-12 -2.107571000407938424e-12
1.679588346547354355e-12 -1.371483260663471424e-12 -3.108947797764385600e-13 -5.723928731986060490e-14 2.388975066534968612e-12 -2.162595654462131714e-12
1.599574869404801103e-12 -1.442456158410921803e-12 -2.078982851226869319e-13 2.519011212989803009e-14 2.335196289120861888e-12 -2.221460774670057274e-12
-2.397085359893251258e-16 4.613042235561773198e-15 -2.092785519645981955e-15 -9.694022054766627747e-17 3.842052314363998013e-16 1.876837791203608024e-15
-2.397085359893251258e-16 4.613042235561773198e-15 -2.092785519645981955e-15 -9.694022054766627747e-17 3.842052314363998013e-16 1.876837791203608024e-15
-2.026264836750762410e-01 8.518616292021504721e-01 -1.242608678925666510e+00 2.536616066664430513e-01 7.070088733939693115e-02 9.349043015357346720e-01
-4.054492425204620498e-01 1.693492741065820040e+00 -2.469081445246486872e+00 5.075535942513599297e-01 1.411343592140599790e-01 1.852647597023708403e+00
-6.086634943425595079e-01 2.514849383491833290e+00 -3.664114355142530588e+00 7.619081110824175163e-01 2.110363107072176503e-01 2.736904808579946113e+00
-8.124623473145846653e-01 3.306253021559473648e+00 -4.813970077927193891e+00 1.016960614633319659e+00 2.801492136618982109e-01 3.572925380493847669e+00
-1.017035757868613111e+00 4.058554590866433109e+00 -5.907038254063589733e+00 1.272950970579506569e+00 3.482252948545230264e-01 4.348097567389658025e+00
-1.222569503763971221e+00 4.763277841661608392e+00 -6.934178827388062238e+00 1.530123909419280670e+00 4.150295836880001366e-01 5.052295667118315237e+00
-1.429244177264752613e+00 5.412737636836923549e+00 -7.888843577592668410e+00 1.788728666607033890e+00 4.803427888205799579e-01 5.678005414232806913e+00
-1.637234203254169795e+00 6.000130651614502320e+00 -8.767003158136246199e+00 2.049017666007011407e+00 5.439639655759369585e-01 6.220254828703938088e+00
-1.846706886983938700e+00 6.519597721809756941e+00 -9.566927170682204107e+00 2.311244148045780822e+00 6.057129389330133673e-01 6.676398040081002350e+00
-2.057821495999000216e+00 6.966258724640501221e+00 -1.028887189081295439e+01 2.575658692517747372e+00 6.654324503241434430e-01 7.045806690510357129e+00
-2.270728380600520957e+00 7.336222217699008397e+00 -1.093472660612716751e+01 2.842504640555390871e+00 7.229900003154781096e-01 7.329519865883156626e+00
-2.485568137010052858e+00 7.626573028866867610e+00 -1.150765930532933545e+01 3.112012479387144204e+00 7.782793634432297880e-01 7.529893281349059997e+00
-2.702470817173849849e+00 7.835341558954728391e+00 -1.201178980951199904e+01 3.384393315287215209e+00 8.312217559618215734e-01 7.650275799453039483e+00
-2.921555188907705158e+00 7.961458753672737920e+00 -1.245190642618788068e+01 3.659831622160891751e+00 8.817666419584093696e-01 7.694729347926366536e+00
-3.142928049819740721e+00 8.004700580691016754e+00 -1.283323252425046945e+01 3.938477512592450935e+00 9.298921681255115645e-01 7.667798621201003861e+00
-3.366683598176093639e+00 7.965625489188557395e+00 -1.316124261176297772e+01 4.220438831530854529e+00 9.756052223915673283e-01 7.574330132879638633e+00
-3.592902863579138906e+00 7.845507817445191989e+00 -1.344152334282812333e+01 4.505773416364162287e+00 1.018941116514817002e+00 7.419336030229908729e+00
-3.821653200026226216e+00 7.646269527759611329e+00 -1.367967282589689582e+01 4.794481897088267885e+00 1.059962897582728436e+00 7.207896027428583707e+00
-4.052987843597569473e+00 7.370412054213122843e+00 -1.388123101719951435e+01 5.086501422886796853e+00 1.098760298062056329e+00 6.945090225252156024e+00
-4.286945536694994452e+00 7.020949498750439943e+00 -1.405163429760154337e+01 5.381700693508874700e+00 1.135448338555077541e+00 6.635955899295718829e+00
-4.523550220418260714e+00 6.601343939384869408e+00 -1.419618812064985569e+01 5.679876643082882204e+00 1.170165601680506873e+00 6.285462128175398178e+00
-4.762810796320264828e+00 6.115443240411478243e+00 -1.432005259177604017e+01 5.980753069481138162e+00 1.203072199465567316e+00 5.898497105461126822e+00
-5.004720958435171063e+00 5.567421484641274176e+00 -1.442823681464195396e+01 6.283981424804326643e+00 1.234347460264600072e+00 5.479863955391024888e+00
-5.249259096117888213e+00 4.961721977904155700e+00 -1.452559872442802202e+01 6.589143884659581119e+00 1.264187364476898168e+00 5.034281756748785419e+00
6.665231928123795647e-13 -3.727470770680132567e-13 -5.009059267386766007e-13 1.324896444519042605e-12 -5.949020033886667129e-14 -1.750999380019367655e-13
6.517641911079010516e-13 -3.618453915074542740e-13 -4.533675310160554649e-13 1.257992323287754816e-12 -6.375606785731606390e-14 -1.734632942436104461e-13
6.571479712829782148e-13 -3.182318860041437531e-13 -4.141564302299155412e-13 1.165328683724465656e-12 -6.505025649925494840e-14 -1.739243815422164297e-13
6.813563800043845088e-13 -3.196147945675782986e-13 -3.226253911616871148e-13 1.084015395429170006e-12 -5.654425214313536804e-14 -1.789832144508377940e-13
6.867634727501643368e-13 -2.902554338028743063e-13 -2.988976861872755221e-13 1.008913201191651434e-12 -6.312223007509072548e-14 -1.799331838993576599e-13
6.838198723313332237e-13 -2.389917633428539606e-13 -2.776243422309990928e-13 9.427515906783842556e-13 -6.160939127310227400e-14 -1.811595072610121386e-13
7.285529228233671474e-13 -1.982224101537523178e-13 -3.038935705571685765e-13 8.983905620029197791e-13 -8.276816816602240279e-14 -1.755039157940792442e-13
6.872245663649827141e-13 -1.837670010343882639e-13 -2.712167395062317754e-13 8.271008660795346102e-13 -7.605885508300653589e-14 -1.788560369537814172e-13
7.274342515998372707e-13 -1.450363044377405975e-13 -2.333257208875327779e-13 7.430510636078753029e-13 -8.390835358816404353e-14 -1.796304426118706050e-13
7.432162317863089752e-13 -1.440763721561329658e-13 -2.169086614996113487e-13 6.749679875823338041e-13 -8.262315711956672470e-14 -1.815353702489523999e-13
7.276497877141384136e-13 -1.280869484031139120e-13 -1.785029095288969025e-13 6.023850710330145545e-13 -8.168120003591314878e-14 -1.820999474080366672e-13
6.969936859171842937e-13 -1.328785568158380223e-13 -1.852301880761247753e-13 5.879281215914585270e-13 -7.257983851825427203e-14 -1.974057202511317887e-13
7.352117650952106731e-13 -7.687300928879094531e-14 -1.794493884702011023e-13 5.021648319010022643e-13 -8.705552348179238189e-14 -1.795454505936046047e-13
7.095648518023865997e-13 -6.358944542146019962e-14 -1.927994683270002039e-13 4.452228968653594900e-13 -7.394869133601529509e-14 -1.823283099932861302e-13
6.902703062876631945e-13 -1.634450277984960833e-14 -2.030827338838800322e-13 4.055065558104472458e-13 -6.842972191146047777e-14 -1.979861938763624625e-13
6.703933435085356047e-13 -2.829746284897830285e-14 -1.884622496900358739e-13 3.637607521697292150e-13 -6.520569546537261857e-14 -1.996068656827114005e-13
6.470559830607610396e-13 -1.682842336222321159e-15 -1.856640141886934437e-13 3.113469908752004871e-13 -6.835823491711002461e-14 -1.943160199366471322e-13
6.558545065174039586e-13 1.914823587934843685e-14 -2.023330141833691218e-13 2.697207636533227433e-13 -6.054000860578304942e-14 -1.962256259674439304e-13
6.081162515647605546e-13 4.025131328024296510e-14 -1.908098531984535403e-13 2.264320614637372492e-13 -5.395629267330481413e-14 -2.018404700724967513e-13
5.848994635211327108e-13 3.907733582952389170e-14 -1.925885245133811386e-13 1.836133083779439891e-13 -4.288983115608541936e-14 -1.998550167754271288e-13
5.620944619453257525e-13 4.210270442617753265e-14 -2.081506794271215673e-13 1.550125432974259216e-13 -3.890581937532177094e-14 -1.940951403549765703e-13
5.376481210303339509e-13 4.221994261201915399e-14 -1.977256178185472752e-13 1.144406852883927408e-13 -3.224553566096358468e-14 -1.817097962498327804e-13
5.076556409739347995e-13 2.301161454072298864e-14 -1.969057969883083334e-13 8.947580392361906571e-14 -2.559135659784815153e-14 -1.864652279530706147e-13
4.667284754801196792e-13 5.538140509968055792e-14 -2.145118500563762861e-13 6.015923758373327572e-14 -2.128777528996051103e-14 -1.737832256620706734e-13
4.329618455771465111e-13 4.597242640386487305e-14 -2.153350823923613991e-13 3.684376355866811399e-14 -9.991036523840141529e-15 -1.744907083259894312e-13
4.390165524912350666e-13 3.326595850886349141e-15 -2.120208038472210646e-13 1.745744818322650820e-14 -3.307755080177835310e-15 -1.664910881261499774e-13
3.771989587256690285e-13 -6.362035367472804790e-15 -1.776426911421587075e-13 1.141410376482738101e-15 7.297106021900566181e-15 -1.698268839688853568e-13
3.513415233960533402e-13 -7.202463022911929024e-14 -1.471826420278215730e-13 -1.193545858695198932e-14 1.465704517114546497e-14 -1.614924176850880725e-13
3.044357589767186833e-13 -2.752569966899837861e-15 -1.963436440198728069e-13 -2.555615882573339780e-14 2.513993027114223490e-14 -1.557097769246600308e-13
2.612131003771872679e-13 -8.520000330426483626e-14 -1.591704255525109435e-13 -3.089621889347236096e-14 3.270630222970300193e-14 -1.424579760274099167e-13
2.326795965855637215e-13 -1.472906472929460718e-13 -1.256930446291989667e-13 -4.342357762645495444e-14 4.476462710955849502e-14 -1.408984135398731665e-13
1.628134423592340930e-13 -1.698801262284192509e-13 -9.261854153463555155e-14 -3.793446025987991394e-14 5.853521038481724220e-14 -1.450696763181313610e-13
1.444426976876439940e-13 -2.777567654003663120e-13 -4.447139913134981453e-14 -3.360032401247958559e-14 6.362064113273251411e-14 -1.395615491249923529e-13
1.016087937808696859e-13 -3.266134818170305923e-13 -3.386594482088335988e-14 -3.872646591936040567e-14 7.211720160007878373e-14 -1.248606650543116070e-13
2.892292660676472347e-14 -3.710120823476135321e-13 2.942573164731310574e-14 -3.034797528674664435e-14 8.445281597718652786e-14 -1.329792301919883017e-13
2.317358541414343232e-14 -5.010624008401187994e-13 7.445118003520762246e-14 -6.852779918871615838e-15 8.609595832134417083e-14 -1.370179702370097933e-13
-3.667259748241173319e-14 -5.825873239323029072e-13 1.387913908294332176e-13 -2.459061860050368282e-14 9.545204985962854732e-14 -1.107686229861291301e-13
-9.705937970944831948e-14 -6.992857542841328918e-13 2.056297441575190124e-13 6.396154990542725554e-15 1.078687335329671311e-13 -1.290481064278678966e-13
-1.437555212466667356e-13 -8.075520523268605769e-13 2.485660976541775189e-13 -2.030071502383067934e-15 1.148205996990642589e-13 -1.005253607855123778e-13
-1.668136069903465248e-13 -9.456298126180961614e-13 3.639193568214341894e-13 1.209918605291389442e-14 1.176109489145239702e-13 -1.131283235616267688e-13
-2.093274399771668910e-13 -1.027120013370608581e-12 4.060869728393129189e-13 5.116634321100354949e-14 1.231063302064563437e-13 -1.293973940366287542e-13
-2.840978811268136619e-13 -1.083003980195931385e-12 4.466476030702772869e-13 4.798830831798745894e-14 1.333516401235801624e-13 -1.129724243126653632e-13
-2.670364425336743362e-13 -1.311391712708986806e-12 5.963553596530584415e-13 7.799556796440023316e-14 1.295242509796934437e-13 -1.342560714321760280e-13
-3.732006635938762778e-13 -1.399544356716337411e-12 6.401415212497259826e-13 8.309336148780358550e-14 1.418957082873199756e-13 -1.214413767210441767e-13
-3.636619330422677847e-13 -1.471027333471726061e-12 6.889382012478250384e-13 1.020523319112590057e-13 1.356144784181443221e-13 -1.289448803392113340e-13
-4.059111554451667391e-13 -1.686588749079571607e-12 8.331949227742925672e-13 1.499398647651656587e-13 1.459855474795999322e-13 -1.590907187876078317e-13
-4.673465671484536928e-13 -1.951843549335240745e-12 9.899399479465296748e-13 1.452936193698081381e-13 1.496868853605863917e-13 -1.479215151265659300e-13
-4.954002008745976949e-13 -2.314776448373800810e-12 1.157977081123743088e-12 1.866059235279207960e-13 -1.741055759440294389e-13 1.482034622316891898e-13
-5.459136773300079881e-13 -2.357461890178468796e-12 1.206927741109197519e-12 1.957549388636693608e-13 -1.781284705830959965e-13 1.469861334288306405e-13
-5.992583813028121174e-13 -2.675285318717293981e-12 1.370034027344282030e-12 1.699269996673475030e-13 -1.411585207455598028e-13 1.481959491754736954e-13
-6.728029270601120897e-13 -3.089149935030888069e-12 1.609068475638905194e-12 1.994799286327495599e-13 -1.678294989072768584e-13 1.581338246587570391e-13
-7.326642693842470664e-13 -3.357571803273392013e-12 1.747868616907439750e-12 2.295688408735782627e-13 -1.885825911637028343e-13 1.588019957258483777e-13
-7.173453824633715984e-13 -3.679737852327754301e-12 1.939123510105801578e-12 2.546860052825692738e-13 -2.099249486603079008e-13 1.476175701090676077e-13
-7.475920744860734877e-13 -4.065881113685731373e-12 2.132503840522888983e-12 2.635114424908839685e-13 -2.093985735952991722e-13 1.468661431869913650e-13
-8.127946363819394513e-13 -4.721924881334376793e-12 2.425849417988159058e-12 3.548181929988576664e-13 -2.930278672747646214e-13 1.408177916496504823e-13
-8.021431003529609817e-13 -5.650505839062664884e-12 2.866856111788928749e-12 3.122033615144481718e-13 -2.532341191440271890e-13 1.393564432081134110e-13
-8.648626847437378179e-13 -6.084334430542966684e-12 3.098610156866061896e-12 3.565949185853713785e-13 -2.912013481806179925e-13 1.344209598739816293e-13
-8.880320787989492327e-13 -7.351933742471335583e-12 3.705540206788653612e-12 3.557177488252427152e-13 -2.920022270377816935e-13 1.302744269876744850e-13
-9.898823874102409916e-13 -7.875222658961821327e-12 3.959058966838646426e-12 3.706862029846191985e-13 -3.087407222906297001e-13 1.297015035846633193e-13
-9.282215458778140224e-13 -9.257401384105294496e-12 4.612974122053234742e-12 4.228072091322588383e-13 -3.608979937595039034e-13 1.198969670974274480e-13
-1.022174532600966751e-12 -1.064313751864845409e-11 5.245455886360633625e-12 4.215215556368839707e-13 -3.584419806725155664e-13 1.163375399252223735e-13
-9.386945780038271573e-13 -1.282875175014385111e-11 6.181678468738693813e-12 5.465746086065177046e-13 -4.823121228962413088e-13 1.051675731647918533e-13
-1.023333017935104684e-12 -1.555704281846593286e-11 7.463994947034303872e-12 5.476373644542577869e-13 -4.936933084266405394e-13 9.779620330397529970e-14
-1.012931721562919952e-12 -1.852374473637573058e-11 8.758171800592360131e-12 6.310294110158916212e-13 -5.744665546091861859e-13 9.040597920827730407e-14
-1.088387367588613647e-12 -2.232604865549073504e-11 1.043162806525089630e-11 7.273649383787160906e-13 -6.769522574616024506e-13 7.999976765475210039e-14
-1.072513113427476081e-12 -2.912884494870177975e-11 1.349532188030913453e-11 8.834488683285975122e-13 -8.352098903123487202e-13 7.152728261571734285e-14
-1.060620940253203939e-12 -3.830882651781655845e-11 1.757043629504316894e-11 9.538554575401868210e-13 -9.122078093073838971e-13 6.664913810545674581e-14
-1.160149370000491400e-12 -5.551896147588922723e-11 2.514390147568966261e-11 1.032782536156753822e-12 -9.946117153781730419e-13 5.681231874688990680e-14
-1.103021590175742264e-12 -7.995950080209183353e-11 3.595283137204262855e-11 1.190062555051964129e-12 -1.160394324430492347e-12 4.842302494686866712e-14
-1.158809228605493633e-12 -1.165913829389359100e-10 5.208262621176279267e-11 1.680617389905725230e-12 -1.656593971739750197e-12 3.953955016969691816e-14
-1.104945826037004250e-12 -2.139419403458487849e-10 9.500076848769766188e-11 2.050895945161329216e-12 -2.030966670570604812e-12 2.832390812681141270e-14
-1.116535278877775562e-12 -4.641179448603813656e-10 2.052610786724183633e-10 3.348540349383215672e-12 -3.336244707575236662e-12 1.932122952141697669e-14
-1.086431156678087482e-12 -1.936906020096499032e-09 8.544017161322414675e-10 6.358825680071670724e-12 -6.352507185314933297e-12 9.392827562998624847e-15
0.000000000000000000e+00 0.000000000000000000e+00 0.000000000000000000e+00 0.000000000000000000e+00 0.000000000000000000e+00 0.000000000000000000e+00
0.000000000000000000e+00 0.000000000000000000e+00 0.000000000000000000e+00 0.000000000000000000e+00 0.000000000000000000e+00 0.000000000000000000e+00
1.407597970799885978e+01 1.961328467823195965e+01 4.470095378016261378e+01 -5.913260079787696633e-01 -1.387256425933456327e-01 -1.161468679800386206e-01
1.401908875546158306e+01 1.964675313812923108e+01 4.467843013422076837e+01 -1.180233230564966984e+00 -2.767729607686830740e-01 -2.323162384199329578e-01
1.399421331295041959e+01 1.963253585078124530e+01 4.464065450386061684e+01 -1.764310922891479283e+00 -4.142553059082164091e-01 -3.477404623335841327e-01
1.396850766605087735e+01 1.960339610785007025e+01 4.458727485055358386e+01 -2.341164433701462766e+00 -5.507875927307734898e-01 -4.621533713533123588e-01
1.393799297222268052e+01 1.956319831752846383e+01 4.451780288872880220e+01 -2.908423283603931875e+00 -6.860381506664503526e-01 -5.752399361872637673e-01
1.390144275820246023e+01 1.951302343977257081e+01 4.443161860116072148e+01 -3.463749280225673743e+00 -8.196841011879592021e-01 -6.866823848282901377e-01
1.385851192118437680e+01 1.945304118154571782e+01 4.432797597353616226e+01 -4.004844681405383966e+00 -9.514066606716068408e-01 -7.961663764705516622e-01
1.380898688858104784e+01 1.938326128373247315e+01 4.420600989741517139e+01 -4.529460416690295865e+00 -1.080889480958368898e+00 -9.033841147925220083e-01
1.375267342097982670e+01 1.930364740556642644e+01 4.406474418395548298e+01 -5.035404376490947520e+00 -1.207822292744467729e+00 -1.008032131664749143e+00
1.368941199523250063e+01 1.921410365858652369e+01 4.390310062544575231e+01 -5.520549777480142417e+00 -1.331895575704730827e+00 -1.109818013950169879e+00
1.361906107271560096e+01 1.911449347323866377e+01 4.371990903872110579e+01 -5.982843612273200939e+00 -1.452804529670275624e+00 -1.208457796104881465e+00
1.354149178076119675e+01 1.900464725680432210e+01 4.351391822417187427e+01 -6.420315191288223033e+00 -1.570249784544629490e+00 -1.303676578419948440e+00
1.345655051949384173e+01 1.888440231631764377e+01 4.328380777631052467e+01 -6.831084785110095758e+00 -1.683935861235936526e+00 -1.395211356684778581e+00
1.336408706950312819e+01 1.875357745601893456e+01 4.302820068683093524e+01 -7.213372376836434618e+00 -1.793573594249571856e+00 -1.482809851242803179e+00
1.326394293552069215e+01 1.861198749847557821e+01 4.274567668876036208e+01 -7.565506535896413531e+00 -1.898878264572344765e+00 -1.566233586006460898e+00
1.315595889156719345e+01 1.845943874768715531e+01 4.243478630043824040e+01 -7.885933427826313569e+00 -1.999573350594222587e+00 -1.645255309459535464e+00
1.303997173410353838e+01 1.829573537103147629e+01 4.209406554048072024e+01 -8.173225978473753983e+00 -2.095387865488816281e+00 -1.719662789580903128e+00
1.291583789880642819e+01 1.812065902753210267e+01 4.172205129910275900e+01 -8.426093216038188061e+00 -2.186059241325307934e+00 -1.789257023321013218e+00
1.278338805387178390e+01 1.793401761252948390e+01 4.131729736660736307e+01 -8.643389820017834069e+00 -2.271332615843006941e+00 -1.853854006120341680e+00
1.264246805237617366e+01 1.773560771914392120e+01 4.087839113565033955e+01 -8.824125912097771973e+00 -2.350962520532771105e+00 -1.913284064714474875e+00
1.249292884240729684e+01 1.752522820077657073e+01 4.040397100893736848e+01 -8.967477129615771148e+00 -2.424712318952476853e+00 -1.967393406574928338e+00
1.233462265981056660e+01 1.730268749284880059e+01 3.989274455680639164e+01 -9.072795026415512609e+00 -2.492355833806765730e+00 -2.016043450045095664e+00
1.216741006008097514e+01 1.706780012042848327e+01 3.934350747780997182e+01 -9.139617847190514510e+00 -2.553678166681283113e+00 -2.059110934075631061e+00
1.199116414513298245e+01 1.682038601932073263e+01 3.875516341753643701e+01 -9.167681717849063716e+00 -2.608474857342648612e+00 -2.096489663523720459e+00
1.180576528284384530e+01 1.656027935618127955e+01 3.812674469354430329e+01 -9.156932283409208395e+00 -2.656555227793034657e+00 -2.128088047657403337e+00
1.161109900438265186e+01 1.628733414618133679e+01 3.745743395394789133e+01 -9.107536803290026128e+00 -2.697741249449443046e+00 -2.153831096120562894e+00
1.140707290118425377e+01 1.600141082996666952e+01 3.674658675982117018e+01 -9.019896677809635221e+00 -2.731868398153592725e+00 -2.173660409915137315e+00
1.119360640461729339e+01 1.570238991043738963e+01 3.599375502277620598e+01 -8.894660324984734245e+00 -2.758788034707350789e+00 -2.187532631432859365e+00
1.097063340158955214e+01 1.539017267958986857e+01 3.519871114429403747e+01 -8.732736248915635713e+00 -2.778366481014534983e+00 -2.195421184464459330e+00
1.073810874555294070e+01 1.506467795924302067e+01 3.436147258848409791e+01 -8.535306035962012317e+00 -2.790487056962534407e+00 -2.197315039166179762e+00
1.049599921982905393e+01 1.472585428174065036e+01 3.348232647190803846e+01 -8.303836879422670236e+00 -2.795050558360086423e+00 -2.193219020701229649e+00
1.024429565647687745e+01 1.437367079003768211e+01 3.256185357200943287e+01 -8.040093066370204156e+00 -2.791976413357742270e+00 -2.183153421918221149e+00
9.983009043241182212e+00 1.400812400681210690e+01 3.160095094206209509e+01 -7.746145663833480910e+00 -2.781203419026602397e+00 -2.167154014771684345e+00
9.712170170812232328e+00 1.362924090201676108e+01 3.060085208283873115e+01 -7.424379422627998437e+00 -2.762690498618250334e+00 -2.145272014806397731e+00
9.431835796102996383e+00 1.323707526426028913e+01 2.956314337329513364e+01 -7.077495689152962122e+00 -2.736418370958624280e+00 -2.117573100448286727e+00
9.142079949097571046e+00 1.283171872896875776e+01 2.848977522611716395e+01 -6.708509899364074158e+00 -2.702389071368336726e+00 -2.084138539193578499e+00
8.843007996838743168e+00 1.241328882972357661e+01 2.738306623891868341e+01 -6.320742054116001540e+00 -2.660627970102677597e+00 -2.045063764444238874e+00
8.534747684177665050e+00 1.198193983263947260e+01 2.624569849575009428e+01 -5.917798477897309617e+00 -2.611184544371420557e+00 -2.000458134961501599e+00
8.217447780113886324e+00 1.153786570409196877e+01 2.508070217901237342e+01 -5.503543185491393430e+00 -2.554131621694329279e+00 -1.950446145586498092e+00
7.891287913087562167e+00 1.108129160740173091e+01 2.389142782177471958e+01 -5.082057365408840788e+00 -2.489568533823837804e+00 -1.895164634928308889e+00
7.556470903305023690e+00 1.061248259943736905e+01 2.268150490093759686e+01 -4.657585870384297166e+00 -2.417619493001795572e+00 -1.834764661933093288e+00
7.213227063670943906e+00 1.013174003498487430e+01 2.145478606302969382e+01 -4.234470203512111119e+00 -2.338434770375876770e+00 -1.769410454231937768e+00
6.861813775333589049e+00 9.639402353030519066e+00 2.021527708200585849e+01 -3.817068298489650235e+00 -2.252191208829349200e+00 -1.699278878147479910e+00
6.502508376814551738e+00 9.135852187298334925e+00 1.896705363496342045e+01 -3.409662376275147899e+00 -2.159092693947666231e+00 -1.624558788618726046e+00
6.135621212120514478e+00 8.621502938571781627e+00 1.771416707410279656e+01 -3.016357244873218768e+00 -2.059368953478557085e+00 -1.545451871019965617e+00
5.761485232343908081e+00 8.096808399338730311e+00 1.646054246591529591e+01 -2.640972488261274176e+00 -1.953276651849395362e+00 -1.462170991546355880e+00
5.380457351794407650e+00 7.562260217414743302e+00 1.520987313474706504e+01 -2.286932938022125938e+00 -1.841099657158953073e+00 -1.374939163482017168e+00
4.992914463113770296e+00 7.018390284964029391e+00 1.396551665819281851e+01 -1.957162507982432631e+00 -1.723145914142881097e+00 -1.283991682687721347e+00
4.599265448956879609e+00 6.465756709918633049e+00 1.273039760700773115e+01 -1.653986789337944296e+00 -1.599749279652326273e+00 -1.189573065304979638e+00
4.199932281971896053e+00 5.904960276843085332e+00 1.150692223535459568e+01 -1.379049684970363510e+00 -1.471267719789372874e+00 -1.091937381329666001e+00
3.795362634831705773e+00 5.336628978917964616e+00 1.029690979900685122e+01 -1.133248798490572140e+00 -1.338082838762481686e+00 -9.913470105316715131e-01
3.386028915134693840e+00 4.761415714662417642e+00 9.101544262794371676e+00 -9.166933400581974700e-01 -1.200597676361081056e+00 -8.880728844826329960e-01
2.972405830534752713e+00 4.180017057760377241e+00 7.921348961357473684e+00 -7.286870754415207818e-01 -1.059234731897212622e+00 -7.823942618692382167e-01
2.555001344412199504e+00 3.593138258859581047e+00 6.756185440685314347e+00 -5.677374696351806804e-01 -9.144368939648808148e-01 -6.745953672119867628e-01
2.134342327003609707e+00 3.001503199086398510e+00 5.605276381336484093e+00 -4.315908120238980406e-01 -7.666623723140680857e-01 -5.649678105234460235e-01
1.710951072702297626e+00 2.405873154613247689e+00 4.467251318226839629e+00 -3.172918881032571470e-01 -6.163867731021352991e-01 -4.538056645810785161e-01
1.285408707786112936e+00 1.806978383199785654e+00 3.340212917443026619e+00 -2.212657750469268214e-01 -4.640981330697280804e-01 -3.414074059178415776e-01
8.583391480828784781e-01 1.205528913110796907e+00 2.221820888498908797e+00 -1.394186265291228466e-01 -3.103036576473047758e-01 -2.280659993825444876e-01
4.306984565880482285e-01 6.019197285088917493e-01 1.109390192019648058e+00 -6.725386804329316903e-02 -1.555548879191531453e-01 -1.140404288394068349e-01
2.148146412555759710e-15 5.249932408753934301e-15 3.265128427650794464e-15 -1.740477358846008627e-15 3.009375488237603807e-16 2.012662384297053753e-15
2.148146412555759710e-15 5.249932408753934301e-15 3.265128427650794464e-15 -1.740477358846008627e-15 3.009375488237603807e-16 2.012662384297053753e-15
-3.381126009530026622e-01 -1.768269232214995323e+00 -4.146242860020144527e-01 1.482663361391366452e+00 7.908049774989506925e-03 -9.915805006028725055e-01
-6.763927363324163666e-01 -3.509829305216097595e+00 -8.309169219347396496e-01 2.922518623954623251e+00 1.521286668845984666e-02 -1.940522072519356378e+00
-1.014994425208782802e+00 -5.198931689702769532e+00 -1.250522257998754716e+00 4.282845807450286202e+00 2.131397461318859307e-02 -2.810274797825716764e+00
-1.354044904725547394e+00 -6.811665569400066289e+00 -1.675035920905687092e+00 5.537159836250705958e+00 2.561644389708990499e-02 -3.574525440588511849e+00
-1.693631857249152217e+00 -8.326681446500568740e+00 -2.105978689206163157e+00 6.670512999755551675e+00 2.753374632182480422e-02 -4.218500778421760522e+00
-2.033791367144949458e+00 -9.725715158737248345e+00 -2.544768387495227824e+00 7.678325143627119154e+00 2.649070642890846011e-02 -4.737798644008239357e+00
-2.374496830336018771e+00 -1.099389458990028778e+01 -2.992689369764078844e+00 8.563836469915088401e+00 2.192657839151740395e-02 -5.135841547974311361e+00
-2.715649022365337117e+00 -1.211983831278980794e+01 -3.450859371566936229e+00 9.335278567829176311e+00 1.329827506685665739e-02 -5.421048498508128866e+00
-3.057067508853971383e+00 -1.309557623796558801e+01 -3.920193783357302841e+00 1.000345750465017503e+01 8.377261622176299897e-05 -5.604418841284464214e+00
-3.398483556051361099e+00 -1.391633464893464911e+01 -4.401367734747454463e+00 1.058000900338307559e+01 -1.821428991630510280e-02 -5.697788140967912973e+00
-3.739534668884930024e+00 -1.458023171659771755e+01 -4.894776777371828480e+00 1.107630224051053602e+01 -4.206480144324045017e-02 -5.712732633125348514e+00
-4.079760849895107455e+00 -1.508792634562230184e+01 -5.400497399711362334e+00 1.150284714652689644e+01 -7.190415106975270310e-02 -5.659977125731383119e+00
-4.418602635358261921e+00 -1.544225547272325194e+01 -5.918249076486864269e+00 1.186904244113413398e+01 -1.081319791834650657e-01 -5.549143579938235149e+00
-4.755400925568672221e+00 -1.564788519145390033e+01 -6.447360010466019808e+00 1.218313022257564171e+01 -1.511067122576346400e-01 -5.388706188938101604e+00
-5.089398585731431446e+00 -1.571099131346056765e+01 -6.986739114474051604e+00 1.245226224792990521e+01 -2.011408945945511728e-01 -5.186058092933874875e+00
-5.419743753411113474e+00 -1.563897650515746562e+01 -7.534857043487010131e+00 1.268261734277246511e+01 -2.584963395928440710e-01 -4.947629171939639470e+00
-5.745494749337842322e+00 -1.544022462845414267e+01 -8.089739152987505122e+00 1.287953439059527305e+01 -3.233791334689244401e-01 -4.679019372490363260e+00
-6.065626451927588647e+00 -1.512388853664722532e+01 -8.648973066688272482e+00 1.304764179149355030e+01 -3.959345356706591157e-01 -4.385128466067192754e+00
-6.379037963480887363e+00 -1.469970518434670659e+01 -9.209733037887549045e+00 1.319097431228283845e+01 -4.762418324117859147e-01 -4.070273172484125013e+00
-6.684561368851789531e+00 -1.417783118305106882e+01 -9.768822469016638976e+00 1.331307399080973397e+01 -5.643092126943901610e-01 -3.738288324990294065e+00
-6.980971366428117442e+00 -1.356869247886033847e+01 -1.032273484183848034e+01 1.341707481833935844e+01 -6.600687496605878168e-01 -3.392611817920443862e+00
-7.266995537225086288e+00 -1.288284323894479755e+01 -1.086773198492809200e+01 1.350577240051245198e+01 -7.633715838272187026e-01 -3.036354557257566533e+00
-7.541325011165872283e+00 -1.213083091895360077e+01 -1.139993719188985288e+01 1.358168038286315493e+01 -8.739834183001276013e-01 -2.672357222765992191e+00
-7.802625290238777822e+00 -1.132306649039321300e+01 -1.191543936385157210e+01 1.364707553937290641e+01 -9.915804489251218712e-01 -2.303235765400233781e+00
-8.049546995883829936e+00 -1.046970063268219420e+01 -1.241040325434955882e+01 1.370403330413221887e+01 -1.115745863869067378e+00 -1.931417447518390729e+00
-8.280736322086513113e+00 -9.580508105401069230e+00 -1.288118019594748276e+01 1.375445531170870517e+01 -1.245967056587883981e+00 -1.559169020730058142e+00
-8.494844995372760721e+00 -8.664783363233050650e+00 -1.332441348981572915e+01 1.380009027292033430e+01 -1.381633702670048480e+00 -1.188618398516410490e+00
-8.690539567189107473e+00 -7.731250704681166930e+00 -1.373713297659142540e+01 1.384254928497933079e+01 -1.522036853721665972e+00 -8.217709535473517457e-01
-8.866509891877139893e+00 -6.787991894295757334e+00 -1.411683413668287201e+01 1.388331647412923608e+01 -1.666369199322960126e+00 -4.605213684843247890e-01
-9.021476673449031480e+00 -5.842393383389993033e+00 -1.446153827948839599e+01 1.392375570011108188e+01 -1.813726640216764885e+00 -1.066617990431642515e-01
-9.154197995555316325e+00 -4.901114144212431967e+00 -1.476983181559637792e+01 1.396511391500329857e+01 -1.963111301481364590e+00 2.381130310058807709e-01
-9.263474780415307919e+00 -3.970073914287300720e+00 -1.504088408861343318e+01 1.400852166174357549e+01 -2.113436092887978290e+00 5.722032939784726935e-01
-9.348155153272855955e+00 -3.054460494879707166e+00 -1.527444461161599243e+01 1.405499111669504586e+01 -2.263530894654177228e+00 8.941036584716061109e-01
-9.407137718550387717e+00 -2.158753795946542819e+00 -1.547082168206103958e+01 1.410541202259716442e+01 -2.412150410484909191e+00 1.202404666983740933e+00
-9.439373781940229691e+00 -1.286763653139212149e+00 -1.563084516330800078e+01 1.416054582000785089e+01 -2.557983686740222584e+00 1.495795578729374187e+00
-9.443868579115642703e+00 -4.416780899629584312e-01 -1.575581669784069661e+01 1.422101826407357983e+01 -2.699665247926760436e+00 1.773068396797104151e+00
-9.419681596623272313e+00 3.738813568071215343e-01 -1.584745077854763728e+01 1.428731080664032760e+01 -2.835787746185621572e+00 2.033122817920637981e+00
-9.365926094206864505e+00 1.157800437872299248e+00 -1.590781000299197423e+01 1.435975102903404377e+01 -2.964915968280984249e+00 2.274971852559304786e+00
-9.281767960746590163e+00 1.908411935332243514e+00 -1.593923754064318210e+01 1.443850242614217727e+01 -3.085601990452058629e+00 2.497747865159833935e+00
-9.166424058819005793e+00 2.624436685903205557e+00 -1.594428942637942370e+01 1.452355386562601858e+01 -3.196401222327204916e+00 2.700708781788828450e+00
-9.019160236224406546e+00 3.304927694992467746e+00 -1.592566881968591908e+01 1.461470907510305750e+01 -3.295889038930014170e+00 2.883244207161552275e+00
-8.839289207243586688e+00 3.949218636869885390e+00 -1.588616388916332056e+01 1.471157654286572658e+01 -3.382677667452620884e+00 3.044881187792805033e+00
-8.626168531892345115e+00 4.556877564294581795e+00 -1.582859053225363155e+01 1.481356025202631166e+01 -3.455432975223710290e+00 3.185289354773831239e+00
-8.379198945577051916e+00 5.127666242567190835e+00 -1.575574074205149877e+01 1.491985170177422049e+01 -3.512890798315683405e+00 3.304285180166236735e+00
-8.097823297837592804e+00 5.661505170781857998e+00 -1.567033709630910820e+01 1.502942370063384558e+01 -3.553872454038234263e+00 3.401835083844380492e+00
-7.781526209804537686e+00 6.158443919571523928e+00 -1.557499356911428556e+01 1.514102644319081747e+01 -3.577299067557629719e+00 3.478057106959835831e+00
-7.429831884788208107e+00 6.618633523152773535e+00 -1.547218264857757752e+01 1.525318640182416274e+01 -3.582203837513676437e+00 3.533220350755923000e+00
-6.234886929164813373e-08 6.234789930016391362e-08 -5.040913202063572740e+00 5.040913202066727550e+00 -3.675496249962251797e-08 3.675352564815807186e-08
-6.234886929164813373e-08 6.234789930016391362e-08 -5.040913202063572740e+00 5.040913202066727550e+00 -3.675496249962251797e-08 3.675352564815807186e-08
-6.539053830169369177e-08 6.538960453979600325e-08 -8.373456883239032463e-05 8.373457197988436304e-05 -3.899083555990790773e-08 3.898939654269725823e-08
-6.884543864394562067e-08 6.884445114528426811e-08 -2.165815031035637722e-05 2.165815346681380975e-05 -4.146551024429136099e-08 4.146409730573763525e-08
-7.241748285396835443e-08 7.241647027420684167e-08 -8.970402008108094316e-06 8.970405164455695475e-06 -4.409367940678305111e-08 4.409226763517519509e-08
-7.600872730017811843e-08 7.600770330436459646e-08 -5.194678713118540324e-06 5.194681837787964759e-06 -4.707032134672347108e-08 4.706891421723371110e-08
-8.019241120851615502e-08 8.019138077178148994e-08 -3.179253212532366449e-06 3.179256325032640902e-06 -5.004392225249049906e-08 5.004253531891036055e-08
-8.411618582990766791e-08 8.411517088264135580e-08 -2.176598056322136567e-06 2.176601155153933100e-06 -5.340883510961280227e-08 5.340744468413872990e-08
-8.856750466328099797e-08 8.856647446925007141e-08 -1.575224001873724968e-06 1.575227067776905613e-06 -5.681034214172844487e-08 5.680896029104763096e-08
-9.354208015144756245e-08 9.354105744924174960e-08 -1.219822621103308326e-06 1.219825673069165758e-06 -6.078173106225615221e-08 6.078036669328618035e-08
-9.883389822943340306e-08 9.883287503056368059e-08 -9.649219049093556318e-07 9.649249086697159205e-07 -6.489772414042916340e-08 6.489636175999272850e-08
-1.042470252539130864e-07 1.042460100987266820e-07 -7.704121729235221057e-07 7.704151440440728711e-07 -6.937090313377578964e-08 6.936953609040462332e-08
-1.102308770326362390e-07 1.102298908087994415e-07 -6.442232664414632189e-07 6.442261941370160000e-07 -7.460558059513733784e-08 7.460421761749944998e-08
-1.170557754191971918e-07 1.170547750392139753e-07 -5.624517403912989098e-07 5.624546045613787975e-07 -8.010257771486990697e-08 8.010122521448362420e-08
-1.237388738323813515e-07 1.237378845848224854e-07 -5.309954094213205928e-07 5.309982262015872774e-07 -8.629163304014428763e-08 8.629030822850291947e-08
-1.318367360591733642e-07 1.318357828223373775e-07 -4.666779851190229954e-07 4.666807583268304063e-07 -9.297041896690863554e-08 9.296907757519730214e-08
-1.402189554395857362e-07 1.402180101645827651e-07 -4.330740415458140490e-07 4.330767454130836835e-07 -1.005859609818944348e-07 1.005846399209599955e-07
-1.501439645563478622e-07 1.501430087466178522e-07 -3.965546177012848417e-07 3.965572541643336465e-07 -1.086660590446090206e-07 1.086647441559404448e-07
-1.605915571957594197e-07 1.605906017199116392e-07 -3.969606467175472222e-07 3.969632140039643668e-07 -1.181946644321595111e-07 1.181933739779269021e-07
-1.722430763333021975e-07 1.722422203912224347e-07 -3.631286184592342245e-07 3.631311234253015365e-07 -1.286274933261111449e-07 1.286262039908671604e-07
-1.858223917150801663e-07 1.858215289404859233e-07 -3.843057793913224116e-07 3.843081677486583815e-07 -1.406692064906229302e-07 1.406679751794066221e-07
-2.008226488284876817e-07 2.008218068362825450e-07 -3.734186810104578900e-07 3.734209959907632425e-07 -1.545488243364558199e-07 1.545475980960641104e-07
-2.183941605985235801e-07 2.183933334373208665e-07 -3.797234660874301994e-07 3.797256862377859124e-07 -1.700644193139407624e-07 1.700632125326923835e-07
-2.383131868037730003e-07 2.383124492359139068e-07 -3.869345453923257104e-07 3.869366524039027118e-07 -1.884186311061237251e-07 1.884174681636759509e-07
-2.623674094843266207e-07 2.623667142419860147e-07 -4.023398175531244916e-07 4.023418005103640914e-07 -2.098154036742117918e-07 2.098142865830507953e-07
-2.912241082997728570e-07 2.912234948549753157e-07 -4.263980819759864412e-07 4.263999277625568226e-07 -2.350780271972059471e-07 2.350769612483953487e-07
-3.248659088687395455e-07 3.248653220125772161e-07 -4.606744613994101717e-07 4.606761672398514466e-07 -2.667440240923529590e-07 2.667430366126618093e-07
-3.683628794555792769e-07 3.683623368446290160e-07 -5.042581498835255610e-07 5.042596845869796005e-07 -3.047105566807648121e-07 3.047096582828007532e-07
-4.234661476880519756e-07 4.234656769808069294e-07 -5.737858361129254673e-07 5.737872353754492401e-07 -3.533185610422944308e-07 3.533177426630720072e-07
-4.964895813881841185e-07 4.964891864800697726e-07 -6.533115333795739600e-07 6.533127659623495905e-07 -4.177648617284132434e-07 4.177641095416601324e-07
-5.977900952517240920e-07 5.977897228854618846e-07 -7.793055619629516818e-07 7.793065816500329297e-07 -5.080116891010653175e-07 5.080110913005980644e-07
-7.487419120848226408e-07 7.487416541274669551e-07 -9.582128017184918312e-07 9.582136543067783619e-07 -6.413303732051949649e-07 6.413298467173364899e-07
-1.003669198068064698e-06 1.003669096271104055e-06 -1.247384896427272816e-06 1.247385553911391268e-06 -8.599578084512886410e-07 8.599573876938442097e-07
-1.508561622863617599e-06 1.508561531313586366e-06 -1.865601892294960229e-06 1.865602337873009420e-06 -1.297455368076043605e-06 1.297455082967368986e-06
-3.019248763485613941e-06 3.019248713975865206e-06 -3.764838624713696693e-06 3.764838821633195714e-06 -2.604638415340077087e-06 2.604638294604018150e-06
-2.397085359893251258e-16 4.613042235561773198e-15 -2.092785519645981955e-15 -9.694022054766627747e-17 3.842052314363998013e-16 1.876837791203608024e-15
