1.526799956685779835e-01 1.530443446003864061e-01 1.530792215151695612e-01 2.329858596265764348e+01 2.329858640955139393e+01 2.329858749172586485e+01
1.861383335027717856e-01 3.228664603025709345e-01 3.368858578846334884e-01 2.329755129789182533e+01 2.329960371906388872e+01 2.331431886506486606e+01
3.859685934574582644e-01 5.502074017644639214e-01 5.888065095008850891e-01 2.329651508711186736e+01 2.330056863156115909e+01 2.336123535782696337e+01
6.061791997471556170e-01 7.671550044142205760e-01 8.662288670092638254e-01 2.329547606692508666e+01 2.330142636870268902e+01 2.343851374074696992e+01
8.309527122333347782e-01 9.839372843435223448e-01 1.146560261623418953e+00 2.329441809014331355e+01 2.330210497887957644e+01 2.354481352621382229e+01
1.057226346992653054e+00 1.199495230546865132e+00 1.427795169396349317e+00 2.329331386855292152e+01 2.330251905557496173e+01 2.367832200471364246e+01
1.283807212234926665e+00 1.413473524257153002e+00 1.709187381826084318e+00 2.329212870139339842e+01 2.330257549811906514e+01 2.383681299892731431e+01
1.510010716553924714e+00 1.625796747308038803e+00 1.990373384719910099e+00 2.329082407583526404e+01 2.330218058797498060e+01 2.401771566767899202e+01
1.735362008489103047e+00 1.836535547470877106e+00 2.271143788156309462e+00 2.328936090949941828e+01 2.330124767272483410e+01 2.421818941444681528e+01
1.959509467147035222e+00 2.045847003814142528e+00 2.551365796949428333e+00 2.328770229083512433e+01 2.329970465649308053e+01 2.443520105200267878e+01
2.182194929953479967e+00 2.253938258101497283e+00 2.830951726234172128e+00 2.328581563241037600e+01 2.329750051521104126e+01 2.466560077550728636e+01
2.403240841025161778e+00 2.461038866904997846e+00 3.109844161456745137e+00 2.328367419209158129e+01 2.329461017129184697e+01 2.490619410030334535e+01
2.622541682173982203e+00 2.667377610596113779e+00 3.388007825567208364e+00 2.328125794652249780e+01 2.329103724967142952e+01 2.515380762194072872e+01
2.840055152899650270e+00 2.873162911405559239e+00 3.665424319111703522e+00 2.327855382238304216e+01 2.328681447198856702e+01 2.540534716227253398e+01
3.055791408367463990e+00 3.078567278886288339e+00 3.942088114658773623e+00 2.327555528337640922e+01 2.328200172354163655e+01 2.565784750851905471e+01
3.269799397443921674e+00 3.283717030338948462e+00 4.218003091659359605e+00 2.327226108976512009e+01 2.327668226834664367e+01 2.590851349090020150e+01
3.482145159425200198e+00 3.488693248113354795e+00 4.493179306037476728e+00 2.326867106291272691e+01 2.327095979731437936e+01 2.615475256211166410e+01
3.692630552210276473e+00 3.693796371308724513e+00 4.767629889576318725e+00 2.326465251533549150e+01 2.326508333798728856e+01 2.639419934045153937e+01
3.897918401377400421e+00 3.902409107582855086e+00 5.041368079432466232e+00 2.325866057041962165e+01 2.326071759416693041e+01 2.662473277149072359e+01
4.102210377180558254e+00 4.110311716205910848e+00 5.314404434287123280e+00 2.325235952892236924e+01 2.325631237904749327e+01 2.684448667030127567e+01
4.306061819675990776e+00 4.316865437571046016e+00 5.586744321009065928e+00 2.324605418633396425e+01 2.325166301143020675e+01 2.705185444812091689e+01
4.509343022370681631e+00 4.522054198531561653e+00 5.858385763738493957e+00 2.323982148236265388e+01 2.324677195210775693e+01 2.724548882296494057e+01
4.711895430057352563e+00 4.725835467031573423e+00 6.129317741019262300e+00 2.323371098172654214e+01 2.324164366954518712e+01 2.742429727894796798e+01
4.913549468409554422e+00 4.928132628311641561e+00 6.399518999305330524e+00 2.322774650540200625e+01 2.323628069758531467e+01 2.758743398618286946e+01
5.114130517540479204e+00 5.128841308540040167e+00 6.668957425677074724e+00 2.322192664853567123e+01 2.323068320926499553e+01 2.773428883090928210e+01
5.313461803974615982e+00 5.327839751906383370e+00 6.937589991737157291e+00 2.321622682936927973e+01 2.322484930780983703e+01 2.786447413994940447e+01
5.511366146808329702e+00 5.525000230640689125e+00 7.205363247345197841e+00 2.321060289926913711e+01 2.321877566213572663e+01 2.797780961850575920e+01
5.707667709831478753e+00 5.720199368907565862e+00 7.472214310036989104e+00 2.320499597350859489e+01 2.321245833995180163e+01 2.807430595797234574e+01
5.902194343837940060e+00 5.913326013311256624e+00 7.738072266467090898e+00 2.319933801461836254e+01 2.320589372918673732e+01 2.815414751211646305e+01
6.094780565293919317e+00 6.104286051204582009e+00 8.002859878441508812e+00 2.319355765040235440e+01 2.319907945744167321e+01 2.821767438639756875e+01
6.285270843216473224e+00 6.293004205683518926e+00 8.266495469990124079e+00 2.318758570318944479e+01 2.319201525213859583e+01 2.826536423671475617e+01
6.473522693753954727e+00 6.479423261291993974e+00 8.528894864669371856e+00 2.318135990485702180e+01 2.318470376467201888e+01 2.829781403075555701e+01
6.659409024299461244e+00 6.663501462574136447e+00 8.789973244346134251e+00 2.317482812491711286e+01 2.317715164733859368e+01 2.831572198751555547e+01
6.842818796586388252e+00 6.845209390049597609e+00 9.049646811759904708e+00 2.316794829498751085e+01 2.316937245907419296e+01 2.831986987855125548e+01
7.023647992894522574e+00 7.024534840266238866e+00 9.307834158138575731e+00 2.316067384339958934e+01 2.316140249815661889e+01 2.831110584808270403e+01
7.201341022551087434e+00 7.201936160112707874e+00 9.564457262376837576e+00 2.315287204304275548e+01 2.315338221716654488e+01 2.829032788796883935e+01
7.375812627695822243e+00 7.377414579559803620e+00 9.819442077648572464e+00 2.314454724733379720e+01 2.314533143073215982e+01 2.825846808741159322e+01
7.547782430012587973e+00 7.550173964428651630e+00 1.007271869241172801e+01 2.313596120336397277e+01 2.313702640970335267e+01 2.821647776532088514e+01
7.717234991264827038e+00 7.720155594217728456e+00 1.032422108312121800e+01 2.312719524926795245e+01 2.312843439854400174e+01 2.816531358465968182e+01
7.884126029478821351e+00 7.887327683411061940e+00 1.057388650326998913e+01 2.311827894416380147e+01 2.311958137413034464e+01 2.810592474162509191e+01
8.048400888857646152e+00 8.051663773795388224e+00 1.082165457565120370e+01 2.310923359445019543e+01 2.311050493470593992e+01 2.803924131691098154e+01
8.209996768978269799e+00 8.213138581258604631e+00 1.106746617047035208e+01 2.310007788531297379e+01 2.310124541714281676e+01 2.796616387017338567e+01
8.368844536401368828e+00 8.371725437961114125e+00 1.131126216023658770e+01 2.309082872269367215e+01 2.309184237498855907e+01 2.788755435091034229e+01
8.524870751880381903e+00 8.527394558018185577e+00 1.155298214297613235e+01 2.308150106742629504e+01 2.308233278969996505e+01 2.780422838818191167e+01
8.677999770033213878e+00 8.680112057825477123e+00 1.179256321863561574e+01 2.307210709637346113e+01 2.307275074620683597e+01 2.771694900717550780e+01
8.828155653917026058e+00 8.829839735750738328e+00 1.202993889056622834e+01 2.306265387765220254e+01 2.306312936830896376e+01 2.762642180222223942e+01
8.975263571331252521e+00 8.976535682498695934e+00 1.226503814616075516e+01 2.305313850388013819e+01 2.305350598168270082e+01 2.753329157361563873e+01
9.119250091351789322e+00 9.120156060583905600e+00 1.249778474983805587e+01 2.304355336781826225e+01 2.304391767901607935e+01 2.743814041009490268e+01
9.260041102665871549e+00 9.260659128530512874e+00 1.272809675955027586e+01 2.303392014314745140e+01 2.303436855172636299e+01 2.734148717117876259e+01
9.397557567962142144e+00 9.398011146625865564e+00 1.295588625672220218e+01 2.302427875335936491e+01 2.302484212234017846e+01 2.724378829508675182e+01
9.531731853045263492e+00 9.532171335998800288e+00 1.318105926068755274e+01 2.301465675788535847e+01 2.301533337503238741e+01 2.714543983038662134e+01
9.662544602632086921e+00 9.663055886790905546e+00 1.340351578360124662e+01 2.300507245822742064e+01 2.300584693371461853e+01 2.704678056444934597e+01
9.789985127182639246e+00 9.790578067842414356e+00 1.362314997137354311e+01 2.299554101435449738e+01 2.299639198614030278e+01 2.694809610086345586e+01
9.914022763723226106e+00 9.914677028328052089e+00 1.383985027079901542e+01 2.298607691537971576e+01 2.298698054092452026e+01 2.684962372248057960e+01
1.003461806689055003e+01 1.003530651066163237e+01 1.405349956268755918e+01 2.297669486301496988e+01 2.297762693241962495e+01 2.675155786767040311e+01
1.015173042004043680e+01 1.015242696816930668e+01 1.426397520496224480e+01 2.296741005157328530e+01 2.296834760143989129e+01 2.665405604510998927e+01
1.026532054755799983e+01 1.026600268510253500e+01 1.447114893757925103e+01 2.295823819057013893e+01 2.295916084828967030e+01 2.655724501696210993e+01
1.037535122963542555e+01 1.037600066259728315e+01 1.467488661174216347e+01 2.294919540979709538e+01 2.295008648184136035e+01 2.646122709104331250e+01
1.048178740662283026e+01 1.048239012924976166e+01 1.487504771815772919e+01 2.294029811640506367e+01 2.294114536959372685e+01 2.636608637853575843e+01
1.058459607259608326e+01 1.058514230207484097e+01 1.507148470198749912e+01 2.293156284631636765e+01 2.293235892204407023e+01 2.627189489359424712e+01
1.068374611484072645e+01 1.068423024840599922e+01 1.526404206483280035e+01 2.292300614021100813e+01 2.292374854988672439e+01 2.617871839324937255e+01
1.077920816838402907e+01 1.077962877347170156e+01 1.545255526593024875e+01 2.291464446527443144e+01 2.291533512887572499e+01 2.608662187860517179e+01
1.087095452254656536e+01 1.087131428325017701e+01 1.563684944541967425e+01 2.290649418782189528e+01 2.290713850717749267e+01 2.599567469979985646e+01
1.095895911793902044e+01 1.095926456966042473e+01 1.581673800206923453e+01 2.289857157194844106e+01 2.289917710300829512e+01 2.590595522597777389e+01
1.104319769174841781e+01 1.104345844984002056e+01 1.599202106650780308e+01 2.289089274498168436e+01 2.289146765888709112e+01 2.581755505627107183e+01
1.112364809461093529e+01 1.112387523329267758e+01 1.616248391936984774e+01 2.288347356625215667e+01 2.288402520994601730e+01 2.573058275743024126e+01
1.120029058035194680e+01 1.120049422132706418e+01 1.632789541252780197e+01 2.287632938918758541e+01 2.287686326069790610e+01 2.564516711751404898e+01
1.127310760639115195e+01 1.127329471420332929e+01 1.648800646156590233e+01 2.286947478438427339e+01 2.286999408132391309e+01 2.556145990252779043e+01
1.134208299645572993e+01 1.134225669209491372e+01 1.664254868955654487e+01 2.286292331968587277e+01 2.286342900409532675e+01 2.547963809403308844e+01
1.140720102367114031e+01 1.140736162994253000e+01 1.679123331652701623e+01 2.285668745200825924e+01 2.285717864272283606e+01 2.539990557091734757e+01
1.146844596515340697e+01 1.146859290915153018e+01 1.693375040580529500e+01 2.285077852490691086e+01 2.285125302115574897e+01 2.532249417858702145e+01
1.152580216197999619e+01 1.152593579835998661e+01 1.706976859709406114e+01 2.284520683308452860e+01 2.284566163530931959e+01 2.524766410536832240e+01
1.157925444898443956e+01 1.157937713437540417e+01 1.719893547510285359e+01 2.283998171436471480e+01 2.284041347637144170e+01 2.517570346120968594e+01
1.162878890565203172e+01 1.162890473622625898e+01 1.732087873914890608e+01 2.283511164323322973e+01 2.283551703495604457e+01 2.510692693127270303e+01
1.167439368310372849e+01 1.167450677149733629e+01 1.743520834922405172e+01 2.283060431366172338e+01 2.283098029523237216e+01 2.504167336124328358e+01
1.171605926807854559e+01 1.171617168125544062e+01 1.754151982212906447e+01 2.282646670764152219e+01 2.282681072202552031e+01 2.498030212799634597e+01
1.175377796808440145e+01 1.175388884419212765e+01 1.763939883080716342e+01 2.282270514995173727e+01 2.282301524149609051e+01 2.492318816534195491e+01
1.178754324488596694e+01 1.178764932042054525e+01 1.772842721405114830e+01 2.281932535086906100e+01 2.281960021581686959e+01 2.487071555690805980e+01
1.181734936468410169e+01 1.181744618208383280e+01 1.780819042651561190e+01 2.281633243831448965e+01 2.281657141297584346e+01 2.482326968250713151e+01
1.184319130279916799e+01 1.184327448054621179e+01 1.787828634781645931e+01 2.281373098029946078e+01 2.281393397369321363e+01 2.478122801309116596e+01
1.186506473537593997e+01 1.186513101984515117e+01 1.793833522752235154e+01 2.281152499797596533e+01 2.281169237811302253e+01 2.474494978941063650e+01
1.188296604095358866e+01 1.188301403085571017e+01 1.798799038106705694e+01 2.280971796929524587e+01 2.280985041532608903e+01 2.471476497959363527e+01
1.189689229670842074e+01 1.189692279204091996e+01 1.802694909009764501e+01 2.280831282326086651e+01 2.280841115888820880e+01 2.469096307088225473e+01
1.190684128130547137e+01 1.190685722522425039e+01 1.805496302728896296e+01 2.280731192498366866e+01 2.280737695130593323e+01 2.467378238285725089e+01
1.191281154862774549e+01 1.191281744698401113e+01 1.807184745121611869e+01 2.280671705178979281e+01 2.280674940031655140e+01 2.466340066257120256e+01
1.191480268035507528e+01 1.191480321110997664e+01 1.807748842838733694e+01 2.280652897463866324e+01 2.280652977547319793e+01 2.465992770916992427e+01
1.191480268035507528e+01 1.191480321110997664e+01 1.807748842838733694e+01 2.280652897463866324e+01 2.280652977547319793e+01 2.465992770916992427e+01
1.191387090536942850e+01 1.191855861991958498e+01 1.807570937041709414e+01 2.280361500010396014e+01 2.280623011742199324e+01 2.466226753146452921e+01
1.191107357523485355e+01 1.192980212784852512e+01 1.807037549100663298e+01 2.279493302435719215e+01 2.280533489871264052e+01 2.466922773893911014e+01
1.190640920246536716e+01 1.194846127170425021e+01 1.806149668461266344e+01 2.278066580685916520e+01 2.280384744788488760e+01 2.468063562383012055e+01
1.189987460976492706e+01 1.197441670247027901e+01 1.804908947910139716e+01 2.276110090316990764e+01 2.280177461490925950e+01 2.469621924186724016e+01
1.189146545674587685e+01 1.200750271269247449e+01 1.803317709329290253e+01 2.273661102656093291e+01 2.279912594898977929e+01 2.471562811042586816e+01
1.188117633629741121e+01 1.204750855237679907e+01 1.801378952074655970e+01 2.270763068443815058e+01 2.279591365859334218e+01 2.473845693640801713e+01
1.186900088360808070e+01 1.209418003301008326e+01 1.799096364187991171e+01 2.267463317210273033e+01 2.279215256107868015e+01 2.476426907410924727e+01
1.185493188911209472e+01 1.214722136248900064e+01 1.796474336585538367e+01 2.263811036470397298e+01 2.278786002251789355e+01 2.479261725734857791e+01
1.183896140699103761e+01 1.220629714931716414e+01 1.793517980262502576e+01 2.259855664224852489e+01 2.278305588827836914e+01 2.482306025148249873e+01
1.182108085213296889e+01 1.227103451333898931e+01 1.790233146448618839e+01 2.255645728491039037e+01 2.277776240484591597e+01 2.485517506444832136e+01
1.180128108044358015e+01 1.234102524201477991e+01 1.786626449597683575e+01 2.251228097873221756e+01 2.277200413324151640e+01 2.488856505045453105e+01
1.177955244986479144e+01 1.241582793510450244e+01 1.782705293145637881e+01 2.246647570321032816e+01 2.276580785423145059e+01 2.492286460804630366e+01
1.175588486207458949e+01 1.249497008586958202e+01 1.778477898169564853e+01 2.241946716402476270e+01 2.275920246538351677e+01 2.495774128471248687e+01
1.173026778731072639e+01 1.257795005289787404e+01 1.773953335443462009e+01 2.237165898920756746e+01 2.275221886990205178e+01 2.499289605008933890e+01
1.170269027680688545e+01 1.266423888305434531e+01 1.769141561899887094e+01 2.232343404021203170e+01 2.274488985710584998e+01 2.502806237367015996e+01
1.167314096874189744e+01 1.275328195287896094e+01 1.764053463112167464e+01 2.227515634218864093e+01 2.273724997440918827e+01 2.506300459796992186e+01
1.164160809426812015e+01 1.284450040346311539e+01 1.758700904004777144e+01 2.222717327738483917e+01 2.272933539073502729e+01 2.509751596542697527e+01
1.160807949008215445e+01 1.293729235333495176e+01 1.753096790430791074e+01 2.217981779756583549e+01 2.272118375142793667e+01 2.513141654926640101e+01
1.157254262320372895e+01 1.303103388644508698e+01 1.747255144337639621e+01 2.213341049249403980e+01 2.271283402492721137e+01 2.516455125627880562e+01
1.153498463228737592e+01 1.312507982951078844e+01 1.741191194760964578e+01 2.208826140442749875e+01 2.270432634169021568e+01 2.519678800885616354e+01
1.149539238810440978e+01 1.321876435641357261e+01 1.734921485611980430e+01 2.204467150849856338e+01 2.269570182609103171e+01 2.522801616892844478e+01
1.145375257401791735e+01 1.331140148871179818e+01 1.728463998923648148e+01 2.200293379183748144e+01 2.268700242223107111e+01 2.525814523234190645e+01
1.141005178553911747e+01 1.340228560213926201e+01 1.721838288673270156e+01 2.196333386673072141e+01 2.267827071475916512e+01 2.528710379477247017e+01
1.136427664657301939e+01 1.349069210044971889e+01 1.715065615301809032e+01 2.192615005115889204e+01 2.266954974588569627e+01 2.531483876719873294e+01
1.131641393885192137e+01 1.357587848087517912e+01 1.708169064448707886e+01 2.189165284963212343e+01 2.266088282978351387e+01 2.534131479955477317e+01
1.126645074037715588e+01 1.365708608959351444e+01 1.701173625155707470e+01 2.186010377359521328e+01 2.265231336549977570e+01 2.536651385596281116e+01
1.121437456843891134e+01 1.373354294882114957e+01 1.694106193013008266e+01 2.183175345803120493e+01 2.264388464938518553e+01 2.539043487517173503e+01
1.116017352290918829e+01 1.380446812351874897e+01 1.686995452990434785e+01 2.180683906186857612e+01 2.263563968790576197e+01 2.541309344696987438e+01
1.110383642591955322e+01 1.386907817226184925e+01 1.679871586341929302e+01 2.178558098485513383e+01 2.262762101157817085e+01 2.543452144049687647e+01
1.110383610728148263e+01 1.386907945744714432e+01 1.679872546600524785e+01 2.178547057295494938e+01 2.262762169513655408e+01 2.543460807535311119e+01
1.104733673901152002e+01 1.392480441911937739e+01 1.673002756192781604e+01 2.176858704489497853e+01 2.262012475586070437e+01 2.545419478660919310e+01
1.098882324033878533e+01 1.397321888030352000e+01 1.666177882036911484e+01 2.175546811704183980e+01 2.261291547332280771e+01 2.547273052380371894e+01
1.092828810317851307e+01 1.401366715889733960e+01 1.659425381207031691e+01 2.174624417744260541e+01 2.260603003740708772e+01 2.549028635681096944e+01
1.086572485320146519e+01 1.404553939943662222e+01 1.652770585917753365e+01 2.174101558517303800e+01 2.259950360361190391e+01 2.550694577867623281e+01
1.080112812408646938e+01 1.406829060447966384e+01 1.646235121901217724e+01 2.173984954556442162e+01 2.259337014874699179e+01 2.552280363957203235e+01
1.073449372162123794e+01 1.408146128676062148e+01 1.639835135872145244e+01 2.174277760886850430e+01 2.258766233124072542e+01 2.553796498708759444e+01
1.066581867838703346e+01 1.408469792673151488e+01 1.633579502597718047e+01 2.174979394513147568e+01 2.258241135706763814e+01 2.555254391393826552e+01
1.059510130023177865e+01 1.407777074271941586e+01 1.627468251424345524e+01 2.176085448444433013e+01 2.257764685240922731e+01 2.556666252414201423e+01
1.052234120615814206e+01 1.406058597462099335e+01 1.621491484762183788e+01 2.177587694071511137e+01 2.257339674419812781e+01 2.558045012051024258e+01
1.044753936358884339e+01 1.403319021016316448e+01 1.615629030271963984e+01 2.179474166980345728e+01 2.256968714964940759e+01 2.559404268849321085e+01
1.037069812117973910e+01 1.399576533527259770e+01 1.609850964988599031e+01 2.181729326044431971e+01 2.256654227574864890e+01 2.560758270562912031e+01
1.029182124137000898e+01 1.394861426865661436e+01 1.604118992988026093e+01 2.184334272766667695e+01 2.256398432945707455e+01 2.562121924701995468e+01
1.021091393463630759e+01 1.389213928759767747e+01 1.598388494262587400e+01 2.187267017771787181e+01 2.256203343914074466e+01 2.563510829344508224e+01
1.012798289690987019e+01 1.382681594377693202e+01 1.592610943846675475e+01 2.190502783939048470e+01 2.256070758747417315e+01 2.564941309020985472e+01
1.004303635080900747e+01 1.375316596485395770e+01 1.586736361391549188e+01 2.194014340182793887e+01 2.256002255585006822e+01 2.566430436275118154e+01
9.956084090266486442e+00 1.367173212622777001e+01 1.580715494205583660e+01 2.197772365143863027e+01 2.255999188017483803e+01 2.567996017957772636e+01
9.867137526873577258e+00 1.358305712735986504e+01 1.574501534746664966e+01 2.201745844622339376e+01 2.256062681784241875e+01 2.569656527162298687e+01
9.776209734959227404e+00 1.348766739834036521e+01 1.568051288837922819e+01 2.205902509091261621e+01 2.256193632561761575e+01 2.571430967217339614e+01
9.683315491250677809e+00 1.338606181155186192e+01 1.561325811606251435e+01 2.210209317060008516e+01 2.256392704805346483e+01 2.573338662990060755e+01
9.588471304118208138e+00 1.327870464544153606e+01 1.554290597168230725e+01 2.214632985970046164e+01 2.256660331583272239e+01 2.575398985939008512e+01
9.491695427075722336e+00 1.316602186189234658e+01 1.546915442487465242e+01 2.219140565002485488e+01 2.256996715300879330e+01 2.577631031316433052e+01
9.393007851518705209e+00 1.304839974439924433e+01 1.539174111517002963e+01 2.223700034700344830e+01 2.257401829153598882e+01 2.580053276642075133e+01
9.292430274695353987e+00 1.292618509860623632e+01 1.531043911798307100e+01 2.228280908324635234e+01 2.257875419084447444e+01 2.582683257883626027e+01
9.189986040591959338e+00 1.279968644450068993e+01 1.522505270695886637e+01 2.232854801390019261e+01 2.258417005975457670e+01 2.585537301725118553e+01
9.085700053671313725e+00 1.266917585954515957e+01 1.513541369034948936e+01 2.237395930857371340e+01 2.259025887803944244e+01 2.588630347562836675e+01
8.979598668065904121e+00 1.253489131934617973e+01 1.504137860698329376e+01 2.241881505540834496e+01 2.259701141573425076e+01 2.591975881151108396e+01
8.871709557717785799e+00 1.239703950431391988e+01 1.494282680824285769e+01 2.246291975129952334e+01 2.260441625005776345e+01 2.595585984143164993e+01
8.762061575859210194e+00 1.225579909115310251e+01 1.483965924692096117e+01 2.250611116480790841e+01 2.261245978256606648e+01 2.599471482490860197e+01
8.650684614927365956e+00 1.211132453330598935e+01 1.473179765517729933e+01 2.254825951063878975e+01 2.262112626272282156e+01 2.603642155222257415e+01
8.537609480223331104e+00 1.196375026994159363e+01 1.461918372899119767e+01 2.258926504338415953e+01 2.263039782874146510e+01 2.608106947479515725e+01
8.422867792021889954e+00 1.181319521003616302e+01 1.450177794583984792e+01 2.262905431286626978e+01 2.264025460587857452e+01 2.612874121624392743e+01
8.306491930994056361e+00 1.165976724084887906e+01 1.437955771914417191e+01 2.265067454162990401e+01 2.266757581283719247e+01 2.617951280442558115e+01
8.188515040271004963e+00 1.150356743285522221e+01 1.425251472361309268e+01 2.266163432133009792e+01 2.270479416470499956e+01 2.623345208070244183e+01
8.068971093877477685e+00 1.134469357678572976e+01 1.412065139011544090e+01 2.267310862814667871e+01 2.274068606706104134e+01 2.629061496266897890e+01
7.947895035404806130e+00 1.118324270729233305e+01 1.398397674286245085e+01 2.268507109469299010e+01 2.277523510526203410e+01 2.635103953093041795e+01
7.825322982816278916e+00 1.101931234767864787e+01 1.384250190947219217e+01 2.269749448475643305e+01 2.280842821973137546e+01 2.641473823341328497e+01
7.701292485668364662e+00 1.085300034675985792e+01 1.369623575128029991e+01 2.271035113900047264e+01 2.284025300048919505e+01 2.648168879753374583e+01
7.575842810612670064e+00 1.068440335767955496e+01 1.354518111720682683e+01 2.272361343742451822e+01 2.287069611251309098e+01 2.655182465757436816e+01
7.449015220800506931e+00 1.051361420579491579e+01 1.338933220757455977e+01 2.273725424979835452e+01 2.289974280822319130e+01 2.662502579913659417e+01
7.320853205744997538e+00 1.034071857850981146e+01 1.322867344260095912e+01 2.275124732258616334e+01 2.292737740711750760e+01 2.670111087210973011e+01
7.191402611199206873e+00 1.016579161175835644e+01 1.306318007293370087e+01 2.276556754172621666e+01 2.295358457167909805e+01 2.677983123202302806e+01
7.060711614522036328e+00 9.988895016015224115e+00 1.289282056576436730e+01 2.278019100861636304e+01 2.297835118778545649e+01 2.686086726801271141e+01
6.928830490805063747e+00 9.810075357960467812e+00 1.271756057634314097e+01 2.279509487399066003e+01 2.300166865501904567e+01 2.694382701762615895e+01
6.795811120096418634e+00 9.629363984667884679e+00 1.253736810106854449e+01 2.281025689283267965e+01 2.302353539223174650e+01 2.702824672073657197e+01
6.661706198296898584e+00 9.446778855079422499e+00 1.235221923334562000e+01 2.282565469330999974e+01 2.304395935425642250e+01 2.711359269319299514e+01
6.526568135924784464e+00 9.262328256131766580e+00 1.216210383022156627e+01 2.284126479212420335e+01 2.306296033273429202e+01 2.719926375839953181e+01
6.390447661794229184e+00 9.076016070524275392e+00 1.196703036139543386e+01 2.285706143364316389e+01 2.308057178407581844e+01 2.728459349109969168e+01
6.253392193065088200e+00 8.887847980111761359e+00 1.176702925859824056e+01 2.287301537477316771e+01 2.309684190624933109e+01 2.736885170247828825e+01
6.115444086733027973e+00 8.697837782447997768e+00 1.156215421055370918e+01 2.288909277459283587e+01 2.311183369373659247e+01 2.745124490078758228e+01
5.976638944512013829e+00 8.506012906631791992e+00 1.135248104833774008e+01 2.290525436998714071e+01 2.312562375510151469e+01 2.753091584537052583e+01
5.837004193761170967e+00 8.312418258813762506e+00 1.113810412430261820e+01 2.292145511964832849e+01 2.313829979015809002e+01 2.760694270870544642e+01
5.696558199913539511e+00 8.117117706619023210e+00 1.091913038581680873e+01 2.293764447486721636e+01 2.314995679011587626e+01 2.767833870301601351e+01
5.555310169206565618e+00 7.920192804358349825e+00 1.069567165715755053e+01 2.295376738571222219e+01 2.316069222532072658e+01 2.774405325597171768e+01
5.413261066027427404e+00 7.721738731191227778e+00 1.046783593505432997e+01 2.296976607827943440e+01 2.317060068881681545e+01 2.780297589312673523e+01
5.270405694437703126e+00 7.521857817699447502e+00 1.023571873396790899e+01 2.298558254895314334e+01 2.317976862964102125e+01 2.785394388625292450e+01
5.126735983338194913e+00 7.320651424792926854e+00 9.999395641164515069e+00 2.300116162415810805e+01 2.318826989767472568e+01 2.789575446587769392e+01
4.982245380945759194e+00 7.118211264466893340e+00 9.758917219431580747e+00 2.301645433991728851e+01 2.319616280162273725e+01 2.792718200610471158e+01
4.836934122550905713e+00 6.914611467473290141e+00 9.514307204510469518e+00 2.303142131646129087e+01 2.320348924000870738e+01 2.794700012102742903e+01
4.690815002029563807e+00 6.709902763570356754e+00 9.265564590698254221e+00 2.304603575063111265e+01 2.321027621031058885e+01 2.795400812544298574e+01
4.543919165269394433e+00 6.504110008003311627e+00 9.012669720585840594e+00 2.306028563283047816e+01 2.321653966369713018e+01 2.794706086983957860e+01
4.396301360645566980e+00 6.297233942650144023e+00 8.755593961776495959e+00 2.307417482299703337e+01 2.322229030025179597e+01 2.792510061521313958e+01
4.248044032041616624e+00 6.089257531531969470e+00 8.494312048487676847e+00 2.308772269461456617e+01 2.322754055044411814e+01 2.788718940771197907e+01
4.099259626795405786e+00 5.880156509522563191e+00 8.228815769019831805e+00 2.310096217513853034e+01 2.323231172230388353e+01 2.783254036863383973e+01
3.950090520226184232e+00 5.669913026295954062e+00 7.959127448064705845e+00 2.311393616747978541e+01 2.323664016098265250e+01 2.776054643388534515e+01
3.800706040957234855e+00 5.458530585410453106e+00 7.685311628213773005e+00 2.312669251673066739e+01 2.324058130170750047e+01 2.767080534083379817e+01
3.651296232032060107e+00 5.246048011511487807e+00 7.407483486127936168e+00 2.313927787059234831e+01 2.324421070875025563e+01 2.756314003454137662e+01
3.502062215992451488e+00 5.032550044056899985e+00 7.125812791341294528e+00 2.315173094930317532e+01 2.324762156577522276e+01 2.743761410185730654e+01
3.353203353278215726e+00 4.818172414528280711e+00 6.840522590485645260e+00 2.316407586886336745e+01 2.325091857464736833e+01 2.729454228575604446e+01
3.204901781060808919e+00 4.603099898736572548e+00 6.551882248925284813e+00 2.317631622973430439e+01 2.325420876639465106e+01 2.713449652774350085e+01
3.057305359077906015e+00 4.387556749929224509e+00 6.260194995032427379e+00 2.318843067686530546e+01 2.325759025093758225e+01 2.695830828259717649e+01
2.910510470739445577e+00 4.171789956460665749e+00 5.965780689098262535e+00 2.320037054866918069e+01 2.326114034872773928e+01 2.676706800764086225e+01
2.764546453791601355e+00 3.956046754090080331e+00 5.668955168347794782e+00 2.321206006504596431e+01 2.326490478323117728e+01 2.656212272398031615e+01
2.619363582840864790e+00 3.740548606930541364e+00 5.370008156255667409e+00 2.322339927076064114e+01 2.326888961517023802e+01 2.634507237339689922e+01
2.474826429773346881e+00 3.525464364069314627e+00 5.069182272530443178e+00 2.323426967292252598e+01 2.327305734695562123e+01 2.611776536445923824e+01
2.330714059285628803e+00 3.310885488471034144e+00 4.766655999095839036e+00 2.324454221952287369e+01 2.327732813749583940e+01 2.588229324542162146e+01
2.186727901760481263e+00 3.096806188914049685e+00 4.462533395181200291e+00 2.325408699295251580e+01 2.328158640210159547e+01 2.564098390621850498e+01
2.042507369635294445e+00 2.883111031316675454e+00 4.156842804739477870e+00 2.326278377043391643e+01 2.328569232100796427e+01 2.539639215723767762e+01
1.897652478105582796e+00 2.669572199703116322e+00 3.849545763418358746e+00 2.327053245990548191e+01 2.328949705393959135e+01 2.515128602864659868e+01
1.751752050787149573e+00 2.455857995481165013e+00 3.540555942914166643e+00 2.327726237451515345e+01 2.329285986928692509e+01 2.490862675752938671e+01
1.604415687961809445e+00 2.241553332740486404e+00 3.229766574467086482e+00 2.328293937056111318e+01 2.329566503942284328e+01 2.467154025964319075e+01
1.455307695082970865e+00 2.026191837193273670e+00 2.917083795573657490e+00 2.328757004012594933e+01 2.329783628946146834e+01 2.444327799239827570e+01
1.304181802527683454e+00 1.809297698108110142e+00 2.602463274662839776e+00 2.329120240731535674e+01 2.329934683265058837e+01 2.422716556589234216e+01
1.150917170720130667e+00 1.590433816520486765e+00 2.285948958067515857e+00 2.329392290255018949e+01 2.330022355266888212e+01 2.402653828254857515e+01
9.955600659725489798e-01 1.369251432558424630e+00 1.967717137629981794e+00 2.329584975153649040e+01 2.330054463117194175e+01 2.384466397287735973e+01
8.383855506768523869e-01 1.145536324676957207e+00 1.648139859060289814e+00 2.329712327803604666e+01 2.330043076759249843e+01 2.368465497502156580e+01
6.800233503838922777e-01 9.192521843947366600e-01 1.327911381243196853e+00 2.329789394442322958e+01 2.330003098173209608e+01 2.354937273746934778e+01
5.218004278957411035e-01 6.906209292195191196e-01 1.008379570480332443e+00 2.329830920550308093e+01 2.329950471372632848e+01 2.344133009484317398e+01
3.669560353562802968e-01 4.606132196265123047e-01 6.926301368900763533e-01 2.329850039964840747e+01 2.329900244660277764e+01 2.336259750876580910e+01
2.265692681161571298e-01 2.369495472802084779e-01 3.901232010317375876e-01 2.329857092726065204e+01 2.329864738104837940e+01 2.331472013328540172e+01
1.526799956685779835e-01 1.530443446003864061e-01 1.530792215151695612e-01 2.329858596265764348e+01 2.329858640955139393e+01 2.329858749172586485e+01
1.526799956685779835e-01 1.530443446003864061e-01 1.530792215151695612e-01 2.329858596265764348e+01 2.329858640955139393e+01 2.329858749172586485e+01
2.043493804773919009e-01 2.640505014043521559e-01 3.900022891837691130e-01 2.329849352672304263e+01 2.329916266495254007e+01 2.331446153059753001e+01
3.871416010743836678e-01 4.460440250787540140e-01 7.014686076019076566e-01 2.329894583739648084e+01 2.330019244560447689e+01 2.336160427554925434e+01
5.805918267460550286e-01 6.333738391008952862e-01 1.027340631105614577e+00 2.329974319480267297e+01 2.330140201787671117e+01 2.343917577433193955e+01
7.730999896264663107e-01 8.176057193937747991e-01 1.357581957283148011e+00 2.330059981930160973e+01 2.330245482408262347e+01 2.354571460699673580e+01
9.616321433141976627e-01 9.965957769082515183e-01 1.689411602232442577e+00 2.330115588881398025e+01 2.330297350777938803e+01 2.367924757352479759e+01
1.144841516543038562e+00 1.169807919273966101e+00 2.021663667916762552e+00 2.330103059225081097e+01 2.330259506319705665e+01 2.383735689450134743e+01
1.322209638359989503e+00 1.337535918827693848e+00 2.353682548304145694e+00 2.329987750004418956e+01 2.330102295498063469e+01 2.401725887869643117e+01
1.493831298525950535e+00 1.500628133981960044e+00 2.685034768561289642e+00 2.329743390975088602e+01 2.329806831562759228e+01 2.421588946101869055e+01
1.660290500205050535e+00 1.660296727062353428e+00 3.015420640908224037e+00 2.329355692785051346e+01 2.329367434211540910e+01 2.442999194708244559e+01
1.817899689263382523e+00 1.822569564271902864e+00 3.344640615524737459e+00 2.328792077938241434e+01 2.328824128296497875e+01 2.465620270180511397e+01
1.974813549642886246e+00 1.981852736768976220e+00 3.672574532784459223e+00 2.328100853988474128e+01 2.328161677303676669e+01 2.489113124489264095e+01
2.132211119876474381e+00 2.139429812625921912e+00 3.999162003076601302e+00 2.327322747496726407e+01 2.327392643997100308e+01 2.513143213541864540e+01
2.290963035249815150e+00 2.296513157532046545e+00 4.324382426584835848e+00 2.326491281031957925e+01 2.326548936875263962e+01 2.537386700327843769e+01
2.451556185773067664e+00 2.454106628914388466e+00 4.648236406682733524e+00 2.325639719379652703e+01 2.325665423585173386e+01 2.561535599631244153e+01
2.612903432022537498e+00 2.614074701106097187e+00 4.970730510144903747e+00 2.324775085429791233e+01 2.324796570118819261e+01 2.585301867299858714e+01
2.773230978571778582e+00 2.778234169865489545e+00 5.291866292828272478e+00 2.323904698323135065e+01 2.323982033394736746e+01 2.608420493910065829e+01
2.935047293363957532e+00 2.943457976197290105e+00 5.611633306688929679e+00 2.323071651260242731e+01 2.323205879679651176e+01 2.630651699859969384e+01
3.097985056866147335e+00 3.108979922870010792e+00 5.930005049552012686e+00 2.322282314459922148e+01 2.322466985248980009e+01 2.651782348803857658e+01
3.261432057008913699e+00 3.273956060985752980e+00 6.246936724850817413e+00 2.321532105767149545e+01 2.321754491432392697e+01 2.671626702564146782e+01
3.424632480194818474e+00 3.437569991685398119e+00 6.562364110380253912e+00 2.320807137890076888e+01 2.321050302655113384e+01 2.690026636953110639e+01
3.586792351808665735e+00 3.599119196572100776e+00 6.876203450202226009e+00 2.320087092629922054e+01 2.320332452134594448e+01 2.706851427350746775e+01
3.747174270944075847e+00 3.758074201834693984e+00 7.188352720139571161e+00 2.319348804393105468e+01 2.319578763897901297e+01 2.721997197600488860e+01
3.905170409299303813e+00 3.914106950352908676e+00 7.498694661877662426e+00 2.318569964609647727e+01 2.318770237889361496e+01 2.735386107413657086e+01
4.060347510022142004e+00 4.067089124307566195e+00 7.807101646095957470e+00 2.317732386461452876e+01 2.317893674077584976e+01 2.746965333543653642e+01
4.212462404449924591e+00 4.217064905113605100e+00 8.113441907504034489e+00 2.316824383287102052e+01 2.316943209877130272e+01 2.756705880313370827e+01
4.361450694759973601e+00 4.364205418438977802e+00 8.417586250635642031e+00 2.315841988437006904e+01 2.315920641353619658e+01 2.764601237785294785e+01
4.507394328307742448e+00 4.508753626183801266e+00 8.719414141838182530e+00 2.314788945753668159e+01 2.314834597619303835e+01 2.770665893072156649e+01
4.650475638852425320e+00 4.650968584947556828e+00 9.018818228320217401e+00 2.313675593556187593e+01 2.313698807337768315e+01 2.774933693567952631e+01
4.790926041129726087e+00 4.791076876680807395e+00 9.315706679967533432e+00 2.312516920982609037e+01 2.312529811915648992e+01 2.777456060780248848e+01
4.928977056595602591e+00 4.929236901692038764e+00 9.610003191796145927e+00 2.311330172750184175e+01 2.311344528424342570e+01 2.778300059291111879e+01
5.064819863914010512e+00 5.065519089044660639e+00 9.901644881831154876e+00 2.310132406958775775e+01 2.310158045721674469e+01 2.777546335450102433e+01
5.198577574819184477e+00 5.199902224558667463e+00 1.019057859219036644e+01 2.308938374199391674e+01 2.308981958309236759e+01 2.775286952408698937e+01
5.330291953443074604e+00 5.332283795158496709e+00 1.047675623205393158e+01 2.307758995109105626e+01 2.307823425300412978e+01 2.771623159712904894e+01
5.459924053355926787e+00 5.462500469481450516e+00 1.076012981283126457e+01 2.306600589912175181e+01 2.306685007520061603e+01 2.766663144973338717e+01
5.587366325075616480e+00 5.590353994828475948e+00 1.104064675519764727e+01 2.305464880219032153e+01 2.305565208383974607e+01 2.760519820881047792e+01
5.712462480025022771e+00 5.715637796014926941e+00 1.131824592686156983e+01 2.304349662232172946e+01 2.304459544419646733e+01 2.753308702457752233e+01
5.835030891172278800e+00 5.838160272669330908e+00 1.159285472005759310e+01 2.303249960373582539e+01 2.303361911363180425e+01 2.745145926894601018e+01
5.954887523875735944e+00 5.957761985758727619e+00 1.186438731292766668e+01 2.302159421764651626e+01 2.302265996855447483e+01 2.736146462008450797e+01
6.071865176702329947e+00 6.074325331254052607e+00 1.213274409311915925e+01 2.301071707641654385e+01 2.301166517556447033e+01 2.726422539873313511e+01
6.185826948599538966e+00 6.187776667447888457e+00 1.239781207266918450e+01 2.299981672630821450e+01 2.300060117148416339e+01 2.716082340438212483e+01
6.296673093648262665e+00 6.298081991782891187e+00 1.265946601005064842e+01 2.298886185898545875e+01 2.298945838319668411e+01 2.705228936998615552e+01
6.404341562693246281e+00 6.405238024041052469e+00 1.291756989401745948e+01 2.297784525350667550e+01 2.297825161387990178e+01 2.693959502474149303e+01
6.508803406094108901e+00 6.509260894595314539e+00 1.317197844129003315e+01 2.296678352715911231e+01 2.296701671286847812e+01 2.682364763817501796e+01
6.610054739529287460e+00 6.610174581450825926e+00 1.342253831109849038e+01 2.295571341094071727e+01 2.295580463414030348e+01 2.670528682640368956e+01
6.708000861103529999e+00 6.708107148646863749e+00 1.366908882890840360e+01 2.294467421229901305e+01 2.294468570047866862e+01 2.658528334045281127e+01
6.802751991233266793e+00 6.802978233536796537e+00 1.391146211852860937e+01 2.293368504122760498e+01 2.293375813306864330e+01 2.646433952963749547e+01
6.894426621626894125e+00 6.894683688380413678e+00 1.414948264544981171e+01 2.292289137151887601e+01 2.292298861760617612e+01 2.634309117770737885e+01
6.983008932372218425e+00 6.983231695909997150e+00 1.438296625829096520e+01 2.291233802390468455e+01 2.291242954154299127e+01 2.622211043891320514e+01
7.068470410551717542e+00 7.068619996189387855e+00 1.461171886993183655e+01 2.290205836426587993e+01 2.290212403731688795e+01 2.610190964594598384e+01
7.150773447518329107e+00 7.150835452792887459e+00 1.483553494252639560e+01 2.289207438401461303e+01 2.289210428751778181e+01 2.598294581174323881e+01
7.229855614169303557e+00 7.229875812425273551e+00 1.505419593418970337e+01 2.288239174624780148e+01 2.288239845020924079e+01 2.586562569344186358e+01
7.305651597801618102e+00 7.305735096962473918e+00 1.526746883683760991e+01 2.287299894980054660e+01 2.287303602789899770e+01 2.575031132247750065e+01
7.378191489044880313e+00 7.378312505819655698e+00 1.547510489374959697e+01 2.286393206051257820e+01 2.286398899420258246e+01 2.563732592589800774e+01
7.447443685856503848e+00 7.447575465754789015e+00 1.567683854176157965e+01 2.285519394365175216e+01 2.285525853810709762e+01 2.552696016901841602e+01
7.513379609702233175e+00 7.513498973318583296e+00 1.587238658554283965e+01 2.284678686255529811e+01 2.284684757741376160e+01 2.541947863959846643e+01
7.575975535454019472e+00 7.576065712570606792e+00 1.606144758719341326e+01 2.283871460469654124e+01 2.283876223796175609e+01 2.531512647160242580e+01
7.635213443870628502e+00 7.635265202105616211e+00 1.624370144777009983e+01 2.283098377141305946e+01 2.283101239950836359e+01 2.521413597626964531e+01
7.691080982987042347e+00 7.691092315435761329e+00 1.641880916972690230e+01 2.282360420592097228e+01 2.282361141669805349e+01 2.511673311407864517e+01
7.743545510105874108e+00 7.743570771563255128e+00 1.658641281920436583e+01 2.281657519184948768e+01 2.281658872661315840e+01 2.502314360743425681e+01
7.792625184305402186e+00 7.792679210169574766e+00 1.674613575076474703e+01 2.280992105710980766e+01 2.280995220013102198e+01 2.493359846411838987e+01
7.838332203673644472e+00 7.838405260294835308e+00 1.689758320879215603e+01 2.280366637446713796e+01 2.280371057142383506e+01 2.484833865858718127e+01
7.880666956288695069e+00 7.880749193571117139e+00 1.704034347222097878e+01 2.279782750374325317e+01 2.279787966342404459e+01 2.476761870450458147e+01
7.919628813326339056e+00 7.919711626356437328e+00 1.717398975434218045e+01 2.279241897486216217e+01 2.279247424439585146e+01 2.469170885011265426e+01
7.955216010725449038e+00 7.955292858226250985e+00 1.729808309816376521e+01 2.278745304976583341e+01 2.278750735431792407e+01 2.462089564172445932e+01
7.987425837628553182e+00 7.987492536195882842e+00 1.741217651058341787e+01 2.278293963094986552e+01 2.278298995708827590e+01 2.455548063485074906e+01
8.016255005494663521e+00 8.016309597920386665e+00 1.751582054588685011e+01 2.277888644431440923e+01 2.277893089233461410e+01 2.449577709370998946e+01
8.041700074117049013e+00 8.041742413007096246e+00 1.760857047251486307e+01 2.277529939309720319e+01 2.277533705515198292e+01 2.444210461493512199e+01
8.063757834098829846e+00 8.063789029421982946e+00 1.768999503188845068e+01 2.277218297542371417e+01 2.277221370969351355e+01 2.439478174497460827e+01
8.082425580709642787e+00 8.082447439205521889e+00 1.775968662629594164e+01 2.276954067478640198e+01 2.276956484302426276e+01 2.435411683231196278e+01
8.097701252729484267e+00 8.097715798903648121e+00 1.781727256652484925e+01 2.276737526285817381e+01 2.276739348402568908e+01 2.432039755517923041e+01
8.109583444361481597e+00 8.109592568710553451e+00 1.786242679363702024e+01 2.276568898882253222e+01 2.276570194108992951e+01 2.429387977077146843e+01
8.118071322773730003e+00 8.118076564256570649e+00 1.789488129946204964e+01 2.276448366082917829e+01 2.276449194407389598e+01 2.427477650901693806e+01
8.123164490078126576e+00 8.123166946226868745e+00 1.791443635008526059e+01 2.276376064555680045e+01 2.276376470525132945e+01 2.426324804162018012e+01
8.124862612230788983e+00 8.124863405770421210e+00 1.792096860549026616e+01 2.276352059226706359e+01 2.276352116147112525e+01 2.425939395705858459e+01
8.124862612230788983e+00 8.124863405770421210e+00 1.792096860549026616e+01 2.276352059226706359e+01 2.276352116147112525e+01 2.425939395705858459e+01
8.127356728562661559e+00 8.131113885076748815e+00 1.791940606354171805e+01 2.276206722536641891e+01 2.276332931679583282e+01 2.426209540082317773e+01
8.134832087635997411e+00 8.149819026735022121e+00 1.791472721908541388e+01 2.275773806070735006e+01 2.276275562215830206e+01 2.427015181350727957e+01
8.147267479794582101e+00 8.180841362772051539e+00 1.790695823499644490e+01 2.275062750173893633e+01 2.276180102195760213e+01 2.428342271016785148e+01
8.164627813404939261e+00 8.223955390327366999e+00 1.789614212061892928e+01 2.274088277831784310e+01 2.276046785051750376e+01 2.430168426239029600e+01
8.186864390621556353e+00 8.278852866698118262e+00 1.788233786892514843e+01 2.272869222064705497e+01 2.275875937222194878e+01 2.432464289442714644e+01
8.213915325871795403e+00 8.345149751349961065e+00 1.786561930681100563e+01 2.271427128608580048e+01 2.275667977794448760e+01 2.435195116447152941e+01
8.245706067390885963e+00 8.422394448878792517e+00 1.784607371151306765e+01 2.269784877764444886e+01 2.275423418065843251e+01 2.438322388525527984e+01
8.282150010341222668e+00 8.510076934834232887e+00 1.782380025441529270e+01 2.267965476660224411e+01 2.275142861031336849e+01 2.441805289642546484e+01
8.323149188458588199e+00 8.607638339694714702e+00 1.779890833774569714e+01 2.265991108633671303e+01 2.274827000806363486e+01 2.445601954001813994e+01
8.368595030050359540e+00 8.714480590923781023e+00 1.777151588994193432e+01 2.263882465662484123e+01 2.274476621990298497e+01 2.449670449612499468e+01
8.418369163542662292e+00 8.829975761907743248e+00 1.774174768223426923e+01 2.261658345155586858e+01 2.274092598971783374e+01 2.453969508392667365e+01
8.472344257616635232e+00 8.953474841148219454e+00 1.770973372294855963e+01 2.259335467073244530e+01 2.273675895171042427e+01 2.458459039204291585e+01
8.530384881253343821e+00 9.084315706777688959e+00 1.767560777801286420e+01 2.256928458266634507e+01 2.273227562207824803e+01 2.463100470075198700e+01
8.592348369667938357e+00 9.221830162813532183e+00 1.763950605703095675e+01 2.254449952774525201e+01 2.272748738976266480e+01 2.467856964964448707e+01
8.658085683086818918e+00 9.365349958863319557e+00 1.760156609487838253e+01 2.251910764455326586e+01 2.272240650600512879e+01 2.472693553816958101e+01
8.727442246530083381e+00 9.514211770560249803e+00 1.756192584977235782e+01 2.249320097985299327e+01 2.271704607237919049e+01 2.477577206040301050e+01
8.800258760132290803e+00 9.667761162044062218e+00 1.752072303068680625e+01 2.246685773630499838e+01 2.271142002690231365e+01 2.482476869152728938e+01
8.876371970983457871e+00 9.825355584058256042e+00 1.747809466017573143e+01 2.244014449192748017e+01 2.270554312777745665e+01 2.487363487264278206e+01
8.955615398936060956e+00 9.986366482567923697e+00 1.743417687331021071e+01 2.241311828795468486e+01 2.269943093427496805e+01 2.492210008581029257e+01
9.037820010236270463e+00 1.015018060475092732e+01 1.738910494954946628e+01 2.238582852788292854e+01 2.269309978423942908e+01 2.496991387180272426e+01
9.122814834144756801e+00 1.031620059363691233e+01 1.734301357186173931e+01 2.235831866267748680e+01 2.268656676769860780e+01 2.501684581633042015e+01
9.210427518875432540e+00 1.048384496147585132e+01 1.729603730608551260e+01 2.233062765839281028e+01 2.267984969606099810e+01 2.506268551352954788e+01
9.300484824159655162e+00 1.065254752690956863e+01 1.724831129309627187e+01 2.230279125565623488e+01 2.267296706641515414e+01 2.510724250555504256e+01
9.392813048518856789e+00 1.082175639381022947e+01 1.719997214646473793e+01 2.227484303792800446e+01 2.266593802048906170e+01 2.515034619199131782e+01
9.487238389877774125e+00 1.099093254164581523e+01 1.715115904851916895e+01 2.224681532899424496e+01 2.265878229788827269e+01 2.519184570080952668e+01
9.583587238458585844e+00 1.115954808968814937e+01 1.710201503751882868e+01 2.221873994112193174e+01 2.265152018330859818e+01 2.523160971254444718e+01
9.681686400955218375e+00 1.132708429146515705e+01 1.705268847732670068e+01 2.219064879466786877e+01 2.264417244750983471e+01 2.526952623039406021e+01
9.781363254774900540e+00 1.149302931276451822e+01 1.700333469765455163e+01 2.216257442835575020e+01 2.263676028194146284e+01 2.530550229049349298e+01
9.882445830642247131e+00 1.165687584755522543e+01 1.695411778649596002e+01 2.213455041736401441e+01 2.262930522702639990e+01 2.533946360830810818e+01
9.984762821057788784e+00 1.181811863300008447e+01 1.690521250526093411e+01 2.210661171409913095e+01 2.262182909423640353e+01 2.537135415870829291e+01
1.008814351095504058e+01 1.197625193925017406e+01 1.685680627944725885e+01 2.207879492423985468e+01 2.261435388222672316e+01 2.540113568868488869e+01
1.019241762535603790e+01 1.213076713435158993e+01 1.680910119104218126e+01 2.205113852844160860e+01 2.260690168744351780e+01 2.542878716278287143e+01
1.029741508680874418e+01 1.228115046213684636e+01 1.676231586046087685e+01 2.202368305803260995e+01 2.259949460976629965e+01 2.545430414214036929e+01
1.040296567280204165e+01 1.242688122431864706e+01 1.671668705282910494e+01 2.199647123113996017e+01 2.259215465390623123e+01 2.547769809852626821e+01
1.050889856005002621e+01 1.256743062946046230e+01 1.667247077355463958e+01 2.196954805394871357e+01 2.258490362744099045e+01 2.549899566500452153e+01
1.061504173833224129e+01 1.270226166143802971e+01 1.662994253114251464e+01 2.194296089020801332e+01 2.257776303653186645e+01 2.551823782485253034e+01
1.072122127120640478e+01 1.283083042455084133e+01 1.658939634514301886e+01 2.191675950062969491e+01 2.257075398053083504e+01 2.553547904018064330e+01
1.082726037404051667e+01 1.295258953003020785e+01 1.655114197580714119e+01 2.189099605246255109e+01 2.256389704684719177e+01 2.555078632140183004e+01
1.093297827098150954e+01 1.306699417575660505e+01 1.651549977338358843e+01 2.186572509824419086e+01 2.255721220759355106e+01 2.556423823835143594e+01
1.103818878110019952e+01 1.317351159810525729e+01 1.648279252897503255e+01 2.184100352153144087e+01 2.255071871966775277e+01 2.557592387353139074e+01
1.114269856925922575e+01 1.327163448618726171e+01 1.645333381193911038e+01 2.181689044629107599e+01 2.254443503004089422e+01 2.558594171772609371e+01
1.124630497828798248e+01 1.336089868018553872e+01 1.642741256597522437e+01 2.179344710561854015e+01 2.253837868810029832e+01 2.559439850818560913e+01
1.134879333466905571e+01 1.344090497670297601e+01 1.640527425861289856e+01 2.177073666458856138e+01 2.253256626693100628e+01 2.560140800976855147e+01
1.144993358889269075e+01 1.351134413701316817e+01 1.638709963595431063e+01 2.174882399139273303e+01 2.252701329539377539e+01 2.560708973994927362e+01
1.154947611281133923e+01 1.357202333828652918e+01 1.637298302774373582e+01 2.172777537057668695e+01 2.252173420275994431e+01 2.561156763947532156e+01
1.164714642938447398e+01 1.362289154503706889e+01 1.636291295555328418e+01 2.170765815226310380e+01 2.251674227747914259e+01 2.561496869175210378e+01
1.174263859694514522e+01 1.366406091811040469e+01 1.635675820724376450e+01 2.168854033185817798e+01 2.251204964137459186e+01 2.561742149574358507e+01
1.183560691736240322e+01 1.369582170321609027e+01 1.635426226525080651e+01 2.167049005601623790e+01 2.250766724017478992e+01 2.561905479930118545e+01
1.192565560271692604e+01 1.371864913575615752e+01 1.635504791163345573e+01 2.165357505268054794e+01 2.250360485079921702e+01 2.561999600231518315e+01
1.201232605722999480e+01 1.373320252570820443e+01 1.635863217814912218e+01 2.163786198589911436e+01 2.249987110522858202e+01 2.562036964184469312e+01
1.209508158913244458e+01 1.374031829775911540e+01 1.636445003385594532e+01 2.162341573982876852e+01 2.249647353012146667e+01 2.562029587429375255e+01
1.217328980913797665e+01 1.374099966666545569e+01 1.637188384900854388e+01 2.161029864079353757e+01 2.249341860062285647e+01 2.561988897260721387e+01
1.224620395081050717e+01 1.373640520662797115e+01 1.638029510933420596e+01 2.159856963124981277e+01 2.249071180608077825e+01 2.561925585916768000e+01
1.231294623216834161e+01 1.372783641380394037e+01 1.638905512338151382e+01 2.158828341469420664e+01 2.248835772470000904e+01 2.561849469737408924e+01
1.237249954667908902e+01 1.371672032794166007e+01 1.639757232378176255e+01 2.157948959549013068e+01 2.248636010356637627e+01 2.561769356656053631e+01
1.242371818637082370e+01 1.370457778085464362e+01 1.640531484226918124e+01 2.157223184175315822e+01 2.248472194003404567e+01 2.561692924576795960e+01
1.246537249558316951e+01 1.369296266367258319e+01 1.641182801575760308e+01 2.156654710227325111e+01 2.248344556022843221e+01 2.561626613174716027e+01
1.249624207521942232e+01 1.368335719152244323e+01 1.641674717290959506e+01 2.156246490945389027e+01 2.248253269042214342e+01 2.561575531533497596e+01
1.251526057610844056e+01 1.367701936514167649e+01 1.641980641434188826e+01 2.156000679904509454e+01 2.248198451731385816e+01 2.561543383796813345e+01
1.252168856935836594e+01 1.367480530290795215e+01 1.642084418288275316e+01 2.155918587387448326e+01 2.248180173377760127e+01 2.561532414662151425e+01
1.252168856935836594e+01 1.367480530290795215e+01 1.642084418288275316e+01 2.155918587387448326e+01 2.248180173377760127e+01 2.561532414662151425e+01
1.252082565474811382e+01 1.367097442252557471e+01 1.642454322878501571e+01 2.156054468580438055e+01 2.248226127009484898e+01 2.561439904107859178e+01
1.251824308501786831e+01 1.365956132649125365e+01 1.643556129893752171e+01 2.156460747846132264e+01 2.248363709050577341e+01 2.561163245156377855e+01
1.251395623680910596e+01 1.364080188070528976e+01 1.645366408272328940e+01 2.157136075689662391e+01 2.248592125253703600e+01 2.560702897356919294e+01
1.250799055909963364e+01 1.361506898959656375e+01 1.647848128458799621e+01 2.158078250554067168e+01 2.248910058544606372e+01 2.560059600483946696e+01
1.250038137674459904e+01 1.358284595652374982e+01 1.650953327980818131e+01 2.159284231157138123e+01 2.249315676923106366e+01 2.559234380880202409e+01
1.249117362434813217e+01 1.354469571967371877e+01 1.654626189848043438e+01 2.160750150219562471e+01 2.249806644396674926e+01 2.558228562185257360e+01
1.248042151553955037e+01 1.350123016408001675e+01 1.658806113499043278e+01 2.162471328594185493e+01 2.250380134915383934e+01 2.557043780469651395e+01
1.246818815330642849e+01 1.345308271850369586e+01 1.663430457187177680e+01 2.164442288821253513e+01 2.251032849267364000e+01 2.555682003702054317e+01
1.245454508731090115e+01 1.340088609339063197e+01 1.668436765946287892e+01 2.166656767201954992e+01 2.251761034877732115e+01 2.554145555415136926e+01
1.243957182412634666e+01 1.334525575275263698e+01 1.673764425630560737e+01 2.169107723582071401e+01 2.252560508431301400e+01 2.552437142415847404e+01
1.242335529613546719e+01 1.328677879303352150e+01 1.679355775534144257e+01 2.171787348147094932e+01 2.253426681210235216e+01 2.550559886415784305e+01
1.240598929450406551e+01 1.322600738274420173e+01 1.685156764068717905e+01 2.174687064626036914e+01 2.254354587003775734e+01 2.548517359539279070e+01
1.238757387125237308e+01 1.316345572992076818e+01 1.691117250700863650e+01 2.177797529363761342e+01 2.255338912410186580e+01 2.546313623798605619e+01
1.236821471505250791e+01 1.309959957725638269e+01 1.697191054122152920e+01 2.181108625734774975e+01 2.256374029313464291e+01 2.543953274800230702e+01
1.234802250502934484e+01 1.303487737167975169e+01 1.703335831977844350e+01 2.184609453327076167e+01 2.257454029282186880e+01 2.541441490152574190e+01
1.232711224656335602e+01 1.296969244032755064e+01 1.709512858997215901e+01 2.188288311220699356e+01 2.258572759607342206e+01 2.538784083270788017e+01
1.230560259289181957e+01 1.290441568355858415e+01 1.715686752519926728e+01 2.192132674529515768e+01 2.259723860672713869e+01 2.535987563502267506e+01
1.228361515617632982e+01 1.283938844697815895e+01 1.721825179286916452e+01 2.196129163180381738e+01 2.260900804336565884e+01 2.533059203711690088e+01
1.226127381162669394e+01 1.277492535250351402e+01 1.727898565550760424e+01 2.200263501692733215e+01 2.262096932998208842e+01 2.530007116649049692e+01
1.223870399822184929e+01 1.271131695532712058e+01 1.733879823858215374e+01 2.204520468522587251e+01 2.263305499027093148e+01 2.526840341558951053e+01
1.221603201952306428e+01 1.264883215452679188e+01 1.739744103741756476e+01 2.208883833384557960e+01 2.264519704244943554e+01 2.523568942551327510e+01
1.219338434800955362e+01 1.258772032596520773e+01 1.745468569437593231e+01 2.213336280909361520e+01 2.265732739171268406e+01 2.520204120211113263e+01
1.217088693627297680e+01 1.252821317238368692e+01 1.751032205094211847e+01 2.217859319093077985e+01 2.266937821767580274e+01 2.516758337732312256e+01
1.214866453827733928e+01 1.247052630155805808e+01 1.756415646318904678e+01 2.222433171327192625e+01 2.268128235443750285e+01 2.513245462453862089e+01
1.212684004372759183e+01 1.241486055235019670e+01 1.761601036004421417e+01 2.227036651474065110e+01 2.269297366118647830e+01 2.509680922951583426e+01
1.210553382840683057e+01 1.236140309284359518e+01 1.766571901947268941e+01 2.231647022618049903e+01 2.270438738154985359e+01 2.506081880661355399e+01
1.208486312314802547e+01 1.231032831618605172e+01 1.771313053645628699e+01 2.236239841975996967e+01 2.271546049013444346e+01 2.502467413176694322e+01
1.206494140391717984e+01 1.226179855942666386e+01 1.775810495732709171e+01 2.240788797245754083e+01 2.272613202492855322e+01 2.498858703623040967e+01
1.204587780531595875e+01 1.221596466930357394e+01 1.780051355680500791e+01 2.245265543712311995e+01 2.273634340441055812e+01 2.495279226550514906e+01
1.202777655966576553e+01 1.217296643711916992e+01 1.784023823646067441e+01 2.249639557038552695e+01 2.274603872835124818e+01 2.491754915277363480e+01
1.201073646372254267e+01 1.213293292284447489e+01 1.787717102590903195e+01 2.253878024093729948e+01 2.275516506140713346e+01 2.488314288296130172e+01
1.199485037498532769e+01 1.209598268662240628e+01 1.791121367060440406e+01 2.257945803431996978e+01 2.276367269868771714e+01 2.484988503198829335e+01
1.198020473949930320e+01 1.206222394398489328e+01 1.794227729250068748e+01 2.261805497617539018e+01 2.277151541255198808e+01 2.481811296085987095e+01
1.196687915300506333e+01 1.203175465941294675e+01 1.797028211198302117e+01 2.265417690058811928e+01 2.277865067995474746e+01 2.478818754033289196e+01
1.195494595723921627e+01 1.200466259135024494e+01 1.799515722133091344e+01 2.268741406506040903e+01 2.278503988973065120e+01 2.476048860751153313e+01
1.194446987313786579e+01 1.198102530041313329e+01 1.801684040154087896e+01 2.271734861285393237e+01 2.279064852927311335e+01 2.473540755682800096e+01
1.193550767262127543e+01 1.196091013128454961e+01 1.803527797564476032e+01 2.274356534599977664e+01 2.279544635014224951e+01 2.471333660536452470e+01
1.192810789054202836e+01 1.194437417759964504e+01 1.805042469275294792e+01 2.276566593689521412e+01 2.279940751221434780e+01 2.469465460773562171e+01
1.192231057825062379e+01 1.193146423798199685e+01 1.806224363797885957e+01 2.278328614246731831e+01 2.280251070606491837e+01 2.467970985940261386e+01
1.191814710007427358e+01 1.192221677024113724e+01 1.807070616421794895e+01 2.279611483659709847e+01 2.280473925335369145e+01 2.466880107519866527e+01
1.191563997380516149e+01 1.191665784957341678e+01 1.807579184250376869e+01 2.280391289917567477e+01 2.280608118506788173e+01 2.466215850669605913e+01
1.191480268035507528e+01 1.191480321110997664e+01 1.807748842838733694e+01 2.280652897463866324e+01 2.280652977547319793e+01 2.465992770916992427e+01
