2.765843701392445038e-12 -8.836623221665929198e-12 1.838583359364379825e-11 2.317599172134430992e-15 4.264223052309220636e-15 1.715491280246447800e-15
-7.174517388895013426e+01 -7.198354872651427172e+01 -6.641335333437528732e+01 -5.863565375970279936e-01 -6.380053564650315368e-01 1.179882170825858001e+00
-7.153298925368794414e+01 -7.195201270286014505e+01 -6.626294221120949146e+01 -1.153353063414347623e+00 -1.233947186762063941e+00 2.357844462133965813e+00
-7.136075060588152041e+01 -7.172028528193862940e+01 -6.604427846577598871e+01 -1.667012009975424869e+00 -1.769251847411794198e+00 3.531293399992011306e+00
-7.114834093813348659e+01 -7.135157811539143324e+01 -6.573696147182054972e+01 -2.112892285110814061e+00 -2.222255347952380777e+00 4.696443856378720305e+00
-7.085265522399969029e+01 -7.086071330460511319e+01 -6.531856900090708962e+01 -2.484696452687922275e+00 -2.584588170007475760e+00 5.848286400849664446e+00
-7.045440407404615257e+01 -7.026162997660810561e+01 -6.479850034427921912e+01 -2.786362145380395283e+00 -2.861026539690576076e+00 6.980742668023297348e+00
-6.993078426424816030e+01 -6.955384319685191485e+01 -6.418102865666533319e+01 -3.031415861242625631e+00 -3.068100980020235458e+00 8.087486999856729142e+00
-6.927671109371975433e+01 -6.874605620507341541e+01 -6.348073590618178486e+01 -3.240833775497576230e+00 -3.231265154672146700e+00 9.162824334649371849e+00
-6.849460629790422672e+01 -6.784808945066960462e+01 -6.271944253760172927e+01 -3.439493338801628219e+00 -3.380618742906520424e+00 1.020334304924834612e+01
-6.759767514990276993e+01 -6.687563107389986783e+01 -6.192442042511488864e+01 -3.652123318756325787e+00 -3.546134132120648541e+00 1.120813814935081254e+01
-6.660839511428731896e+01 -6.585091196942649105e+01 -6.112543830241187948e+01 -3.899321320625247722e+00 -3.753114062131454709e+00 1.217989334659661793e+01
-6.555510970871921472e+01 -6.480062455798982057e+01 -6.035100032155885685e+01 -4.194782688785490876e+00 -4.018990436719371395e+00 1.312442274955974497e+01
-6.446762510283564040e+01 -6.375274430956718419e+01 -5.962410891915519784e+01 -4.542194381963092553e+00 -4.350000564027995509e+00 1.405080962123797583e+01
-6.273117323654742705e+01 -6.337241311521837872e+01 -5.895928610089617194e+01 -4.742965154897675006e+00 -4.937143963716099648e+00 1.496854619278962062e+01
-6.175103106088998572e+01 -6.228841575384669937e+01 -5.836005640955453089e+01 -5.185395522931083967e+00 -5.367211424400268882e+00 1.588652861576365538e+01
-6.081506797862579106e+01 -6.122418692355798697e+01 -5.781821500304060635e+01 -5.658453126328961247e+00 -5.814811429437954260e+00 1.681078173744009518e+01
-5.991236878081990369e+01 -6.017716977776766640e+01 -5.731452720055825978e+01 -6.140175934471582053e+00 -6.260263919314359882e+00 1.774267488538487214e+01
-5.902021562204030403e+01 -5.913491312002832245e+01 -5.682064582949490728e+01 -6.608857635099107064e+00 -6.684894390324021884e+00 1.867754080390285054e+01
-5.810726537771311229e+01 -5.807708367285105311e+01 -5.630172667452458057e+01 -7.045178264191643613e+00 -7.072858407375814060e+00 1.960505324533362526e+01
-5.714256400813039249e+01 -5.698290286057716969e+01 -5.572221544379746661e+01 -7.434914155408407943e+00 -7.413508884389573339e+00 2.050873502749842103e+01
-5.609509938426928954e+01 -5.582924796910387499e+01 -5.504680285928170491e+01 -7.769319119457994915e+00 -7.701452670333361006e+00 2.136807906723822015e+01
-5.494301409390659074e+01 -5.459893711106503389e+01 -5.424611172573600726e+01 -8.045228642479706593e+00 -7.936411635886729599e+00 2.216046507093182782e+01
-5.367443325634002349e+01 -5.328141223551368455e+01 -5.329922585383556566e+01 -8.264326202951716382e+00 -8.122333323628062374e+00 2.286362934795560520e+01
-5.228841686353344187e+01 -5.187423151625044682e+01 -5.219565135385039412e+01 -8.431833161228873053e+00 -8.266045435853339285e+00 2.345790585528564876e+01
-5.079392223373370285e+01 -5.038306047490152650e+01 -5.093591203558585079e+01 -8.555019816274255007e+00 -8.375802766302465230e+00 2.392829094287290559e+01
-4.920759221600702205e+01 -4.882056571364593367e+01 -4.953071098079666257e+01 -8.641796054241929426e+00 -8.459948463919184647e+00 2.426570236481849818e+01
-4.720446558191305542e+01 -4.755092719481871910e+01 -4.799886561398516704e+01 -8.525298844945384147e+00 -8.699052564627516304e+00 2.446744031940169251e+01
-4.555505018913858351e+01 -4.584745655196746839e+01 -4.636426617602418787e+01 -8.576970006700294746e+00 -8.732490417931442650e+00 2.453669759932321526e+01
-4.389248674930443883e+01 -4.412017515297236514e+01 -4.465239129138654306e+01 -8.617616513463216776e+00 -8.745913119826697724e+00 2.448080889831661011e+01
-4.223438247441230686e+01 -4.238959228029280268e+01 -4.288670873705123654e+01 -8.647421000873567465e+00 -8.741254301670180027e+00 2.431116493454779004e+01
-4.059396930518127533e+01 -4.067239520736843161e+01 -4.108582916694424370e+01 -8.664789616267137617e+00 -8.719261104649399741e+00 2.403835439725814638e+01
-3.897917164401963674e+01 -3.898075213424912988e+01 -3.926154351221477157e+01 -8.666809163355537748e+00 -8.679838428279014195e+00 2.367179989141956398e+01
-3.739262303529628184e+01 -3.732215569689473256e+01 -3.741805534524480237e+01 -8.649971685783651054e+00 -8.622560776919669934e+00 2.321761808017411610e+01
-3.583259239850379174e+01 -3.569983388641961142e+01 -3.555257010103217397e+01 -8.610772061123901366e+00 -8.546982641975754191e+00 2.267763537195006052e+01
-3.429446519474461752e+01 -3.411353988007748939e+01 -3.365691990849476412e+01 -8.546112928760580374e+00 -8.452725990960052727e+00 2.204922323930937011e+01
-3.277244597652467917e+01 -3.256056724089437893e+01 -3.171995770995899022e+01 -8.453534416670306584e+00 -8.339409960256279675e+00 2.132603187711190174e+01
-3.126115548224440488e+01 -3.103688036354649427e+01 -2.973033981108046930e+01 -8.331263715330065267e+00 -8.206470845138756687e+00 2.049951969488565595e+01
-2.975672055288938722e+01 -2.953801207560532305e+01 -2.767928639512259181e+01 -8.178210641850572671e+00 -8.053021078398261423e+00 1.956103839410157974e+01
-2.825737036539485914e+01 -2.805980915907277051e+01 -2.556300203568508778e+01 -7.993900756666261209e+00 -7.877774626774233013e+00 1.850424834716503852e+01
-2.659876722520285952e+01 -2.676337494433242981e+01 -2.338456014597135990e+01 -7.679132284475294945e+00 -7.778449216349546447e+00 1.732751681090449836e+01
-2.515209928155394081e+01 -2.527653425813121402e+01 -2.115494410584977203e+01 -7.455396538858572342e+00 -7.532544168754096603e+00 1.603589363939280332e+01
-2.371759993381878928e+01 -2.379940270167526251e+01 -1.889396547354009570e+01 -7.205080724809007187e+00 -7.257443931341111210e+00 1.464239958254359308e+01
-2.229324312311410239e+01 -2.233429905276429750e+01 -1.662750011413603701e+01 -6.927212396221445800e+00 -6.954925775128387500e+00 1.316892461835678851e+01
-2.087712016806968052e+01 -2.088277115484723012e+01 -1.438939298045770343e+01 -6.621620331961531214e+00 -6.627221040015772502e+00 1.164476713779520978e+01
-1.946718971134044551e+01 -1.944507061991277652e+01 -1.221705184394899035e+01 -6.289048444623410283e+00 -6.276846821329827186e+00 1.010538296153677784e+01
-1.806132971654607999e+01 -1.802012792987810386e+01 -1.014923935514076092e+01 -5.931131307815721954e+00 -5.906412927239296451e+00 8.589518361039738537e+00
-1.665754751062750927e+01 -1.660583841136028127e+01 -8.223057042481515921e+00 -5.550217887374207848e+00 -5.518411172147624555e+00 7.135951187618356784e+00
-1.525425346422811579e+01 -1.519957170010225944e+01 -6.471011736764857858e+00 -5.149085647873824279e+00 -5.115052404389095919e+00 5.780170636623149782e+00
-1.385054785650171816e+01 -1.379875393231428404e+01 -4.918643743816182301e+00 -4.730618211290337882e+00 -4.698161553903196008e+00 4.551578568093528787e+00
-1.244643843431168406e+01 -1.240139904795139003e+01 -3.582884681601274046e+00 -4.297508971710075620e+00 -4.269135813203896568e+00 3.471488264374868571e+00
-1.104286738350594099e+01 -1.100643193744786785e+01 -2.471599335229430316e+00 -3.852141571760389738e+00 -3.829057194356404903e+00 2.551953944448992040e+00
-9.641533228558646584e+00 -9.613729128212757047e+00 -1.583099136797578854e+00 -3.396188956755469501e+00 -3.378448944528595899e+00 1.796972094837484990e+00
-8.224015342847691201e+00 -8.244544859001864623e+00 -9.077556032794189544e-01 -2.917891159086444031e+00 -2.931084415796259446e+00 1.201516633854445182e+00
-6.838531863447599335e+00 -6.853814221483311542e+00 -4.285433080742568346e-01 -2.447975136540872843e+00 -2.457828947141105225e+00 7.539515736258193268e-01
-5.458692613058705234e+00 -5.470492649258334339e+00 -1.219785421903429729e-01 -1.969561607733391506e+00 -1.977138942270784794e+00 4.368401434325244748e-01
-4.085705305983792890e+00 -4.094876029514981752e+00 4.014004210824419216e-02 -1.483927737101950584e+00 -1.489764318644547503e+00 2.285572674582041774e-01
-2.719214029089116469e+00 -2.725723430070469799e+00 9.049165917338637677e-02 -9.925732221465977112e-01 -9.966815091190992515e-01 1.045725841936972905e-01
-1.358106604192231615e+00 -1.361532257529872281e+00 6.457891797349951668e-02 -4.972914737816852004e-01 -4.994423896135593566e-01 3.781213432406688862e-02
-1.607740814892788893e-15 -6.379935313403643072e-15 5.401417823718054993e-15 -7.032181880249178550e-15 -7.797073692998628556e-16 -5.473668825862265864e-15
-1.607740814892788893e-15 -6.379935313403643072e-15 5.401417823718054993e-15 -7.032181880249178550e-15 -7.797073692998628556e-16 -5.473668825862265864e-15
7.937195123756632734e-03 2.968810662513827765e-03 -4.961964818614425510e-03 -5.170071021248920200e-03 1.651694407993729505e-03 9.746232024864450198e-04
1.568773927035313834e-02 6.569083828803659250e-03 -8.994773054307410309e-03 -1.016938099544670987e-02 2.081010889710867805e-03 1.829835025150466487e-03
2.292223828159398180e-02 1.135976877774631973e-02 -1.145142771886306123e-02 -1.485749717994512206e-02 4.867303539243006709e-04 2.460927912037725197e-03
2.933966763360794025e-02 1.749609071439949329e-02 -1.211161244286246969e-02 -1.903503119213563119e-02 -3.372652314043135969e-03 2.789241976552826047e-03
3.459358326790566013e-02 2.474264770443350414e-02 -1.116408497734400034e-02 -2.247869025152067143e-02 -9.144301080932124362e-03 2.782144517162361396e-03
3.832771360614393996e-02 3.249364969650939822e-02 -9.049616538443121597e-03 -2.495696596761584271e-02 -1.604986213105865159e-02 2.456310973932768378e-03
4.022476177132590369e-02 3.987802922719740212e-02 -6.250382069465221409e-03 -2.625971245932951295e-02 -2.312158554803911067e-02 1.857244045211762368e-03
4.006893121268270685e-02 4.592285976544370485e-02 -3.185894358254945120e-03 -2.623801857207522584e-02 -2.942825321016396753e-02 1.084356061880914750e-03
3.780303358640803996e-02 4.973315192928987744e-02 -1.016701615803474709e-04 -2.484181252034605575e-02 -3.424236396490880352e-02 2.517032106201184992e-04
3.357059740014819299e-02 5.065309253261306849e-02 2.924178241169736025e-03 -2.214905382986435620e-02 -3.713627031218955099e-02 -5.138416350069948107e-04
2.772832666539658958e-02 4.837724410883782050e-02 5.938809486663621483e-03 -1.837660068458763299e-02 -3.800876628766251819e-02 -1.084796074504585294e-03
2.082338003598700402e-02 4.299473488298310303e-02 9.070647682744823609e-03 -1.386861248290779947e-02 -3.705321341198494073e-02 -1.362788928621563086e-03
1.353692570326402687e-02 3.496410685656186484e-02 1.243156273724336201e-02 -9.062866270083328249e-03 -3.468273746040308886e-02 -1.268073716816225721e-03
6.598574516313997045e-03 2.502647729156540907e-02 1.608311917669007565e-02 -4.437133924925178337e-03 -3.142947514816220311e-02 -7.660012068707959792e-04
6.893913177932477990e-04 1.407612952178901797e-02 1.999825588555265848e-02 -4.468484832499376399e-04 -2.783887174094323153e-02 1.348232189543999192e-04
-3.651827248273343141e-03 3.005422243668343096e-03 2.405505137687827949e-02 2.536924671406661034e-03 -2.437571190344896971e-02 1.393133611095634123e-03
-6.102167536463040144e-03 -7.467817787115662437e-03 2.811182045439477098e-02 4.278254987025099237e-03 -2.135856133744939989e-02 2.930604841391024843e-03
-6.592703149256272377e-03 -1.702502671781373073e-02 3.218329606867897236e-02 4.705747446180193194e-03 -1.892910822464246440e-02 4.632547910368789781e-03
-5.306679280340310771e-03 -2.622346677678845384e-02 3.691874539025088997e-02 3.917239719920319850e-03 -1.705899392752847910e-02 6.355686764349948066e-03
-2.638637131073622109e-03 -3.855703673950440502e-02 4.572841440145947872e-02 2.160340382385523596e-03 -1.558233212284485837e-02 7.918264653695224198e-03
-3.838329957883536814e+00 3.150011227194207919e+01 -1.359355658869323591e+01 -1.088055886175854425e+01 1.721271319150731216e+01 -1.281816082592196260e+01
-4.047323359548184563e+00 3.066182092028389405e+01 -1.429961304188174864e+01 -1.122546044268292320e+01 1.723127712157311464e+01 -1.327364856669542448e+01
-4.274250432152366663e+00 -1.501228719564759118e+01 2.955139366908688103e+01 -1.153731091619436455e+01 1.733394718883336338e+01 -1.370187787040491578e+01
-4.519688314355721381e+00 -1.573472066891018528e+01 2.815810761403988138e+01 -1.181332697540545595e+01 1.754822855739676868e+01 -1.409995238799734629e+01
-4.783980574492220583e+00 -1.647072659478026679e+01 -1.205035346430771703e+01 2.647683494613560740e+01 1.789501690144194157e+01 -1.446494495894330257e+01
-5.067552160578547849e+00 -1.722446276888180705e+01 -1.224481484112612506e+01 2.451218993486105191e+01 1.838354625100224382e+01 -1.479313773164702717e+01
-5.371208424143937066e+00 -1.799988982659024828e+01 -1.239275134406263668e+01 2.228246236415587589e+01 -1.508452340096567745e+01 1.901175903083913710e+01
-5.696374355818099033e+00 -1.880041522728778958e+01 -1.248992943117633203e+01 1.982214828361039594e+01 -1.533425145634272724e+01 1.975521245612958410e+01
-6.045368135877107640e+00 -1.962859469033718796e+01 -1.253197622426495528e+01 1.718036026077490419e+01 -1.554138206827389190e+01 2.057747291717831573e+01
-6.421141198289450180e+00 -2.048538068910846732e+01 -1.251462972804240614e+01 1.441721072403494652e+01 -1.570481299204550041e+01 2.142967669402239750e+01
-6.827921268265132682e+00 -2.137045355363249399e+01 -1.243411945486112380e+01 1.159538390153600851e+01 -1.582412082755306315e+01 2.225902965040251047e+01
-7.270389410864681601e+00 -2.228173243384216562e+01 -1.228710425655952676e+01 8.772117761278801495e+00 -1.589946553841314980e+01 2.301811135591823643e+01
-7.753703419800093144e+00 -2.321541896263568461e+01 -1.207126364355703529e+01 5.993636359875198494e+00 -1.593184178279842911e+01 2.366980469124815656e+01
-8.282975213109670776e+00 -2.416626979421769406e+01 -1.178551917851388708e+01 3.291850375505707582e+00 -1.592289404110690754e+01 2.419062476825126140e+01
-8.862571421651027848e+00 -2.512794791803969119e+01 -1.143041575123487341e+01 6.849061003950268622e-01 -1.587481874349051836e+01 2.457019929914542544e+01
-9.495242503044064364e+00 -2.609342996283261229e+01 -1.100851311504124830e+01 -1.820183895746486868e+00 -1.579015880663135540e+01 2.480886286256303208e+01
-1.018118063947145302e+01 -2.705596476822361751e+01 -1.052475751531333792e+01 -4.224705725072947615e+00 -1.567175596942386129e+01 2.491428227491448055e+01
-1.091740562278658189e+01 -2.800946435598226358e+01 -9.986912445289521045e+00 -6.535777640785359388e+00 -1.552230903643207505e+01 2.489847447982595341e+01
-1.169671285436909436e+01 -2.894914162435638971e+01 -9.405196523663326147e+00 -8.762133084582625742e+00 -1.534420401640676346e+01 2.477557932796826279e+01
-1.250781083313560593e+01 -2.987220567752187250e+01 -8.792181375071978167e+00 -1.091385971914041519e+01 -1.513936286178078028e+01 2.455991615531696581e+01
-1.333562033392169255e+01 -3.077816709249365346e+01 -8.162147120557321500e+00 -1.300079831510633888e+01 -1.490922462840238261e+01 2.426496807836899094e+01
-1.416211135410380884e+01 -3.166886113046626861e+01 -7.529658181120251648e+00 -1.503182938338830787e+01 -1.465456338285092208e+01 2.390283846314066807e+01
-1.496789055498888921e+01 -3.254819454874662910e+01 -6.909211477533740542e+00 -1.701448705108973769e+01 -1.437585208570123818e+01 2.348370220339250736e+01
-1.573358529647144088e+01 -3.342154225067893947e+01 -6.312922812083131774e+00 -1.895475349624417305e+01 -1.407324556287255568e+01 2.301620826853086044e+01
-1.644184022095551256e+01 -3.429490953461993286e+01 -5.750237480729769146e+00 -2.085704593618338265e+01 -1.374700220435428655e+01 2.250730025204665097e+01
-1.707895275075438590e+01 -3.517384392187776854e+01 -5.227088143792332886e+00 -2.272428859706036519e+01 -1.339778118452037958e+01 2.196250909818267161e+01
-1.763626928656281478e+01 -3.606238682463099821e+01 -4.745655284745077473e+00 -2.455805752919048857e+01 -1.302690764369167198e+01 2.138622532181581803e+01
-1.811116294254900083e+01 -3.696207353994964961e+01 -4.304569506335910845e+00 -2.635878957880439089e+01 -1.263656505288335019e+01 2.078201288265957913e+01
-1.850745174841138052e+01 -3.787119845346119718e+01 -3.899513226837092450e+00 -2.812602335776660212e+01 -1.222983930508656769e+01 2.015290350984949086e+01
-1.883514944205440145e+01 -3.878446770490555195e+01 -2.985866873499953655e+01 -3.524178864306350967e+00 -1.181059042026243766e+01 1.950168622541453800e+01
-1.910950872684220769e+01 -3.969310157466253486e+01 -3.155530679859107579e+01 -3.171420981992021826e+00 -1.138314339759449645e+01 1.883115285022031671e+01
-1.934938245798227285e+01 -4.058535636963261339e+01 -3.321446291474084234e+01 -2.834542134599757457e+00 -1.095188609023317916e+01 1.814427213293298280e+01
-1.957516542727335107e+01 -4.144757190817682613e+01 -3.483486809725540922e+01 -2.508294986409476568e+00 -1.052072173646266506e+01 1.744440669791216791e+01
-1.980618576095724848e+01 -4.226535769205781179e+01 -3.641568120157003818e+01 -2.190222317102591187e+00 -1.009270342495130990e+01 1.673489384650952871e+01
-2.005834414272851163e+01 -4.302516191139642387e+01 -3.795662045003848561e+01 -1.880676839509981768e+00 -9.669623956030619638e+00 1.601972603183761379e+01
-2.034192818443105111e+01 -4.371568257257539614e+01 -3.945805757104169231e+01 -1.583158212552999711e+00 -9.251875601953846839e+00 1.530296203252597564e+01
-2.066015978008430309e+01 -4.432928298841252257e+01 -4.092097981534031703e+01 -1.303754599453589957e+00 -8.838511890620997846e+00 1.458868551450633611e+01
-2.100866664875092482e+01 -4.486292683085097366e+01 -4.234689026088939556e+01 -1.050138392693150013e+00 -8.427549270239298451e+00 1.388082988522493011e+01
-2.137582810543147005e+01 -4.531883983652581094e+01 -4.373762287226431056e+01 -8.302438884662288743e-01 -8.016464098224886925e+00 1.318297772678675805e+01
-2.174433207537956392e+01 -4.570444437659852355e+01 -4.509510238479684574e+01 -6.506790343416645195e-01 -7.602680293627233965e+00 1.249823299609808380e+01
-2.209324153480934427e+01 -4.603180242671916744e+01 -4.642108407227041056e+01 -5.157176520417943166e-01 -7.184888246485914287e+00 1.182886460782489024e+01
-2.240078077667856249e+01 -4.631638210773837017e+01 -4.771687464184150684e+01 -4.257251232597930035e-01 -6.762739611364925629e+00 1.117650781266437399e+01
-2.264718708003853109e+01 -4.657550776356671207e+01 -4.898308661832190580e+01 -3.769689999766487887e-01 -6.337908082708096025e+00 1.054192047264751508e+01
-2.281744683638336468e+01 -4.682683804762329771e+01 -5.021958159520494291e+01 -3.615929717423286283e-01 -5.914097824419529914e+00 9.925068882184328700e+00
-2.290340570833183520e+01 -4.708445264738127634e+01 -5.142475650138943877e+01 -3.682958450232494130e-01 -5.496913686567600266e+00 9.325187604931583607e+00
-2.290573254088754140e+01 -4.736023968566809117e+01 -5.259639805886300934e+01 -3.835137420707073752e-01 -5.093223964725159369e+00 8.740963105452973281e+00
-2.283433597294971662e+01 -4.766061720317696171e+01 -5.373117749838778678e+01 -3.930034929288593881e-01 -4.710341601442626924e+00 8.170691128123461766e+00
-2.270802794095309096e+01 -4.798664886771038596e+01 -5.482486428780686083e+01 -3.836114554972434032e-01 -4.354927545115942600e+00 7.612470242807019005e+00
-2.255301526706361059e+01 -4.833428785262703542e+01 -5.587261452701547881e+01 -3.449940248167623347e-01 -4.031851248705686785e+00 7.064410660307081535e+00
-2.240037073161048298e+01 -4.869521614505053719e+01 -5.686913001178565708e+01 -2.711048827569804698e-01 -3.743202732456780257e+00 6.524802906802817049e+00
-2.228179387746795115e+01 -4.905806726050201405e+01 -5.780968313981072981e+01 -1.612203568960190736e-01 -3.487621267163798944e+00 5.992311111698342074e+00
-2.222819513335922892e+01 -4.941116637663815681e+01 -5.868793433713340590e+01 -2.036336089357845477e-02 -3.260090408256505423e+00 5.465744691133022748e+00
-2.226194994147452988e+01 -4.974248078791258365e+01 -5.949967342491151356e+01 1.412081606387829147e-01 -3.052022235671557393e+00 4.944684376423587047e+00
-2.239600996822134604e+01 -5.004208698467623861e+01 -6.024081950736407265e+01 3.084805850107938952e-01 -2.852859079030347633e+00 4.428529902321010070e+00
-2.263121634755595935e+01 -5.030296892778449802e+01 -6.090803390287837971e+01 4.642790823131714983e-01 -2.650030181464950729e+00 3.917549640127494737e+00
-2.295549745858266277e+01 -5.052146939026169292e+01 -6.149885037389983466e+01 5.908543181282664980e-01 -2.431343418837176085e+00 3.411567266863743786e+00
-2.334548089282848693e+01 -5.069710009538211892e+01 -6.201153173162656174e+01 6.723954078479873475e-01 -2.186031407777635049e+00 2.910848709794533473e+00
-2.376693186364101607e+01 -5.083004664054963229e+01 -6.244472361293603768e+01 6.972188686703391092e-01 -1.906214200136331804e+00 2.415410956206441639e+00
-2.418548268793457012e+01 -5.092919590475487723e+01 -6.279941025699132950e+01 6.594425328859159219e-01 -1.587914382753113918e+00 1.925041817979461056e+00
-2.455946467232183039e+01 -5.099752333624510214e+01 -6.307285648130785916e+01 5.600351015554456691e-01 -1.231505423756354967e+00 1.439249419615237224e+00
-2.485486032645490795e+01 -5.104461686933868947e+01 -6.326269503765531965e+01 4.068645525961206433e-01 -8.417897317167587490e-01 9.572414572157843526e-01
-2.504259302814980970e+01 -5.108512069080430962e+01 -6.337274435424313168e+01 2.139746651513564912e-01 -4.274375393065671380e-01 4.779174243028438962e-01
2.765843701392445038e-12 -8.836623221665929198e-12 1.838583359364379825e-11 2.317599172134430992e-15 4.264223052309220636e-15 1.715491280246447800e-15
2.765843701392445038e-12 -8.836623221665929198e-12 1.838583359364379825e-11 2.317599172134430992e-15 4.264223052309220636e-15 1.715491280246447800e-15
-3.805485780272005059e+01 -2.034013913978386867e+01 -5.565964081583083356e+01 -1.501811749534656126e-01 1.955298617474063583e-01 2.857387886217357398e-01
-2.005718307518318611e+01 -3.740904490076339783e+01 -5.583907573392371404e+01 -3.107297867396918711e-01 3.707040956456277847e-01 5.712664367436802726e-01
-1.962009488441631788e+01 -3.698153619598720354e+01 -5.579906432487333490e+01 -4.894342032969547507e-01 5.087258108535533951e-01 8.570336864884807726e-01
-1.908230549993945502e+01 -3.652113441401375127e+01 -5.571310125263166668e+01 -6.892638629408508466e-01 5.992461866731174647e-01 1.144485754808407751e+00
-1.849722134834704335e+01 -3.602536186514679883e+01 -5.559845399464753513e+01 -9.072220602391127819e-01 6.400706467127292854e-01 1.436226424903691790e+00
-1.792836554507809055e+01 -3.553183455367808818e+01 -5.547070306124133765e+01 -1.134465464290930203e+00 6.372393165464169673e-01 1.735572267444722483e+00
-1.742860158566696427e+01 -3.507388469122879826e+01 -5.533095703681737376e+01 -1.357586403053410828e+00 6.036574496133038092e-01 2.045954936869414098e+00
-1.703531849100404472e+01 -3.467494330415148340e+01 -5.517380254721913246e+01 -1.560907272384568945e+00 5.563904925359126619e-01 2.369854184099019712e+00
-1.676504867700353785e+01 -3.434345046491576880e+01 -5.498790773227893425e+01 -1.729255725741953853e+00 5.133888613929481481e-01 2.708736251373566883e+00
-1.661233930034015671e+01 -3.407194534420022336e+01 -5.475782699065962333e+01 -1.850792222367831030e+00 4.900459989433517127e-01 3.061411329357949906e+00
-1.655034733259713775e+01 -3.383670671131339702e+01 -5.446684624470416480e+01 -1.919108370761240856e+00 4.966446680361397692e-01 3.424677637562214549e+00
-3.360541846124911558e+01 -1.653961017616153484e+01 -5.409991150657880610e+01 5.368396068530996157e-01 -1.934315396578529800e+00 3.793526932888986902e+00
-3.334129898139447334e+01 -1.653409229716708495e+01 -5.364691520022065419e+01 6.075810642677644813e-01 -1.902936678488035493e+00 4.162073551864498455e+00
-3.301035063344922804e+01 -1.649013539981540077e+01 -5.310446577931291756e+01 7.001916629739024511e-01 -1.836730635756642638e+00 4.524657835100979852e+00
-3.258754128375393577e+01 -1.637391041664078983e+01 -5.247925662597304353e+01 8.031703923657504962e-01 -1.749949260568997911e+00 4.877259987921907403e+00
-3.206025854028985123e+01 -1.616618341074246601e+01 -5.178455608140652799e+01 9.041651319512121754e-01 -1.657337267745802922e+00 5.218665981912898211e+00
-3.143050999586092331e+01 -1.586465531807380280e+01 -5.104089088050677958e+01 9.930294521168134825e-01 -1.571284771017661619e+00 5.550589650162923050e+00
-3.071421130672885624e+01 -1.548326026639230335e+01 -5.027261231843191780e+01 1.063964990698710755e+00 -1.499594795986771922e+00 5.878093131052087195e+00
-2.993803009735756149e+01 -1.504871373188066386e+01 -4.950438744895400589e+01 1.116616957176105096e+00 -1.444340182767885006e+00 6.208802850744147506e+00
-2.913576630725299310e+01 -1.459575588209448682e+01 -4.875800012173536402e+01 1.156026367810533362e+00 -1.401728928347141911e+00 6.551693570104119679e+00
-2.834160393322806115e+01 -1.416028027762795816e+01 -4.804851551720994252e+01 1.191388892584007264e+00 -1.363163753964848901e+00 6.915575578352886055e+00
-2.758542189102795206e+01 -1.377344782649701926e+01 -4.738268991555397491e+01 1.233944477047030031e+00 -1.317149808910685893e+00 7.307556535725963975e+00
-1.345633665630505860e+01 -2.688780515424923934e+01 -4.675818647520489435e+01 -1.251737598835266141e+00 1.294448804733061786e+00 7.731813476309902455e+00
-1.321667026459239125e+01 -2.625710398853299665e+01 -4.616429235969066980e+01 -1.156941861473725686e+00 1.380820022072799302e+00 8.188902206714939069e+00
-1.304800755042407268e+01 -2.568846696556686027e+01 -4.558399669906282270e+01 -1.026702768045264724e+00 1.496449621870418190e+00 8.675741387612653455e+00
-1.293144280532685642e+01 -2.516518406840566868e+01 -4.499688642365911306e+01 -8.600603604765675314e-01 1.639499848293113571e+00 9.186323655342594208e+00
-1.283939555395140353e+01 -2.466192012310167669e+01 -4.438219053207833298e+01 -6.614724228650947779e-01 1.803262382296576760e+00 9.712835117728239709e+00
-1.274061450854195954e+01 -2.414914375099341726e+01 -4.372084473037649133e+01 -4.410027853282184052e-01 1.977444454150183217e+00 1.024716512147489489e+01
-1.260535641016851116e+01 -2.359782985722347703e+01 -4.299019744922319575e+01 -2.204609618685431371e-01 2.150037166433284241e+00 1.078236250304332877e+01
-1.240980639541096764e+01 -2.298371442730930525e+01 3.428921565621825263e-01 2.309356259863533101e+00 -4.253969779214055791e+01 1.131381974298703597e+01
-1.213905663311151706e+01 -2.229031809957025345e+01 3.352557497225626681e-01 2.445872409953561366e+00 -4.146812707763164951e+01 1.183995583573568666e+01
-1.178825453409697488e+01 -2.151042505787459547e+01 5.404489929032361140e-01 2.553466867035667942e+00 -4.057531489726867591e+01 1.236229192847679315e+01
-1.136198130991610356e+01 -2.064595262221505223e+01 7.352403978968740095e-01 2.629924198691294013e+00 -3.965481587814732478e+01 1.288490923592754278e+01
-1.970633306899845039e+01 -1.087210747471919525e+01 2.676595712919312309e+00 9.102308638435541166e-01 -3.871239612858665424e+01 1.341341737799065470e+01
-1.870591636577943717e+01 -1.033470621829969360e+01 2.697338118018043573e+00 1.064634718663749036e+00 -3.775912138164231635e+01 1.395363904992781023e+01
-1.766080839988678974e+01 -9.766611810588553766e+00 2.696991473522106553e+00 1.200206570269746864e+00 -3.680442172343772711e+01 1.451024716107520618e+01
-1.658586430021758318e+01 -9.182330450710423975e+00 2.679781937457049068e+00 1.319110776321892331e+00 -3.585395663690866286e+01 1.508560528346488105e+01
-1.549216013592227803e+01 -8.591746974457421970e+00 2.647766245209523195e+00 1.422250635919069417e+00 -3.490875235992165670e+01 1.567880864873463231e+01
-1.438545141365215940e+01 -7.998967048240918309e+00 2.600789921349801137e+00 1.508756177387317710e+00 -3.396523321437313570e+01 1.628579108022575994e+01
-1.326579903408335959e+01 -7.402533299450972493e+00 2.535347535945840836e+00 1.574851036031036822e+00 -3.301514892478328989e+01 1.689835114865568144e+01
-1.212819258178155479e+01 -6.796548854636778714e+00 2.445915926998207812e+00 1.614559934630847238e+00 -3.204645069295924742e+01 1.750437028670447503e+01
-1.096407222907475365e+01 -6.172574913914423256e+00 2.325892074198742332e+00 1.620372345964343763e+00 -3.104253134844945805e+01 1.808671706683995239e+01
-9.763282402869510435e+00 -5.521675084515284659e+00 2.168987667333220681e+00 1.584469240107697185e+00 -2.997860698035620075e+01 1.862036141269923917e+01
-8.516335617258043555e+00 -4.836450810517541221e+00 1.970494411194980255e+00 1.500076519772615580e+00 -2.881594372222848577e+01 1.906498446570819993e+01
-4.112391592604764945e+00 -7.216333794058633622e+00 1.362830968194524317e+00 1.728303685727804684e+00 -2.748298324645462287e+01 1.934730193886938565e+01
-3.348644982165819073e+00 -5.860512195713952543e+00 1.171865612103146548e+00 1.443436259945553024e+00 -2.583122262333277064e+01 1.931691235428136721e+01
-2.548122633208671939e+00 -4.451173598751037908e+00 9.305218192311367487e-01 1.120109462631094122e+00 -2.351834258709257597e+01 1.862965070701504189e+01
-1.717026533796688792e+00 -2.995839441074312326e+00 6.464787698336720290e-01 7.653513310315468443e-01 -1.969508635048848078e+01 1.643475699136205748e+01
-8.641878545440496717e-01 -1.506839148844577592e+00 3.313928496921088596e-01 3.883829978023234375e-01 -1.241910494354319994e+01 1.078853035555206752e+01
1.090630007641165212e-15 4.331998513693238162e-15 1.068406227028149307e-14 5.335944552342476364e-15 -1.031529998930801378e-14 1.053436463387987215e-14
1.090630007641165212e-15 4.331998513693238162e-15 1.068406227028149307e-14 5.335944552342476364e-15 -1.031529998930801378e-14 1.053436463387987215e-14
-5.435057345291709474e-01 -2.034252250275113916e+00 -6.870184517119232170e-01 -2.687600155699484628e+00 1.778644961251331313e+00 7.152431296233522362e-01
-1.083056934169256413e+00 -4.048345265286174666e+00 -1.375480307475982489e+00 -5.331696426334312733e+00 3.547216748470007897e+00 1.428454261851058948e+00
-1.616646005875694403e+00 -6.020740533962665175e+00 -2.064786130587362489e+00 -7.891920265587931027e+00 5.295687050698991705e+00 2.137743768520359744e+00
-2.141770464397002804e+00 -7.932333582177583331e+00 -2.755119043219216302e+00 -1.033014895501669983e+01 7.014091927410922800e+00 2.841432441185300029e+00
-2.657063990990659264e+00 -9.765542680923868346e+00 -3.446395227189942290e+00 -1.261276467706424498e+01 8.692730757117402618e+00 3.538312337262507601e+00
-3.162199747380149972e+00 -1.150476324758646030e+01 -4.138044370174116970e+00 -1.471138522282194394e+01 1.032204680167600230e+01 4.227394127645335509e+00
-3.658019178190851761e+00 -1.313663792837858679e+01 -4.829080479594778375e+00 -1.660335230237001269e+01 1.189282319952226707e+01 4.908069924732449962e+00
-4.146333492519429953e+00 -1.465018493903795971e+01 -5.517938626697220350e+00 -1.827182141935166726e+01 1.339618812249118740e+01 5.580009345880358573e+00
-4.630006895686155310e+00 -1.603698274722354000e+01 -6.202772357149751947e+00 -1.970565538030642827e+01 1.482359674160490393e+01 6.243079956384411489e+00
-5.112551802758928510e+00 -1.729043591900049037e+01 -6.881333051795678557e+00 -2.089810545379799223e+01 1.616675059689669780e+01 6.897255458097669489e+00
-5.597869770336627582e+00 -1.840656861304418968e+01 -7.551088468236196505e+00 -2.184707578147258289e+01 1.741741333481553511e+01 7.542505820627014579e+00
-6.089971690694839346e+00 -1.938341543704152414e+01 -8.209316913832484630e+00 -2.255345466294674495e+01 1.856699316919167231e+01 8.178654731203295114e+00
-6.592510252441782903e+00 -2.022003147804583278e+01 -8.853145300517992311e+00 -2.301895300501932695e+01 1.960603959108379613e+01 8.805480452233542366e+00
-7.108670074704608766e+00 -2.091745957684272739e+01 -9.479689368955311224e+00 -2.324569429296272460e+01 2.052308353514535355e+01 9.422316401275882214e+00
-7.640838980787650669e+00 -2.147768224903274970e+01 -1.008606725642275848e+01 -2.323284422068972077e+01 2.130297801414475600e+01 1.002818085927492930e+01
-8.190476396917256707e+00 -2.190353998141427283e+01 -1.066945219825761804e+01 -2.297313514636578446e+01 2.192378942080992843e+01 1.062164980877934362e+01
-8.758240901659918975e+00 -2.219859654581318864e+01 -1.122733331786582944e+01 -2.244655164473173414e+01 2.235087057706179436e+01 1.120076467743596993e+01
-9.343181615840869370e+00 -2.236654465331668007e+01 -1.175658183802654833e+01 -2.160799215020722741e+01 2.252546504352567069e+01 1.176314849287398445e+01
-9.944039678191060716e+00 -2.241156557329946608e+01 -1.225485471987189001e+01 -2.036295477763126627e+01 2.233984280414764356e+01 1.230574086983269133e+01
-1.055854898826305543e+01 -2.233780302460143474e+01 -1.271961589137864657e+01 -1.851160863357565134e+01 2.158210499433766927e+01 1.282493383770341566e+01
-1.118381343975590170e+01 -2.214930864838136060e+01 -1.314832275683665408e+01 -1.562047731022076213e+01 1.980778683291611486e+01 1.331653024148956277e+01
-1.181647658283722357e+01 -2.184994288037046672e+01 -1.353835265467123605e+01 -1.075874205955292595e+01 1.607615696417089524e+01 1.377571905685555720e+01
-1.245291426756441489e+01 -2.144351213227616881e+01 -1.388690459784810294e+01 -2.393768048657640701e+00 8.845403787568052678e+00 1.419701106015114256e+01
-1.308925770517234000e+01 -2.093291111922191305e+01 -1.419082611338943067e+01 9.275450384422873285e+00 -1.693112192862370469e+00 1.457433665022124814e+01
-1.372166649347724032e+01 -2.032146216506074055e+01 -1.444647601785892732e+01 1.903520004976421021e+01 -1.033348681461935570e+01 1.490066756046544683e+01
-1.434601156324764126e+01 -1.961174222424969571e+01 -1.464930517570423518e+01 2.414976933013017302e+01 -1.434662378850286579e+01 1.516820877086204788e+01
-1.495805787632625083e+01 -1.880658698688751684e+01 -1.479395026709435612e+01 2.640455465738092400e+01 -1.552473412197206315e+01 1.536778703330293894e+01
-1.555298467831212683e+01 -1.790875119313430019e+01 -1.487428545098113908e+01 2.736448024382360700e+01 -1.543855550277796773e+01 1.548870909293886911e+01
-1.612492796994135347e+01 -1.692122616172151339e+01 -1.488839823803987983e+01 2.772816708004955544e+01 -1.478674635043402930e+01 1.551821060062844992e+01
-1.666620365874300802e+01 -1.584744061851224473e+01 -1.552798910433927482e+01 2.848034393836680067e+01 -1.385888174963218766e+01 1.544071259068700641e+01
-1.716587415032225650e+01 -1.469139618672656766e+01 2.747644142899173048e+01 -1.451555514148770598e+01 -1.278283343139803208e+01 1.523723551163554646e+01
-1.760785716516276267e+01 -1.345790805740780272e+01 2.713098265309431767e+01 -1.419877218216331727e+01 -1.162034209944651231e+01 1.488409636958723326e+01
-1.796691747761601121e+01 -1.215248021198984496e+01 2.660846180582177922e+01 -1.370643914448256417e+01 -1.040384476674466541e+01 1.435225893571290001e+01
-1.820266984151398404e+01 -1.078158598454118966e+01 2.589656779132987552e+01 -1.301261949628204739e+01 -9.151839677192230127e+00 1.360665193596601341e+01
-1.824759521198191692e+01 -9.352463925369367104e+00 2.494141104536101849e+01 -1.207716840346572518e+01 -7.875525146967296664e+00 1.260675967586558777e+01
-1.798499841036687386e+01 -7.873098014664768662e+00 2.363568210836495709e+01 -1.085571364611948475e+01 -6.582010351863369912e+00 1.130946077285547346e+01
-1.720771627887823740e+01 -6.352285232814768534e+00 2.178011705079554261e+01 -9.307753934201381085e+00 -5.275929038463721632e+00 9.675853632304932006e+00
-1.554860999343185135e+01 -4.799612241751618491e+00 1.901573478917178051e+01 -7.409631336367533017e+00 -3.959792718772711773e+00 7.683695304986917662e+00
-1.241390311262527568e+01 -3.227581558475803636e+00 1.475926246539872899e+01 -5.172515429487186900e+00 -2.633689781535217822e+00 5.343682626295872318e+00
-7.153754505239266592e+00 -1.664640473999291936e+00 8.387568531357665336e+00 -2.659206570310610918e+00 -1.284310194658300208e+00 2.705272101120772987e+00
2.090625517978885947e-02 8.265874936502617953e-03 -8.958652997494927911e-03 1.150016005318758860e-02 -5.614642186569681996e-03 -1.864516664763858286e-02
2.090625517978885947e-02 8.265874936502617953e-03 -8.958652997494927911e-03 1.150016005318758860e-02 -5.614642186569681996e-03 -1.864516664763858286e-02
2.444040224337262410e-02 1.045606556785619833e-02 -2.231676639423506303e-02 1.363791415100227417e-02 -7.858632844386363725e-03 -1.208995040932997304e-02
2.586293161222210507e-02 5.526322473799263023e-03 -2.728348270765138320e-02 1.569815043914014538e-02 -4.148640345353439736e-03 -1.086777776573407545e-02
2.461471322353802824e-02 1.133875008609655640e-03 -3.043264275486637013e-02 1.766056484113191771e-02 -8.470152910342968215e-04 -9.079978530080367455e-03
2.047269165822836537e-02 -2.351099901539950490e-03 -3.132469998515918091e-02 1.944235973039056681e-02 1.755940022333104871e-03 -6.885191030508015959e-03
1.360346546742654573e-02 -4.689791915096581422e-03 -2.976277220792838268e-02 2.089294388015080703e-02 3.482571420422260651e-03 -4.485120241986453871e-03
4.549142117879197665e-03 -5.796068357349669527e-03 -2.582447798203893474e-02 2.180931648030912801e-02 4.275304184413194521e-03 -2.080975675184685170e-03
-5.846908115249912531e-03 -5.737629491855908599e-03 -1.983555762106685091e-02 2.196773097598717084e-02 4.196256577883987829e-03 1.450061741027976225e-04
-1.655143965261560157e-02 -4.709305753938942095e-03 -1.232422096589913529e-02 2.116125166601164759e-02 3.405599197433612467e-03 2.050355269705463057e-03
-2.647105662274163232e-02 -2.997692951005268610e-03 -3.955549274416509525e-03 1.923729223017971168e-02 2.131435132156583086e-03 3.546263034667288157e-03
-3.457918214570929877e-02 -9.415103366393943150e-04 4.573145507459122280e-03 1.612801158420282613e-02 6.348457920030199002e-04 4.580244353192831561e-03
-4.002625238803405455e-02 1.121865544846029506e-03 1.257648267407746739e-02 1.187031905815612819e-02 -8.345156091355701924e-04 5.156047865326339637e-03
-4.222691995867890180e-02 2.895064625754021227e-03 1.947033543659096658e-02 6.614174604147203193e-03 -2.068725128374172394e-03 5.305511265846944019e-03
-4.091507602229764451e-02 4.160961598442571886e-03 2.481176890216128805e-02 6.163974257047771755e-04 -2.927797645556948821e-03 5.082267095844599306e-03
-3.616706711767141841e-02 4.804928880707754098e-03 2.830197468701152116e-02 -5.777425454466643233e-03 -3.348271324281809624e-03 4.568854486185296680e-03
-2.838709598546216781e-02 4.825945137468487002e-03 2.981925375222674313e-02 -1.216468461450723702e-02 -3.341997329874683755e-03 3.848133619885738335e-03
-1.826416583067166227e-02 4.322140576667368728e-03 2.937918992291836326e-02 -1.812138803434742637e-02 -2.979168674104235026e-03 3.021422522623451630e-03
-6.692258448430810254e-03 3.464989360752848083e-03 2.715759929628799862e-02 -2.324702014258082233e-02 -2.368919189578762990e-03 2.172109457240817450e-03
5.325634696488297688e-03 2.456255514619239220e-03 2.343969283216805130e-02 -2.720560963867217977e-02 -1.634214395796456743e-03 1.383189252377114379e-03
1.678258005161117547e-02 1.484818570483448404e-03 1.860949362645615210e-02 -2.976157754874789174e-02 -8.907442271024029181e-04 7.214924646448181824e-04
2.676427439237252792e-02 6.903899459110704115e-04 1.314234964306751179e-02 -3.080421263741030605e-02 -2.304770828302482848e-04 2.184771611949591977e-04
3.452587440347529985e-02 1.451161355833675154e-04 7.539621350866587343e-03 -3.035666267296342757e-02 2.866872934698291007e-04 -1.060751602499621885e-04
3.953798110703119623e-02 -1.460114734351450729e-04 2.318991393765772440e-03 -2.856527210766239902e-02 6.345562780816602251e-04 -2.654364866944703403e-04
4.150793375931040308e-02 -2.279965280159877076e-04 -2.036238583703535703e-03 -2.567355148409242518e-02 8.159678665059826507e-04 -2.975218369392641218e-04
4.037545269864922098e-02 -1.684938669268594294e-04 -5.145331851444330355e-03 -2.198022365884831630e-02 8.536742155243441524e-04 -2.435112889758576677e-04
3.628947221679652835e-02 -3.269722286265086883e-05 -6.755816050520342675e-03 -1.778810941708597326e-02 7.816486516237649510e-04 -1.571001407207411275e-04
2.957617173033371197e-02 1.441793582575529671e-04 -6.810074303182192187e-03 -1.335763795715007307e-02 6.344905224111806446e-04 -7.478899538108218093e-05
2.066441849899569583e-02 4.046606101557717106e-04 -5.450699065723950409e-03 -8.870472253417954062e-03 4.421957559615821687e-04 -2.040782200796960918e-05
9.445535495179875965e-03 1.476258902205715342e-03 -3.016090791669647289e-03 -4.413007694902824560e-03 2.235506885948633797e-04 8.551407308511779235e-07
-1.607740814892788893e-15 -6.379935313403643072e-15 5.401417823718054993e-15 -7.032181880249178550e-15 -7.797073692998628556e-16 -5.473668825862265864e-15
