-2.770145253009967776e-07 -2.254721773174853682e-07 -1.873012749061257562e-07 8.998062491979659683e+00 8.998062491979661459e+00 8.998062491982990352e+00
1.659034290880017637e-01 2.330052913889050781e-01 2.551030484825294042e-01 8.990593964159298679e+00 8.992084451299200865e+00 8.994019419579855068e+00
3.297023136020225675e-01 4.624138107266392850e-01 4.928164116470880041e-01 8.969502296780015982e+00 8.974610586037965021e+00 8.982543724009554253e+00
4.882903781134018684e-01 6.850468349201098706e-01 6.990640753952673814e-01 8.938134131123209869e+00 8.947018454910981688e+00 8.965427383783936222e+00
6.400811131796304565e-01 8.642111380041744839e-01 8.985248942848542697e-01 8.900627987802035790e+00 8.911254954423046826e+00 8.945147361316596601e+00
7.841636463240121424e-01 9.861777677969887357e-01 1.101551801014257981e+00 8.860311501609219320e+00 8.869457512011452494e+00 8.924269988091374728e+00
9.202745845140277714e-01 1.071984824536965419e+00 1.294025505037301960e+00 8.818534869652566499e+00 8.823591534093379707e+00 8.904903003921589288e+00
1.048557479516608160e+00 1.136994863289604751e+00 1.476928148529454754e+00 8.774436854062674485e+00 8.775331892472550521e+00 8.888363903488757600e+00
1.169270719021898719e+00 1.200405810861839839e+00 1.652024366651000609e+00 8.725210814450031549e+00 8.726780006677117285e+00 8.875141938144691878e+00
1.277389857115477589e+00 1.282607546711155067e+00 1.821478836866101014e+00 8.673740203606344679e+00 8.674592725157719286e+00 8.865105200539520780e+00
1.371867009231418022e+00 1.388902039188640858e+00 1.987530747833115896e+00 8.616408865250136273e+00 8.623758204218743728e+00 8.857804984375155399e+00
1.474129962893903079e+00 1.490324887354946393e+00 2.152309951737855886e+00 8.557926455163359591e+00 8.573320168529786400e+00 8.852707297771406303e+00
1.567172925459723309e+00 1.590472716343333870e+00 2.317782337388717639e+00 8.502820292284498649e+00 8.524025907085157172e+00 8.849243638789541677e+00
1.648152733437289852e+00 1.680760704306430764e+00 2.485735036662851005e+00 8.455050110347478665e+00 8.476736480746669855e+00 8.846683623468535984e+00
1.719415143939918345e+00 1.755022772748753512e+00 2.657701192036604709e+00 8.415968139203553022e+00 8.432309408448711352e+00 8.843934148026693975e+00
1.782593788850670879e+00 1.817082379029979489e+00 2.834781255399908773e+00 8.383155129841069808e+00 8.391611307268625808e+00 8.839414867389830732e+00
1.843136963032429243e+00 1.873644915686071499e+00 3.017405448720482664e+00 8.350518879010779827e+00 8.356012789734535318e+00 8.831128445066717347e+00
1.911115644825598148e+00 1.927559370676610317e+00 3.205144435941232661e+00 8.316745305162259072e+00 8.321052420197965205e+00 8.816954239452158504e+00
1.978915304738495307e+00 1.993393866536508519e+00 3.396672775758787122e+00 8.279836313940043269e+00 8.284529087768341071e+00 8.795091025184845535e+00
2.027377449213828786e+00 2.087306106411081608e+00 3.589927056935387384e+00 8.231949770656880716e+00 8.253651253664815002e+00 8.764504904091309001e+00
2.072617785687497438e+00 2.181185976689850037e+00 3.782421782914978436e+00 8.181511762448694824e+00 8.223442790168647321e+00 8.725227709104339979e+00
2.114351655134334429e+00 2.259476620039647887e+00 3.971636729536958121e+00 8.135214760021145963e+00 8.193460874699539431e+00 8.678396268756216614e+00
2.152404011541497297e+00 2.309376731865381505e+00 4.155384084743916517e+00 8.099390979156240178e+00 8.163666024023346068e+00 8.626003904121905208e+00
2.186755138615345206e+00 2.326397694507248648e+00 4.332086183747305697e+00 8.076954991053399979e+00 8.134421559585335970e+00 8.570427144274836095e+00
2.217527803816980114e+00 2.316747245503468555e+00 4.500923116857701523e+00 8.065856793258628699e+00 8.106364396005849571e+00 8.513866504156389681e+00
2.244925060541455242e+00 2.295317261197108660e+00 4.661835746999547503e+00 8.060061322717617216e+00 8.080203409705054796e+00 8.457873696775644490e+00
2.269152260578195079e+00 2.279606060165077608e+00 4.815398242979560095e+00 8.052518096084012811e+00 8.056516083223675295e+00 8.403109448508413237e+00
2.281792008623588774e+00 2.290416158946873448e+00 4.962606231139370827e+00 8.035585803395219884e+00 8.038491039431574947e+00 8.349389298320438968e+00
2.301829949218316518e+00 2.310018299978305212e+00 5.104648990307913969e+00 8.016349536525384067e+00 8.018649830951288138e+00 8.295964005232436378e+00
2.320121731410675459e+00 2.337541386605392901e+00 5.242728877808817245e+00 7.992832178770486351e+00 8.002727051491426380e+00 8.241898300617412687e+00
2.330988665032703633e+00 2.363227426734328063e+00 5.377956254552628046e+00 7.971885333446476984e+00 7.989847090349558201e+00 8.186393924076480033e+00
2.337417456554874651e+00 2.371755024392211197e+00 5.511303970318595091e+00 7.959276960372949183e+00 7.979203306671940332e+00 8.128950796328094697e+00
2.339722541961595681e+00 2.360374552508065715e+00 5.643579195485869171e+00 7.956240559564587755e+00 7.970553858955081949e+00 8.069343217827871229e+00
2.336169631185687212e+00 2.340167930289105858e+00 5.775375516591520153e+00 7.959052709294010874e+00 7.963741093544375538e+00 8.007466452877983087e+00
2.320202341536777180e+00 2.334737819106121215e+00 5.906997786718517496e+00 7.943153071971580381e+00 7.958331141962996291e+00 7.961176505061469122e+00
2.323480913854586216e+00 2.328634466037339479e+00 6.038386517147285026e+00 7.876056145100357675e+00 7.954364710339445921e+00 7.955912622226590791e+00
2.321856784552963404e+00 2.352531057304922957e+00 6.169087422686224897e+00 7.805654711048335415e+00 7.940792307046980802e+00 7.951154256483997429e+00
2.315512487362375360e+00 2.399116660684746716e+00 6.298304472692151990e+00 7.731376882245134752e+00 7.918242188951958305e+00 7.948189615285698117e+00
2.310523392191063508e+00 2.444948355954644104e+00 6.425045098282102352e+00 7.652783101477990790e+00 7.895062017549518529e+00 7.944974888867466056e+00
2.307428420214872489e+00 2.470392878361150402e+00 6.548329051108060739e+00 7.569726114830046981e+00 7.879401892321046930e+00 7.941210787531324478e+00
2.306285609007690418e+00 2.463597755194030459e+00 6.667404843390779767e+00 7.482412782330691847e+00 7.876715309151310684e+00 7.936918534879100484e+00
2.306686131129123130e+00 2.426170306803248966e+00 6.781909808964275754e+00 7.391331499644084424e+00 7.886782016035128962e+00 7.932472051705574678e+00
2.307888637425890455e+00 2.373220946499326800e+00 6.891922501745921359e+00 7.297064082706484989e+00 7.903691402666471966e+00 7.928511967815135009e+00
2.309054601490670322e+00 2.327513993372168244e+00 6.997885136699291131e+00 7.200052203057426325e+00 7.918792604930272816e+00 7.925756423798461014e+00
2.309526204893518564e+00 2.309526204897974555e+00 7.100413381492710840e+00 7.100413381495003229e+00 7.924767172513989877e+00 7.924767172515211122e+00
2.309526204893518564e+00 2.309526204897974555e+00 7.100413381492710840e+00 7.100413381495003229e+00 7.924767172513989877e+00 7.924767172515211122e+00
2.324165453830336237e+00 2.326468712029655883e+00 7.082982114611377611e+00 7.106184395774771012e+00 7.921402160049066943e+00 7.927638155406564024e+00
2.367390389453872146e+00 2.370524629175208897e+00 7.058891683589093802e+00 7.094431255003724957e+00 7.912327233172771201e+00 7.935344187805241312e+00
2.424887757785112008e+00 2.436852150132383876e+00 7.028857961605236682e+00 7.062337550142310683e+00 7.900383298993276959e+00 7.946011470754149819e+00
2.470673057834830821e+00 2.528138326199398378e+00 6.984907000522043496e+00 7.015709870085036215e+00 7.889514745163144660e+00 7.958833280620916995e+00
2.494499394285384142e+00 2.634856017552827279e+00 6.914735062462133541e+00 6.966362918396288073e+00 7.883557330773336425e+00 7.975528946905883210e+00
2.492607703760142623e+00 2.749329790415376173e+00 6.826134565730727743e+00 6.909986927735719320e+00 7.884885557704869541e+00 7.999423334208152880e+00
2.470728588534314429e+00 2.863743406097354338e+00 6.730726747392834497e+00 6.843785391767853277e+00 7.893553799577158969e+00 8.032715884912619231e+00
2.440391701222728749e+00 2.971651750373778711e+00 6.638491851266578259e+00 6.770307209277090621e+00 7.907368453338603942e+00 8.074424522390710734e+00
2.413493089308598627e+00 3.069574900455553035e+00 6.557469934362333497e+00 6.693374318595009420e+00 7.922793616048672938e+00 8.120395956490101597e+00
2.397650316498399548e+00 3.157775876915937197e+00 6.491454093385041979e+00 6.616207704229329245e+00 7.936221715716103908e+00 8.164825132746612368e+00
2.394479950465426388e+00 3.239289467461742955e+00 6.438984205520095649e+00 6.541161591796464059e+00 7.945122163506864510e+00 8.202312938157128031e+00
2.401178791171360682e+00 3.317379352720501107e+00 6.395262481570465951e+00 6.469838820185010775e+00 7.948726643976020689e+00 8.229772992790007180e+00
2.413775559782341151e+00 3.392865946981328928e+00 6.356524267831269448e+00 6.402369436341448505e+00 7.948073815644111306e+00 8.247504722942833766e+00
2.429734075069982957e+00 3.462964644389842750e+00 6.320333057584423209e+00 6.340118712819052149e+00 7.945436761942137771e+00 8.258841278361073179e+00
2.448499449317691035e+00 3.522491527574544090e+00 6.257557088179850346e+00 6.314400646609983347e+00 7.943391305329642549e+00 8.268390255167579639e+00
2.451578748648245654e+00 3.525338608354022352e+00 6.236311441415091750e+00 6.340937820055336793e+00 7.942374527341367951e+00 8.262982425562183764e+00
2.467138383469626106e+00 3.572843974238642417e+00 6.163787081598624873e+00 6.343501202200283906e+00 7.944446750924632816e+00 8.269603459137217172e+00
2.476496333717102871e+00 3.607674548019132121e+00 6.091751157170181230e+00 6.356336953619222463e+00 7.952272837627710977e+00 8.280805888240708512e+00
2.479484474154355134e+00 3.627080327483109379e+00 6.017411526115702181e+00 6.380359641375408231e+00 7.965022825139095097e+00 8.297581930451281451e+00
2.477818419954987750e+00 3.631230645181531713e+00 5.938601931939888168e+00 6.414674646874277464e+00 7.980279774989846864e+00 8.318031424540842877e+00
2.473641172015256462e+00 3.624417940844884001e+00 5.854861130197042129e+00 6.456366296706284480e+00 7.995464814572658341e+00 8.338656606581736241e+00
2.468326365543997092e+00 3.613275362421864312e+00 5.767138546248998132e+00 6.502230265106160090e+00 8.009219030572655385e+00 8.356419292534265963e+00
2.462111220805291989e+00 3.603054888708712600e+00 5.676816895607381674e+00 6.550764059031907394e+00 8.021912736965106205e+00 8.370426023898387413e+00
2.454415538434213229e+00 3.594362012847216459e+00 5.584762863032084468e+00 6.603021130953315776e+00 8.034994681425160934e+00 8.382321517493219076e+00
2.444507751080078339e+00 3.582692904436477477e+00 5.490703718950427970e+00 6.661938662685845891e+00 8.049684765966865996e+00 8.395115103585888860e+00
2.432226069042242589e+00 3.561421059489308760e+00 5.393333655244994418e+00 6.730274784300186219e+00 8.065942802018350122e+00 8.411097853743292774e+00
2.418292750538473701e+00 3.526242535391851618e+00 5.291481963620375595e+00 6.808138049297752126e+00 8.082416177104718713e+00 8.430179787595386998e+00
2.403840922160323856e+00 3.477901089703697046e+00 5.185596402803723137e+00 6.892081223897800868e+00 8.097408483203755836e+00 8.449746956670770359e+00
2.389449913130190062e+00 3.421638060637810064e+00 5.078032386188578329e+00 6.976804964475113557e+00 8.110306569105601326e+00 8.466119532482004217e+00
2.374485723545591842e+00 3.364152319601310115e+00 4.971733169720285339e+00 7.058046567682004557e+00 8.122611672808004002e+00 8.476749679238494650e+00
2.357197350279125914e+00 3.309832107049821115e+00 4.868367271929471940e+00 7.134469478641279672e+00 8.137816600153316315e+00 8.481943312162089299e+00
2.335342507094192221e+00 3.258290399881635935e+00 4.767086472577843459e+00 7.207760338930601307e+00 8.159937573236378583e+00 8.485045609491745466e+00
2.307039743434540657e+00 3.204927849472769541e+00 4.664450515765345529e+00 7.281308620818000676e+00 8.191346881967518812e+00 8.490748423014107260e+00
2.271801241868735666e+00 3.144300866497823144e+00 4.555798189659025610e+00 7.358028455268629031e+00 8.231138265505949292e+00 8.502377423818515467e+00
2.231299146700144398e+00 3.073788569069428878e+00 4.437875588635399993e+00 7.438259214403431407e+00 8.275083732241650836e+00 8.519856016255412001e+00
2.188987031302285668e+00 2.995119162770974786e+00 4.311222620604318045e+00 7.519326071028260117e+00 8.317292568211257731e+00 8.539626384094507472e+00
2.148433153586768007e+00 2.913330014532786727e+00 4.180349692156923425e+00 7.597484718111194191e+00 8.352679987940977213e+00 8.556513302163303081e+00
2.111382768527048981e+00 2.834002664841152264e+00 4.051459901628979843e+00 7.670777501722350955e+00 8.379047804295613133e+00 8.566484330437454275e+00
2.076748995349994242e+00 2.759794494192866487e+00 3.929339797715450278e+00 7.740589356861175219e+00 8.397898713287572647e+00 8.568900233841624470e+00
2.040920686154038322e+00 2.688031845109056128e+00 3.815089979133016396e+00 7.811067630931638028e+00 8.413616913517333984e+00 8.567028491064681006e+00
1.999090118426854357e+00 2.611648852322024261e+00 3.705485178407974978e+00 7.886986935897695616e+00 8.431330234095183229e+00 8.566350480342196150e+00
1.947248676459612859e+00 2.523491841859699658e+00 3.594355830597649515e+00 7.971079438173729770e+00 8.454527489640206284e+00 8.571485933385668332e+00
1.884234074506296652e+00 2.420708256994671626e+00 3.475797285719419261e+00 8.062074226973582114e+00 8.483753498820767902e+00 8.583631745232167987e+00
1.812598639773531417e+00 2.306318866831520875e+00 3.347264329985160547e+00 8.154868601412225360e+00 8.517000513375618809e+00 8.600167487574154279e+00
1.737309060940209093e+00 2.188010917239793240e+00 3.210090662024985608e+00 8.243222721179598977e+00 8.551292088981384154e+00 8.616545370965829065e+00
1.662719248703683927e+00 2.075028391510967296e+00 3.067401636466034809e+00 8.323258968581734862e+00 8.584425653440888482e+00 8.629175585464185616e+00
1.589897200206411121e+00 1.973404041613648463e+00 2.921507289566012577e+00 8.395203979346117507e+00 8.615976386492349093e+00 8.637745483493471710e+00
1.516467577267346156e+00 1.881313619823081096e+00 2.772358401401092465e+00 8.462362143283822746e+00 8.644421031226793062e+00 8.648402518055039678e+00
1.438548780081685852e+00 1.789013605550082042e+00 2.617425987018664912e+00 8.528456768754320905e+00 8.657566433216887347e+00 8.680170299164785774e+00
1.352781338909395004e+00 1.684982951093884296e+00 2.453191487632935708e+00 8.595165506647081344e+00 8.678177119767177317e+00 8.714377522233650808e+00
1.258222636068988320e+00 1.562964987631258795e+00 2.278096898214710286e+00 8.660990734483061004e+00 8.706615460666380812e+00 8.748731662804340559e+00
1.158104562598335496e+00 1.425142169165428241e+00 2.094881104386323134e+00 8.721772090677236022e+00 8.738744949304802390e+00 8.780418638481675586e+00
1.059972158317478375e+00 1.282063906357322702e+00 1.909510094058016305e+00 8.769452343164692465e+00 8.772764749217003555e+00 8.807034528839702503e+00
9.721814583674941446e-01 1.149863902785813297e+00 1.727352365703027415e+00 8.795887289797006403e+00 8.811230681636812889e+00 8.828142753415725963e+00
8.961734315440007537e-01 1.042701707155073265e+00 1.550476732647575906e+00 8.818326225103252369e+00 8.838845632816996201e+00 8.845830902831991693e+00
8.227453595710835232e-01 9.594224204336629924e-01 1.377777859442132824e+00 8.839822029399003966e+00 8.860679632871443445e+00 8.864225204124798196e+00
7.407754613687205225e-01 8.749846345010411364e-01 1.205489683175436033e+00 8.864301008467965204e+00 8.882919195782315924e+00 8.887022874065371170e+00
6.408875924446522099e-01 7.601264770049602770e-01 1.024706427523560670e+00 8.894452477675832469e+00 8.909985237579787665e+00 8.914399329561565111e+00
5.154850563530121166e-01 6.058299500889449130e-01 8.196781772925990639e-01 8.929364676719963256e+00 8.940597052462120331e+00 8.944136853206252624e+00
3.625359394600438101e-01 4.203739005481156865e-01 5.775169165384873571e-01 8.963505772502827540e+00 8.969565362916311457e+00 8.971552104838668384e+00
1.867375367849493650e-01 2.155359638447204851e-01 2.994552038229486013e-01 8.988737494088592683e+00 8.990442751808327415e+00 8.991020795645145114e+00
-2.770145253009967776e-07 -2.254721773174853682e-07 -1.873012749061257562e-07 8.998062491979659683e+00 8.998062491979661459e+00 8.998062491982990352e+00
-2.770145253009967776e-07 -2.254721773174853682e-07 -1.873012749061257562e-07 8.998062491979659683e+00 8.998062491979661459e+00 8.998062491982990352e+00
2.227039873937234349e-01 2.571525602468103244e-01 2.782655338917049415e-01 8.987276237232306286e+00 8.988435015714124177e+00 8.988866248776181678e+00
4.227732477424682722e-01 5.095085409692545753e-01 5.239233547011797887e-01 8.958812996858737776e+00 8.963065165536173495e+00 8.964349585671454790e+00
5.817138166854771697e-01 7.084164480277617137e-01 7.563486503036350728e-01 8.922731575838330542e+00 8.930506067582916430e+00 8.932709659651482781e+00
6.939417229201886306e-01 8.217518201645601650e-01 9.914894676384539141e-01 8.890736285596055666e+00 8.900241805192200317e+00 8.903319380999656474e+00
7.689213872776818892e-01 8.699010087367859967e-01 1.214948887431585689e+00 8.870180691047256261e+00 8.878249907617272285e+00 8.881646478643482112e+00
8.289035258060287736e-01 8.844997861921000126e-01 1.426864303320532823e+00 8.860010073651102047e+00 8.863992358293694807e+00 8.866608389225977049e+00
8.977490650339308154e-01 9.115102635247116503e-01 1.629442500654432191e+00 8.849918512456682151e+00 8.851820144454567441e+00 8.853331439420758286e+00
9.833797447060158570e-01 9.868542099599781903e-01 1.826239203305573655e+00 8.828490580438510094e+00 8.835373794630633881e+00 8.835729249083374981e+00
1.086682916140447874e+00 1.099004432805137821e+00 2.020859926583818744e+00 8.798840459561539262e+00 8.806960213439481322e+00 8.808569335510705756e+00
1.186433620731117244e+00 1.221846150416875831e+00 2.215507909441309042e+00 8.765417653106791107e+00 8.770349915720121459e+00 8.775535949009574566e+00
1.269461076516707143e+00 1.321482944525909753e+00 2.410371744752342060e+00 8.733567966360677559e+00 8.738129298736932782e+00 8.744976825264666687e+00
1.329982203187534573e+00 1.380938691322743495e+00 2.604435516507357828e+00 8.710495883924719962e+00 8.716943905140196236e+00 8.725317971862590838e+00
1.372489548896836942e+00 1.405844327176711595e+00 2.797093465643446297e+00 8.699904076755872850e+00 8.704653511205620475e+00 8.716298662887254523e+00
1.409103409130805895e+00 1.420490951808549118e+00 2.989330149777434720e+00 8.694017225625602308e+00 8.695724743670679047e+00 8.708865196034835776e+00
1.452231347097301617e+00 1.453195328769251393e+00 3.183600496486243880e+00 8.680968513341900561e+00 8.681141191517685485e+00 8.691825690519529246e+00
1.506874315117089802e+00 1.517274805299707374e+00 3.382458494149125805e+00 8.653197941449230157e+00 8.654033735550379802e+00 8.658245689958274482e+00
1.566849135140982563e+00 1.603088119908176123e+00 3.586819364502840113e+00 8.602255811493602522e+00 8.613004896876844896e+00 8.620678020175427392e+00
1.621045223505630961e+00 1.683958807894531562e+00 3.794901341093251723e+00 8.534158858740033438e+00 8.571781729958138030e+00 8.584692214290182477e+00
1.659239086788423245e+00 1.735003294801901408e+00 4.002433079810693073e+00 8.459953009207607622e+00 8.543309438266973643e+00 8.558905848910070446e+00
1.679194474868732412e+00 1.747023604069937841e+00 4.204095250450196275e+00 8.386943770989129021e+00 8.534730660587687368e+00 8.548652315368990173e+00
1.688452431269183762e+00 1.731740406843921942e+00 4.395572489073414246e+00 8.318244961066055154e+00 8.541604352118495669e+00 8.550392908859398844e+00
1.699875412512167339e+00 1.715189877364949211e+00 4.575136394431782882e+00 8.252326158940368472e+00 8.550840010365249100e+00 8.553919359110809140e+00
1.721416697025471398e+00 1.723777724946916168e+00 4.743842301148451845e+00 8.185152835848221287e+00 8.548926962991965084e+00 8.549401732051874703e+00
1.754303936153730481e+00 1.763610964399486170e+00 4.904361387767108837e+00 8.113392156334780836e+00 8.531093212439531115e+00 8.533007036758988306e+00
1.794002312811098232e+00 1.815168567896888074e+00 5.059362522711476018e+00 8.036560874873737603e+00 8.504471431465074005e+00 8.508993594872794830e+00
1.823198762319996558e+00 1.857126677755570610e+00 5.210383597319934168e+00 7.956983115764914238e+00 8.481541507475663266e+00 8.488951922497339098e+00
1.833236779921487924e+00 1.870071743808639164e+00 5.357600464555480890e+00 7.878038862887357219e+00 8.473909020433545436e+00 8.482002006139760297e+00
1.825335811783993289e+00 1.853059972083579865e+00 5.500488538767967839e+00 7.802018323228306684e+00 8.483246766471072675e+00 8.489282419048608475e+00
1.810658415118353792e+00 1.824051443240348958e+00 5.638980404540991920e+00 7.728758005994824209e+00 8.499969939173153577e+00 8.502838033503424597e+00
1.804601517018124879e+00 1.807871835206075195e+00 5.774229692755702636e+00 7.655732928830321526e+00 8.509880641126279954e+00 8.510574013840269458e+00
1.814811241991704627e+00 1.821915483577182915e+00 5.908226146082892427e+00 7.579491025154059258e+00 8.502976848918939012e+00 8.504498564065572808e+00
1.836724388481046244e+00 1.863060550671481908e+00 6.042557330544320315e+00 7.497436766075674441e+00 8.479921294270784671e+00 8.485678356851805049e+00
1.859038772080480628e+00 1.906592650498211139e+00 6.177350430856088259e+00 7.408846859589717226e+00 8.452504265513884008e+00 8.463113139890959147e+00
1.866750137000239729e+00 1.926217739639172200e+00 6.310891143622886723e+00 7.314919264724737857e+00 8.435659350886551167e+00 8.449044254678115706e+00
1.852919663241540116e+00 1.908437917161637465e+00 6.439527204235766078e+00 7.218589005421018889e+00 8.438164346848724406e+00 8.450552941830284936e+00
1.823637118264760604e+00 1.861611277523133712e+00 6.557056100991170311e+00 7.125119482640731583e+00 8.456535939285917181e+00 8.464820869786118251e+00
1.795474627472869456e+00 1.812126310992658196e+00 6.651144287217866768e+00 7.045908169995141357e+00 8.477483299165635700e+00 8.481028974458913794e+00
1.787497591686640019e+00 1.787497591694997112e+00 6.691945577265870249e+00 7.010142670040307777e+00 8.487246562540706307e+00 8.487246562542091866e+00
1.787497591686640019e+00 1.787497591694997112e+00 6.691945577265870249e+00 7.010142670040307777e+00 8.487246562540706307e+00 8.487246562542091866e+00
1.794934114573513373e+00 1.802799399549304571e+00 6.681345841292444021e+00 7.009824493073191221e+00 8.483169585550218272e+00 8.484934888864106739e+00
1.816820150190556982e+00 1.847246109145419757e+00 6.650043717507991836e+00 7.008562939241206102e+00 8.471234539500624550e+00 8.478318980842580288e+00
1.851698808207015823e+00 1.917119459994747865e+00 6.599439162735323272e+00 7.005581477770412846e+00 8.452227677470263600e+00 8.468343681242554766e+00
1.897456582195244934e+00 2.007239262033625682e+00 6.531678503228250499e+00 6.999930874301477424e+00 8.427328804188650935e+00 8.456357777409616361e+00
1.951619011335331999e+00 2.112027596368483806e+00 6.449565585366288545e+00 6.990751002242842738e+00 8.397941090765042915e+00 8.443827487398873899e+00
2.011681658200296319e+00 2.226292352483001391e+00 6.356504576374729432e+00 6.977456649798138066e+00 8.365529614365105004e+00 8.432003436967800525e+00
2.075389601036882858e+00 2.345637470107581279e+00 6.256388091489701431e+00 6.959855964575428544e+00 8.331495718606353407e+00 8.421627246138399414e+00
2.140929577217221436e+00 2.466550688419525628e+00 6.153398120130601612e+00 6.938184605238133962e+00 8.297099730093059122e+00 8.412759305539108112e+00
2.207019743491051234e+00 2.586283948200938987e+00 6.051737457943130671e+00 6.913040678730766331e+00 8.263426580960683054e+00 8.404775972468263134e+00
2.272899451185724562e+00 2.702645378516737473e+00 5.955330171201642209e+00 6.885239301928629985e+00 8.231379273797140073e+00 8.396529689534071750e+00
2.338237825190238262e+00 2.813802619835252372e+00 5.867532104337971788e+00 6.855633770095261426e+00 8.201683934906418116e+00 8.386618671229506106e+00
2.402993392278631735e+00 2.918165877702234123e+00 5.790888053997199414e+00 6.824952149200817608e+00 8.174894190499667701e+00 8.373694208032681274e+00
2.467262222052991394e+00 3.014377034730656213e+00 5.726967452819713422e+00 6.793680566449371128e+00 8.151388626671394633e+00 8.356741195220587670e+00
2.531146369109433358e+00 3.101384939874708646e+00 5.676306462017786103e+00 6.762005229544523210e+00 8.131361333938210478e+00 8.335286210428909826e+00
2.594661359530011424e+00 3.178550870814857987e+00 5.638477021631000063e+00 6.729814332699416646e+00 8.114810951679006124e+00 8.309505370138625224e+00
2.657688089932918718e+00 3.245717496332913843e+00 5.612286011212229475e+00 6.696756802700629230e+00 8.101537153326914265e+00 8.280218426502216289e+00
2.719966043510380516e+00 3.303194783727659622e+00 5.596078855157061938e+00 6.662350213459463433e+00 8.091153972958371909e+00 8.248769318487601865e+00
2.781121690518601586e+00 3.351655341628354989e+00 5.588091604313435212e+00 6.626120093447248394e+00 8.083126228303703087e+00 8.216810562262912399e+00
2.840725006162723165e+00 3.391967188058560456e+00 5.586780046580176240e+00 6.587738558683168044e+00 8.076829544652600390e+00 8.186029480570908845e+00
2.898364093645881656e+00 3.425008117331979296e+00 5.591062336917497433e+00 6.547120173326264947e+00 8.071628601922292034e+00 8.157871875327460387e+00
2.953721417434554741e+00 3.451504076134853438e+00 5.600436182345700509e+00 6.504438607403245420e+00 8.066964163323783410e+00 8.133323056862813871e+00
3.006628516818610208e+00 3.471925203937308080e+00 5.614958594420623506e+00 6.460053808316790658e+00 8.062434636971010704e+00 8.112793583217522198e+00
3.057076746554720614e+00 3.486462877804705318e+00 5.635097895228931009e+00 6.414375886849329689e+00 8.057843667801078524e+00 8.096140517817314475e+00
3.105175108335417100e+00 3.495094926308868644e+00 5.661486898626619357e+00 6.367717970895553137e+00 8.053165411068574642e+00 8.082844651563579674e+00
3.151067996426844431e+00 3.497721057449148852e+00 5.694627994108759417e+00 6.320191105338316184e+00 8.048410402100110161e+00 8.072316163700937963e+00
3.194840129146482521e+00 3.494326466969290834e+00 5.734621316090198206e+00 6.271673254140724296e+00 8.043511505252528337e+00 8.064163866213785781e+00
3.236427043129185943e+00 3.485129310155901550e+00 5.780992062062750847e+00 6.221857892225279407e+00 8.038446217965587337e+00 8.058175753811998021e+00
3.275506002007707806e+00 3.470709887134420857e+00 5.832669320936315849e+00 6.170369571445854184e+00 8.033522576507566626e+00 8.054061587898932117e+00
3.311211684490912521e+00 3.452264009472262085e+00 5.888116782359242407e+00 6.116929006228247090e+00 8.029359725618578025e+00 8.051421906527856720e+00
3.340903996280128130e+00 3.432762693974086510e+00 5.945520344136449253e+00 6.061587793225110765e+00 8.026581053846703284e+00 8.049942209959526807e+00
3.354876113132939430e+00 3.422157517133078031e+00 5.997201862958851493e+00 6.010748697508156546e+00 8.025606393329173471e+00 8.049463639299277773e+00
3.354876113132939430e+00 3.422157517133078031e+00 5.997201862958851493e+00 6.010748697508156546e+00 8.025606393329173471e+00 8.049463639299277773e+00
3.351914005214023717e+00 3.413158324907336727e+00 6.000707378693850735e+00 6.016062325266027244e+00 8.025714435674645486e+00 8.047518164631242144e+00
3.342473391859224652e+00 3.387511502885321324e+00 6.013748437331760677e+00 6.030178521595662033e+00 8.025966568316025729e+00 8.042201399048311217e+00
3.325154721243786859e+00 3.348839828544681207e+00 6.039449732376632518e+00 6.051615587019484543e+00 8.026127517967319491e+00 8.034851067619422693e+00
3.298404432243532192e+00 3.301835032971737860e+00 6.078641452069959428e+00 6.081034921851869335e+00 8.025765454720895420e+00 8.027066708957931951e+00
3.250628183535088755e+00 3.261357771496562030e+00 6.119992006946977980e+00 6.130006772505686818e+00 8.020077660891031357e+00 8.024265205930470657e+00
3.197342493720187306e+00 3.214511547755475096e+00 6.169656380848238975e+00 6.190836707315409804e+00 8.014307230912944391e+00 8.020947145464216277e+00
3.141389351236908212e+00 3.160058673903245463e+00 6.230044586624400083e+00 6.258063233118856594e+00 8.009291809287326203e+00 8.015307332765674531e+00
3.080413853303836991e+00 3.101182589826511293e+00 6.299947297966041582e+00 6.329157690493770083e+00 8.003883142047191868e+00 8.007383055908521285e+00
3.014090656656670308e+00 3.038933695050492378e+00 6.377360631160201798e+00 6.402588276022219915e+00 7.995976022678307871e+00 7.998716862698534769e+00
2.945178317202049811e+00 2.971817682215097900e+00 6.459995696566477541e+00 6.477804525218516574e+00 7.985328599877355771e+00 7.989988392682900731e+00
2.876633027724462277e+00 2.898863402719558113e+00 6.545521162791083647e+00 6.554890394633412498e+00 7.974782256558269111e+00 7.979765622343838238e+00
2.810282472428575318e+00 2.820565066031846424e+00 6.631519649233411862e+00 6.634012225939464713e+00 7.965827272003929593e+00 7.968448875180480506e+00
2.738674718575056399e+00 2.746393581826771069e+00 6.714626050351777842e+00 6.715549201401675106e+00 7.957026240325233424e+00 7.959150373974676285e+00
2.655878341385875530e+00 2.683648595443296259e+00 6.793337293174531055e+00 6.796858367331098272e+00 7.946543784235135632e+00 7.954593454726878399e+00
2.575439971060895061e+00 2.619872508127765176e+00 6.864818348308009632e+00 6.875635544876899985e+00 7.937833310968318123e+00 7.951231746242804377e+00
2.500814445377410600e+00 2.553499049615099992e+00 6.927301826272276308e+00 6.948221872986122705e+00 7.931379782590554761e+00 7.947770945542691479e+00
2.435276628708681557e+00 2.485230744684278292e+00 6.980361233773965779e+00 7.010224926139471791e+00 7.927276232938285538e+00 7.943190421537567936e+00
2.381620676945278792e+00 2.419105875224231816e+00 7.024272075756396561e+00 7.057833535272131087e+00 7.925225604036673310e+00 7.937360237684258912e+00
2.341964525484300008e+00 2.362304315084368778e+00 7.059362737235185925e+00 7.088687769877627609e+00 7.924609237877694667e+00 7.931253480093652719e+00
2.317690421024967584e+00 2.323412239305427285e+00 7.085251601445506253e+00 7.102395922361579572e+00 7.924666482963290903e+00 7.926543021585946036e+00
2.309526204893518564e+00 2.309526204897974555e+00 7.100413381492710840e+00 7.100413381495003229e+00 7.924767172513989877e+00 7.924767172515211122e+00
