0.000000000000000000e+00 0.000000000000000000e+00 0.000000000000000000e+00 0.000000000000000000e+00 0.000000000000000000e+00 0.000000000000000000e+00
-3.757138495138866574e+01 -5.275711936916064815e+01 -3.632960618011460951e+01 2.915530451608323581e+00 2.871919383065149045e+00 1.852708564808764002e+00
-3.702041337279900546e+01 -5.214111297898348596e+01 -3.495768457903518822e+01 5.522088285301211208e+00 5.526547368661928417e+00 3.427035446817141562e+00
-3.629587811176165246e+01 -5.115778354726680277e+01 -3.276787061301546800e+01 7.621680547331481037e+00 7.792079619361398812e+00 4.514295507963081100e+00
-3.533140524976882801e+01 -3.014931958983588345e+01 -4.987810138953982175e+01 9.198785710174284702e+00 9.571556965307367548e+00 5.023374294856042255e+00
-3.414019402157066452e+01 -2.762352546030797029e+01 -4.840524358129788851e+01 1.040758414927912590e+01 1.085415347712329392e+01 4.991546733480255682e+00
-3.274657629265674785e+01 -2.574871215548787617e+01 -4.686592997464297383e+01 1.146928922456194222e+01 1.170218964920887039e+01 4.555439626368539940e+00
-3.117751134291875914e+01 -2.486280007978492890e+01 -4.539326605220117017e+01 1.244184714562162597e+01 1.230104127219442844e+01 3.894429545655729186e+00
-2.945933829965923678e+01 -2.482060786202106684e+01 -4.410727455120694174e+01 1.250904295982729408e+01 1.352136588450974131e+01 3.170183523049224128e+00
-2.498642025871001238e+01 -2.761496108956613327e+01 -4.310016180823961918e+01 1.424567107348508443e+01 1.262057402939434425e+01 2.487218515409273412e+00
-2.461971298605343250e+01 -2.565421812482745878e+01 -4.242930933775083702e+01 1.436409095263792146e+01 1.259706066045788830e+01 1.888625668428055571e+00
-2.339554221314244131e+01 -2.352416276570129483e+01 -4.211612196323481783e+01 1.367618162195556053e+01 1.241460289094212577e+01 1.383871625596600152e+00
-2.154321388809546534e+01 -2.115977528595890078e+01 -4.214717264008709208e+01 1.224303918303673555e+01 1.203612439174147575e+01 9.907635470471208849e-01
-1.944449684382465904e+01 -1.878354778455017282e+01 -4.247586893793898355e+01 1.044521587511949789e+01 1.143555796263414059e+01 7.680984134134886121e-01
-1.733903191208749917e+01 -1.694924417495385072e+01 -4.302568915228151525e+01 8.888142657878400854e+00 1.060585815658149755e+01 8.210230980958905800e-01
-1.570381636656014024e+01 -1.583103921521637680e+01 -4.369735807821854223e+01 8.266593697131195739e+00 9.458784636759082431e+00 1.274611129450898162e+00
-1.532912448635905101e+01 -1.482120783216095639e+01 -4.438098378930874333e+01 8.737096430028403304e+00 8.187226045329060398e+00 2.226238971948178325e+00
-1.608987878276465011e+01 -1.360533699128400187e+01 -4.497096801302668467e+01 8.286108883744859099e+00 8.745024515659196140e+00 3.697105311551825313e+00
-1.234614956847724088e+01 -1.692564879620109863e+01 -4.537904124523407745e+01 9.855918287876409778e+00 7.749497841321154823e+00 5.603659982941728401e+00
-1.117525661700401862e+01 -1.677340395601509826e+01 -4.554142222311880772e+01 1.059465858338142219e+01 7.414403419906919979e+00 7.761607573483130906e+00
-1.013655654251972393e+01 -1.505231820265388798e+01 -4.541950764132612761e+01 1.040450369929386376e+01 7.267954411189351482e+00 9.922914702606588477e+00
-9.231055030563956265e+00 -1.184513412031564705e+01 -4.499686036873891481e+01 9.129640167681616347e+00 7.225012287521993315e+00 1.183477863648900374e+01
-8.439385401265452558e+00 -7.866893238423662282e+00 -4.427615107288429641e+01 7.108799793975385306e+00 7.174009937659859837e+00 1.330216003961378313e+01
-7.731433190305543768e+00 -4.223682432162169320e+00 -4.327804393082702461e+01 5.046703008119139966e+00 7.014575404401027114e+00 1.423394640792687937e+01
-7.071089610845466389e+00 -1.979751707940733851e+00 -4.204155104917076358e+01 3.668789726744766444e+00 6.687031956774187158e+00 1.465769343495007426e+01
-6.419448048282312413e+00 -1.668093493336796795e+00 -4.062392891349394830e+01 3.349832550589811664e+00 6.185598541174740284e+00 1.469842673644008002e+01
-5.740287693287066340e+00 -2.973769503169085837e+00 -3.909834291019079444e+01 3.941123831291684532e+00 5.553054392808374651e+00 1.453008967969527454e+01
-4.786370830312652203e+00 -5.024546649651983721e+00 -3.754853306340489638e+01 4.871098334219722936e+00 4.856635074880826686e+00 1.431852348190720647e+01
-5.320873832196189035e+00 -4.693108535026789596e+00 -3.606053556476193478e+01 4.935756428841678201e+00 4.652411830749297650e+00 1.417722579700487273e+01
-3.402408958490793278e+00 -5.032559471404471019e+00 -3.471201827991399824e+01 5.045393719606752647e+00 3.554407400164367736e+00 1.415030582083611854e+01
-2.270828802530335366e+00 -2.867682737679567939e+00 -3.356062172425255596e+01 3.771988913467841265e+00 2.947596313438129112e+00 1.422482971986379319e+01
-1.238894370476976814e+00 1.131385436224627838e-01 -3.263399567484145791e+01 1.987236322028255175e+00 2.423005186827929425e+00 1.436319361131952554e+01
-2.733343999244683409e-01 2.401783720408730449e+00 -3.192505035577900685e+01 4.833646786722389233e-01 1.951852079834432985e+00 1.453982064027485777e+01
1.940295064006145376e+00 1.438467028980302764e+00 -3.139520968668840695e+01 -5.442578186009203872e-02 1.511291171588157622e+00 1.476679557348757932e+01
1.122758792916845438e+00 1.138281596336507606e+00 -3.098598734244463060e+01 1.509889884110728708e+01 1.160544649895932423e+00 5.268295504701089316e-01
-1.918629577232314753e+00 1.486220870169182362e+00 -3.063590059171845681e+01 1.561718932576619778e+01 9.106118917556330628e-01 1.882669811315265562e+00
1.603205922827806162e+00 -4.694756622324046447e+00 -3.029709810635065637e+01 1.639847042324170090e+01 3.301722807041506336e+00 7.566323843514376479e-01
1.511732302888595170e+00 -5.641436193637849428e+00 -2.994557875121285306e+01 1.748280117838798731e+01 3.974874310966322266e+00 7.208172825671211870e-01
1.270979058077954749e+00 -4.066417970717945529e+00 -2.958113034999594859e+01 1.885136224698974772e+01 3.419668296877173219e+00 7.786654243580907186e-01
9.552505389819362369e-01 -4.549062949982756177e-01 -2.921723286461153180e+01 2.042290890794225788e+01 1.732717004922298187e+00 8.742097424817166784e-01
6.366386793677796252e-01 3.750811487189267268e+00 -2.886512271114879269e+01 2.207038884609131202e+01 -4.019514410691289452e-01 9.342752264935921813e-01
3.697807254623852180e-01 6.748081746024324090e+00 -2.851820503917687333e+01 2.365223596859393496e+01 -2.045203798522569727e+00 8.916725451488509702e-01
1.816285831325816225e-01 7.132360483941418750e+00 -2.814261204578977882e+01 2.504767841710033238e+01 -2.502748710584340230e+00 7.091468041245889697e-01
6.835661916108808078e-02 4.553047326203289558e+00 -2.767775078287261792e+01 2.618412053201753409e+01 -1.662241397980702251e+00 3.944866113064629531e-01
3.711125938382185713e-14 -1.513107614319031264e-17 -3.791501397641306240e-03 3.791501397643199257e-03 -1.316874323583207361e-14 2.728197800908714948e-15
3.711125938382185713e-14 -1.513107614319031264e-17 -3.791501397641306240e-03 3.791501397643199257e-03 -1.316874323583207361e-14 2.728197800908714948e-15
1.068437027897768621e+00 -5.134325875248397786e+00 -2.741362271753796520e+01 2.633749917258736772e+01 1.593008027849425190e+00 -7.759714356449801675e-01
1.630688876461795944e+00 -8.394782136937893213e+00 -2.743350058555556004e+01 2.564315438971906858e+01 2.744884528615839425e+00 -1.137776712021608683e+00
-8.868133939119106302e+00 1.498196776011085030e+00 -2.678369606230373279e+01 2.487922948199032902e+01 3.136663729223200914e+00 -9.659065987978875389e-01
-6.848844136656326853e+00 8.937529551691995033e-01 -1.764664542771539502e+01 1.622886542429525747e+01 2.668845469236784229e+00 -4.931828915188973816e-01
-3.447190869762611687e+00 2.691960073955252386e-01 -3.365950564019061009e+00 2.746723581625855726e+00 1.500673249388115194e+00 -9.586651642834972953e-02
-1.605973419188392821e-06 -3.699953386474435371e-08 2.336434161062033054e-05 -2.503093725646442474e-05 5.076879975466655370e-07 1.697251459572846721e-06
2.444546032003055647e+00 1.747207309992724056e-01 -1.229411626369807609e+00 1.260427865455063134e+00 -1.389415036721243890e+00 -1.650439006514616280e-01
3.443852668725078559e+00 5.890422783613915581e-01 -3.809574136480093465e+00 3.287938102488471070e+00 -2.300036362101479437e+00 -4.084954051184745416e-01
3.185755204031073706e+00 9.066512438267230189e-01 -5.953158503604147889e+00 4.749724005670001858e+00 -2.538836781793064379e+00 -5.631846164205818184e-01
2.219227513806708796e+00 8.778706434141425596e-01 -6.430415879787830136e+00 4.979576436014141017e+00 -2.107915110891752875e+00 -5.329507204857976133e-01
1.069113140716248411e+00 4.965387683919609274e-01 -4.528356517928694203e+00 3.534535921104706713e+00 -1.171619472365207137e+00 -3.108430053705991125e-01
9.254074640822333001e-06 -3.364252474536034101e-06 4.577953608668662187e-05 -4.529771684146370776e-05 -2.795502834449390864e-06 1.392174421322734430e-06
-9.498668878232384705e-01 -2.970670674695622404e-01 7.152367512467421307e+00 -6.086601162106171081e+00 1.098600067212968323e+00 2.243662011291060465e-01
-1.772442095648061544e+00 -2.279656194462176544e-01 1.903264122720765883e+01 -1.732107601958291809e+01 1.850578231919492334e+00 2.343180868566797359e-01
-2.327028424644072224e+00 1.017166330536614233e-01 4.238447491137714351e+00 -2.553569604900417733e+00 2.083006172214218576e+00 5.338012475057259815e-02
2.472762425440093725e+00 8.786309678005205015e+00 -1.284836474137319406e+01 -2.908151659740466632e-01 1.546075110061802815e-01 1.095162648436625918e+00
1.918036502769667973e+00 7.216335450416520025e+00 -1.284902230574644300e+01 1.657198822514053038e+00 9.896891916484661378e-01 1.463399291848998196e+00
1.136113045367434626e+00 5.317532104006253313e+00 -1.301499350952434142e+01 3.574223949322954841e+00 1.842546105873055229e+00 2.167540141837031253e+00
3.028451957833787067e-01 3.181011481667238794e+00 -1.341857427081953347e+01 5.259889312543275075e+00 2.426907007182130815e+00 2.808328636619303875e+00
-4.552896398360214425e-01 1.149062645584333131e+00 -1.398012619239249510e+01 6.483408977908117876e+00 2.630364391045101780e+00 3.088808821067518195e+00
-1.075258916261028874e+00 -4.392707756984648992e-01 -1.456585012883923014e+01 7.221339486954377662e+00 2.545723200142675502e+00 2.972558884085267916e+00
-1.538803872832247732e+00 -1.488623427707146174e+00 -1.507142622964085099e+01 7.711941989077371495e+00 2.391611682475886624e+00 2.676966032404949125e+00
-1.847781247272102245e+00 -2.218692390553514304e+00 -1.545999863618274439e+01 8.315068945092411568e+00 2.366407527598662686e+00 2.509029685453810110e+00
-2.013791853688331468e+00 -3.035357903268173008e+00 -1.578369685448724979e+01 9.316957035800479403e+00 2.519892675958273376e+00 2.655845287166767488e+00
-2.063979002162461107e+00 -4.255480687741448165e+00 -1.616552365619327247e+01 1.076062595853739090e+01 2.728104821584945938e+00 3.060205356219833028e+00
-2.050838637832910205e+00 -5.863543953527480923e+00 -1.670442241119222970e+01 1.236860434136225528e+01 2.796448146804594526e+00 3.448975629315206071e+00
-2.054791303320494311e+00 -7.515578207821633328e+00 -1.736798124815644684e+01 1.367315383516030280e+01 2.622826815457166116e+00 3.493803344831055924e+00
-2.172207764748432801e+00 -8.787123514349648445e+00 -1.800294392004109767e+01 1.433002298517176953e+01 2.305035286182274490e+00 3.017095081567546799e+00
-2.486014040772420497e+00 -9.437473352698452445e+00 -1.845876381116332254e+01 1.434171910833505592e+01 2.120382248267539627e+00 2.128756025955072850e+00
-3.028392297765430285e+00 -9.530208521220844275e+00 -1.869198104022833817e+01 1.399798603885198212e+01 2.387177134934853839e+00 1.203699073522370711e+00
-3.757523883445262225e+00 -9.400381220608531763e+00 -1.878770479809126215e+01 1.365354200545996832e+01 3.275561174721064006e+00 6.907992387406174384e-01
-4.566731213045450488e+00 -9.479221188413596622e+00 -1.892037458780477266e+01 1.353768388241378773e+01 4.664432932318497649e+00 8.512712637261300452e-01
-5.319010337830712309e+00 -1.003400049758440105e+01 -1.926316423704109937e+01 1.365332051951807202e+01 6.138071010092573054e+00 1.589291953831578841e+00
-5.886738025360932269e+00 -1.100379515944108810e+01 -1.985403543596340015e+01 1.377178627681838208e+01 7.155278766762987352e+00 2.492207389379024196e+00
-6.193586205225996899e+00 -1.207215681887042180e+01 -2.051657493800433230e+01 1.358246655896995492e+01 7.313944984595987187e+00 3.053225841873187019e+00
-6.254414976095057810e+00 -1.289063798328580468e+01 -2.095479419835625023e+01 1.296670209584111966e+01 6.557211180792866578e+00 2.935336315069777768e+00
-6.188099713708186123e+00 -1.327389144462932791e+01 -2.095970186375405220e+01 1.216089995703919335e+01 5.203623320227547033e+00 2.147537883558161109e+00
-6.182028080288033856e+00 -1.330050655617478306e+01 -2.054448951252788902e+01 1.163371745217249043e+01 3.801051641061572006e+00 1.057017072493555476e+00
-6.417234918403393884e+00 -1.330771467457061163e+01 -1.994071610729625377e+01 1.179248088126083793e+01 2.889228058251378073e+00 2.061379376053713852e-01
-6.997185341970571848e+00 -1.371991798344214963e+01 -1.951011991257738742e+01 1.274057516918067101e+01 2.770346747584049307e+00 9.243480455979417518e-03
-7.921891484326548216e+00 -1.474612359836689635e+01 -1.960284261210519219e+01 1.419016017990593603e+01 3.384197575557825743e+00 5.134549651687195793e-01
-9.102452784782304462e+00 -1.620282503058083634e+01 -2.036379171244766084e+01 1.554631811337778124e+01 4.361043045322650080e+00 1.388780117241012801e+00
-1.039042149014533756e+01 -1.763913613025762572e+01 -2.161047814699409031e+01 1.617107614406485894e+01 5.238833846587549026e+00 2.149969712221475149e+00
-1.161994890771742739e+01 -1.859655567066839055e+01 -2.295297413582894919e+01 1.574510537130455035e+01 5.715476631264927221e+00 2.444793785548055265e+00
-1.266777710181371575e+01 -1.880089662153815766e+01 -2.406563485187557561e+01 1.448119997623138033e+01 5.776668175395818672e+00 2.235221607408779843e+00
-1.350405163238482587e+01 -1.829511725235166608e+01 -2.485543512746161099e+01 1.298689130443554163e+01 5.635251768040466125e+00 1.811762161103966706e+00
-1.416715748580054601e+01 -1.752164927221616963e+01 -2.545274437934399003e+01 1.186920514246219938e+01 5.527334639765747681e+00 1.662913067776763398e+00
-1.467268941054436659e+01 -1.717701858703053119e+01 -2.611561526243481879e+01 1.138430336971413581e+01 2.714679792290790150e+00 5.007200875304180343e+00
-1.499942401613740905e+01 -1.775033468098153833e+01 -2.709637848821422779e+01 1.134229649712940891e+01 3.037757025056562643e+00 5.896722058827772450e+00
-1.513115744517531880e+01 -1.917894682346252466e+01 -2.846312455374166817e+01 1.125950246583870751e+01 4.258772051191991537e+00 5.918807719681443480e+00
-1.504769928668863166e+01 -2.097659803393906941e+01 -2.998237878408698265e+01 1.063404585199836028e+01 5.105084004934184350e+00 5.612579857448260157e+00
-1.474193733154464248e+01 -2.249233294463959609e+01 -3.125741505344607063e+01 9.209547077669700599e+00 5.264299937623771797e+00 5.024265588884628819e+00
-1.429239807114577765e+01 -2.304288464940052705e+01 -3.205125732312288989e+01 4.811510346152536144e+00 7.187968194879324813e+00 4.424273913061490759e+00
-1.392418229476388092e+01 -2.222962593978200019e+01 -3.242864797634113216e+01 4.285749680263034378e+00 5.029922737273252231e+00 4.121779261522930504e+00
-1.402341408139962198e+01 -2.055348256137779117e+01 -3.257410699484376693e+01 4.098047933776578056e+00 3.712441350817818897e+00 4.047921773370604548e+00
-1.484576767453083512e+01 -1.971271016565025036e+01 -3.255678238184868434e+01 4.486530326083618014e+00 4.230983213382311980e+00 3.539037047010198833e+00
-1.640225947454344535e+01 -2.131850396767691791e+01 -3.235468975152019055e+01 5.257670002529088116e+00 4.979200530329728203e+00 3.839002292177189801e+00
-1.874358737579649059e+01 -2.494901121156092216e+01 -3.229017743234386018e+01 5.884833918723658464e+00 5.348980506754020148e+00 4.607335887667359131e+00
-2.152552595924840872e+01 -2.880449942349723003e+01 -3.301665572313935826e+01 5.827585516064886839e+00 5.283482344372305128e+00 4.747937496947301383e+00
-2.412296669561909468e+01 -3.169009865348660071e+01 -3.441693468807617506e+01 4.753903314466952246e+00 4.355245118557299122e+00 3.928482144545647703e+00
-2.620403700925131218e+01 -3.317799915128088628e+01 -3.566857139385135156e+01 2.681936764616648095e+00 2.477637447299593898e+00 2.227390205325442185e+00
0.000000000000000000e+00 0.000000000000000000e+00 0.000000000000000000e+00 0.000000000000000000e+00 0.000000000000000000e+00 0.000000000000000000e+00
0.000000000000000000e+00 0.000000000000000000e+00 0.000000000000000000e+00 0.000000000000000000e+00 0.000000000000000000e+00 0.000000000000000000e+00
-2.175691161211855729e+01 -3.449727132768613558e+01 -2.441499169328927366e+01 2.631970049988615390e+00 2.373110874354794841e+00 2.460641304097040738e+00
-1.726269598526293692e+01 -3.328974812716032972e+01 -2.281232025351108561e+01 4.518976630620683999e+00 3.732194961281611878e+00 4.176774199109258845e+00
-1.135240037897900400e+01 -1.947582691933687471e+01 -3.245132062631674330e+01 5.174991095783132877e+00 3.613813973103979560e+00 4.689381712968100580e+00
-5.850289767136311880e+00 -1.597057733488454190e+01 -3.153253108008536643e+01 4.648087956948283583e+00 2.362566929228790968e+00 4.063324945547068801e+00
-2.815242547343604684e+00 -1.356397751560033704e+01 -3.059980748765194036e+01 3.607749859836552275e+00 7.987754574753711534e-01 3.048712316509993414e+00
-3.375616331373826551e+00 -1.325291954662871952e+01 -2.975844473041739846e+01 3.011209476604848945e+00 1.185252741231220402e-01 2.284486635534118015e+00
-6.693253006046138154e+00 -1.491265292648108698e+01 -2.894266344639964927e+01 2.184512466837056799e+00 3.454564227950468691e+00 8.784733044951997805e-01
-1.627810982900851755e+01 -1.079218311053457491e+01 -2.808668628956895930e+01 3.830712940233005348e+00 1.670707317606380693e+00 4.528690964497760874e+00
-1.245210513293954158e+01 -1.654640562344498633e+01 -2.722794232707524742e+01 4.643676465915667961e+00 5.900061166924992051e+00 2.842893619308057396e+00
-1.081130825569669796e+01 -1.556153332077594875e+01 -2.652245932736596501e+01 4.590430146775820397e+00 6.298595446393897568e+00 3.083184733645254916e+00
-8.077810901329261384e+00 -1.263762345882051541e+01 -2.614992169086161766e+01 5.090792533159929967e+00 3.626038706096154751e+00 2.338024329703034088e+00
-5.299019235011151352e+00 -9.447672547972683077e+00 -2.619911541764721008e+01 3.809553597640529699e+00 1.648425569094552623e+00 1.026378737013213804e+00
-3.789313366196180421e+00 -7.361440350043617187e+00 -2.661891885257914581e+01 2.568743565726374634e+00 4.614698558460491595e-01 4.742882114681311045e-01
-4.201666951069452871e+00 -7.039450909743940166e+00 -2.723720514365661671e+01 2.509994119746364216e+00 5.618016209996754551e-01 1.401767519176204013e+00
-7.559871968381344232e+00 -6.461724416911225788e+00 -2.782561810893751542e+01 2.216646717497988028e+00 3.456187195524932587e+00 3.550675428541024026e+00
-7.052902771941053750e+00 -9.650395563523298748e+00 -2.819560710883967047e+01 6.064603737684430840e+00 4.775069603638296911e+00 4.351311581327092171e+00
-7.163409631168993208e+00 -9.535163991816890672e+00 -2.827407827656082517e+01 8.938089427378191232e+00 7.058862704578533709e+00 3.069673556991395103e+00
-5.793675239548778499e+00 -7.542991876556396136e+00 -2.809355089140607831e+01 1.007743565863373547e+01 6.261507209729455958e+00 2.506086980250595619e+00
-3.654012439816051838e+00 -4.411662461091098386e+00 -2.770874413947858983e+01 1.021983761312767491e+01 3.977309319810119703e+00 8.673382061153921407e-01
-1.922258676880864048e+00 -1.577678075104455013e+00 -2.712885327574066707e+01 9.861109139934031376e+00 1.468360173797402135e+00 -8.851805005110179314e-01
-1.527450415531764527e+00 -4.064205783560481122e-01 -2.632210015877821263e+01 9.583990827222063302e+00 1.430793125234296748e-01 -1.662155407515419903e+00
-2.573844165418528451e+00 -1.335658216604119541e+00 -2.526137758159670454e+01 9.716784692724402817e+00 5.790542881091992333e-01 -9.629746218202304142e-01
-3.510138028784262065e+00 -4.185630327610310175e+00 -2.396677867309366050e+01 1.018701435679492739e+01 9.144290244471505735e-01 2.051679682123077164e+00
-5.284166114004982262e+00 -5.070002002619282244e+00 -2.254058084607679646e+01 1.065187376730086299e+01 3.396796853653595516e+00 2.707467180956246722e+00
-5.119305503397870716e+00 -4.659081148731979205e+00 -2.117462961360342177e+01 1.079553708147393287e+01 4.275906330640997233e+00 2.468509648473045104e+00
-3.369407061577853302e+00 -2.634147885025652780e+00 -2.008445648075303680e+01 1.056187200014243821e+01 2.883429276965117083e+00 1.343553974542913476e+00
-1.079163603584036180e+00 6.223596153421715599e-02 -1.939424607768814823e+01 1.016315515189506158e+01 4.704522386751957552e-01 -4.416257199446709802e-01
5.940118692616712659e-01 1.857939978177596485e+00 -1.907575250023244351e+01 9.905748492451660780e+00 -1.386637258795572647e+00 -1.788190416109803449e+00
8.656754815925041813e-01 1.646090103833838469e+00 -1.898429320135326392e+01 9.990091079697938525e+00 -1.558141351967155863e+00 -1.776301058043429304e+00
-2.914759693260892681e-01 -3.390312821945963839e-01 -1.892832889191497614e+01 1.040695929390716579e+01 -2.181183747824110009e-01 -1.747587014175102926e-01
-2.217461393247772250e+00 -2.367659696025517846e+00 -1.873615472982697128e+01 1.097893474062462182e+01 2.206185547773912958e+00 1.509175912602746417e+00
-2.872645397997922068e+00 -3.434710811336830094e+00 -1.834310455668397566e+01 1.152299228661848574e+01 3.677560171471689010e+00 2.614494296396749018e+00
-1.866298057337255401e+00 -2.338525502698516778e+00 -1.783705534244710478e+01 1.199937903781534132e+01 3.260323623297771256e+00 2.295058071592890325e+00
3.833151695356309951e-01 4.762007116853324562e-01 -1.733123742898560238e+01 1.247018410867467075e+01 1.149267278553113059e+00 6.802592915527578832e-01
2.686804921453268769e+00 3.419712682669925563e+00 -1.668724770780361411e+01 1.284420198667918278e+01 -1.339309475798291071e+00 -1.232249126321098620e+00
3.720983486979360766e+00 4.651904401352725316e+00 -1.519878293842458383e+01 1.249831137691922400e+01 -2.624153673289546518e+00 -2.244507440446750213e+00
2.749726321642604443e+00 3.215510616463838733e+00 -1.083808819258180556e+01 9.436009217287836037e+00 -1.960697408938806729e+00 -1.743963510856170851e+00
4.644802313777031895e-14 5.527524668793317617e-15 -1.623742804397529849e-14 1.745848799239067905e-14 -1.172536007997823066e-14 -5.561084079724165404e-15
4.644802313777031895e-14 5.527524668793317617e-15 -1.623742804397529849e-14 1.745848799239067905e-14 -1.172536007997823066e-14 -5.561084079724165404e-15
-2.779059433868140250e+00 -5.140692058163697453e+00 2.775141777007583688e+00 9.785613968816924135e-01 1.494806374613794064e+00 7.187197266899769676e-01
-5.358647764406799574e+00 -9.837282726651835674e+00 5.598407084889859497e+00 1.842892319856743732e+00 2.888127574027594680e+00 1.329129307618801548e+00
-7.598569602589055449e+00 -1.374223394699436973e+01 8.421270857631981244e+00 2.557780155249769649e+00 4.087545148585389754e+00 1.752280411345680911e+00
-9.394531449600322048e+00 -1.670766247984716202e+01 1.109425702649697953e+01 3.160174206861734003e+00 5.034868238741386115e+00 1.944055705787488986e+00
-1.070552639194930400e+01 -1.874686615540231216e+01 1.342520136720271573e+01 3.701360714522297091e+00 5.704347303803283253e+00 1.912971612955166600e+00
-1.154840595413115878e+01 -1.997498535051931867e+01 1.523571041588499853e+01 4.204793796313873067e+00 6.098972588046021492e+00 1.720953442039087067e+00
-1.198533082303291231e+01 -2.054559422725299811e+01 1.639426778343784008e+01 4.658981678400190951e+00 6.241742822472923891e+00 1.470395355364240375e+00
-1.210696977401674168e+01 -2.060390311601442548e+01 1.683117461298734696e+01 5.033213466196600372e+00 6.166190615775303030e+00 1.279289820733622296e+00
-1.201419316035532781e+01 -2.026148540484692617e+01 1.654267528951863753e+01 5.299043975042003751e+00 5.909088942375997355e+00 1.252005913122818725e+00
-1.180084397191107293e+01 -1.959088644429726855e+01 1.558804802647372512e+01 5.445841216703922960e+00 5.506404167412699557e+00 1.455052995769229973e+00
-1.154040767697094694e+01 -1.863560825583919112e+01 1.408122111455578640e+01 5.486260834476012427e+00 4.992125877610599005e+00 1.903958597048997392e+00
-1.127891099198162017e+01 -1.742862886387255372e+01 1.217751841307008753e+01 5.453385948698483254e+00 4.398926650842853725e+00 2.562303775405226691e+00
-1.103472421170818230e+01 -1.601101861664399806e+01 1.005570990572519818e+01 5.393394676031940449e+00 3.759462533013282481e+00 3.350544984002842508e+00
-1.080395465169644531e+01 -1.444278637473273719e+01 7.895812341423130043e+00 5.356703898610958525e+00 3.107229824917539851e+00 4.161401520269849108e+00
-1.056897415843060095e+01 -1.280160314149361689e+01 5.854559224710846443e+00 5.388875108628600863e+00 2.476148753827434490e+00 4.879064759883092073e+00
-1.030773114750445707e+01 -1.117057304740204593e+01 4.042835332651412372e+00 5.521860928436361782e+00 1.898491302190500996e+00 5.399856398177798056e+00
-1.000233727894229929e+01 -9.621039622655860768e+00 2.510931128816940916e+00 5.766726262532426261e+00 1.401409834068723548e+00 5.651584883135674531e+00
-9.646143046054907799e+00 -8.197743957804316750e+00 1.246272977181507979e+00 6.110046654645484132e+00 1.003001117449898727e+00 5.607943560913859038e+00
-9.248581914727976638e+00 -6.911199935317879905e+00 1.844030015177336446e-01 6.516501125147676099e+00 7.093233217613948982e-01 5.293776235904528171e+00
-8.836551078353405586e+00 -5.738515771467937121e+00 -7.701046438594258969e-01 6.938611541867994781e+00 5.140088984602465549e-01 4.777997386808872982e+00
-8.450759968485519025e+00 -4.631738724809704166e+00 -1.717996258563625256e+00 7.331218085188539568e+00 4.023583342873587876e-01 4.153558128885085132e+00
-8.136397410518602769e+00 -3.532143904060772943e+00 -2.739851223809453007e+00 7.665122265939701585e+00 3.621187554730825875e-01 3.506857977556706363e+00
-7.930076074447675261e+00 -2.387789495144776009e+00 -3.874910420828511448e+00 7.934074280769749521e+00 4.013883364926306707e-01 2.882328887230074521e+00
-7.847966895498811546e+00 -1.169388500108316853e+00 -5.108382012742495704e+00 8.152568301984683075e+00 5.648058206871420239e-01 2.255877479962461241e+00
-7.880663938514888223e+00 1.218035313433081523e-01 -6.371251805836048554e+00 8.346260538977890775e+00 9.203461642490244898e-01 1.546700960070578557e+00
-7.997265255024286645e+00 1.458127324100098932e+00 -7.554336577385084794e+00 8.539007574764296393e+00 1.472971558613889842e+00 7.104226505762097910e-01
-8.156187168249196873e+00 2.799976982755568056e+00 -8.532989002686482749e+00 8.739387454107843567e+00 2.042778090699202576e+00 -1.263291108441148280e-01
-8.314925927540370409e+00 4.111309628290493734e+00 -9.191251815436281447e+00 8.925358368793231634e+00 2.375199488721724261e+00 -7.604716152173356392e-01
-8.409419849113580980e+00 5.343607873891424553e+00 -9.418451485813211121e+00 9.011081430682569504e+00 2.399533952178136254e+00 -1.156197495398936459e+00
-8.054347016120452452e+00 6.136689361317040792e+00 -8.913338074373372777e+00 8.639913606167347382e+00 2.195175763052346518e+00 -1.401569847967131910e+00
-4.622372120939672868e+00 3.893470211549589610e+00 9.470381084621456225e+00 -9.458723847526565365e+00 1.859737232519839356e+00 -1.575741834020591980e+00
-4.622372120939672868e+00 3.893470211549589610e+00 9.470381084621456225e+00 -9.458723847526565365e+00 1.859737232519839356e+00 -1.575741834020591980e+00
-2.935686994875791989e+00 1.768532948595669119e+00 2.092121605528051431e-01 -5.318480287651605742e-01 1.625458231931619535e+00 -1.482281657456099078e+00
-1.746303034062898885e+00 4.818430773667284339e-01 -7.498202195164669348e+00 7.002188184552025518e+00 1.322793545711731023e+00 -1.292544972247068324e+00
-1.129758779477316732e+00 2.041144092416692091e-01 -1.248398007947084842e+01 1.208336287149545463e+01 8.921986167443546334e-01 -9.057623014078408641e-01
-1.030098102242714697e+00 8.456352580861798973e-01 -1.563062703912144791e+01 1.555261485806467014e+01 3.343672800527333067e-01 -3.379434504975050713e-01
2.099937799379196335e+00 -1.297605131018907620e+00 1.769026398023910573e+01 -1.738942817263650653e+01 2.948122815113063955e-01 -2.953567018138394951e-01
3.574224558839472543e+00 -1.767832087942002417e+00 1.859714665052604943e+01 -1.805721552896142157e+01 8.300364572989051837e-01 -9.068407526859221246e-01
4.821959932055441378e+00 -2.215088356626102595e+00 1.840096115438166535e+01 -1.786576805632521214e+01 1.086861444016222311e+00 -1.359008370198610871e+00
5.235644890181053945e+00 -2.184024941385867447e+00 1.726274679367993770e+01 -1.693806952591812731e+01 5.640970430119112144e-01 -1.120586190576276397e+00
4.981798675058838555e+00 -1.906239016557450761e+00 1.533345373901198982e+01 -1.528483523181287929e+01 -2.296112551879528230e+00 1.471418259060921052e+00
4.565998380882404284e+00 -1.881709558567392193e+00 1.279057671418473596e+01 -1.293206816936770487e+01 -2.979068806597722219e+00 2.041297225502237911e+00
3.910467859923643985e+00 -1.992373512260006585e+00 1.001359593131413916e+01 -1.018155897367623908e+01 -2.837501269417028293e+00 2.047114306445366516e+00
2.846368559045121316e+00 -2.032309561702444700e+00 8.054862319438489848e+00 -8.122716685937954040e+00 -2.411959496365815525e+00 2.049208960190300299e+00
-1.897397022493161334e+00 1.296469868922996316e+00 -1.061929170792742028e+01 1.064607376930412919e+01 2.104380816770620832e+00 -1.835559503705775475e+00
-1.543479381829366615e+00 -7.197649776771157804e-01 -1.514763530530189506e+01 1.511191819246332635e+01 2.236787373049299976e+00 -1.278843472171290907e+00
-9.590068905566354607e-01 -3.044452219806426996e+00 -1.569697303378453945e+01 1.536593766502336678e+01 2.440866854979774736e+00 -9.057206497814722646e-01
-1.985841733608628423e-01 -5.324511149130956689e+00 -1.795070780576343239e+01 1.715229306005272036e+01 2.654950303569184378e+00 -7.925092964477487012e-01
5.749506116525233690e-01 -7.021911476420045872e+00 -2.070169404049038775e+01 1.944745355168026180e+01 2.755039652099478431e+00 -8.777755170641802218e-01
1.114217068212731032e+00 -7.537097011528868684e+00 -2.337041433366995946e+01 2.189426589743964158e+01 2.589744900800623473e+00 -9.842524625233677327e-01
1.197894921284309300e+00 -6.438570599616657120e+00 -2.554886681331054987e+01 2.423360417075879525e+01 2.050357997122083553e+00 -9.125182644488494255e-01
7.686940500363856899e-01 -3.730309623990729406e+00 -2.686142243338586866e+01 2.608806805483859037e+01 1.140613150843744705e+00 -5.608078692218596562e-01
3.711125938382185713e-14 -1.513107614319031264e-17 -3.791501397641306240e-03 3.791501397643199257e-03 -1.316874323583207361e-14 2.728197800908714948e-15
