0.000000000000000000e+00 0.000000000000000000e+00 0.000000000000000000e+00 0.000000000000000000e+00 0.000000000000000000e+00 0.000000000000000000e+00
6.783053831058471594e+00 8.976137372979673401e+00 4.551147628371454701e+00 -8.527159279862843722e-01 -9.893988903227450837e-01 -1.025759695094629276e+00
6.308311086469482021e+00 8.354703965556709022e+00 3.669211523051940649e+00 -1.523554901259069894e+00 -1.793605577997265721e+00 -1.866268231027041979e+00
5.584033624386787409e+00 7.368809905977726338e+00 2.306239483241266708e+00 -1.896337832372464893e+00 -2.264550394764425878e+00 -2.381261220392636879e+00
4.663232592405835319e+00 6.782082407989465933e-01 6.094198494130750987e+00 -1.955477935907620202e+00 -2.326804083842048509e+00 -2.507242815125168889e+00
3.622428760033691741e+00 -8.827571100743452082e-01 4.633877712941250060e+00 -1.785154792140364544e+00 -1.988736469104017024e+00 -2.266507265044802821e+00
2.543186511125981930e+00 -1.979325845006725038e+00 3.107563105440842133e+00 -1.515708691603241620e+00 -1.337849646954998750e+00 -1.750951065030738940e+00
1.499802121945798206e+00 -2.286491790105663835e+00 1.635303139483575530e+00 -1.060980614285198742e+00 -7.020327090171547546e-01 -1.087214990257096225e+00
5.497079729562128758e-01 -1.740096539900035877e+00 3.204900744019134051e-01 3.644122491008390252e-01 -1.039704744697716121e+00 -3.969426157905364128e-01
-6.430442509191391931e-01 -2.697296415250133306e-01 -7.618535986704410012e-01 -7.999651149202714473e-01 1.143094049027162384e+00 2.325941782577637951e-01
4.491516579311117807e-01 -9.112895311670387022e-01 -1.568800555518697459e+00 -4.189254063329149735e-01 1.722610657207652940e+00 7.578459527935125228e-01
6.778357044226325234e-01 -9.427341028057732997e-01 -2.086781398107987240e+00 1.522017641737936633e-01 2.071500582419865122e+00 1.168368381330296080e+00
-2.689736558091013197e-01 -1.797117832035956819e-01 -2.326048305337680588e+00 8.571012789925307462e-01 2.196084146265555592e+00 1.465030509228347100e+00
-6.396283495885357606e-01 -2.109951854786992487e-01 -2.315350300509001702e+00 1.514918581880744686e+00 2.130050087360522593e+00 1.639702111148686470e+00
-5.517373537486256474e-01 -6.066984679415596826e-01 -2.097837719610763152e+00 1.877404225520385550e+00 1.918316618017810615e+00 1.666992842225211824e+00
-2.394991236728029049e-01 -8.499948097408052128e-01 -1.727522082066710318e+00 1.730828731318612146e+00 1.614581214894635242e+00 1.512079549245082921e+00
1.599340456737770588e-01 -7.092089165467829748e-01 -1.265075762429834771e+00 1.137593928971964097e+00 1.143238826850585976e+00 1.150749392555990180e+00
5.959394241612584464e-01 -3.032094213475079458e-01 -7.724093491541034195e-01 6.035075759192333189e-01 1.792539526756272983e-01 5.919972608439453277e-01
1.781326080645365129e-01 8.823347895247518613e-01 -3.066196303863224504e-01 -8.682529525212570043e-01 5.970028188445730688e-02 -1.077756295155008343e-01
6.157224889105076260e-01 7.297643289575195258e-01 8.546170216283147103e-02 -1.611413360781255966e+00 -4.835598142233828445e-01 -8.465562284226699763e-01
9.336294057342418018e-01 -3.066801990424740734e-02 3.711904583332816254e-01 -1.785286616652592695e+00 -9.702010964306581053e-01 -1.495912351446349930e+00
1.083918351166688332e+00 -1.307168819249205249e+00 5.342639708602815451e-01 -1.337434867051241705e+00 -1.333975454722124754e+00 -1.932464095263098480e+00
1.046109318344619732e+00 -2.731066065279812882e+00 5.751634459587807724e-01 -4.701966191530194683e-01 -1.515087914123796953e+00 -2.071737791251119898e+00
8.271449855007277918e-01 -3.764169841169529906e+00 5.097383560853989692e-01 4.353433810911685464e-01 -1.477525970085574514e+00 -1.892894864944315358e+00
4.579823847653467506e-01 -3.912482816290617116e+00 3.656728765361692002e-01 9.990763788083364405e-01 -1.221925630441563326e+00 -1.445187897354131001e+00
-1.213395365779078132e-02 -2.969912040097618000e+00 1.770887953447584096e-01 1.025423394185490666e+00 -7.890564363106125079e-01 -8.331350941929021037e-01
-5.174615391172452394e-01 -1.176688240639569560e+00 -2.154436154439439907e-02 5.828471938314028211e-01 -2.531026161095704108e-01 -1.854101844560451517e-01
7.778082165481290389e-01 -9.337514466477492281e-01 -2.006148608047796100e-01 2.811506401882615247e-01 -3.628102942175121665e-02 3.812051401725766731e-01
1.119833725339870467e+00 -1.745371184983935398e-01 -3.388069977088197238e-01 -4.552000267195863148e-02 2.891283840386305592e-01 7.900485780563926141e-01
-1.638245709682099482e+00 2.800315173132843061e+00 -4.250721636490742417e-01 -6.090614906515569027e-01 1.127171251584534906e+00 1.016366179694512928e+00
-2.131159570095177536e+00 2.641608210093833176e+00 -4.598435453598201383e-01 -2.800749472180763533e-01 1.354454427023019214e+00 1.081191241156754801e+00
-2.230418798758781129e+00 1.671601838122048100e+00 -4.554258690379224261e-01 3.066869829278717763e-01 1.394700925736325647e+00 1.032377140584524566e+00
-2.080607995144584166e+00 6.864457284974393447e-01 -4.344519411549275789e-01 7.887848593608942638e-01 1.276654875130085465e+00 9.214170410693740543e-01
-4.857947644743021431e-01 -9.813456474018403819e-01 -4.252275205525499757e-01 8.676707835542707414e-01 1.024882284900408003e+00 7.847763347872874773e-01
5.084004069535761339e-01 -1.158285133823684143e+00 -4.540252353369032545e-01 6.357212376527635600e-01 6.679016454382155077e-01 4.579886328312863797e-01
1.138915151125701408e+00 -4.502846546098778213e-01 -5.362120083983699104e-01 4.682167424426850189e-01 2.407864399437176506e-01 -2.742900316597687294e-01
3.468088764619632891e-01 1.501717544940975868e+00 -6.693339775091426969e-01 2.698612305833063552e-01 -9.761716601970785723e-01 -2.301444385859389430e-01
1.124183630786923072e+00 1.037466322750309811e+00 -8.310784501788106571e-01 3.753811172736619406e-02 -1.288112654969287618e+00 -6.980500081840348425e-01
1.771188576310473106e+00 -4.372291278263816250e-01 -9.833583232986694567e-01 -2.114037096765586932e-01 -1.003097712094094707e+00 -1.107184706497628346e+00
2.188555435002936367e+00 -2.596521879231973085e+00 -1.081492818903456943e+00 -4.377682427980513213e-01 -1.937809378341171507e-01 -1.395562559368340505e+00
2.307020539101990675e+00 -4.700317378631511112e+00 -1.085805477167437028e+00 -5.902425848860403113e-01 7.898383964599348106e-01 -1.506467235173979846e+00
2.101238883267137592e+00 -5.865567527022861327e+00 -9.726068079273478828e-01 -6.227511471624203043e-01 1.486808741807054801e+00 -1.403783688375515926e+00
1.595401331106778953e+00 -5.428447768009654339e+00 -7.421431593131811999e-01 -5.122890393753428695e-01 1.567142905245123119e+00 -1.085871053776160888e+00
8.598416463626494810e-01 -3.275124837272350042e+00 -4.217625215228504310e-01 -2.694676590384558756e-01 9.897006740499001420e-01 -5.923493577782362740e-01
-1.865480631662123989e-14 1.768296903837943914e-15 -8.807490128638999680e-06 8.807490125012282426e-06 6.468264600642061654e-15 -2.226992348626881389e-15
-1.865480631662123989e-14 1.768296903837943914e-15 -8.807490128638999680e-06 8.807490125012282426e-06 6.468264600642061654e-15 -2.226992348626881389e-15
4.492172013964684574e+00 3.657793782136386174e+00 -2.005717068815682680e+00 -1.905769991580201550e+00 -5.621349029369705486e-01 1.030691824001235934e+00
9.120789937896709887e+00 5.660540019681739032e+00 -4.117062781527041082e+00 -4.123789473069781053e+00 -9.197889324248861298e-01 1.792507409838348886e+00
5.336928604829919820e+00 1.363485091303114061e+01 -6.678642862689463833e+00 -6.432248928928752996e+00 -9.387583896082620782e-01 2.254603628827950956e+00
3.208686335524283173e+00 1.735814950956391201e+01 -1.063541651913340225e+01 -7.594101971606365353e+00 -6.018263533372011365e-01 2.701815410971693865e+00
5.048104639920981684e-01 1.955120739174921951e+01 -1.431220207077580397e+01 -8.591352526896365305e+00 -1.442393994847869683e-02 3.501105658364553452e+00
-1.524096784740106125e+00 1.988690862833497519e+01 -1.608504899398640120e+01 -1.012054463576466468e+01 6.382803930184373087e-01 4.723104383798983896e+00
-2.163808584068959373e+00 1.868185740549136398e+01 -1.592427350732337921e+01 -1.151008909760934529e+01 1.168100953257375174e+00 6.048115570983038758e+00
-1.498989419843564930e+00 1.675220742967912813e+01 -1.417291580095946024e+01 -1.246090851839553437e+01 1.453240914077824186e+00 7.026099132877083875e+00
-2.614345940522790901e-01 1.502287610281019248e+01 -1.180717900210614069e+01 -1.281150190310606085e+01 1.463669324219918133e+00 7.325394284098833531e+00
6.929238638488025570e-01 1.409940034983817192e+01 -9.789388560414684193e+00 -1.262789228254219864e+01 1.244040761870746081e+00 6.802860629737708997e+00
9.506748962913833534e-01 1.398314111966676521e+01 -8.465087261751428116e+00 -1.217861589823326440e+01 8.836859991655239277e-01 5.535524268910465118e+00
7.398989386049420469e-01 1.408292709204745563e+01 -7.508956570248500384e+00 -1.176571419863339507e+01 4.944316359204077860e-01 3.862894939145024242e+00
6.524285404088097096e-01 1.357120051034025288e+01 -6.352796941446266388e+00 -1.150500693374400285e+01 1.931217030149779412e-01 2.310388663105272133e+00
1.150417220888226177e+00 1.190970591786288146e+01 -7.204070732038604596e+00 -8.710778941939286923e+00 7.795650522558951467e-02 1.345575762481544535e+00
2.208852467653048546e+00 9.203123831126776011e+00 -1.233110314566100385e+01 -1.002042521911383099e+00 1.999379148382476601e-01 1.139169630313060733e+00
-3.940925551405431104e+00 -8.274884331331273657e+00 1.339946797768022435e+01 -7.011346547241553706e-01 3.824353939506386357e-01 -1.048688529682692216e+00
-3.003183037095079388e+00 -6.936244511223915055e+00 1.327089758071240411e+01 -2.389097854263019016e+00 -5.797781147865275209e-01 -1.407481043816949606e+00
-1.636755602816424293e+00 -5.247917441482242928e+00 1.321642922140768839e+01 -3.910250855676954185e+00 -1.649517081561866938e+00 -2.123766992077841476e+00
-3.246471051796611662e-01 -3.181991326575054568e+00 1.342809297004414404e+01 -5.274898709541022690e+00 -2.418477132993556378e+00 -2.804839095644532154e+00
5.853030727464511029e-01 -1.078063175976097687e+00 1.390231639747164927e+01 -6.372560083639062789e+00 -2.681251612335558754e+00 -3.139644053293650483e+00
1.000043715064925509e+00 6.411110019312229458e-01 1.451407621049636099e+01 -7.168903333869595329e+00 -2.527847823417134876e+00 -3.059363966480456387e+00
1.080314811420735710e+00 1.779914464301254329e+00 1.511526155580895114e+01 -7.802806884816650523e+00 -2.253437606170870300e+00 -2.759472717227896776e+00
1.123284682877077723e+00 2.492640539577473557e+00 1.559348884541083535e+01 -8.511834767405943580e+00 -2.151471516795886441e+00 -2.556373753343261779e+00
1.382558170902864036e+00 3.189962193247551703e+00 1.592474858207483912e+01 -9.497342580963598735e+00 -2.334529697082435185e+00 -2.666872716774125074e+00
1.929016335060527609e+00 4.274313407527362330e+00 1.619882922755949295e+01 -1.079846372555256373e+01 -2.688325040874950833e+00 -3.058843540711697617e+00
2.636225712942402932e+00 5.837861100195623543e+00 1.655164660015351430e+01 -1.221382439588399826e+01 -2.970397411357411421e+00 -3.466452785667713865e+00
3.282040508284393976e+00 7.567780016596119097e+00 1.703636894950796687e+01 -1.337341896441589917e+01 -2.988029931570403974e+00 -3.551467168573964273e+00
3.687779488143398066e+00 8.966753504222847226e+00 1.757933468564116453e+01 -1.398734550310814662e+01 -2.752571266402277672e+00 -3.112854344649642169e+00
3.820731258936806984e+00 9.690477241973061595e+00 1.806643981915073027e+01 -1.405558898924771150e+01 -2.511892499329469342e+00 -2.233136741534649694e+00
3.819817172581365661e+00 9.745126590857710269e+00 1.844026752149038728e+01 -1.383111893703246409e+01 -2.622836442384232747e+00 -1.276177145381927724e+00
3.926788370208682100e+00 9.467015593388873995e+00 1.872717902616661334e+01 -1.361691533768238749e+01 -3.329229574264020552e+00 -7.084184262509160002e-01
4.337963122970911911e+00 9.338470653259616228e+00 1.901801966517862041e+01 -1.359169609855585215e+01 -4.580619757774144318e+00 -8.238380261256709192e-01
5.059173594283185693e+00 9.726901353298870845e+00 1.941937992286499082e+01 -1.373375053555390224e+01 -6.005812446422127415e+00 -1.547212747603095018e+00
5.880487096105439626e+00 1.066936939043708321e+01 1.996329116276889692e+01 -1.383140375342185813e+01 -7.066019796782689433e+00 -2.460221838268654260e+00
6.497293847868866656e+00 1.185197668555617945e+01 2.053073102178231935e+01 -1.361208219260668528e+01 -7.311590135248475342e+00 -3.037133572424840278e+00
6.681792402587363178e+00 1.281994284278072271e+01 2.090241490847978767e+01 -1.297899723300888830e+01 -6.610987291120374643e+00 -2.930446371213466072e+00
6.403885246143859789e+00 1.327587991767103759e+01 2.092134786800570723e+01 -1.216501084452740145e+01 -5.236516901477639152e+00 -2.147897702214122351e+00
5.869176694297189911e+00 1.327701178058717701e+01 2.060943560387462981e+01 -1.162715760356569383e+01 -3.754879873784650268e+00 -1.053887175572824741e+00
5.466258438177493240e+00 1.320977045193825106e+01 2.016000195041896959e+01 -1.176671355736943347e+01 -2.762117225878637505e+00 -1.925214157728131481e-01
5.606231164201671113e+00 1.354713420652839595e+01 1.986030215955096878e+01 -1.268925327686350357e+01 -2.601059579041774761e+00 7.343660824872991211e-03
6.504758006583805319e+00 1.454180854532378220e+01 1.998501037450849438e+01 -1.411843735195503058e+01 -3.221091950946396665e+00 -5.123360131460636957e-01
8.069594284132282525e+00 1.605254369515564861e+01 2.065307320189996787e+01 -1.547806406043244110e+01 -4.246947534179545514e+00 -1.407212936316218022e+00
9.984611591404320308e+00 1.759874882762808213e+01 2.172459387927255747e+01 -1.613971074766308433e+01 -5.198290545084799597e+00 -2.165239002703193361e+00
1.187580878122791184e+01 1.859324960238525293e+01 2.288188815017765876e+01 -1.576478303454986829e+01 -5.735157272967672526e+00 -2.432016596396365582e+00
1.341738502323593529e+01 1.866044033477535535e+01 2.385430549555143642e+01 -1.452693607965196954e+01 -5.807722998824044858e+00 -2.197390041867501864e+00
1.438899027860763091e+01 1.792517455999183085e+01 2.457627743695165634e+01 -1.301054984524145119e+01 -5.629818151508406920e+00 -1.776672191340018303e+00
1.477342970435798541e+01 1.703530970381262577e+01 2.518609575051141647e+01 -1.183763034963548222e+01 -5.464836740719453800e+00 -1.666236547138999935e+00
1.483221472702177834e+01 1.676820405408754056e+01 2.592932167669199828e+01 -1.130662607546753939e+01 -2.450240767523961249e+00 -5.226847184695336601e+00
1.493011737570280317e+01 1.754297636624783152e+01 2.702133912346124944e+01 -1.127491911857411289e+01 -2.996206792201971947e+00 -5.927513061718140186e+00
1.519847667370630084e+01 1.926792536673364609e+01 2.848622441927222226e+01 -1.129968653682692903e+01 -4.274345648395257768e+00 -5.897822255451449891e+00
1.548007155153536019e+01 2.143569488455733207e+01 3.006845100295246809e+01 -1.091053975071161730e+01 -5.182296177294063888e+00 -5.428631586837593836e+00
1.558763616667940433e+01 2.321759639410404574e+01 3.137030332202832739e+01 -9.864669702699620402e+00 -5.381966126272448747e+00 -4.512605892714212530e+00
1.547475915519961376e+01 2.368472540287357830e+01 3.215204579606857749e+01 -4.964013895840071022e+00 -8.291243497068046864e+00 -3.431029255970732716e+00
1.508190607867108035e+01 2.254083703400542049e+01 3.247315988786031227e+01 -4.372643495789700019e+00 -6.627702207770163056e+00 -2.617220905841510348e+00
1.446195466807988694e+01 2.078311360091625204e+01 3.255058879181686393e+01 -4.147635098059170744e+00 -5.236009005046816434e+00 -2.543498438638797765e+00
1.488976124544627844e+01 1.959381160874027827e+01 3.257509137627437212e+01 -4.474377109074223924e+00 -3.923750130358667931e+00 -3.852327089287244100e+00
1.812235605846242947e+01 1.935794520340652269e+01 3.267167941576983026e+01 -5.115203771163408852e+00 -3.848667786058833862e+00 -5.104461946099761782e+00
2.412098161174469979e+01 2.006527383111667007e+01 3.304249006245329667e+01 -5.615483558132614128e+00 -4.608741278831920418e+00 -5.672600182835627614e+00
3.142744125789445064e+01 2.107964827036897759e+01 3.398185623436793890e+01 -5.521666297868963902e+00 -4.892676503123058573e+00 -5.579901375443438560e+00
3.818663599737216430e+01 2.188415931477254617e+01 3.534499632853045625e+01 -4.503789581371790973e+00 -4.164451174651733645e+00 -4.537700089042465912e+00
4.260603081682362614e+01 2.268482565062492284e+01 3.651092781652117480e+01 -2.545419849970151471e+00 -2.402346723046183463e+00 -2.556326306642202173e+00
0.000000000000000000e+00 0.000000000000000000e+00 0.000000000000000000e+00 0.000000000000000000e+00 0.000000000000000000e+00 0.000000000000000000e+00
0.000000000000000000e+00 0.000000000000000000e+00 0.000000000000000000e+00 0.000000000000000000e+00 0.000000000000000000e+00 0.000000000000000000e+00
4.500035431928543517e+01 3.158630742996584573e+01 1.373194524629953328e+01 -2.180499503485490376e+00 -2.634753564664189085e+00 -2.812282327239512547e+00
3.703967214150202381e+01 3.059566018073822846e+01 1.361678958235170178e+01 -3.729562826192377667e+00 -4.396482953600823862e+00 -4.543662660957209276e+00
2.614963562249921480e+01 1.194448484362659713e+01 3.086153486739346263e+01 -4.200492415130890222e+00 -4.917375276209734913e+00 -4.591284412478225718e+00
1.571046553957824976e+01 1.030869204623427571e+01 3.104510958066943260e+01 -3.565894764627157709e+00 -4.292362478694403904e+00 -3.406524604881963736e+00
9.097117117528524588e+00 9.298049656400459995e+00 3.108323868618831298e+01 -2.344092523797659311e+00 -3.205394675079501710e+00 -2.097197188504632770e+00
8.335602377349260905e+00 9.255482806440532784e+00 3.098288329480502412e+01 -1.380482745889013652e+00 -2.780836743575163528e+00 -1.514437108048130476e+00
1.235538205856389915e+01 1.010215022302537413e+01 3.054356479037722139e+01 -3.110371658394263772e+00 -1.355040282200804747e+00 -2.425659831567775537e+00
1.157730453917186431e+01 1.664418842309886770e+01 2.965465818810873699e+01 -3.978654823653190231e+00 -4.140051161300216442e+00 -2.366131684137357638e+00
1.791372615846478311e+01 1.235950986725024237e+01 2.845923385902007752e+01 -4.583164577463522349e+00 -3.770786515731855193e+00 -5.466108773868838533e+00
1.660599847262319884e+01 1.062111952820157335e+01 2.735250912393166800e+01 -4.129708886842223592e+00 -4.304525476124928751e+00 -5.841384051840220692e+00
1.187062423013613888e+01 8.795404175000816949e+00 2.676899866852703624e+01 -3.115345525937808890e+00 -3.855256267470678733e+00 -4.222463320848953039e+00
6.781888699054879233e+00 6.875197745552129369e+00 2.691679297794865278e+01 -1.979966382656209944e+00 -2.683803276743264465e+00 -1.851585046694738113e+00
3.805634204503743234e+00 5.464270508938645854e+00 2.766132063732754176e+01 -9.808376823780213805e-01 -1.621675795632593564e+00 -9.316392335744938524e-01
4.098039558956559247e+00 5.002259875686887014e+00 2.860655588270623539e+01 -1.013664365016028412e+00 -1.796689997839814534e+00 -1.783502163268217533e+00
5.871620415576948915e+00 6.344189299148503380e+00 2.929981584542319695e+01 -2.995198782000307425e+00 -2.451173928295237392e+00 -4.015111738343912329e+00
9.376277942701159773e+00 6.234019660047456668e+00 2.946293394138477595e+01 -3.178218900590180418e+00 -5.513169727332529746e+00 -6.799041804496565256e+00
9.983332762368561930e+00 6.350833692392098051e+00 2.912474574365566937e+01 -8.163843728194457583e+00 -4.370116733055981584e+00 -6.802937263086113795e+00
7.827691607073608004e+00 5.663384763407232292e+00 2.854917349151180161e+01 -9.502572296080645131e+00 -3.753949443710888900e+00 -5.798145306621178996e+00
4.166159989573613665e+00 4.376275193814345599e+00 2.800385611820476939e+01 -9.838177136740387851e+00 -2.042093126194834962e+00 -3.406392263336859294e+00
1.085724291837844024e+00 3.126231687334444231e+00 2.755951041113738142e+01 -9.762101846937358829e+00 -1.425870702134652834e-01 -8.995059980633987040e-01
2.901310670632397670e-01 2.569552060623010004e+00 2.706636466762195425e+01 -9.815023121793092997e+00 8.471247953688606502e-01 3.213463300674112566e-01
2.036159211868806995e+00 2.959826594914228615e+00 2.628486073163432835e+01 -1.022688515403509335e+01 3.986774787243077545e-01 -2.885273878990868290e-01
4.087104987159485781e+00 4.684904091547706706e+00 2.506265995805224023e+01 -1.083347892817541691e+01 -1.968367543413448661e+00 -1.203792376823880739e+00
5.947963755258819596e+00 5.195053631194695321e+00 2.347262706954664324e+01 -1.126793269356090832e+01 -2.862856104792387502e+00 -3.353535719594433306e+00
5.998325846276539863e+00 4.012841004974194270e+00 2.183381482470738888e+01 -1.128185822476537759e+01 -2.690049847913211334e+00 -4.033619342696029619e+00
2.997209944773472134e+00 2.545503156439928638e+00 2.055900414550852062e+01 -1.094394677259528237e+01 -1.565552153202967700e+00 -2.494088063831644053e+00
-9.699046328955941432e-01 8.698183466876880932e-01 1.990612487028191424e+01 -1.057087601649483055e+01 2.218866087906820328e-01 4.268702450759963296e-02
-3.603330234302534851e+00 -4.173868564957249339e-01 1.982900802461887224e+01 -1.048091352171493362e+01 1.601727088198833915e+00 1.946401653029127932e+00
-3.238145951862285266e+00 -9.332642961857523511e-01 2.002910537217641007e+01 -1.078069978753089231e+01 1.705976213417465415e+00 2.006536988090224405e+00
-2.870090962703018000e-01 -4.056179811768571564e-01 2.012468539672976675e+01 -1.131879298280451529e+01 3.392942456155405018e-01 3.429836886024877907e-01
2.307052364147012646e+00 1.584154795260525939e+00 1.983515680264708436e+01 -1.181856341114925080e+01 -1.549767263448985410e+00 -2.031936336497094597e+00
4.243568167137167890e+00 2.011854806472955559e+00 1.914066129404520566e+01 -1.211373435573280588e+01 -2.692098338922999989e+00 -3.629617638426419823e+00
3.301271767003679525e+00 1.284689227211472939e+00 1.830894993259124348e+01 -1.230432431988301900e+01 -2.427380268712195033e+00 -3.282243016344675635e+00
2.376933403379066084e-02 -3.351805291857840041e-01 1.765213611474258570e+01 -1.263332265860771919e+01 -8.618051550031660124e-01 -1.187808359056019780e+00
-3.541666203165408255e+00 -2.069192001422144322e+00 1.710348030542025199e+01 -1.309884143947819091e+01 1.042362159882324280e+00 1.311544656397138908e+00
-5.092913395081653860e+00 -2.959536251798660089e+00 1.582524426675552753e+01 -1.298023008270643075e+01 2.094681215052986545e+00 2.617209931887366725e+00
-3.461812012966608343e+00 -2.365002695365429730e+00 1.145808908233306056e+01 -9.968605242378703934e+00 1.673652281067540715e+00 1.956158469915917131e+00
-1.463872652602194659e-14 -4.930465156823184471e-15 1.459240842977948289e-14 -1.892405087218668235e-14 6.462272316806184178e-15 4.547429341023328450e-15
-1.463872652602194659e-14 -4.930465156823184471e-15 1.459240842977948289e-14 -1.892405087218668235e-14 6.462272316806184178e-15 4.547429341023328450e-15
-2.422817035458191826e-01 3.783771993991704163e-01 7.897260165123269893e-01 -7.439108529604273601e-01 1.014449429905708334e-02 -4.656064919314957529e-02
-4.566680197303048527e-01 7.101671381696618157e-01 1.388837193196158726e+00 -1.305551564097697348e+00 2.288333610312985947e-02 -8.985362256154544314e-02
-6.135447893436625222e-01 9.517384501624714943e-01 1.716111736389735354e+00 -1.609752586234324045e+00 3.821267762185636546e-02 -1.251248813907979152e-01
-6.978023325454629777e-01 1.079899034912978228e+00 1.799943049309666199e+00 -1.687004287072944919e+00 5.379556452577510112e-02 -1.471857014837719968e-01
-7.059167978756667461e-01 1.087057679908103758e+00 1.716198274485800646e+00 -1.610758082938699376e+00 6.555824131437684721e-02 -1.512458742492426012e-01
-6.461061753385825002e-01 9.790508855473818439e-01 1.540547713976841537e+00 -1.450482778427161890e+00 6.969595306313616789e-02 -1.345771513382177376e-01
-5.360942208896161132e-01 7.722999702718945647e-01 1.330638399474131317e+00 -1.255650752647005319e+00 6.441015264501473436e-02 -9.753532429383771074e-02
-3.991452189452563415e-01 4.912226751786295531e-01 1.124341744740058102e+00 -1.056354870237941279e+00 5.057210001372110936e-02 -4.350806281027690819e-02
-2.590805167887936244e-01 1.656441600332040076e-01 9.427451221246263557e-01 -8.685460036403016559e-01 3.125296262597301172e-02 2.191424348079834897e-02
-1.353559249212991644e-01 -1.720151637742640960e-01 7.935095599838986047e-01 -6.989029471951921924e-01 1.056469843266330880e-02 9.195310446893306677e-02
-3.943325810616416655e-02 -4.896784874747464045e-01 6.738925621412829026e-01 -5.482340262069336223e-01 -7.671626382684002508e-03 1.594669693036654123e-01
2.667840989896889600e-02 -7.585213097165615093e-01 5.739034099405553313e-01 -4.137274105432254268e-01 -2.107642333903917559e-02 2.175789830946333603e-01
6.957909670515290135e-02 -9.558179321189897992e-01 4.800508617982899850e-01 -2.906438562569739203e-01 -2.950643414468469977e-02 2.603108035649656093e-01
1.018893463164564084e-01 -1.067617102912743476e+00 3.795987199096931275e-01 -1.738832892339807201e-01 -3.543096189969997117e-02 2.834189125431007539e-01
1.387590797807731480e-01 -1.090712708977447321e+00 2.645421353054330238e-01 -5.956631795745612190e-02 -4.388070390424159140e-02 2.854793430467333915e-01
1.941754908049069250e-01 -1.032950157142207726e+00 1.341073907644092511e-01 5.351465058774129008e-02 -6.197845776694194120e-02 2.690392376880103020e-01
2.774500923916967676e-01 -9.110289532185398276e-01 -5.138083701227471808e-03 1.629395864296208918e-01 -9.803144284828919919e-02 2.413731322273527935e-01
3.900643620462236894e-01 -7.457978623933666507e-01 -1.415391231191032162e-01 2.626465944845580158e-01 -1.600304637959473475e-01 2.140724878080662585e-01
5.231702929540855695e-01 -5.561822199605332973e-01 -2.619291312332132082e-01 3.441443952977870091e-01 -2.530761473059370825e-01 2.004181582592352295e-01
6.564677176026547656e-01 -3.537328890653629321e-01 -3.550511971548644397e-01 3.987824355891271821e-01 -3.747423362129602697e-01 2.093528052147057283e-01
7.596114506747855266e-01 -1.399657542293195889e-01 -4.136681567656658731e-01 4.203309522625582884e-01 -5.072659750293770919e-01 2.353544089861079325e-01
7.971601979663419657e-01 9.202353816511954498e-02 -4.349920435920834327e-01 4.068305301258823836e-01 -6.079327367121993841e-01 2.464588437891038208e-01
7.368949605226657873e-01 3.517930671907973927e-01 -4.198830153477000615e-01 3.609968164954978631e-01 -6.071720449625130911e-01 1.807962840711124786e-01
5.594376914518542909e-01 6.437883247222360161e-01 -3.717573346215456986e-01 2.892591370243401405e-01 -4.316612186129539785e-01 -3.071139466741032095e-02
2.658204070637843475e-01 9.608814230614964869e-01 -2.960497499189980175e-01 2.001860337334186446e-01 -5.926286183655870426e-02 -4.089114276899958322e-01
-1.196877081152460109e-01 1.281640479390357745e+00 -2.004075011005405083e-01 1.031360070799871020e-01 4.095214155823668212e-01 -8.541061041169464296e-01
-5.514670279363829142e-01 1.570978176172033169e+00 -9.499743511979585886e-02 7.527224982497065370e-03 7.475611160266930622e-01 -1.141345547356466206e+00
-9.644900709225979751e-01 1.779537661170485618e+00 7.955546793135653480e-03 -7.742024004640359058e-02 8.015596130939705022e-01 -1.120565526969875547e+00
-1.258883808218958178e+00 1.825036058434664543e+00 9.573431009983655871e-02 -1.428692389973860444e-01 6.250102200014195919e-01 -8.495743111154000493e-01
-1.179804819133008609e+00 1.469390410989411810e+00 1.568883880756806182e-01 -1.804306472800412398e-01 3.331247361529857676e-01 -4.491204341744354234e-01
-1.524447328404425745e-13 -6.534717717806607977e-14 1.536806812169713879e-13 -3.076093425084695924e-14 -4.466750978410408750e-14 -1.285477520909133191e-14
-1.524447328404425745e-13 -6.534717717806607977e-14 1.536806812169713879e-13 -3.076093425084695924e-14 -4.466750978410408750e-14 -1.285477520909133191e-14
1.797400571959336224e+00 3.339235330190482909e+00 -2.490995455228078637e+00 -1.694505555874467273e+00 2.496160695944284469e-01 7.985834286434564389e-01
3.782588343593675795e+00 6.261403780514450013e+00 -4.628438458665933730e+00 -4.056218355736764813e+00 5.128794301595790417e-01 1.323599471064706545e+00
6.033198614028147055e+00 8.462407657066483679e+00 -6.849537991234718959e+00 -6.757737487531406018e+00 7.851968327871466924e-01 1.459583961626804705e+00
8.452450891500850716e+00 9.885152600815565904e+00 -9.378830474797590355e+00 -9.392119961258197591e+00 1.041964393810583811e+00 1.302997439427569626e+00
1.078305428373617403e+01 1.078457726959457652e+01 -1.168209145142629346e+01 -1.209349686265792911e+01 1.087808621829849054e+00 1.260266303931568022e+00
1.161638928655242609e+01 1.270581099580254936e+01 -1.358783115551266363e+01 -1.460533978439854152e+01 1.040970084659587069e+00 1.449197299951271889e+00
1.282549222712677839e+01 1.395158891611030150e+01 -1.527933953908384801e+01 -1.647729097775300744e+01 1.258347564229027382e+00 1.651329547482496274e+00
1.440833546359414186e+01 1.464236518899378403e+01 -1.693018446134674804e+01 -1.750705568782731092e+01 1.697592958149371611e+00 1.867792298636574033e+00
1.579734809675457008e+01 1.536342604055094796e+01 -1.848942838690207680e+01 -1.789310489149923100e+01 2.290930833568166847e+00 1.952744864520670198e+00
1.681813406757853002e+01 1.620566901187139663e+01 -1.965834584741995883e+01 -1.811612183282077382e+01 2.552190546244556657e+00 2.116598485026063514e+00
1.745852675178705837e+01 1.703526238426106687e+01 -2.012197102090408052e+01 -1.856809536650760606e+01 2.518956072100966725e+00 2.136291725345602188e+00
1.759336073115855470e+01 1.784649804082824076e+01 -1.982049473850704047e+01 -1.920343533231312350e+01 2.166957762702070855e+00 2.036880262229289418e+00
1.859178108146854669e+01 1.721316528003421098e+01 -1.937982244128673770e+01 -1.913132397817157582e+01 1.892618255446419706e+00 1.599372878775720652e+00
1.900662847731270233e+01 1.655960617287395209e+01 -1.790876055212387996e+01 -1.894502809443571323e+01 1.730250890733151303e+00 1.054137714617220833e+00
1.865314678088309108e+01 1.596513734518548233e+01 -1.624797440113398395e+01 -1.763664464598222992e+01 1.531248016082469299e+00 7.798792235754021807e-01
1.716411887508347434e+01 1.553829248123782669e+01 -1.445951630239107999e+01 -1.520169588866852628e+01 1.271371883507722567e+00 8.803824067853803781e-01
1.449798738064227877e+01 1.495891633348150940e+01 -1.226822863729302071e+01 -1.217180928454063604e+01 9.551669806686304831e-01 1.225432503033621057e+00
1.099837596414229601e+01 1.354589987092059289e+01 -9.577305744612987226e+00 -8.998475661050880703e+00 6.246878652221810047e-01 1.507480105305490481e+00
7.198210214662217332e+00 1.060244171336838193e+01 -6.484560029806688775e+00 -5.927747659138543845e+00 3.395977378346728970e-01 1.425924806893454466e+00
3.505196664911229387e+00 5.899442367886229555e+00 -3.234609277544314487e+00 -2.956394276122173981e+00 1.372311162189183142e-01 8.735848340604286388e-01
-1.865480631662123989e-14 1.768296903837943914e-15 -8.807490128638999680e-06 8.807490125012282426e-06 6.468264600642061654e-15 -2.226992348626881389e-15
