0.000000000000000000e+00 0.000000000000000000e+00 0.000000000000000000e+00 0.000000000000000000e+00 0.000000000000000000e+00 0.000000000000000000e+00
6.783053831067407557e+00 8.976137372981241924e+00 4.551147628365719733e+00 -8.527159279863038011e-01 -9.893988903227284304e-01 -1.025759695094597745e+00
6.308311086471931617e+00 8.354703965561656176e+00 3.669211523045531553e+00 -1.523554901259078997e+00 -1.793605577997230638e+00 -1.866268231027014668e+00
5.584033624385510208e+00 7.368809905968279672e+00 2.306239483250525968e+00 -1.896337832372481547e+00 -2.264550394764372587e+00 -2.381261220392587141e+00
4.663232592405880617e+00 6.782082407955235537e-01 6.094198494134655419e+00 -1.955477935907634413e+00 -2.326804083841996107e+00 -2.507242815125120483e+00
3.622428760033340467e+00 -8.827571100762748868e-01 4.633877712942992666e+00 -1.785154792140379865e+00 -1.988736469103966620e+00 -2.266507265044754416e+00
2.543186511125811400e+00 -1.979325845008330420e+00 3.107563105442338713e+00 -1.515708691603260938e+00 -1.337849646954946792e+00 -1.750951065030689202e+00
1.499802121945942535e+00 -2.286491790106501831e+00 1.635303139484180601e+00 -1.060980614285258472e+00 -7.020327090170936923e-01 -1.087214990257064251e+00
5.497079729561691330e-01 -1.740096539900290340e+00 3.204900744023300718e-01 3.644122491008138787e-01 -1.039704744697696359e+00 -3.969426157904987207e-01
-6.430442509193753375e-01 -2.697296415250602930e-01 -7.618535986699991325e-01 -7.999651149203158562e-01 1.143094049027170156e+00 2.325941782577910510e-01
4.491516579311590762e-01 -9.112895311669592102e-01 -1.568800555518460538e+00 -4.189254063329529987e-01 1.722610657207631402e+00 7.578459527935245132e-01
6.778357044226737127e-01 -9.427341028055936656e-01 -2.086781398107711016e+00 1.522017641737389015e-01 2.071500582419850023e+00 1.168368381330298522e+00
-2.689736558087010843e-01 -1.797117832038907514e-01 -2.326048305337355071e+00 8.571012789924786768e-01 2.196084146265546266e+00 1.465030509228341549e+00
-6.396283495884333981e-01 -2.109951854786219494e-01 -2.315350300508785875e+00 1.514918581880689619e+00 2.130050087360513711e+00 1.639702111148675812e+00
-5.517373537481085055e-01 -6.066984679418252480e-01 -2.097837719610621487e+00 1.877404225520348247e+00 1.918316618017814834e+00 1.666992842225180516e+00
-2.394991236727942174e-01 -8.499948097407671321e-01 -1.727522082066476505e+00 1.730828731318583058e+00 1.614581214894660777e+00 1.512079549245060051e+00
1.599340456739658800e-01 -7.092089165467359013e-01 -1.265075762429744399e+00 1.137593928971985635e+00 1.143238826850603740e+00 1.150749392555947770e+00
5.959394241613636956e-01 -3.032094213474708089e-01 -7.724093491540305889e-01 6.035075759192189970e-01 1.792539526757456203e-01 5.919972608438806017e-01
1.781326080645506682e-01 8.823347895248284667e-01 -3.066196303863045203e-01 -8.682529525211835075e-01 5.970028188454355733e-02 -1.077756295155727490e-01
6.157224889104384591e-01 7.297643289574895498e-01 8.546170216288487276e-02 -1.611413360781148052e+00 -4.835598142232885310e-01 -8.465562284227345913e-01
9.336294057342401365e-01 -3.066801990423506999e-02 3.711904583333072161e-01 -1.785286616652454583e+00 -9.702010964305483043e-01 -1.495912351446434529e+00
1.083918351166605953e+00 -1.307168819249237446e+00 5.342639708603083015e-01 -1.337434867051079612e+00 -1.333975454722005738e+00 -1.932464095263178416e+00
1.046109318344587091e+00 -2.731066065279800892e+00 5.751634459587681159e-01 -4.701966191528456629e-01 -1.515087914123676383e+00 -2.071737791251209160e+00
8.271449855006812735e-01 -3.764169841169562769e+00 5.097383560853938622e-01 4.353433810913204249e-01 -1.477525970085447282e+00 -1.892894864944389077e+00
4.579823847653418656e-01 -3.912482816290615784e+00 3.656728765361121902e-01 9.990763788085197383e-01 -1.221925630441438315e+00 -1.445187897354241580e+00
-1.213395365784880262e-02 -2.969912040097496764e+00 1.770887953447057017e-01 1.025423394185648984e+00 -7.890564363105041501e-01 -8.331350941929844822e-01
-5.174615391172581180e-01 -1.176688240639458316e+00 -2.154436154440788481e-02 5.828471938315376022e-01 -2.531026161094882543e-01 -1.854101844561233114e-01
7.778082165484374588e-01 -9.337514466478634700e-01 -2.006148608047925441e-01 2.811506401884126261e-01 -3.628102942168860007e-02 3.812051401724662059e-01
1.119833725342344044e+00 -1.745371185007011938e-01 -3.388069977088278284e-01 -4.552000267108822357e-02 2.891283840379533787e-01 7.900485780562851446e-01
-1.638245709682257578e+00 2.800315173133145041e+00 -4.250721636490565891e-01 -6.090614906514760785e-01 1.127171251584609069e+00 1.016366179694416783e+00
-2.131159570095229050e+00 2.641608210093976172e+00 -4.598435453597913836e-01 -2.800749472180535937e-01 1.354454427023093821e+00 1.081191241156736815e+00
-2.230418798758800669e+00 1.671601838122133810e+00 -4.554258690379210939e-01 3.066869829278807691e-01 1.394700925736393371e+00 1.032377140584526787e+00
-2.080607995144613920e+00 6.864457284975465923e-01 -4.344519411549005450e-01 7.887848593609226855e-01 1.276654875130148081e+00 9.214170410693588442e-01
-4.857947644752105831e-01 -9.813456474009497610e-01 -4.252275205525428703e-01 8.676707835539879676e-01 1.024882284900312301e+00 7.847763347877746432e-01
5.084004069535179582e-01 -1.158285133823637736e+00 -4.540252353369174099e-01 6.357212376524701281e-01 6.679016454378802203e-01 4.579886328320280087e-01
1.138915151125494463e+00 -4.502846546097626912e-01 -5.362120083983820118e-01 4.682167424425069946e-01 2.407864399437172620e-01 -2.742900316594544252e-01
3.468088764620623765e-01 1.501717544940831095e+00 -6.693339775091601274e-01 2.698612305831621372e-01 -9.761716601968489782e-01 -2.301444385859132136e-01
1.124183630787029653e+00 1.037466322750087988e+00 -8.310784501788400780e-01 3.753811172728561268e-02 -1.288112654969060245e+00 -6.980500081840448345e-01
1.771188576310582796e+00 -4.372291278266211001e-01 -9.833583232986828904e-01 -2.114037096766005208e-01 -1.003097712093885319e+00 -1.107184706497660320e+00
2.188555435003082028e+00 -2.596521879232205343e+00 -1.081492818903499131e+00 -4.377682427980890134e-01 -1.937809378338928856e-01 -1.395562559368405120e+00
2.307020539102122569e+00 -4.700317378631718945e+00 -1.085805477167459232e+00 -5.902425848860916036e-01 7.898383964601308760e-01 -1.506467235174025809e+00
2.101238883267221524e+00 -5.865567527023050509e+00 -9.726068079273422207e-01 -6.227511471624513906e-01 1.486808741807196688e+00 -1.403783688375543903e+00
1.595401331106865328e+00 -5.428447768009766250e+00 -7.421431593131949667e-01 -5.122890393753123384e-01 1.567142905245215267e+00 -1.085871053776205963e+00
8.598416463626928907e-01 -3.275124837272452627e+00 -4.217625215228589797e-01 -2.694676590384804671e-01 9.897006740499659783e-01 -5.923493577782461550e-01
-1.865583738293193519e-14 1.769272209830668098e-15 -8.801963303995042785e-06 8.801963300372686057e-06 6.466257011610560538e-15 -2.229494690229150494e-15
-1.865583738293193519e-14 1.769272209830668098e-15 -8.801963303995042785e-06 8.801963300372686057e-06 6.466257011610560538e-15 -2.229494690229150494e-15
4.492170450206010024e+00 3.657795340826242025e+00 -2.005716963941643005e+00 -1.905770089901921649e+00 -5.621352607956999758e-01 1.030692177045203550e+00
9.120774308759166615e+00 5.660555569490616001e+00 -4.117061798682987828e+00 -4.123790350477131383e+00 -9.197903105055940109e-01 1.792508711584892334e+00
5.336924576308181400e+00 1.363485477420540271e+01 -6.678641680138077241e+00 -6.432249866090598900e+00 -9.387593073942033239e-01 2.254604373482106183e+00
3.208688196727622621e+00 1.735814755097852569e+01 -1.063541840955241646e+01 -7.594099882887961783e+00 -6.018258900165928127e-01 2.701814813941143534e+00
5.048112097499818374e-01 1.955120661860109976e+01 -1.431220300627999720e+01 -8.591351513500841364e+00 -1.442355667908472132e-02 3.501105227596612135e+00
-1.524096784740090138e+00 1.988690862833459150e+01 -1.608504899398639409e+01 -1.012054463576473218e+01 6.382803930185241281e-01 4.723104383799031858e+00
-2.163808336347285088e+00 1.868185705655887574e+01 -1.592427327593202335e+01 -1.151008918519413626e+01 1.168101021301695130e+00 6.048115433055667900e+00
-1.498989115143604334e+00 1.675220687820116083e+01 -1.417291495108263355e+01 -1.246090902178288218e+01 1.453240682181540899e+00 7.026099194192892305e+00
-2.614343884285736386e-01 1.502287581968156438e+01 -1.180717893082930381e+01 -1.281150179780171960e+01 1.463669071928435095e+00 7.325394431804656215e+00
6.929237621643696832e-01 1.409940044093882427e+01 -9.789388296888004604e+00 -1.262789258641366885e+01 1.244040851136741788e+00 6.802860574316873965e+00
9.506747492048627235e-01 1.398314123640050255e+01 -8.465086658759705784e+00 -1.217861654285324846e+01 8.836860971072549864e-01 5.535524211586502652e+00
7.398989386048617778e-01 1.408292709204730819e+01 -7.508956570248405349e+00 -1.176571419863331158e+01 4.944316359203684841e-01 3.862894939144920770e+00
6.524287729097686395e-01 1.357120057602954333e+01 -6.352803602248464188e+00 -1.150500044678376277e+01 1.931216796177184225e-01 2.310388688508901112e+00
1.150419054277764808e+00 1.190970552623883094e+01 -7.204159112822046573e+00 -8.710691072046662597e+00 7.795601869494958591e-02 1.345576035844967988e+00
2.208855325106288792e+00 9.203122074325486679e+00 -1.233113725513284464e+01 -1.002008099939074137e+00 1.999367432798830613e-01 1.139170184935357932e+00
-3.918576725567206154e+00 8.124723339262770461e-01 8.043161112852624806e-01 1.788868226992538224e-01 2.583210603424232588e+00 2.567464997471178845e-01
-3.132365347274105538e+00 4.819316313019593734e-01 9.528190000059251208e-01 -1.354505253172279544e-01 2.030576758219605704e+00 4.408464875900756919e-02
-1.694083440197410306e+00 1.935779721830641065e-01 4.857815437346051923e-01 -6.470005756381667916e-02 1.068638030061153765e+00 -1.021891299951173115e-01
-1.002846983063734876e-01 1.010080079374337317e-02 2.139757312667099620e-02 -5.655938073573071791e-04 6.091128816289338027e-02 -1.608931693322557255e-02
1.213504846896745981e+00 -1.500499761207777782e-01 -1.307137366141235824e-01 -3.272158823233211472e-02 -7.053162226465129470e-01 3.470522548706390098e-01
1.982858764538361740e+00 -3.752076785376752266e-01 3.397115892623673444e-02 -9.162637320259683915e-02 -1.107664021656398656e+00 8.554048209173433781e-01
2.141584529103326862e+00 -6.385553366950149634e-01 3.234617030317383790e-01 -9.932458872682575768e-02 -1.174227673650986015e+00 1.250097752637275628e+00
1.780126367813636312e+00 -7.884928771181008988e-01 4.967178177390204064e-01 -4.464281597014588959e-02 -9.963568727103577771e-01 1.284994334709198549e+00
1.067685864545258045e+00 -6.427137956808844921e-01 4.029828051473281492e-01 1.763963140720974793e-02 -6.406668338000837126e-01 8.743988537464638666e-01
1.830964906840331086e-01 -1.350126726043306968e-01 7.693314348248150858e-02 1.272745120050108522e-02 -1.227917700175283622e-01 1.556970592085828720e-01
-7.118632014855220680e-01 5.741224289914451662e-01 -2.806690993316466876e-01 -8.280931572334433721e-02 5.447352649568032446e-01 -5.723963218060347247e-01
-1.462299158237983399e+00 1.145323285687872783e+00 -4.524726192397848790e-01 -2.038791319919693035e-01 1.275325875477931969e+00 -1.003715313213340288e+00
-1.910066469586684246e+00 1.278564981741595608e+00 -3.629873371677743155e-01 -2.534576450238659739e-01 1.868848907306758012e+00 -9.884132671757320798e-01
-1.913934177560256078e+00 9.324587151730331369e-01 -1.151155839663513536e-01 -1.960944186705678993e-01 2.053233839812206973e+00 -6.173414293981009937e-01
-1.398643561910259514e+00 3.713697916878868077e-01 8.859902089694879357e-02 -8.229604387781556951e-02 1.603937499030826608e+00 -1.753318269077785707e-01
-4.073822839224680581e-01 1.277010998334373454e-02 6.886258564643724100e-02 -3.580520344029818319e-03 4.870361047978780666e-01 2.235479292574757415e-02
8.679885697489346796e-01 1.678176166721078166e-01 -2.156918222831338827e-01 -3.849128752119734820e-02 -1.057596213541267982e+00 -1.781010255557090027e-01
2.099463109179618758e+00 8.244236303521017550e-01 -6.222559525616423448e-01 -2.041697708300144742e-01 -2.559001221928829839e+00 -6.719233665810399048e-01
2.900905197262227730e+00 1.615376738224758357e+00 -9.051987231183615812e-01 -4.167496387056360274e-01 -3.486386250705549639e+00 -1.161885887158480513e+00
2.965079030572897345e+00 2.017914807844614966e+00 -8.876645931289589564e-01 -5.191021757664540104e-01 -3.473775892728574455e+00 -1.338102253088411020e+00
2.197832076480075170e+00 1.671099538163644205e+00 -5.794495155310367407e-01 -4.052772959548258114e-01 -2.485399550973666827e+00 -1.048407788458975975e+00
7.776286961772097550e-01 6.157095818364189954e-01 -1.613983166176331807e-01 -1.311493395345423862e-01 -8.406743576889343927e-01 -3.735175995062432475e-01
-8.903543967471763132e-01 -6.846624690867911811e-01 1.161042196062203047e-01 1.139457884913634422e-01 9.107654057014460403e-01 4.110907472875292568e-01
-2.308618406716528515e+00 -1.585990628005323977e+00 7.147528881375768417e-02 1.441934314166946340e-01 2.209201162858962508e+00 9.713641196760638419e-01
-3.062709784298355942e+00 -1.669106019310123923e+00 -2.694492107553381754e-01 -9.315532691690116274e-02 2.705601430256800999e+00 1.094422506399907791e+00
-2.970822204056296378e+00 -1.033507172422632792e+00 -6.407083603116597859e-01 -4.613235273918086521e-01 2.381578056537827948e+00 8.103345720056337464e-01
-2.130475775386761583e+00 -2.252640418434896652e-01 -7.114223572542286433e-01 -6.695615595389611263e-01 1.513870205634077371e+00 3.641094527029430927e-01
-8.393694653418448670e-01 1.423210105129179004e-01 -3.557446976007495598e-01 -4.197139783751305808e-01 5.128614039226911947e-01 4.882357308840334226e-02
5.402811050262341652e-01 -2.516743584744818296e-01 2.552204780029880271e-01 3.735991728464812534e-01 -2.747394942639247994e-01 3.152244788938961956e-02
1.689747341946444381e+00 -1.293539534550498971e+00 7.993343464046579472e-01 1.448869653486898557e+00 -6.992900161272441739e-01 2.894404503733039036e-01
2.379576064625793297e+00 -2.468719874387006907e+00 1.005686357416737842e+00 2.305859765266229378e+00 -8.085609115630179033e-01 6.429535244382178494e-01
2.475839126014585556e+00 -3.061213489838968460e+00 7.886763568469167263e-01 2.506417051519791883e+00 -7.226094728993438521e-01 8.307684504413143101e-01
1.967501913843815675e+00 -2.581629536807062308e+00 3.089607971300462053e-01 1.936012164134898406e+00 5.745858402654576702e-01 -4.239152853739339144e-01
9.680351521187641195e-01 -1.185643473769942169e+00 -5.477868183717293088e-02 8.510061045272871993e-01 3.558494848951566647e-01 -3.366307075885368594e-01
-3.925049687044831481e-01 3.843347858272276873e-01 1.131109386118273330e-01 -2.770883531409381040e-01 -1.078088064719186778e-01 1.506457139666595724e-01
-2.004143781732223850e+00 1.277760748615817121e+00 9.765621245012119367e-01 -1.004034695664764776e+00 -2.935633243480753052e-01 8.222353042987746718e-01
-3.632136044693745180e+00 9.863222975712612195e-01 2.276118290066283301e+00 -1.122427009943045562e+00 -6.530495539248853953e-02 1.511468680352218152e+00
-4.766603406799110765e+00 -4.105252041608876135e-01 3.410665203314048100e+00 2.776227979513402611e-01 -5.947230018415113895e-01 1.921277043317949129e+00
-4.699039205394018204e+00 -2.077005268119316295e+00 3.680061315050011661e+00 6.977758551167151380e-01 -9.994484113016724458e-02 1.778162201469922765e+00
-2.929063891972797151e+00 -2.339818193702420945e+00 2.495504280218012294e+00 5.719957231769029482e-01 1.836234308792697723e-01 1.033128949849723366e+00
5.665792328672351053e-01 6.039214844985000274e-01 -5.071953806294954292e-01 -1.176028410263390833e-01 -6.170536875034301344e-02 -1.836408186433222955e-01
5.842626990028803924e+00 6.663192916153591661e+00 -5.036615400015444166e+00 -1.084570311132110776e+00 -8.266368316077983280e-01 -1.554036858811203459e+00
1.254176895605900910e+01 1.324816329831868877e+01 -9.280373299816123023e+00 -1.876380486816815907e+00 -1.781553443909522194e+00 -2.672240767274417284e+00
1.951783772427561914e+01 1.763530362918538685e+01 -1.118618879696259860e+01 -2.190467362507418692e+00 -2.401915195215157173e+00 -3.141545172485940007e+00
2.544633140088300749e+01 1.970523080746285416e+01 -1.107715622097808428e+01 -1.916037936703176348e+00 -2.293110153798603612e+00 -2.755486583848665294e+00
2.924908235877401452e+01 2.066542287343731132e+01 -1.040474149795063852e+01 -1.114240281726840642e+00 -1.395928763919872750e+00 -1.600174017012565564e+00
0.000000000000000000e+00 0.000000000000000000e+00 0.000000000000000000e+00 0.000000000000000000e+00 0.000000000000000000e+00 0.000000000000000000e+00
0.000000000000000000e+00 0.000000000000000000e+00 0.000000000000000000e+00 0.000000000000000000e+00 0.000000000000000000e+00 0.000000000000000000e+00
4.544657466918315691e+01 3.063480179338200315e+01 1.425413372728155181e+01 -2.183142294909500514e+00 -2.625009456494003413e+00 -2.819383643673013307e+00
3.722738373355970509e+01 2.959468286270209703e+01 1.443875524114404563e+01 -3.731634335876920172e+00 -4.387550522642598594e+00 -4.550523576437400131e+00
2.624733611009645884e+01 1.167765369276276566e+01 3.103631355341383724e+01 -4.201578060381804036e+00 -4.912439570755813278e+00 -4.595134442126308727e+00
1.574979276057424471e+01 1.025463656392799194e+01 3.106238561341425353e+01 -3.565937552562929103e+00 -4.292156032438704472e+00 -3.406688208849178334e+00
9.104555017629595071e+00 9.289972255725716721e+00 3.108431463224916769e+01 -2.344115228118333949e+00 -3.205306270871877583e+00 -2.097262865984763636e+00
8.335999650554420271e+00 9.255082521807590723e+00 3.098290063437593389e+01 -1.380582107107617196e+00 -2.780585396442998292e+00 -1.514589092697068207e+00
1.236473709934675647e+01 1.009281258687506622e+01 3.054363400635973846e+01 -3.119330456217543013e+00 -1.334800496340083464e+00 -2.436940808177562534e+00
1.162553604170462584e+01 1.659599010612814496e+01 2.965473191964059652e+01 -3.982071548944965400e+00 -4.070426509261237946e+00 -2.432339588950345188e+00
1.814210794400847959e+01 1.213162605204968969e+01 2.846035320204098440e+01 -4.645404544871766461e+00 -3.394272915553091075e+00 -5.780381835112645028e+00
1.679963099524577075e+01 1.042855846064911063e+01 2.735500483272603489e+01 -4.467382626547689028e+00 -3.645382516334936707e+00 -6.162850963673254689e+00
1.201737170107140962e+01 8.649973737936749174e+00 2.677142978676731744e+01 -3.537289448496031774e+00 -3.151623441673362169e+00 -4.504147880244201652e+00
6.880282802186350466e+00 6.777925599752608221e+00 2.691810995986642041e+01 -2.137886009271969368e+00 -2.403648373299344332e+00 -1.973815761346519038e+00
3.868956229634849198e+00 5.401557120593573735e+00 2.766176248630384293e+01 -1.080099514779232495e+00 -1.481651997387287478e+00 -9.723984697782421804e-01
4.142264329889886909e+00 4.958207252580609570e+00 2.860664045164217839e+01 -1.133387179471496031e+00 -1.661347190690775966e+00 -1.799121340991084006e+00
5.883361810801218894e+00 6.332452100197731859e+00 2.929981743118040782e+01 -3.059055285452202622e+00 -2.386283997651319488e+00 -4.016145144010530466e+00
9.391898408981015578e+00 6.218460335304179409e+00 2.946295363418059665e+01 -3.837580902881632561e+00 -4.722936134741787306e+00 -6.929913023331615740e+00
1.000561362495959017e+01 6.328853744614332477e+00 2.912483071407843838e+01 -8.267561855183421571e+00 -4.121057719303678368e+00 -6.948275758754180131e+00
7.856786181464381791e+00 5.634978428072995982e+00 2.854933353074841307e+01 -9.536384986177164791e+00 -3.621543462192254204e+00 -5.896731037925402319e+00
4.200571960647568659e+00 4.342893015077097907e+00 2.800402861454916348e+01 -9.852488864266222279e+00 -1.951107043386177242e+00 -3.483051083013196436e+00
1.121212581430871769e+00 3.091772989782663572e+00 2.755961551545267696e+01 -9.767615835917986544e+00 -7.808603492484285369e-02 -9.584728246178743083e-01
3.212964403850255835e-01 2.539011409729485358e+00 2.706639801725187411e+01 -9.816656170766004053e+00 8.909693075491716963e-01 2.791497035053203124e-01
2.055432185191066630e+00 2.940697455781354996e+00 2.628486444901133723e+01 -1.022711336492763934e+01 4.216499402149476161e-01 -3.112677387425106246e-01
4.093769759963842070e+00 4.678247093327808415e+00 2.506266004518041157e+01 -1.083348796414677295e+01 -1.961158906390177981e+00 -1.210991737878648555e+00
5.982978416084849371e+00 5.160198145423054328e+00 2.347262679131946328e+01 -1.126808546166216907e+01 -2.827462600557991923e+00 -3.388770577697266084e+00
6.014284632056095425e+00 3.997045172454546158e+00 2.183381145064793927e+01 -1.128198935604974196e+01 -2.675145741353281981e+00 -4.048384735549428903e+00
2.998671820061051818e+00 2.544065331358457360e+00 2.055900300209472675e+01 -1.094396151554234464e+01 -1.564333701123183928e+00 -2.495290350153283487e+00
-9.686658150915337107e-01 8.686023083266622979e-01 1.990612312812791984e+01 -1.057088501359127974e+01 2.227480678922929558e-01 4.183620176683821440e-02
-3.595681546071051393e+00 -4.249254420684272504e-01 1.982899736621648756e+01 -1.048093806147435103e+01 1.606010148372400526e+00 1.942152042533822787e+00
-3.224941747099498990e+00 -9.463741981139405235e-01 2.002909568683647379e+01 -1.078071314498143707e+01 1.712437889505613597e+00 2.000096624381026533e+00
-2.808584684147734101e-01 -4.117578475356335477e-01 2.012468431000291247e+01 -1.131879440131567272e+01 3.423791218280844983e-01 3.399011545146752300e-01
2.312241234875294538e+00 1.578985343330532087e+00 1.983515478110949815e+01 -1.181856637726679615e+01 -1.546856775386170835e+00 -2.034842081437391759e+00
4.247398282051552343e+00 2.008076727813539630e+00 1.914065506541300010e+01 -1.211374368692037429e+01 -2.689654175154749804e+00 -3.632047001740493553e+00
3.301625884733896399e+00 1.284343758622830345e+00 1.830894864638258568e+01 -1.230432603967916982e+01 -2.427126478892076111e+00 -3.282494002376926900e+00
2.430096145026429053e-02 -3.356952667355610487e-01 1.765213297373908574e+01 -1.263332621615268003e+01 -8.613830165498561620e-01 -1.188224511386699378e+00
-3.540022506108414735e+00 -2.070779665796483648e+00 1.710346775289526988e+01 -1.309885527711509923e+01 1.043863201392338569e+00 1.310065345610638365e+00
-5.092436685014893882e+00 -2.959989489759160541e+00 1.582523815150936386e+01 -1.298024191181822395e+01 2.095560707402423173e+00 2.616342970825684677e+00
-3.462358058303862229e+00 -2.364457470843834397e+00 1.145808945142746005e+01 -9.968608402221722287e+00 1.673583579071654226e+00 1.956228582155319362e+00
-2.582319796607347402e-14 -8.903670244611130756e-15 1.886847922780978156e-14 -1.722699040907980029e-14 8.860641424074467453e-15 6.580820142511492802e-15
-2.582319796607347402e-14 -8.903670244611130756e-15 1.886847922780978156e-14 -1.722699040907980029e-14 8.860641424074467453e-15 6.580820142511492802e-15
-2.540109060818348308e+00 -5.252576196015934507e+00 4.406192089967092329e+00 -5.879337825871058243e-01 1.346231031616812013e+00 8.502987402770477710e-01
-4.878753193788135434e+00 -1.006421724144061614e+01 8.465553170382294823e+00 -8.975749130044665680e-01 2.603771768583126089e+00 1.576378410932972374e+00
-6.882416469189964303e+00 -1.408596198859872395e+01 1.196311885815162235e+01 -8.002075898245052388e-01 3.693622662488693642e+00 2.084439426842263021e+00
-8.458350574836794422e+00 -1.716982833681757370e+01 1.480991544197641652e+01 -3.220601871417461126e-01 4.564997127457322890e+00 2.324478007469664487e+00
-9.584581044299474328e+00 -1.932689888069572248e+01 1.696901404423557835e+01 4.301296043166087379e-01 5.194916966764016486e+00 2.307089412757156843e+00
-1.030109900064090667e+01 -2.066792951080580565e+01 1.841195143062475381e+01 1.327371185809350207e+00 5.585029825160703787e+00 2.102857478656413370e+00
-1.069197074207844622e+01 -2.134037778630663595e+01 1.911650504890640079e+01 2.247335654455402398e+00 5.754393423384768447e+00 1.825876966353715547e+00
-1.086274815349421452e+01 -2.148247893314287538e+01 1.908139733650977732e+01 3.090926478288516410e+00 5.731543132486780046e+00 1.604867165459542111e+00
-1.091788900597867595e+01 -2.119872007161083260e+01 1.834043477219846352e+01 3.793758506792057617e+00 5.548095971455777153e+00 1.551116829803202535e+00
-1.094233803207941946e+01 -2.055453470180267672e+01 1.696960661237907075e+01 4.330946934906670265e+00 5.234869613928016641e+00 1.733368229426644813e+00
-1.099048172327644934e+01 -1.958571570432325970e+01 1.508633353079477146e+01 4.713818588115928243e+00 4.820509012207233823e+00 2.165465208288049226e+00
-1.108374487669760988e+01 -1.831639527075809326e+01 1.284184610424919981e+01 4.980553483911530854e+00 4.332025611264216813e+00 2.806949361377815144e+00
-1.121550414056335576e+01 -1.677811797316770637e+01 1.040773822156133832e+01 5.184241072523089855e+00 3.796344522076590788e+00 3.573429331768953610e+00
-1.136006514507618093e+01 -1.502270387669856433e+01 7.957659890019460391e+00 5.380857501897249762e+00 3.241833072698979912e+00 4.353025940458835841e+00
-1.148219441450733846e+01 -1.312429249515381535e+01 5.645993786914885071e+00 5.618179539960610036e+00 2.698870061847852497e+00 5.025963480490387880e+00
-1.154495271170976167e+01 -1.117077800249681374e+01 3.587280630422531313e+00 5.926185543641885545e+00 2.198864835611965329e+00 5.484922580039840234e+00
-1.151530887351707655e+01 -9.249467216246451073e+00 1.841679813475701311e+00 6.310196881157402515e+00 1.771699541774602649e+00 5.653545882370332620e+00
-1.136817919760432005e+01 -7.433372939161238868e+00 4.109347241020386288e-01 6.749011167288711199e+00 1.442089359138038152e+00 5.499893033483240323e+00
-1.108965399434840826e+01 -5.772418935259501893e+00 -7.540642481319209667e-01 7.200286500493493058e+00 1.225408719781706290e+00 5.041804108835366449e+00
-1.067939534456439610e+01 -4.290351355068602324e+00 -1.736787081375078978e+00 7.613462226024473090e+00 1.122781945601532883e+00 4.343315648276839802e+00
-1.015116519103571235e+01 -2.986314160040210997e+00 -2.634060166497790956e+00 7.946884759641194229e+00 1.114085402815316650e+00 3.505317352218638938e+00
-9.530082718121795082e+00 -1.840443164101494222e+00 -3.534497379837195474e+00 8.182764759382783026e+00 1.148427265360655536e+00 2.655755525643913373e+00
-8.846183323629794870e+00 -8.234866836443728300e-01 -4.499367739719867032e+00 8.333816680031684854e+00 1.139058920999719726e+00 1.938357172803421680e+00
-8.125746857619732921e+00 9.052425754271696545e-02 -5.548973850027654642e+00 8.439337572402971333e+00 9.790609608032627698e-01 1.487746256540112499e+00
-7.382904374039605422e+00 9.114530003480914022e-01 -6.658283604116916443e+00 8.553367580173993900e+00 5.857459388330056305e-01 1.384186928927655380e+00
-6.612322464760053364e+00 1.622871598720033726e+00 -7.764960134784750778e+00 8.730215564557507690e+00 -2.858847717802845412e-02 1.589140737864098485e+00
-5.778519925629757914e+00 2.172339898400467817e+00 -8.790055951193428641e+00 9.012441260622404471e+00 -6.954243651093241496e-01 1.895262812133574393e+00
-4.785543755340222916e+00 2.446338901655803699e+00 -9.668845865302776232e+00 9.426289758952592024e+00 -1.212554982018338112e+00 2.062345235775104424e+00
-3.368926680118871531e+00 2.169763249959089535e+00 -1.039683084205602270e+01 9.998914770705507493e+00 -1.538973933423056550e+00 2.024459546197897808e+00
-6.842108559801824974e-01 5.011064614490267077e-01 -1.119455759591082433e+01 1.090958536905805509e+01 -1.736991599239036566e+00 1.839420357843650766e+00
4.622372120940825724e+00 -3.893470211550812188e+00 -9.470381084623982204e+00 9.458723847529267204e+00 -1.859737232519983241e+00 1.575741834020637056e+00
4.622372120940825724e+00 -3.893470211550812188e+00 -9.470381084623982204e+00 9.458723847529267204e+00 -1.859737232519983241e+00 1.575741834020637056e+00
5.933034725287982702e+00 -5.354821263684562460e+00 -1.202801650395706545e+01 1.232583727189464540e+01 -2.176693219443168292e+00 2.300619003792681472e+00
7.536500706523708182e+00 -7.255579450222493065e+00 -8.894241877391298345e+00 9.344617267010038475e+00 -2.573512108493863693e+00 2.988179378306751843e+00
9.319723848895888452e+00 -9.472143011406089386e+00 -5.366046630188830768e+00 5.712461003863039011e+00 -3.076255063949253632e+00 3.574711800963042307e+00
1.106993038251784256e+01 -1.178052736100502962e+01 -2.652149257313734410e+00 2.691411271491667812e+00 -3.670880414804551961e+00 4.070282712490385535e+00
-1.386370106006837588e+01 1.250585890269304734e+01 5.977087440054407175e-01 -8.929175124882443582e-01 4.527725766071999836e+00 -4.296089105467046032e+00
-1.523690918709481856e+01 1.322926128112924893e+01 -5.463968953767265324e-01 6.985624864104242326e-02 4.988674809855890402e+00 -4.852623509244063271e+00
-1.481198555530657757e+01 1.228618170820734967e+01 -9.227292609299996284e-01 4.857102292824810874e-01 5.452257357787166470e+00 -5.245985969491930412e+00
-1.170236923957507003e+01 8.941758966647638474e+00 -7.951080805891207470e-01 5.442685353880685195e-01 5.705428113477116980e+00 -5.273966259878791973e+00
-8.813126686129763243e+00 6.225272823426895918e+00 -3.695345836685588470e-01 3.055664782832354098e-01 1.643991750805230634e+00 -9.572312275081455990e-01
-7.920339028104728563e+00 5.964566958735806779e+00 2.497316128690623971e-01 -2.374392263312642415e-01 -5.853695606385808103e-01 1.372724516555413610e+00
-8.172832783556719605e+00 7.269339780046108146e+00 9.775339304247344652e-01 -1.006357018737558562e+00 -3.552395005545289641e-01 9.377299678745105727e-01
-8.730972567008670637e+00 9.193523592014171797e+00 1.598927351999302582e+00 -1.689314962301692757e+00 1.843943363397464175e-01 -1.470858574595157453e-01
1.110740964782517537e+01 -9.101692835614638710e+00 -1.242075903627848810e+00 1.205614275208179320e+00 -1.336185973690188877e+00 5.985547028150496329e-01
1.253534146951065686e+01 -8.970359529315341973e+00 1.822084150787447010e+00 -1.605979306959985919e+00 -2.344991047283968566e+00 8.261108057670906168e-01
1.309916967802245225e+01 -8.163884900362660346e+00 2.516737641623128408e+00 -1.881516491486165954e+00 -3.007288089834481148e+00 9.510302791275458967e-01
1.258056543208521560e+01 -6.705002652201062396e+00 2.276259680745282399e+00 -1.191495073887381517e+00 -3.252574228678148049e+00 1.066141267145731542e+00
1.100307789643084000e+01 -4.838078863580900446e+00 1.778837163355075024e+00 -3.808685965469824075e-01 -3.091370529567619485e+00 1.176474843958100536e+00
8.627346637709450761e+00 -2.960644121099208270e+00 1.240477734496267637e+00 2.116414047229953077e-01 -2.592215826648629040e+00 1.190983933112194304e+00
5.825991665205684455e+00 -1.462311135575314891e+00 7.531052208661127567e-01 4.484794428857156179e-01 -1.850340290730332793e+00 1.001813458118724132e+00
2.906398638478046248e+00 -5.254856706353722151e-01 3.226252990865041137e-01 3.583941810778124570e-01 -9.596408296959910711e-01 5.780794361352943334e-01
-1.865583738293193519e-14 1.769272209830668098e-15 -8.801963303995042785e-06 8.801963300372686057e-06 6.466257011610560538e-15 -2.229494690229150494e-15
