0.000000000000000000e+00 0.000000000000000000e+00 0.000000000000000000e+00 0.000000000000000000e+00 0.000000000000000000e+00 0.000000000000000000e+00
3.877665026429627915e+01 5.426283929545703444e+01 3.689534082609608134e+01 3.155085850169292438e+00 3.194642588955613594e+00 2.353060757880451437e+00
3.808018623668676383e+01 5.346305097346068891e+01 3.534071218197310316e+01 5.927554141883637051e+00 6.080852551814571072e+00 4.325561948929037115e+00
3.714503507791917514e+01 5.220840484376007851e+01 3.292978629780843391e+01 8.079740634113516506e+00 8.424540448910091683e+00 5.632022188584414835e+00
3.594161478488752692e+01 3.016457201032090651e+01 5.061722541583623070e+01 9.605490432942488610e+00 1.012139996390279428e+01 6.148725264167660853e+00
3.452241051944952943e+01 2.765172108724936706e+01 4.884683461066516941e+01 1.070940535642057512e+01 1.121261758877185244e+01 5.932086408466998861e+00
3.294349486851010766e+01 2.590041774310979505e+01 4.707153374701955073e+01 1.166787645599041312e+01 1.185415226584196624e+01 5.184948355938862719e+00
3.124957641869526981e+01 2.507219410462182907e+01 4.545214005524778855e+01 1.253199585552087036e+01 1.234104194261127496e+01 4.186962425930723875e+00
2.946959400407130758e+01 2.494230235115682248e+01 4.410960321869906409e+01 1.251965448186948748e+01 1.360107743140507885e+01 3.219501584139074613e+00
2.500296400753679293e+01 2.761759555314910131e+01 4.311362649682916981e+01 1.429052247834585110e+01 1.272368723449558914e+01 2.508875454643679781e+00
2.462790575626156198e+01 2.568656856832877722e+01 4.248727528619104277e+01 1.437630362394301820e+01 1.283046032829324012e+01 2.171535837092358090e+00
2.341517281446632026e+01 2.356191267712378234e+01 4.221939178184634045e+01 1.367787536537564641e+01 1.275557110699950769e+01 2.155288849578204324e+00
2.154657184526731584e+01 2.116130153847650064e+01 4.227534935385946113e+01 1.230289614856089564e+01 1.243036047459737148e+01 2.296571617018954736e+00
1.946552610028052754e+01 1.878591773938843801e+01 4.260189122634232461e+01 1.066266811343687770e+01 1.182565907956484530e+01 2.442789634679834343e+00
1.735657961302950980e+01 1.697094706150000221e+01 4.312785379803214170e+01 9.276226234778974344e+00 1.094733321551201932e+01 2.496359188832213416e+00
1.570746854636754186e+01 1.587661125640142146e+01 4.376560028268885105e+01 8.621375038111253275e+00 9.730485692069430925e+00 2.489458306100025720e+00
1.533079304263879727e+01 1.485510539103391636e+01 4.441703001638271786e+01 8.883979621885995215e+00 8.345337641326999290e+00 2.757641798558445601e+00
1.611193616045565236e+01 1.361209265883775110e+01 4.498423275364405782e+01 8.329948572569946919e+00 8.748698059630283907e+00 3.790713547394228833e+00
1.234871943236715452e+01 1.697158261724441175e+01 4.538111298251871517e+01 9.932112145783545287e+00 7.749957744398032311e+00 5.605732456785399442e+00
1.120912970852734958e+01 1.680512398714457234e+01 4.554158259776925632e+01 1.083697820137266632e+01 7.445873908480495906e+00 7.853398437651854636e+00
1.022218696141887584e+01 1.505238068641765459e+01 4.542254109022519515e+01 1.070645570839464966e+01 7.396332987241480694e+00 1.014592251703242454e+01
9.357464130911221645e+00 1.198851879809583387e+01 4.500320343069954987e+01 9.323507582372277724e+00 7.467247389931957358e+00 1.214622658827255286e+01
8.568075359317624873e+00 8.763872028424493976e+00 4.428362202674953352e+01 7.139832227171025281e+00 7.487149080971329695e+00 1.362100057524756558e+01
7.819424328570376836e+00 6.795398625106273904e+00 4.328404732533600452e+01 5.084118308131539088e+00 7.319182610686945090e+00 1.448348481143956512e+01
7.100690389963420834e+00 5.876602794185868284e+00 4.204473151210870441e+01 3.931453329298679744e+00 6.906706949305056575e+00 1.479949705058574416e+01
6.419470983675963360e+00 4.519213532722867299e+00 4.062470087583997014e+01 3.650255387185550759e+00 6.285447432915940880e+00 1.474557481744430021e+01
5.786746554898890338e+00 3.407711180440098353e+00 3.909835478177937773e+01 4.026397739455107150e+00 5.564578596628120266e+00 1.453245540068803088e+01
4.911142124672049469e+00 5.195175893342220519e+00 3.754960489616868102e+01 4.887298880424149949e+00 4.856906101290659805e+00 1.432866879440366326e+01
5.551554150234722762e+00 4.699595103091520620e+00 3.606371868763483945e+01 4.936176219112440755e+00 4.670345414186776623e+00 1.422118436736682945e+01
4.116319318444854325e+00 6.403919500663841191e+00 3.471722318610321878e+01 5.118389354536879488e+00 3.895489959830582993e+00 1.422312044685138055e+01
3.773638254631457301e+00 4.709542669437904117e+00 3.356692185308013165e+01 3.792727819847168114e+00 3.515311880439444536e+00 1.430677215723478568e+01
3.388863422581772422e+00 2.366707785190075075e+00 3.264035078166217119e+01 2.034016226725648746e+00 3.124313601400280138e+00 1.443720664938524578e+01
2.955092376407427057e+00 2.590556024479143016e+00 3.193096204622355216e+01 1.215732092733410319e+00 2.658838446002492084e+00 1.459809586824625782e+01
2.058333802322962036e+00 1.998816137820552896e+00 3.140096858632873733e+01 1.228278202606457148e+00 2.093983858850163138e+00 1.480844351376801349e+01
1.333240133904260105e+00 1.994726521363777483e+00 3.099263927797666085e+01 1.512564144748901640e+01 1.496345247715047178e+00 8.348991261550359200e-01
2.505073830759771525e+00 1.616899816092608910e+00 3.064528433057120438e+01 1.563122056247152081e+01 9.721986611430237790e-01 1.922216340939199242e+00
1.676550632869706181e+00 5.152771187664231256e+00 3.031188165740839935e+01 1.640291079014562925e+01 3.578714254432930009e+00 8.236658850974599710e-01
2.193835050101903494e+00 5.829105854980603851e+00 2.996863476246110736e+01 1.748288177797666521e+01 4.372424294572015313e+00 1.222344134316885711e+00
2.808844194998793675e+00 4.113161039032707578e+00 2.961380184926365899e+01 1.885373282997721489e+01 3.702234636092497588e+00 1.748724046753891148e+00
3.239143926470060109e+00 3.700106954655653091e+00 2.925723756097986339e+01 2.043229038387303120e+01 1.754254919583378758e+00 2.158571839914442680e+00
3.324153477766139897e+00 7.632467080319727870e+00 2.890593807850167707e+01 2.208616844171249127e+01 1.187120190217782367e+00 2.326318391825441534e+00
2.994519573158816339e+00 1.069328630866855967e+01 2.855135630162231664e+01 2.366862700489055982e+01 2.933267639837742635e+00 2.176303566892872521e+00
2.263537001421806139e+00 1.047886713404206560e+01 2.816217615344501368e+01 2.505815384672631652e+01 3.342996392348055679e+00 1.691484874498785818e+00
1.217919513359762895e+00 6.494853759253151892e+00 2.768417699061924964e+01 2.618689354760814325e+01 2.173030444699437069e+00 9.259455760576027483e-01
4.553115645796607631e-14 2.501813429574990237e-15 3.789142623399147959e-03 3.789142623401021460e-03 1.603276698462356361e-14 4.169627376834553180e-15
4.553115645796607631e-14 2.501813429574990237e-15 3.789142623399147959e-03 3.789142623401021460e-03 1.603276698462356361e-14 4.169627376834553180e-15
6.442108539859806804e+00 7.288362250962277855e+00 2.755998026122460942e+01 2.647504072824832022e+01 1.780355660345018354e+00 1.651297571251813201e+00
1.300140297407854106e+01 1.159982628302519991e+01 2.804456022438005292e+01 2.629795911335802927e+01 3.037501764764242385e+00 2.778615867991059307e+00
1.164514364138170066e+01 1.934070882139307912e+01 2.840026232162142961e+01 2.649006840763306769e+01 3.406052803686922648e+00 3.331584302047578827e+00
8.215717494644689367e+00 2.456439364492410604e+01 2.318681315172905855e+01 1.946064774734658087e+01 2.801272121756693601e+00 3.852640544909766263e+00
3.520339877713476895e+00 2.765089252101673978e+01 2.051847719025729333e+01 1.245661067481045592e+01 1.500811877105184156e+00 4.952238790154291692e+00
2.155398343349279600e+00 2.812433589586548166e+01 2.274769443874325958e+01 1.431261148252260895e+01 9.026647884037097835e-01 6.679478276072593701e+00
3.916623470225187198e+00 2.642071358867232078e+01 2.255385596854021557e+01 1.632645039468296488e+01 2.158562942615755542e+00 8.554919154537667936e+00
4.044015189388725062e+00 2.369852020407070015e+01 2.040235073742851313e+01 1.792648966526270371e+01 3.084474817807107083e+00 9.944798007383361949e+00
3.207137696830454576e+00 2.126489174136309046e+01 1.772735305852030763e+01 1.873043078678129802e+01 3.275720874459154608e+00 1.037496900772220165e+01
2.425954982950006666e+00 1.995887872315297074e+01 1.526481247841089761e+01 1.853978198781189235e+01 2.745647677911114748e+00 9.635448158321242573e+00
1.717721789134166288e+00 1.978138076975804793e+01 1.279927369981781382e+01 1.758210255550057255e+01 1.713036558677923260e+00 7.834582350243356252e+00
1.046375113801442103e+00 1.991626649148507866e+01 1.061926822101454349e+01 1.663923259077460770e+01 6.992319251905021460e-01 5.462958412961367749e+00
1.324225588275488974e+00 1.919487476409399918e+01 1.148357538493047691e+01 1.737172799500782361e+01 1.132039788609082942e+00 3.275077382109369495e+00
2.405924929208446805e+00 1.684441002514941488e+01 2.158795904476989236e+01 2.125496373095395697e+01 1.853859258415270217e+00 1.917303827421791063e+00
3.895270511814214576e+00 1.301557875929568198e+01 1.794651743177448111e+01 2.920415582606538329e+00 2.102109555800057983e+00 1.611913643652064687e+00
6.082819393056611013e+00 1.209682023294189968e+01 1.858152692916044302e+01 7.798485494961129305e-01 2.615939092304922831e+00 1.537871133727167772e+00
4.744437274225072443e+00 1.002094024279494633e+01 1.849653915893723521e+01 2.910746182578520802e+00 2.332138359847645948e+00 2.030882525490876223e+00
2.615270627976435058e+00 7.473570604541272644e+00 1.855532379468688475e+01 5.298049140172793159e+00 2.694043428366604154e+00 3.036290355253157713e+00
4.551570896130492927e-01 4.499333825698657030e+00 1.898347371083022139e+01 7.449227630836580794e+00 3.426750567133254766e+00 3.969142344365010455e+00
1.422133030539107779e+00 1.582744505662948109e+00 1.971637430288755155e+01 9.090939703724115972e+00 3.821700931817983093e+00 4.417980305761564530e+00
2.467386886798726753e+00 8.629964850527932496e-01 2.056267376241568456e+01 1.017591835602458872e+01 3.754682518532212576e+00 4.350578307122134447e+00
2.849803808354771206e+00 2.406625880308240983e+00 2.134768483862715627e+01 1.097122189633236644e+01 3.489498261101178223e+00 4.042719531073598382e+00
2.800877345037109833e+00 3.428931874609409736e+00 2.196395184827138181e+01 1.189931492356939380e+01 3.349841980162176380e+00 3.805454922805628026e+00
2.665854052880902270e+00 4.449981732371457888e+00 2.242509975313129189e+01 1.330434198537203550e+01 3.494329978241804913e+00 3.863974331213010149e+00
2.831013540624390590e+00 6.033000862860435909e+00 2.288519482397169114e+01 1.524460730355624349e+01 3.832065404156670851e+00 4.329621484961024613e+00
3.415021866055356625e+00 8.294057299271381467e+00 2.351751492847908764e+01 1.738294385624672600e+01 4.115837645978430714e+00 4.923348997998335363e+00
4.139115367612404839e+00 1.072692759396723261e+01 2.433288661649574536e+01 1.912707602583891386e+01 4.175404107928407882e+00 5.082029642946810810e+00
4.686849479623207415e+00 1.261946656853874416e+01 2.516487149947074187e+01 2.002647332299655503e+01 4.047521770850723399e+00 4.446311470078576633e+00
4.943824147354741960e+00 1.355878798844447708e+01 2.582896553818946472e+01 2.008190583181967526e+01 3.875744316632059316e+00 3.146364944643806005e+00
5.071327928105796801e+00 1.363562548077533521e+01 2.625721750793276144e+01 1.967867467166095707e+01 3.892364471353100708e+00 1.763026039376755394e+00
5.450193846490428484e+00 1.334135354504756954e+01 2.652715265372478370e+01 1.928314303812008745e+01 4.695772006270214405e+00 9.897272309394855583e-01
6.358172865350061542e+00 1.330754790459652348e+01 2.682745178898223770e+01 1.918344518888307348e+01 6.622501166198834888e+00 1.197953184828360218e+00
7.635106664470909799e+00 1.399905176233805904e+01 2.735998931802216561e+01 1.936674340917551262e+01 8.960702322941601849e+00 2.317584348285272267e+00
8.811870631721479441e+00 1.541195617392331840e+01 2.816975509070516281e+01 1.952289700085253088e+01 1.064338005934781961e+01 3.689683994591882232e+00
9.453413726515034199e+00 1.703755562826091108e+01 2.903840064303499702e+01 1.923646658076015825e+01 1.090964071344524022e+01 4.509643668623104951e+00
9.412466320836571754e+00 1.825683586426595184e+01 2.960321115424402549e+01 1.835085780293005442e+01 9.637394998693890713e+00 4.278185843091328877e+00
8.939073257429583919e+00 1.878361732897557701e+01 2.961482649363611586e+01 1.720151669946127981e+01 7.430042953708453801e+00 3.060212230815881451e+00
8.570731427722853013e+00 1.880561828734367680e+01 2.910048737444838096e+01 1.644831782699536049e+01 5.420019379005252880e+00 1.548211507800279829e+00
8.740171866659819599e+00 1.881777541381571695e+01 2.835600370696809236e+01 1.665950014321400019e+01 4.567001217435771920e+00 1.011486825344453999e+00
9.474735975170444746e+00 1.935321445098391990e+01 2.784149751268751061e+01 1.798188205613827861e+01 4.664827020906790800e+00 1.094486177984860253e+00
1.067211441007708217e+01 2.073597101711440160e+01 2.800147469950738710e+01 2.002258071751471746e+01 5.244057649020052558e+00 1.087550601218352009e+00
1.234957188080614721e+01 2.280934987992951690e+01 2.901274835932273888e+01 2.194781963255577040e+01 6.272723714682268081e+00 2.010356723501392828e+00
1.443460662690287144e+01 2.491737022620444364e+01 3.064469447148897885e+01 2.285104213157508823e+01 7.398015374605738437e+00 3.051723028648858360e+00
1.662377666171849455e+01 2.629836788798116132e+01 3.241118579271149969e+01 2.228399209347075072e+01 8.101492693196616912e+00 3.448581598820403826e+00
1.852981499213083438e+01 2.652091611896036838e+01 3.389427100405372784e+01 2.056298246574880295e+01 8.221225466215805966e+00 3.147779281436047238e+00
1.987623792309112147e+01 2.573164930784082216e+01 3.496852117380687019e+01 1.852702734617214020e+01 8.006540180125595541e+00 2.617715690917619575e+00
2.061776796442779158e+01 2.462886513734946092e+01 3.581624807248813624e+01 1.694962092333074821e+01 7.806281654731390240e+00 2.496357410358747586e+00
2.095598892984371275e+01 2.414306206354181583e+01 3.680286048560672896e+01 1.616138297064351192e+01 3.701798898013506367e+00 7.250634197571547368e+00
2.118556625922205328e+01 2.498471835983952971e+01 3.826708109989108664e+01 1.601548320685720128e+01 4.281571176661413070e+00 8.367799135328047200e+00
2.144993424191220299e+01 2.718883341415849841e+01 4.026943301204277503e+01 1.595418721101838599e+01 6.034798492470358156e+00 8.356990266273800927e+00
2.168138513474441353e+01 3.001898320716436430e+01 4.247362071748097634e+01 1.526862451252103803e+01 7.280402172410155970e+00 7.851570827387357454e+00
2.175986051883415584e+01 3.234091302493883546e+01 4.434301118338505887e+01 1.354205701183619048e+01 7.528789939612471116e+00 6.920360844803900235e+00
2.159771565636706114e+01 3.304707674391855932e+01 4.552658324533808809e+01 6.918752791303433014e+00 1.098932668306794014e+01 5.919245466299399183e+00
2.105772335741731638e+01 3.172632273838341277e+01 4.603983247100885023e+01 6.162349601177314007e+00 8.320850213114535876e+00 5.196226550625905105e+00
2.035641644797344441e+01 2.932333892190724001e+01 4.611768444770650177e+01 5.858673303873145777e+00 6.421193709004782590e+00 4.891054121322993886e+00
2.103384938188069242e+01 2.780059561579988525e+01 4.605798415460449036e+01 6.337415507073303367e+00 5.770688138336872441e+00 5.234398835896935331e+00
2.513145827691864653e+01 2.955684005024549421e+01 4.625615720584121959e+01 7.415166635741099910e+00 6.347283678869365176e+00 6.573317344922694261e+00
3.302180779690336010e+01 3.464941853958590201e+01 4.712310512608115687e+01 8.347797887702073538e+00 7.281896820908534629e+00 7.781182913566561332e+00
4.280161587220828778e+01 3.981274535038345874e+01 4.868261422802608251e+01 8.321520228797243846e+00 7.590959468506659924e+00 7.971669580794422671e+00
5.184257394031230604e+01 4.326054672282174351e+01 5.056181908050852059e+01 6.823116494055462056e+00 6.447415591245363231e+00 6.604271373276882962e+00
5.794337094420527734e+01 4.519336948068901449e+01 5.209177939886961184e+01 3.861797305329308649e+00 3.722710600077762333e+00 3.749217011260943977e+00
0.000000000000000000e+00 0.000000000000000000e+00 0.000000000000000000e+00 0.000000000000000000e+00 0.000000000000000000e+00 0.000000000000000000e+00
0.000000000000000000e+00 0.000000000000000000e+00 0.000000000000000000e+00 0.000000000000000000e+00 0.000000000000000000e+00 0.000000000000000000e+00
6.755580094201006602e+01 5.591285743933509167e+01 3.142989767636244380e+01 4.055607810003754921e+00 4.411831390157117561e+00 4.681090860658205344e+00
5.527943636357884571e+01 5.403838456144823965e+01 3.023733729665371683e+01 6.946645483922955222e+00 7.246305346799867486e+00 7.667957870687230226e+00
3.875052374395368560e+01 2.565825691935548747e+01 5.448646899689402545e+01 7.878954725627448141e+00 7.834047075146261641e+00 8.011582487087126836e+00
2.300218663150939946e+01 2.159828796853589239e+01 5.406450910892259998e+01 6.858297001202361187e+00 6.513731768378951514e+00 6.302423664677372805e+00
1.317482647018361597e+01 1.888753022416520011e+01 5.356071845728527592e+01 4.899541306486789871e+00 4.602888826007422551e+00 4.253397978716667360e+00
1.226237916490760860e+01 1.862687281792592486e+01 5.296644429969260415e+01 3.588749375221496063e+00 3.934305069759677753e+00 3.131513861039848301e+00
1.871742036585278512e+01 2.064716741705789005e+01 5.199519877632921094e+01 4.916983736622825063e+00 3.943582195980828153e+00 3.548833817993284345e+00
2.311198667909319227e+01 2.586362527099156594e+01 5.047438780419216897e+01 6.808887549164310826e+00 6.041494726193798570e+00 5.658966060556014810e+00
2.837415351643449313e+01 2.395239808205309728e+01 4.859300916380772861e+01 8.009301595627730919e+00 7.781429261124841013e+00 8.448266296598886171e+00
2.597828271939664546e+01 2.153425946934609314e+01 4.690305846685278368e+01 7.621289389235143652e+00 8.455179351281358890e+00 9.033743838704994644e+00
1.872378089949938840e+01 1.766042771156854840e+01 4.601203263258005904e+01 6.937864441174154351e+00 6.159861029607170302e+00 6.601734801497608274e+00
1.101870730246770691e+01 1.350803968197964267e+01 4.621138427591633757e+01 4.796198711311330243e+00 3.962023774230591489e+00 2.894437623559407147e+00
6.618955339973011220e+00 1.064076480094986366e+01 4.731689554619926952e+01 2.954166723030063668e+00 2.244566652019615027e+00 1.427746389629482193e+00
7.183751608537170874e+00 9.957926096037581942e+00 4.877028051423898347e+01 2.934646899485037430e+00 2.510735051275985619e+00 2.895284052352999016e+00
1.123572590802162274e+01 1.105000316309532593e+01 4.991215817033613433e+01 4.821053583327599590e+00 4.862903954921713456e+00 6.697599576564040369e+00
1.502883166762327072e+01 1.306378140494349971e+01 5.031026111560478853e+01 7.849045869494918115e+00 8.689214918202162963e+00 1.063882401621635942e+01
1.584593558613964071e+01 1.308842353608662279e+01 4.995928423371793059e+01 1.465913933556407045e+01 9.268688130930287983e+00 1.019712641736293079e+01
1.251273422470318053e+01 1.098743078763332903e+01 4.918706490314679058e+01 1.681654626553047294e+01 8.149489923423464788e+00 8.641203497366905850e+00
6.953668151819790033e+00 7.581244619651922534e+00 4.833441918468339082e+01 1.727154732596567399e+01 4.878109516631456977e+00 4.948477408495408625e+00
2.476084269868250143e+00 4.671343799369483740e+00 4.748719513213877974e+01 1.696898420818830644e+01 1.477332089083790212e+00 1.584716288351905922e+00
1.587612109612190237e+00 3.635155349844263917e+00 4.645461177017566001e+01 1.686873728032565722e+01 1.237706918295367498e+00 1.715793874434658806e+00
3.872391972909448032e+00 4.380896925286597465e+00 4.494357796286698203e+01 1.742409057878398215e+01 8.197781850620443622e-01 1.052357249711490361e+00
6.766420545959708654e+00 7.832868149830523485e+00 4.278645033977802825e+01 1.839847788981687060e+01 2.925200075694480706e+00 2.669270798128240862e+00
9.954733300376849670e+00 8.906242049122573334e+00 4.012488274012901002e+01 1.916764127148805841e+01 5.265806557339739236e+00 5.482731653727771715e+00
9.917601596687257270e+00 7.333914384032140354e+00 3.744056264982331328e+01 1.926414362776618816e+01 5.716305438843732212e+00 6.225194282382426003e+00
5.415552057185688994e+00 4.459886748545338619e+00 3.533738315187521550e+01 1.873748661807293914e+01 3.634866967046820108e+00 3.775193569106726432e+00
1.744598103157021907e+00 1.230823805900984391e+00 3.418544026724480744e+01 1.807696745497332458e+01 5.658406823346581183e-01 4.456520238439628523e-01
5.125013625251155780e+00 1.951080311469451267e+00 3.391552784846407320e+01 1.782760399195126411e+01 2.658488508386857241e+00 3.279948004999473365e+00
4.651368886379005474e+00 2.115707682864108374e+00 3.409887277311590026e+01 1.822770373919613007e+01 2.875865580806954647e+00 3.343923240781915052e+00
4.961994974957141258e-01 6.700840857459894329e-01 3.418022111594842016e+01 1.909279924557632668e+01 5.290743554454417907e-01 5.135281970916993899e-01
3.947921626592700406e+00 3.257077457780657159e+00 3.373292612027879045e+01 1.999734883318563661e+01 3.108343469699305750e+00 3.247608274891921276e+00
6.655851150540238237e+00 4.458382023181862941e+00 3.269860969343991997e+01 2.064617876003050156e+01 5.292077272976383640e+00 5.762071680387259143e+00
5.028140531168790339e+00 2.961193480270642997e+00 3.144194318835158342e+01 2.113712216818443679e+01 4.734218841805516220e+00 5.178337343778086854e+00
3.848194864660043901e-01 6.721639807841138792e-01 3.039025335129400318e+01 2.178777786706259434e+01 1.674963911236106551e+00 1.812600036149026650e+00
5.682788006281998427e+00 4.501568481656031295e+00 2.938574286612168862e+01 2.254180962793381227e+01 1.992465590051321955e+00 2.225951146097580935e+00
8.106565015532794405e+00 6.257843651332322565e+00 2.705327191789953289e+01 2.220767525797663566e+01 3.957934634647725325e+00 4.328146487675688547e+00
5.615430578409960738e+00 4.639332430977030519e+00 1.949460886926878800e+01 1.696421274047122196e+01 3.073487967030504642e+00 3.270289735216408200e+00
5.514029937307883614e-14 1.158415076508015553e-14 2.885501623002594951e-14 3.097882668772467187e-14 1.739214709634673835e-14 9.742476103152698788e-15
5.514029937307883614e-14 1.158415076508015553e-14 2.885501623002594951e-14 3.097882668772467187e-14 1.739214709634673835e-14 9.742476103152698788e-15
3.772800790088669753e+00 7.359309807097762501e+00 5.266840399835342801e+00 1.362590142826010764e+00 2.011687599713157137e+00 1.114331138981081493e+00
7.261259137995791590e+00 1.409130716048485965e+01 1.024385772636069625e+01 2.430299922552727310e+00 3.888628544076057736e+00 2.063886451409804756e+00
1.027046024622559628e+01 1.970200814830025138e+01 1.473020893143204368e+01 3.126319705066930243e+00 5.509295229274488115e+00 2.725991672786747255e+00
1.266048354920439678e+01 2.398155901066265372e+01 1.859182426092792184e+01 3.596721736033790862e+00 6.796469003676983256e+00 3.033844792525946854e+00
1.438648002984024643e+01 2.694727640027211280e+01 2.170550174266315935e+01 4.059510342057405907e+00 7.715635964519468537e+00 3.000832761902173740e+00
1.548856913637374610e+01 2.875972688767372176e+01 2.394786242275981536e+01 4.641778261070847122e+00 8.270119848197182932e+00 2.720625173534492180e+00
1.607027660933906077e+01 2.963325182050251172e+01 2.521871091055382763e+01 5.322902087778668800e+00 8.489790680620460606e+00 2.346359379298657899e+00
1.627075079586080975e+01 2.977010286249698012e+01 2.546865342976730062e+01 6.000245820161321575e+00 8.418732144861987621e+00 2.052820989694954523e+00
1.623601737974500736e+01 2.932474998142502187e+01 2.471680444015787970e+01 6.574712375284919474e+00 8.105533775456578383e+00 1.993479987424123578e+00
1.609388086460471357e+01 2.839579753585967836e+01 2.305611518179802744e+01 6.993050353038123390e+00 7.597661373250271133e+00 2.264994484033969968e+00
1.593653829544585854e+01 2.703934059360123143e+01 2.064781777003814867e+01 7.253944042592535446e+00 6.939646011759630362e+00 2.887858656839337179e+00
1.581341030247157775e+01 2.529471870502938557e+01 1.770690066583703626e+01 7.397060340554359570e+00 6.173932765406913603e+00 3.806797337484577604e+00
1.573396049334543001e+01 2.321145294425598848e+01 1.447994355743703032e+01 7.486623770476585449e+00 5.342907532148359451e+00 4.905436840223877049e+00
1.567759221485190579e+01 2.086661247810884845e+01 1.121660816130937732e+01 7.594612532011856487e+00 4.490614012489093199e+00 6.028799526539146747e+00
1.560651330106569468e+01 1.836621220350505013e+01 8.137757190951322883e+00 7.785079603052578179e+00 3.662941137664476710e+00 7.010497863466083501e+00
1.547814454791264716e+01 1.583145506311887729e+01 5.406577904793073763e+00 8.100215245812318443e+00 2.905704238048117283e+00 7.701636640441362758e+00
1.525536194418172720e+01 1.337710809400659429e+01 3.113934178644467643e+00 8.549869342555815876e+00 2.261079156760283482e+00 7.997577991136766151e+00
1.491427920284231057e+01 1.109117909430387883e+01 1.319885223986996259e+00 9.107733257607344868e+00 1.763871511955363180e+00 7.857714769078135042e+00
1.444958131930577139e+01 9.021909086877364814e+00 8.192827515992464615e-01 9.717373511811500109e+00 1.438337109876118625e+00 7.313277168674646944e+00
1.387678167840462073e+01 7.173758078311081476e+00 1.932757584676881191e+00 1.030864514021989820e+01 1.290455835592772660e+00 6.460454972056473899e+00
1.323021195357995161e+01 5.512773012714609067e+00 3.171893038721623981e+00 1.082018549309771061e+01 1.288564039292980468e+00 5.440099867430804537e+00
1.255622968161055475e+01 3.983935231760044271e+00 4.493180892716734043e+00 1.121950308790210293e+01 1.348924530600357663e+00 4.405886091176513197e+00
1.190311220331202335e+01 2.550181827514866661e+00 5.952776039232001715e+00 1.151226970890915702e+01 1.351749131446113195e+00 3.478179932069800362e+00
1.131067269960452037e+01 1.337956468812846689e+00 7.551482046078602295e+00 1.173756616287429644e+01 1.209916273014587818e+00 2.702464674739188499e+00
1.080198137365708710e+01 1.329990895185320321e+00 9.220262229494847972e+00 1.195241550458208657e+01 1.092541740026738983e+00 2.115529690123144846e+00
1.037754234318814106e+01 2.530306273483833746e+00 1.083525588925857619e+01 1.221236877929429276e+01 1.529107682059584805e+00 1.938959995533886760e+00
1.001093389935786782e+01 3.876455103332419050e+00 1.225095953212481703e+01 1.255392556964967987e+01 2.283726121412910093e+00 2.215998607800469866e+00
9.642077748684004135e+00 5.104331020707061128e+00 1.334038056400450500e+01 1.298163913089140564e+01 2.784665152039667912e+00 2.467235710123469872e+00
9.146190333536535988e+00 6.049196168531330464e+00 1.402891603107933705e+01 1.346099167081222703e+01 2.918362851072003661e+00 2.481331419352444279e+00
8.169001760483334706e+00 6.330021499403891028e+00 1.431049717384261299e+01 1.391760450886877898e+01 2.819026168086482098e+00 2.355753479456885291e+00
6.537021343769009007e+00 5.506198377869938376e+00 1.339314137071509947e+01 1.337665554791584022e+01 2.630065616679864160e+00 2.228435472470604584e+00
6.537021343769009007e+00 5.506198377869938376e+00 1.339314137071509947e+01 1.337665554791584022e+01 2.630065616679864160e+00 2.228435472470604584e+00
6.859286260204873642e+00 6.553801350870212872e+00 1.228503191308657883e+01 1.245313116681186472e+01 2.728079180948356441e+00 2.850919536771713059e+00
8.611410555960004487e+00 9.595873238655199700e+00 1.252010452427448506e+01 1.236144888709187839e+01 2.938671918915453762e+00 3.514513346399775084e+00
1.115943963807308670e+01 1.270336566721466021e+01 1.521710832436330385e+01 1.497687834481316749e+01 3.297862589073820239e+00 3.966025106783063858e+00
1.396597246335816145e+01 1.540169360279996624e+01 1.842044674795525694e+01 1.836680268643277003e+01 3.830516191812186833e+00 4.287098023428904447e+00
1.768858969873530640e+01 1.656464285319696828e+01 2.120787486083025897e+01 2.120005142027843092e+01 4.665891393057680858e+00 4.486857289935170634e+00
1.949048441751802940e+01 1.842759391229904864e+01 2.303869719882577982e+01 2.322463913115952039e+01 5.163279538829218751e+00 5.144947802202302078e+00
2.017769720619916285e+01 1.872174432789002196e+01 2.393543434836021433e+01 2.430890167479381958e+01 5.700159356231587537e+00 5.665170943295886552e+00
1.928620113103918854e+01 1.729519808183964358e+01 2.419226673170085107e+01 2.436578392664895532e+01 5.979292373144676986e+00 5.706056571021052903e+00
1.876288162608899412e+01 1.668600097740097965e+01 2.402312056018798003e+01 2.353471396882722289e+01 3.636372617294431731e+00 2.625752429671768695e+00
1.914235474149877803e+01 1.737068213946664130e+01 2.345446183600688173e+01 2.225957400277463449e+01 3.966255798773907326e+00 3.245189687524059785e+00
1.966944612678095439e+01 1.862828541628946866e+01 2.249714190351878429e+01 2.120026092111893945e+01 3.810872373863388063e+00 3.103829378700762032e+00
1.984585694185185289e+01 2.017792483167655249e+01 2.145435590600427744e+01 2.091899232669684139e+01 3.247653896080139546e+00 2.893055964659669410e+00
2.174003193021571434e+01 1.951447425765601551e+01 2.213345040393075536e+01 2.192715096948913356e+01 3.129826742669502782e+00 2.507097929733418606e+00
2.282036459905843273e+01 1.884690872023727692e+01 2.352646489611328917e+01 2.428710214267622192e+01 3.673686011209638114e+00 1.851784547699545813e+00
2.281332560805035570e+01 1.818799924223895914e+01 2.273159921607106426e+01 2.346707009837034974e+01 4.164892933288491861e+00 1.527416148475125413e+00
2.128184764119140837e+01 1.774108262693499327e+01 2.316218643740763028e+01 2.295021515412485158e+01 4.386842451428818457e+00 1.593675427634017261e+00
1.820961090990210707e+01 1.721869407780400962e+01 2.412952199478249327e+01 2.294561944667900732e+01 4.249606946139733665e+00 1.912136955428334728e+00
1.402272667960532893e+01 1.578178216444516657e+01 2.528714765375766405e+01 2.367226722336638289e+01 3.717068263040956833e+00 2.158631952604840087e+00
9.337631467345055114e+00 1.249020878563912795e+01 2.636970386064390226e+01 2.495209204107035106e+01 2.782634315069974829e+00 1.967125146688607495e+00
4.617840106371467357e+00 6.999626085220201688e+00 2.705739823794495535e+01 2.625749432712049725e+01 1.496910572196760825e+00 1.188205269708509704e+00
4.553115645796607631e-14 2.501813429574990237e-15 3.789142623399147959e-03 3.789142623401021460e-03 1.603276698462356361e-14 4.169627376834553180e-15
