-3.745740196341412862e-04 -3.708242372110161960e-04 -2.141136363214594062e-04 6.967603708268355511e+00 6.967603709423562108e+00 1.648394199161735685e+01 1.866154826094911101e+01 1.944204595085489728e+01 1.944204595102176114e+01 1.974749448048693523e+01 1.974749448111546712e+01 2.158655282002429843e+01
1.172065124080757109e-01 1.251401156945024795e-01 2.170311515259510382e-01 6.968927163889740761e+00 6.971886769097562109e+00 1.648295810582929377e+01 1.866152045151980587e+01 1.944200204990116632e+01 1.944337848939096602e+01 1.974753963606699259e+01 1.976234564824353157e+01 2.158647561960331629e+01
2.345000644793066857e-01 2.503250276323569778e-01 4.340512484081042732e-01 6.972895579018681289e+00 6.984705978827511430e+00 1.648001044441005547e+01 1.866143808819213135e+01 1.944193348003057409e+01 1.944736034544264669e+01 1.974767808251760215e+01 1.980663812678906410e+01 2.158624391523952823e+01
3.519635328725756462e-01 3.755968584180626180e-01 6.510478364509048044e-01 6.979503045606060496e+00 7.005972182936038628e+00 1.647511085750657145e+01 1.866130418690376658e+01 1.944196514106850771e+01 1.945394420210474706e+01 1.974791902793971587e+01 1.987965946118813676e+01 2.158585741345704179e+01
4.696734958953022177e-01 5.009972725025587659e-01 8.680084279031191619e-01 6.988739542425216555e+00 7.035539264444356178e+00 1.646827864629682026e+01 1.866112329501397227e+01 1.944219053543385556e+01 1.946305100695741075e+01 1.974827874756089585e+01 1.998035676112366943e+01 2.158531567760704206e+01
5.876971030417575959e-01 6.265654625466428040e-01 1.084919390534939243e+00 7.000590706742563896e+00 7.073207722568223943e+00 1.645953992291060075e+01 1.866090106964168527e+01 1.944264993726736890e+01 1.947456947204776867e+01 1.974878215448099539e+01 2.010738667473523478e+01 2.158461820560433964e+01
7.060901385602882385e-01 7.523375686084675662e-01 1.301765578420995162e+00 7.015037572706452451e+00 7.118729423364707820e+00 1.644892677757690080e+01 1.866064401732585765e+01 1.944335148110393874e+01 1.948835490264836423e+01 1.974946539793693745e+01 2.025913081173999686e+01 2.158376453676905982e+01
8.248958435749075280e-01 8.783461053228350801e-01 1.518529878657099541e+00 7.032056321222848183e+00 7.171813292759124714e+00 1.643647630805763526e+01 1.866035941177148061e+01 1.944429195910073460e+01 1.950422677038707420e+01 1.975038001144735134e+01 2.043371762568352779e+01 2.158275438571579130e+01
9.441445097432874523e-01 1.004619477487749934e+00 1.735192718788692190e+00 7.051618082998081682e+00 7.232131690676285807e+00 1.642222957192669952e+01 1.866005532057944194e+01 1.944546723926702469e+01 1.952196408039414166e+01 1.975159949137137261e+01 2.062905855699289148e+01 2.158158780054777282e+01
1.063853758925027426e+00 1.131181597367497904e+00 1.951731550079546240e+00 7.073688827615782770e+00 7.299327193921904211e+00 1.640623052230652235e+01 1.865974066598889181e+01 1.944687590181607817e+01 1.954129701125847873e+01 1.975322975586167118e+01 2.084289261330481224e+01 2.158026534185695056e+01
1.184029369375542817e+00 1.258051605860229349e+00 2.168120322235320252e+00 7.098229359302225205e+00 7.373019522618679211e+00 1.638852498294614435e+01 1.865942527435581155e+01 1.944851995617629825e+01 1.956189248480068699e+01 1.975542575973609161e+01 2.107283350434295244e+01 2.157878827818997536e+01
1.304666484350130107e+00 1.385243694345193566e+00 2.384328966638388003e+00 7.125195427126638670e+00 7.452812367279692651e+00 1.636915971015499949e+01 1.865911989766953027e+01 1.945040459052942694e+01 1.958333048374977636e+01 1.975841738753677390e+01 2.131641568994315605e+01 2.157715879270385528e+01
1.425751039421074173e+00 1.512767020483717806e+00 2.600322905203214852e+00 7.154537945960790069e+00 7.538299906863882072e+00 1.634818157847157138e+01 1.865883620649456631e+01 1.945253771348860639e+01 1.960506853138443972e+01 1.976254716160559610e+01 2.157113729581818262e+01 2.157538019469813761e+01
1.547261263738965109e+00 1.640625708941815919e+00 2.816062600604969823e+00 7.186203315918462842e+00 7.629072847969566418e+00 1.632563691541561823e+01 1.865858675965091962e+01 1.945492953016558246e+01 1.962639911921734992e+01 1.976831494186840388e+01 2.157345712857619446e+01 2.183449878792999854e+01
1.669169140259763706e+00 1.768818926716789086e+00 3.031503161290863169e+00 7.220133822665477652e+00 7.724723857528462467e+00 1.630157099942991650e+01 1.865838495662488583e+01 1.945759220538205270e+01 1.964643189149427016e+01 1.977639778335042919e+01 2.157139577157092702e+01 2.210403687314971322e+01
1.791441743606774883e+00 1.897341022303919322e+00 3.246594011821505532e+00 7.256268098709517389e+00 7.824852302516275948e+00 1.627602772505281692e+01 1.865824497751193789e+01 1.946053960733116739e+01 1.966418594061008562e+01 1.978755958335321097e+01 2.156920401030245671e+01 2.237735347970434674e+01
1.914042406380313421e+00 2.026181718135342980e+00 3.461278636134934139e+00 7.294541625921248773e+00 7.929068247762764088e+00 1.624904943103841859e+01 1.865818171383872226e+01 1.946378711145425910e+01 1.967888078766565840e+01 1.980236193991916949e+01 2.156689158497350434e+01 2.265213993692762173e+01
2.036931692032771135e+00 2.155326346351154054e+00 3.675494398578087019e+00 7.334887261335656383e+00 8.036995695334534062e+00 1.622067688080776549e+01 1.865821069244224617e+01 1.946735144501630899e+01 1.969029342006285788e+01 1.982080885357265743e+01 2.156447018883966038e+01 2.292619665126362705e+01
2.160068173384162904e+00 2.284756118848610296e+00 3.889172445182635940e+00 7.377235771008467502e+00 8.148275075438276005e+00 1.619094938028106512e+01 1.865834799378355413e+01 1.947125055690151285e+01 1.969880952338894531e+01 1.984229714507342379e+01 2.156195350964319957e+01 2.319744868286403872e+01
2.283409030340957546e+00 2.414448423549783396e+00 4.102237685747923912e+00 7.421516359776580529e+00 8.262565019285377232e+00 1.615990501563592119e+01 1.865861016557284913e+01 1.947550350113233364e+01 1.970511161735518613e+01 1.986592989354414485e+01 2.155935719914046089e+01 2.346395767964072832e+01
2.406910489132953135e+00 2.544377139824244960e+00 4.314608855820142530e+00 7.467657187784325856e+00 8.379543459279062745e+00 1.612758099258664757e+01 1.865901413229006423e+01 1.948013032574138492e+01 1.970985928150641797e+01 1.989083772559121144e+01 2.155669875690352555e+01 2.372393063711265881e+01
2.530528129557648942e+00 2.674512966934958325e+00 4.526198656568061196e+00 7.515585867344958260e+00 8.498908111927232056e+00 1.609401405907090776e+01 1.865957710102464162e+01 1.948515196089748613e+01 1.971355999707763473e+01 1.991630944569041617e+01 2.155399731549473685e+01 2.397572593517595152e+01
2.654217087556370647e+00 2.804823760203515537e+00 4.736913969774335875e+00 7.565229935987932031e+00 8.620376404867933218e+00 1.605924099444576214e+01 1.866031646397924249e+01 1.949059010179548679e+01 1.971656961927908114e+01 1.994179300862556659e+01 2.155127331618414388e+01 2.421785706744391575e+01
2.777932179076950003e+00 2.935274870304780404e+00 4.946656144604111738e+00 7.616517303365307079e+00 8.743684912150186506e+00 1.602329915015654294e+01 1.866124969795308886e+01 1.949646708296109310e+01 1.971913098695788946e+01 1.996685833861391401e+01 2.154854806788395294e+01 2.444899443330443134e+01
2.901627968517411116e+00 3.065829481700887094e+00 5.155321352405040969e+00 7.669376671075702312e+00 8.868588362200533481e+00 1.598622702910985716e+01 1.866239426112197108e+01 1.950280574144940360e+01 1.972141058702806404e+01 1.999116208390786298e+01 2.154584318713419933e+01 2.466796551345498756e+01
3.025258801792223284e+00 3.196448946727177276e+00 5.362801005472906724e+00 7.723737925458276976e+00 8.994858281375494258e+00 1.594806489347528355e+01 1.866376748745416236e+01 1.950962926704180944e+01 1.972352473293602770e+01 2.001442284654122616e+01 2.154317992388794778e+01 2.487375370066689584e+01
3.148778820683955093e+00 3.327093112261214181e+00 5.568982235435682604e+00 7.779532504070052035e+00 9.122281333173956952e+00 1.590885539322327524e+01 1.866538647914019222e+01 1.951696103804655991e+01 1.972555662255356879e+01 2.003640551190018471e+01 2.154057838640446221e+01 2.506549601163170493e+01
3.272141971939206861e+00 3.457720636261311764e+00 5.773748426624844221e+00 7.836693736947891509e+00 9.250657409457339497e+00 1.586864421028947447e+01 1.866726799746584220e+01 1.952482444173668341e+01 1.972756712581326610e+01 2.005691180786884331e+01 2.153805668836797693e+01 2.524247986451632286e+01
3.395302021698638928e+00 3.588289291768882450e+00 5.976979799485769185e+00 7.895157163930617727e+00 9.379797525687060045e+00 1.582748071578280324e+01 1.866942835262314304e+01 1.953324267885188448e+01 1.972960155829880335e+01 2.007577480703279704e+01 2.153563005166638789e+01 2.540413907101283186e+01
3.518212583382731573e+00 3.718756256243865632e+00 6.178554038691059347e+00 7.954860829340314687e+00 9.509521567431461264e+00 1.578541864009805629e+01 1.867188329303175820e+01 1.954223855197359327e+01 1.973169392573887038e+01 2.009285584706582384e+01 2.153330990799377176e+01 2.555004916135333559e+01
3.640827165091581108e+00 3.849078384356848570e+00 6.378346960113261410e+00 8.015745555275152867e+00 9.639655930348091317e+00 1.574251675814014817e+01 1.867464789483262422e+01 1.955183423797223696e+01 1.973386955908421925e+01 2.010804290218118595e+01 2.153110305021340665e+01 2.567992213574487437e+01
3.763099240879028695e+00 3.979212462605409506e+00 6.576233210103474391e+00 8.077755194758310608e+00 9.770031090593072065e+00 1.569883959411474983e+01 1.867773645231651614e+01 1.956205104513598059e+01 1.973614669809742139e+01 2.012124979632984889e+01 2.152901088875999847e+01 2.579360071553592348e+01
3.884982348876461433e+00 4.109115444362044123e+00 6.772086989452993144e+00 8.140836866210813483e+00 9.900479137209387659e+00 1.565445815248052419e+01 1.868116237015900438e+01 1.957290915602893477e+01 1.973853735905757034e+01 2.013241587205354932e+01 2.152702886795681891e+01 2.589105215162788909e+01
4.006430218097103868e+00 4.238744664202974022e+00 6.965782792675666357e+00 8.204941171512638576e+00 1.003083129255893802e+01 1.560945068367428767e+01 1.868493805844694577e+01 1.958442735760008802e+01 1.974104768582565228e+01 2.014150587181505969e+01 2.152514609113002919e+01 2.597236163564591038e+01
4.127396924785091237e+00 4.368058030614127674e+00 7.157196150196455164e+00 8.270022401967830561e+00 1.016091544137095681e+01 1.556390349506464510e+01 1.868907483159635774e+01 1.959662276057479602e+01 1.974367789815095620e+01 2.014850988626774964e+01 2.152334519172604743e+01 2.603772535065673210e+01
4.247837078315251702e+00 4.497014196425298316e+00 7.346204355275035347e+00 8.336038741234526483e+00 1.029055368360875278e+01 1.551791181917196027e+01 1.869358281236993591e+01 1.960951051070789219e+01 1.974642189552205807e+01 2.015344329663802725e+01 2.152160247110078828e+01 2.608744319229025166e+01
4.367706035842181755e+00 4.625572706585476368e+00 7.532687145832210440e+00 8.402952484966661473e+00 1.041955992130734643e+01 1.547158075234998265e+01 1.869847084230000078e+01 1.962310349505853679e+01 1.974926653663083087e+01 2.015634669687784353e+01 2.151988830396552643e+01 2.612191118756360453e+01
4.486960144090603286e+00 4.753694123161986695e+00 7.716527285913763912e+00 8.470730321468394663e+00 1.054773748512008602e+01 1.542502627759189870e+01 1.870374639990017585e+01 1.963741204705495846e+01 1.975219058662127480e+01 2.015728583012199593e+01 2.151816779199789664e+01 2.614161363716145914e+01
4.605557005829591155e+00 4.881340127718568844e+00 7.897610931212639684e+00 8.539343777255229639e+00 1.067487680300226316e+01 1.537837638447905597e+01 1.870941552810148067e+01 1.965244365473980537e+01 1.975516330341199378e+01 2.015635161397606367e+01 2.151640162743842666e+01 2.614711500708336800e+01
4.723455767652156467e+00 5.008473601503039774e+00 8.075827504923813294e+00 8.608770089067636633e+00 1.080075311195254528e+01 1.533177229689539622e+01 1.871548277236664504e+01 1.966820267721038817e+01 1.975814262031877178e+01 2.015366035813465473e+01 2.151454711389992625e+01 2.613905159716597737e+01
4.840617424675313529e+00 5.135058684145039187e+00 8.251068339112942240e+00 8.678994234774162209e+00 1.092512421503312758e+01 1.528536981403655659e+01 1.872195113091663643e+01 1.968469007486963207e+01 1.976107287839747073e+01 2.014935429072630768e+01 2.151255928272906459e+01 2.611812301679580628e+01
4.957005136678400703e+00 5.261060811826154371e+00 8.423221672172610752e+00 8.750014520365608561e+00 1.104772829141983870e+01 1.523934076108888647e+01 1.872882201843887628e+01 1.970190315965856342e+01 1.976388207705410593e+01 2.014360249726775365e+01 2.151039204072418798e+01 2.608508350193962855e+01
5.072584549032113976e+00 5.386446736129752111e+00 8.592154074541413777e+00 8.821861639214390038e+00 1.116828177895181540e+01 1.519387453083927930e+01 1.873609524453534902e+01 1.971983537191796643e+01 1.976647866218193883e+01 2.013660232186561316e+01 2.150799928849635734e+01 2.604073311224329501e+01
5.187324110573208635e+00 5.511184525002136958e+00 8.757617798059197156e+00 8.894691697606425862e+00 1.128647736916185096e+01 1.514917967385084907e+01 1.874376900800966439e+01 1.973847609088920052e+01 1.976874798540302081e+01 2.012858115744749909e+01 2.150533595712193957e+01 2.598590885219164903e+01
5.301195379409644914e+00 5.635243547452719604e+00 8.918225175782328762e+00 8.969812070617125599e+00 1.140198218737345570e+01 1.510548545944836007e+01 1.875183990788466204e+01 1.975781048607274215e+01 1.977054878694211837e+01 2.011979832093951970e+01 2.150235892235108892e+01 2.592147576598598491e+01
5.414173306580996936e+00 5.758594443781621663e+00 9.036940736122227591e+00 9.084189417351455020e+00 1.151443627901845623e+01 1.506304327876840965e+01 1.876030297178969874e+01 1.977171042523444555e+01 1.977781941667370447e+01 2.011054632520348306e+01 2.149902776875249444e+01 2.584831806166678447e+01
5.526236486648595125e+00 5.881209083246313085e+00 9.113678183617839323e+00 9.237852698548463692e+00 1.162345159180547149e+01 1.502212769062670183e+01 1.876915170206277494e+01 1.977203212083917094e+01 1.979847938613421476e+01 2.010115030152604731e+01 2.149530538920756229e+01 2.576733032585989136e+01
5.637367363767103789e+00 6.003060511158874846e+00 9.189328764944338701e+00 9.389864676047842806e+00 1.172861173459416939e+01 1.498303681811342081e+01 1.877837813958106139e+01 1.977128612218863069e+01 1.981976255823848732e+01 2.009196367415169959e+01 2.149115841689929596e+01 2.567940889610145305e+01
5.747552381713445513e+00 6.124122887438194773e+00 9.265386022243891517e+00 9.538696893175288238e+00 1.182947290724487033e+01 1.494609168921418529e+01 1.878797294497124426e+01 1.976922713106388230e+01 1.984163684044071729e+01 2.008335774763867576e+01 2.148655749660582970e+01 2.558544346273535197e+01
5.856782066840636070e+00 6.244371418629165227e+00 9.342024255978937930e+00 9.684150818136647132e+00 1.192556652349242086e+01 1.491163398618695446e+01 1.879792549646196775e+01 1.976560992057522270e+01 1.986406603887682110e+01 2.007570326492112400e+01 2.148147740936423489e+01 2.548630897659234051e+01
5.965051034080680381e+00 6.363782285339245171e+00 9.419284257802230442e+00 9.826171597303629213e+00 1.201640417037307884e+01 1.488002154655658948e+01 1.880822400323154397e+01 1.976021508023825746e+01 1.988701008795897707e+01 2.006934398649450912e+01 2.147589706942634535e+01 2.538285794176970711e+01
6.072357908006679850e+00 6.482332566936463536e+00 9.497173836091617360e+00 9.964746905960529588e+00 1.210148562297519703e+01 1.485162088333136410e+01 1.881885563268022565e+01 1.975287910480551190e+01 1.991042535551445525e+01 2.006456605553774253e+01 2.146979941513016499e+01 2.527591317455081921e+01
6.178705153592538579e+00 6.600000165202519753e+00 9.575687525665593114e+00 1.009988651762854772e+01 1.218031059881093547e+01 1.482679602684910769e+01 1.882980664962390094e+01 1.974352113824067345e+01 1.993426502213366902e+01 2.006157081728360225e+01 2.146317121623672008e+01 2.516626110957684404e+01
6.284098814629048846e+00 6.716763728443743808e+00 9.654811884627390484e+00 1.023161620348440692e+01 1.225239470898573835e+01 1.480589321841689632e+01 1.884106256497216947e+01 1.973215761712161864e+01 1.995847953078045478e+01 2.006045982762741531e+01 2.145600281985600688e+01 2.505464573257837557e+01
6.388548161641637968e+00 6.832602577336164273e+00 9.734527042223634297e+00 1.035997531358253276e+01 1.231728956262361585e+01 1.478922148752771903e+01 1.885260829102848845e+01 1.971889982827509513e+01 1.998301709986232311e+01 2.006123701598801645e+01 2.144828785571083429e+01 2.494176321511253747e+01
6.492065255410307323e+00 6.947496633523257081e+00 9.814807070346667217e+00 1.048501548321450727e+01 1.237460617339832503e+01 1.477702995316369972e+01 1.886442830014470573e+01 1.970393621830396214e+01 2.000782428996518902e+01 2.006382614574884471e+01 2.144002291951555961e+01 2.482825732071161084e+01
6.594664436551424203e+00 7.061426351700802684e+00 9.895619982831297179e+00 1.060679967582575678e+01 1.242403978087651772e+01 1.476948372712507584e+01 1.887650678309329777e+01 1.968750662610039015e+01 2.003284661146232892e+01 2.006809638371582949e+01 2.143120725095723245e+01 2.471471564358346029e+01
6.696361755772264779e+00 7.174372655618764583e+00 9.976927668708871266e+00 1.072540127081927963e+01 1.246539317535933833e+01 1.476664132274202856e+01 1.888882780320733090e+01 1.966987646835456971e+01 2.005802915738083669e+01 2.007388793283836748e+01 2.142184242036851316e+01 2.460166673054592934e+01
6.797174363021243337e+00 7.286316878110345563e+00 1.005868589659063694e+01 1.084090307193937264e+01 1.249859498735589547e+01 1.476843710133485388e+01 1.890137544210393372e+01 1.965131614363813028e+01 2.008103244865937498e+01 2.008331724344013836e+01 2.141193203581688209e+01 2.448957812434651515e+01
6.897119876511578873e+00 7.397240704927673605e+00 1.014084445953535507e+01 1.095339617775230856e+01 1.252370956627348342e+01 1.477467212678774544e+01 1.891413393267671239e+01 1.963208732626008057e+01 2.008936655613638678e+01 2.010865703526959436e+01 2.140148148009322782e+01 2.437885535212591037e+01
6.996215754229309525e+00 7.507126121828624932e+00 1.022334749697219003e+01 1.106297868638297821e+01 1.254093621056080465e+01 1.478501566233808440e+01 1.892708777504265072e+01 1.961243536656395747e+01 2.009873923978569366e+01 2.013399614166356244e+01 2.139049768501195459e+01 2.426984186683147016e+01
7.094478690861677705e+00 7.615955364022558349e+00 1.030613401056151979e+01 1.116975422427802656e+01 1.255059741489812986e+01 1.479901764158671540e+01 1.894022183128114634e+01 1.959258605996976144e+01 2.010901483625099218e+01 2.015928415251138972e+01 2.137898894855165821e+01 2.416281993226454361e+01
7.191924062027516662e+00 7.723710866749990522e+00 1.038913857629602688e+01 1.127383030153276877e+01 1.255311788882207047e+01 1.481613035801740885e+01 1.895352139512512935e+01 1.957274507717004397e+01 2.012007333011424848e+01 2.018447310087010393e+01 2.136696479866723308e+01 2.405801242462741740e+01
7.288565435303163476e+00 7.830375215445307013e+00 1.047229224263469050e+01 1.137531650743008882e+01 1.254899768270864158e+01 1.483573603661416307e+01 1.896697223326312454e+01 1.955309877025532472e+01 2.013180923330749295e+01 2.020951783057581963e+01 2.135443590607542319e+01 2.395558550546914844e+01
7.384414163981737111e+00 7.935931093615486098e+00 1.055552359294366660e+01 1.147432257046987480e+01 1.253878337036341506e+01 1.485717633839199792e+01 1.898056059558392406e+01 1.953381552729767279e+01 2.014412987276503486e+01 2.023437625377585292e+01 2.134141404693367505e+01 2.385565210341773223e+01
7.479479075050082137e+00 8.040361226264678862e+00 1.063875993977914014e+01 1.157095631756028276e+01 1.252304084900794479e+01 1.487978023735695210e+01 1.899427319252252744e+01 1.951504720369226220e+01 2.015695355737960526e+01 2.025900948666706469e+01 2.132791211507102247e+01 2.375827612567087854e+01
7.573766257859690931e+00 8.143648316404309639e+00 1.072192860881603593e+01 1.166532157693837846e+01 1.250233225861158814e+01 1.490288776817108030e+01 1.900809713861795558e+01 1.949693039426930241e+01 2.017020786198306581e+01 2.028338185631017510e+01 2.131394418226479814e+01 2.366347730554047146e+01
7.667278954784738865e+00 8.245774971914158868e+00 1.080495826197628162e+01 1.175751607823527678e+01 1.247719825863643095e+01 1.492586840630455569e+01 1.902201986242683063e+01 1.947958745116116930e+01 2.018382812762792966e+01 2.030746077634073288e+01 2.129952560396450068e+01 2.357123658001952293e+01
7.760017550180111634e+00 8.346723619759407242e+00 1.088778020314583550e+01 1.184762941017655358e+01 1.244814580789446445e+01 1.494813393420933068e+01 1.903602898400103882e+01 1.946312723014221646e+01 2.019775620235030900e+01 2.033121649434911049e+01 2.128467316682246846e+01 2.348150188189413257e+01
7.851979649511329207e+00 8.446476404321808573e+00 1.097032960643062438e+01 1.193574110093996055e+01 1.241564085829219088e+01 1.496914638120735930e+01 1.905011216218152725e+01 1.944764558761457351e+01 2.021193940979950199e+01 2.035462171828506328e+01 2.126940527338421205e+01 2.339419422476522215e+01
7.943160236896809501e+00 8.545015066366172363e+00 1.105254660675289102e+01 1.202191888747814907e+01 1.238010500904948508e+01 1.498842198818813465e+01 1.906425691493345909e+01 1.943322566824294384e+01 2.022632971785264999e+01 2.037765113312222098e+01 2.125374215830190749e+01 2.330921395671538221e+01
8.033551896658575942e+00 8.642320798932889403e+00 1.113437719611252241e+01 1.210621723765316382e+01 1.234191508953734129e+01 1.500553222599586256e+01 1.907845041681161291e+01 1.941993802951313342e+01 2.024088307537960318e+01 2.040028082194610803e+01 2.123770612945309111e+01 2.322644705929479514e+01
8.123145082905717018e+00 8.738374076216869568e+00 1.121577387611096910e+01 1.218867618264427932e+01 1.230140473463310435e+01 1.502010280027279165e+01 1.909267927837342427e+01 1.940784064987981949e+01 2.025555888684750627e+01 2.042248760747429515e+01 2.122132182636148201e+01 2.314577137282746477e+01
8.211928420667005568e+00 8.833154451254895179e+00 1.129669602805918593e+01 1.225886719129044877e+01 1.226932050701336685e+01 1.503181140082529943e+01 1.910692931294351027e+01 1.939697886468796284e+01 2.027031959829630381e+01 2.044424833079698445e+01 2.120461648732047522e+01 2.306706263635928522e+01
8.299889022555431595e+00 8.926640317988491446e+00 1.137710997544458813e+01 1.221455878499469705e+01 1.234815933072007610e+01 1.504038476429453475e+01 1.912118529658869193e+01 1.938738527019855695e+01 2.028513037275546438e+01 2.046553908400643706e+01 2.118762021560545250e+01 2.299020024028069642e+01
8.387012806239843243e+00 9.018808632984798734e+00 1.145698872861615314e+01 1.216870264531682544e+01 1.242518610235874554e+01 1.504559544973269780e+01 1.913543072751618368e+01 1.937907963152742852e+01 2.029995883763838194e+01 2.048633441268694355e+01 2.117036623412241170e+01 2.291507260099291088e+01
8.473284799927062849e+00 9.109634591772222123e+00 1.153631141687661632e+01 1.212149242714952102e+01 1.250037900732358764e+01 1.504725859136318000e+01 1.914964759140299222e+01 1.937206882544682074e+01 2.031477489071840381e+01 2.050660650341641045e+01 2.115289111677442335e+01 2.284158207904808435e+01
8.558689425414996776e+00 9.199091254365107773e+00 1.161506242724407656e+01 1.207309586693269132e+01 1.257370178001888661e+01 1.504522879274192881e+01 1.916381613945616280e+01 1.936634684399453832e+01 2.032955055485639306e+01 2.052632437106205998e+01 2.113523498373386644e+01 2.276964937399587896e+01
8.643210750858015601e+00 9.287149114097521974e+00 1.169323028051394253e+01 1.202365808565626359e+01 1.264510489707752683e+01 1.503939725718787557e+01 1.917791468634765550e+01 1.936189487985463842e+01 2.034425987470827124e+01 2.054545306140822802e+01 2.111744164669491752e+01 2.269921733967904132e+01
8.726832708001593275e+00 9.373775603345302798e+00 1.177080628269410845e+01 1.197330459900702060e+01 1.271452712007545749e+01 1.502968920415238152e+01 1.919191943562078606e+01 1.935868150971252888e+01 2.035887885121922380e+01 2.056395288729356352e+01 2.109955868906864751e+01 2.263025417188573840e+01
8.809539271134463334e+00 9.458934529074726427e+00 1.184778299251246025e+01 1.192214402592714251e+01 1.278189735232703583e+01 1.501606159366809123e+01 1.920580434077090359e+01 1.935666298746717828e+01 2.037338541183045848e+01 2.058177872177910217e+01 2.108163746501628921e+01 2.256275592504555760e+01
8.891314597246998019e+00 9.542585430405102542e+00 1.187027050532505790e+01 1.192415254298090765e+01 1.284713677554154643e+01 1.499850116563685098e+01 1.921954101098963008e+01 1.935578365552546032e+01 2.038775941598193597e+01 2.059887938077828551e+01 2.106373300027396311e+01 2.249674831505618400e+01
8.972143128788291122e+00 9.624682849506653426e+00 1.181776584079102399e+01 1.199990484672408542e+01 1.291016123862237386e+01 1.497702279317175389e+01 1.923309867153148645e+01 1.935597647958983814e+01 2.040198269664319852e+01 2.061519714086603017e+01 2.104590377703999593e+01 2.243228776048100315e+01
9.052009661927236550e+00 9.705175506179703149e+00 1.176470139790614944e+01 1.207502570089066118e+01 1.297088388273121673e+01 1.495166814632533381e+01 1.924644418978058980e+01 1.935716371047781337e+01 2.041603913914422463e+01 2.063066745626488085e+01 2.102821138498254783e+01 2.236946160368304959e+01
9.130899384327991086e+00 9.784005365391198694e+00 1.171113978021129576e+01 1.214949478787070625e+01 1.302921800398397600e+01 1.492250466208419901e+01 1.925954217928481427e+01 1.935925767555910326e+01 2.042991479833873569e+01 2.064521896238638021e+01 2.101072002099548186e+01 2.230838743696497772e+01
9.208797887154947404e+00 9.861106585907787547e+00 1.165713630959537639e+01 1.222328354238533876e+01 1.308508017812620317e+01 1.488962481699038420e+01 1.927235519514885098e+01 1.936216170219518062e+01 2.044359805386013917e+01 2.065877388085456445e+01 2.099349582212754584e+01 2.224921143759884146e+01
9.285691156357930964e+00 9.936404336998890585e+00 1.160274033581236353e+01 1.229635282292248100e+01 1.313839370111055516e+01 1.485314569918041627e+01 1.928484403502836031e+01 1.936577117579519935e+01 2.045707980057813202e+01 2.067124896986597449e+01 2.097660601973002770e+01 2.219210559281535211e+01
9.361565548301060247e+00 1.000981346901477842e+01 1.154799639883954576e+01 1.236865028436303859e+01 1.318909243726879765e+01 1.481320887636628925e+01 1.929696816025662898e+01 1.936997473529607561e+01 2.047035366688761471e+01 2.068255718830251411e+01 2.096011790907358119e+01 2.213726367747910473e+01
9.436407754543830961e+00 1.008123702244082232e+01 1.149294526759147850e+01 1.244010729652729452e+01 1.323712521521279051e+01 1.476998055483635675e+01 1.930868625098564451e+01 1.937465560845098622e+01 2.048341624662339910e+01 2.069261025232540163e+01 2.094409763838425320e+01 2.208489584359692515e+01
9.510204760122668688e+00 1.015056455856525375e+01 1.143762488004803579e+01 1.251063518712692435e+01 1.328246097392684355e+01 1.472365202146162488e+01 1.931995690717736380e+01 1.937969308763034704e+01 2.049626732059582324e+01 2.070132224453024961e+01 2.092860883545481698e+01 2.203522170716203021e+01
9.582943799073833091e+00 1.021767029243191871e+01 1.138207121471633876e+01 1.258012050422046535e+01 1.332509494085501167e+01 1.467444035537126901e+01 1.933073950332271096e+01 1.938496414327376627e+01 2.050891003035931348e+01 2.070861436949533640e+01 2.091371110971929070e+01 2.198846189322506817e+01
9.654612310242894679e+00 1.028241100322674306e+01 1.132631913462177131e+01 1.264841889233999161e+01 1.336505622071681465e+01 1.462258938758828997e+01 1.934099519838336789e+01 1.939034516617788029e+01 2.052135094925657910e+01 2.071442081722639728e+01 2.089945849384093535e+01 2.194482814338584831e+01
9.725197895690360639e+00 1.034462368328287063e+01 1.127040326943310866e+01 1.271534706645022261e+01 1.340241728006531829e+01 1.456837087433035371e+01 1.935068809322395111e+01 1.939571382119998333e+01 2.053359997343578058e+01 2.071869548795610072e+01 2.088589792214366980e+01 2.190451231098748863e+01
9.794688283270607698e+00 1.040412285044984486e+01 1.121435905459489923e+01 1.278067228055854443e+01 1.343730589678157550e+01 1.451208583131742280e+01 1.935978651555216246e+01 1.940095098382782268e+01 2.054566992768712907e+01 2.072141906018308788e+01 2.087306788410885261e+01 2.186767485592286064e+01
9.863071294263148658e+00 1.046069735189449013e+01 1.115822416826982000e+01 1.284409870865213321e+01 1.346992012056965216e+01 1.445406595031027486e+01 1.936826439734036143e+01 1.940594271804062387e+01 2.055757574622356287e+01 2.072260559563234850e+01 2.086099744033453973e+01 2.183443375570800526e+01
9.930334816294314138e+00 1.051410622223380109e+01 1.110204090801373944e+01 1.290525048190231594e+01 1.350054646321781071e+01 1.439467498297289794e+01 1.937610269269567098e+01 1.941058224017937306e+01 2.056933304385263384e+01 2.072230765496344063e+01 2.084970584767027901e+01 2.180485498622035934e+01
9.996466781216710729e+00 1.056407238325095754e+01 1.104586087358979185e+01 1.296365215568803109e+01 1.352958050832237547e+01 1.433430992879882560e+01 1.938329076674744300e+01 1.941477180092310562e+01 2.058095583152809382e+01 2.072061885206014509e+01 2.083920311477810827e+01 2.177894578684592375e+01
1.006145514711636579e+01 1.061027044629398652e+01 1.098975591159721610e+01 1.301870978176857463e+01 1.355754673079274752e+01 1.427340180180662799e+01 1.938982767067241397e+01 1.941842440809156400e+01 2.059245303830706675e+01 2.071767298641212918e+01 2.082949191074281714e+01 2.175665172432384509e+01
1.012528788319050577e+01 1.065229514610135020e+01 1.093384908675326805e+01 1.306970029324945770e+01 1.358510978859547613e+01 1.421241567550472062e+01 1.939572320742077238e+01 1.942146530909112556e+01 2.060382335477236282e+01 2.071363937191225446e+01 2.082057139990241268e+01 2.173785809474582109e+01
1.018795295587045757e+01 1.068954815671640723e+01 1.087842830877516143e+01 1.311578339025950157e+01 1.361306307548083439e+01 1.415184962162772919e+01 1.940099869016531642e+01 1.942383315523944631e+01 2.061504767406989558e+01 2.070871463068920804e+01 2.081244381096093932e+01 2.172239554646039394e+01
1.024943831423792950e+01 1.072060099343173079e+01 1.082458537486758310e+01 1.315605487982944233e+01 1.364227556642095252e+01 1.409223207616214957e+01 1.940568730361518135e+01 1.942548078192721661e+01 2.062607803869419598e+01 2.070311186271696968e+01 2.080512490393716618e+01 2.171004914520112905e+01
1.030973187247654543e+01 1.073569947659984969e+01 1.078171547842342726e+01 1.318965391261089337e+01 1.367358450860358232e+01 1.403411710626198072e+01 1.940983399849472946e+01 1.942637555833175966e+01 2.063682153291488675e+01 2.069704854469154398e+01 2.079865994605596313e+01 2.170056962674872736e+01
1.036882148678662929e+01 1.070065506093423835e+01 1.078363241611051926e+01 1.321590881439462528e+01 1.370764926700681130e+01 1.397807704501445691e+01 1.941349488109378640e+01 1.942649928650034852e+01 2.064711732931886345e+01 2.069073463673725399e+01 2.079314701200491555e+01 2.169368541125668060e+01
1.042669492383677365e+01 1.064802968453725640e+01 1.079739328987040992e+01 1.323446687881270023e+01 1.374482097727924668e+01 1.392469204880683442e+01 1.941673609994213123e+01 1.942584765915356115e+01 2.065670645698282826e+01 2.068436218275660821e+01 2.078876803439392162e+01 2.168911409073338703e+01
1.048333981739079945e+01 1.059352972061368980e+01 1.080691734847682994e+01 1.324534214521284348e+01 1.378509401308520133e+01 1.387453635792294193e+01 1.941963227534940017e+01 1.942442931486160518e+01 2.066520061415236853e+01 2.067809728090331234e+01 2.078582124460203673e+01 2.168657245161674041e+01
1.053874360083956319e+01 1.053874361554455064e+01 1.081026422980522739e+01 1.324885904506941792e+01 1.382816142268611159e+01 1.382816143897398931e+01 1.942226455209257807e+01 1.942226456108838661e+01 2.067207481240787814e+01 2.067207481993928297e+01 2.078473015198924401e+01 2.168578452152267033e+01
1.048351504948559310e+01 1.059340801189636139e+01 1.080668548976305665e+01 1.324546908212329654e+01 1.378569438379236622e+01 1.387397960975787115e+01 1.941935274776795595e+01 1.942474145258189822e+01 2.066634323996777667e+01 2.067676689236670740e+01 2.078600298368099430e+01 2.168650069813419279e+01
1.042852460258554181e+01 1.064678065823601116e+01 1.079570505090750743e+01 1.323570419434077472e+01 1.374806004686617023e+01 1.392158007949292475e+01 1.941575113556979915e+01 1.942712656945201033e+01 2.066103085025884667e+01 2.067870074436551420e+01 2.079003938488459724e+01 2.168848398437907932e+01
1.037386170200846003e+01 1.069884741568100495e+01 1.077705675324159174e+01 1.322014840544890824e+01 1.371563309461739344e+01 1.397041847655300728e+01 1.941150661349321993e+01 1.942950969897088953e+01 2.065617325724547371e+01 2.067768686319310945e+01 2.079690168622904523e+01 2.169150205546725019e+01
1.031959183834276850e+01 1.074959342284767239e+01 1.075059572370111916e+01 1.319932434348958417e+01 1.368868624072041307e+01 1.402001699741107643e+01 1.940667112186897114e+01 1.943197812371472466e+01 2.065177583493331070e+01 2.067387590627703275e+01 2.080630903417676336e+01 2.169534404761911617e+01
1.026576991575868725e+01 1.071629521658408457e+01 1.079900284091451823e+01 1.317367982707150276e+01 1.366737902813960304e+01 1.406997697113797230e+01 1.940129989807133626e+01 1.943461466567661233e+01 2.064781773696981659e+01 2.066759698576260362e+01 2.081780136433154738e+01 2.169982072320890154e+01
1.021244539997881695e+01 1.067424440711879008e+01 1.084705853103321438e+01 1.314359123216282477e+01 1.365175394009856014e+01 1.411997489403989192e+01 1.939544988431159922e+01 1.943749608190709921e+01 2.064425627695463561e+01 2.065918211708489949e+01 2.083091708421890331e+01 2.170476398394304951e+01
1.015966446994113781e+01 1.062464141207664348e+01 1.089374163532142603e+01 1.310937371284359898e+01 1.364174037083512481e+01 1.416975191907751785e+01 1.938917833190522089e+01 1.944069184787749904e+01 2.064103132504589411e+01 2.064888421235574256e+01 2.084527703421704103e+01 2.171002597755036234e+01
1.010747087787410692e+01 1.056778056268071353e+01 1.093903103122599774e+01 1.307129301320366999e+01 1.363716574914964674e+01 1.421910213124079903e+01 1.938254162484003373e+01 1.944426333292832965e+01 2.063686901807420071e+01 2.063806948017154852e+01 2.086059429987705016e+01 2.171547797511804490e+01
1.005590613109674258e+01 1.050403508862509128e+01 1.098290261777010102e+01 1.302957664212778788e+01 1.363777206499975847e+01 1.426786190572991941e+01 1.937559432967795559e+01 1.944826334408067581e+01 2.062323479543318072e+01 2.063528787147859589e+01 2.087665606551166420e+01 2.172100913834606573e+01
1.000500918593120225e+01 1.043383737686421853e+01 1.102532837603211036e+01 1.298442377663933556e+01 1.364323546635482032e+01 1.431590105633765475e+01 1.936838846621986221e+01 1.945273599436562151e+01 2.060803477531024441e+01 2.063259751704662648e+01 2.089330247736669577e+01 2.172652525114745004e+01
9.954815601812828874e+00 1.035765925211285143e+01 1.106627512279954217e+01 1.293601397747587889e+01 1.365318655089535582e+01 1.436311577512721982e+01 1.936097298416719781e+01 1.945771683997342905e+01 2.059129485980885121e+01 2.062990622197436252e+01 2.091041005379312168e+01 2.173194745766061331e+01
9.905355831365275421e+00 1.027599459745746557e+01 1.110570284209116565e+01 1.288451507790400008e+01 1.366722937583714348e+01 1.440942311024905109e+01 1.935339342501526971e+01 1.946323322610389894e+01 2.057302604897570220e+01 2.062712103393209162e+01 2.092788017879665219e+01 2.173721102694459617e+01
9.856651782130352757e+00 1.018934653231857013e+01 1.114356242858007739e+01 1.283009069814268521e+01 1.368495784774887092e+01 1.445475667785694185e+01 1.934569174514772172e+01 1.946930478290316557e+01 2.055323282958321229e+01 2.062415029551029377e+01 2.094563146010791144e+01 2.174226415111396449e+01
9.808709372871552645e+00 1.009822210271493681e+01 1.117979260124763030e+01 1.277290787657596915e+01 1.370596882619471479e+01 1.449906333210527265e+01 1.933790627499172743e+01 1.947594401853753610e+01 2.053191879903974026e+01 2.062090534275952081e+01 2.096359469766160544e+01 2.174706677628044815e+01
9.761500398486390395e+00 1.000314128390498425e+01 1.121431563148082411e+01 1.271314536504991999e+01 1.372987183529717825e+01 1.454230056786688330e+01 1.933007178955899263e+01 1.948315696458945112e+01 2.050909046517018552e+01 2.061730190147981290e+01 2.098170954008890376e+01 2.175158946259060500e+01
9.714910342073075356e+00 9.904683382970750571e+00 1.124703135678046984e+01 1.265100325238106649e+01 1.375629566148224647e+01 1.458443448130376829e+01 1.932221966721794004e+01 1.949094383812543896e+01 2.048475984883767964e+01 2.061326122981806108e+01 2.099992221900171430e+01 2.175581226944323276e+01
9.668546746109548451e+00 9.803675742783950042e+00 1.127780868872931386e+01 1.258671479595929199e+01 1.378489232428298905e+01 1.462543815610031750e+01 1.931437811568866181e+01 1.949929969388594486e+01 2.045894629149831800e+01 2.060871104971431933e+01 2.101818397356797163e+01 2.175972366353255438e+01
9.620709912302304545e+00 9.702222417144360733e+00 1.130647342946989120e+01 1.252056169968161292e+01 1.381533897683073420e+01 1.466529037669226554e+01 1.930657244669838235e+01 1.950821504833149689e+01 2.043167772233834256e+01 2.060358630229958621e+01 2.103644992293283877e+01 2.176331944986322497e+01
9.560477447671159368e+00 9.611620756233365981e+00 1.133279063586983426e+01 1.245289462509739664e+01 1.384733827088346203e+01 1.470397459516454575e+01 1.929882538324625685e+01 1.951767646430689140e+01 2.040299154610378096e+01 2.059782975462626808e+01 2.105467823520408999e+01 2.176660172870108667e+01
9.466595315948747924e+00 9.553472766565358043e+00 1.135643899252731082e+01 1.238416148210299639e+01 1.388061765021646643e+01 1.474147809722695435e+01 1.929115738584595974e+01 1.952766709065178929e+01 2.037293525398532879e+01 2.059139247787888038e+01 2.107282949825388840e+01 2.176957788410019035e+01
9.358193544093001748e+00 9.508972703797452297e+00 1.137697379737132586e+01 1.231494689047593560e+01 1.391492794683777667e+01 1.477779132634568171e+01 1.928358698634914248e+01 1.953816715517313085e+01 2.034156682302301178e+01 2.058423421096596329e+01 2.109086623253255155e+01 2.177225961185287417e+01
9.245734884272934551e+00 9.467962290284095417e+00 1.139377485764550713e+01 1.224602650167313200e+01 1.395004156599270395e+01 1.481290733499663226e+01 1.927613111994921624e+01 1.954915441209306337e+01 2.030895494622031094e+01 2.057632361842534507e+01 2.110875250770832068e+01 2.177466199622030629e+01
9.131129981059938672e+00 9.428819773261619019e+00 1.140597791939523908e+01 1.217843754053958172e+01 1.398575046822398704e+01 1.484682133912254542e+01 1.926880544770289916e+01 1.956060454656162406e+01 2.027517912079861873e+01 2.056763844802398467e+01 2.112645363836007206e+01 2.177680264548625289e+01
9.015045314717118785e+00 9.391156377346538520e+00 1.141239865624572936e+01 1.211355652186199450e+01 1.402186409356415275e+01 1.487953035698629378e+01 1.926162466338042734e+01 1.957249153926644425e+01 2.024032961262839692e+01 2.055816559132369648e+01 2.114393594229785478e+01 2.177870089619414173e+01
8.897876652292747934e+00 9.354847288675141925e+00 1.141148718357805869e+01 1.205314615597511718e+01 1.405820732433027942e+01 1.491103291728981439e+01 1.925460277966812228e+01 1.958478799377741453e+01 2.020450730889184854e+01 2.054790104975096199e+01 2.116116655029928140e+01 2.178037709491326623e+01
8.779936757748489029e+00 9.319848320119302088e+00 1.140140572071442726e+01 1.199927880176038641e+01 1.409461854726017727e+01 1.494132882409506280e+01 1.924775338970157534e+01 1.959746542820907678e+01 2.016782346725137387e+01 2.053684980922392000e+01 2.117811325931657152e+01 2.178185196464360018e+01
8.661509982444396627e+00 9.286145558022196767e+00 1.138036360858520091e+01 1.195400224175415715e+01 1.413094785052793334e+01 1.497041896805125205e+01 1.924108990060205571e+01 1.961049453121117381e+01 2.013039936746608660e+01 2.052502562797987906e+01 2.119474442326417574e+01 2.178314606067555204e+01
8.542873857217770706e+00 9.253737803835781150e+00 1.134723245735226271e+01 1.191872498860429097e+01 1.416705537415371907e+01 1.499830517492810067e+01 1.923462573610994042e+01 1.962384538031193415e+01 2.009236587005204910e+01 2.051245074472273089e+01 2.121102887679814586e+01 2.178427931807676643e+01
8.424310062650882003e+00 9.222629375291949927e+00 1.130212182605587579e+01 1.189364070612624680e+01 1.420280982140806003e+01 1.502499008364027233e+01 1.922837450552986738e+01 1.963748761829324252e+01 2.005386288595167699e+01 2.049915551738877184e+01 2.122693588832839140e+01 2.178527069020659823e+01
8.306111192042646252e+00 9.192826795814594831e+00 1.124642305085817640e+01 1.187768411528881529e+01 1.423808713231227863e+01 1.505047704693883759e+01 1.922235013597806486e+01 1.965139058056958632e+01 2.001503876112446889e+01 2.048517800656671639e+01 2.124243513904264447e+01 2.178613787497705800e+01
8.188585477892887710e+00 9.164337143264690511e+00 1.118227903836025128e+01 1.186906055710510088e+01 1.427276931692838779e+01 1.507477004881922333e+01 1.921656696428583189e+01 1.966552336340739515e+01 1.997604958045708656e+01 2.047056352182372407e+01 2.125749672507529553e+01 2.178689712317998683e+01
8.072060295744753589e+00 9.137167182474062344e+00 1.111194977302949027e+01 1.186587945343090134e+01 1.430674344480344651e+01 1.509787363350175760e+01 1.921103978377749399e+01 1.967985481911625811e+01 1.993705839645545908e+01 2.045536415389952012e+01 2.127209118019550260e+01 2.178756312123176286e+01
7.956884759460518985e+00 9.111322900790812085e+00 1.103743942721150262e+01 1.186652576899722966e+01 1.433990078692250236e+01 1.511979284161080272e+01 1.920578383939384537e+01 1.969435345983477958e+01 1.989823438992704396e+01 2.043963832107430889e+01 2.128618951655881020e+01 2.178814893924609208e+01
7.843431515381152686e+00 9.086809266895485848e+00 1.096039501651320869e+01 1.186975952582925053e+01 1.437213610725606294e+01 1.514053314992457722e+01 1.920081476215112204e+01 1.970898724587537032e+01 1.985975197244334467e+01 2.042345036428237748e+01 2.129976328119191820e+01 2.178866603447156436e+01
7.732097748642327240e+00 9.063630121999933564e+00 1.088214347188459108e+01 1.187467649541927273e+01 1.440334710202263047e+01 1.516010041179399259e+01 1.919614843059147447e+01 1.972372322729339444e+01 1.982178984396451682e+01 2.040687023320197468e+01 2.131278462597875034e+01 2.178912429981195586e+01
7.623305368793348080e+00 9.041788154570411962e+00 1.080376632749229948e+01 1.188063086989679107e+01 1.443343398577999714e+01 1.517850079603099012e+01 1.919180074262257918e+01 1.973852699774364083e+01 1.978453002376548042e+01 2.038997331527851387e+01 2.132522638899700951e+01 2.178953214732917942e+01
7.517500319131501740e+00 9.021284930722044848e+00 1.072616854287340260e+01 1.188716339883186990e+01 1.446229922413543001e+01 1.519574072273539933e+01 1.918778727602083123e+01 1.974815687876526837e+01 1.975336190691048444e+01 2.037284047233605122e+01 2.133706218512507036e+01 2.178989661722432913e+01
7.415150945181842701e+00 9.002120963400964015e+00 1.065013026092540471e+01 1.189394620141499992e+01 1.448984741300266954e+01 1.521182679515507274e+01 1.918412281021848642e+01 1.971285618030325537e+01 1.976818796078923057e+01 2.035555836620701697e+01 2.134826650390465375e+01 2.179022350370037131e+01
7.316745359064297460e+00 8.984295809398007648e+00 1.057634237411359202e+01 1.190074340065952185e+01 1.451598530375734875e+01 1.522676572724458133e+01 1.918082067667781487e+01 1.967881422756311949e+01 1.978296031672201138e+01 2.033822017684481409e+01 2.135881481270879689e+01 2.179051749022195139e+01
7.222787747351213206e+00 8.967808186521047276e+00 1.050542967705020025e+01 1.190738382985531985e+01 1.454062197222655328e+01 1.524056426709465839e+01 1.917789190198185523e+01 1.964621708149897827e+01 1.979762725155886827e+01 2.032092684451577824e+01 2.136868366332758384e+01 2.179078228790288208e+01
7.133793590834565101e+00 8.952656105105820217e+00 1.043796521295127633e+01 1.191374224307023511e+01 1.456366912712468142e+01 1.525322911683852034e+01 1.917534411010126405e+01 1.961524995395251736e+01 1.981212744726115460e+01 2.030378900129565523e+01 2.137785080015152772e+01 2.179102077198202281e+01
7.050283796083508747e+00 8.938837009103151487e+00 1.037447856160200210e+01 1.191972633361798373e+01 1.458504155032215976e+01 1.526476684999862421e+01 1.917318016384014712e+01 1.958609678695076894e+01 1.982638640333357216e+01 2.028692979159746912e+01 2.138629526820334448e+01 2.179123511252280920e+01
6.972777781147582843e+00 8.926347922597669182e+00 1.031546000920725703e+01 1.192526768481655530e+01 1.460465765729436249e+01 1.527518382751437365e+01 1.917139655906490603e+01 1.955894002800697962e+01 1.984031176403544450e+01 2.027048880247165741e+01 2.139399751934556448e+01 2.179142689653921749e+01
6.901785610745156063e+00 8.915185597988649846e+00 1.026136194108861943e+01 1.193031539020146425e+01 1.462244016143539760e+01 1.528448611388929379e+01 1.916998165106013730e+01 1.953396054635484091e+01 1.985378737616676759e+01 2.025462729615770741e+01 2.140093951507636305e+01 2.179159723967921991e+01
6.837799337936371735e+00 8.905346662316283357e+00 1.021259838929358565e+01 1.193483150213391042e+01 1.463831682092595443e+01 1.529267939501777285e+01 1.916891390336482814e+01 1.951133752902085305e+01 1.986666604913231282e+01 2.023953478103538117e+01 2.140710482441819096e+01 2.179174688636829416e+01
6.781283776080860193e+00 8.896827758418329068e+00 1.016954339757807091e+01 1.193878774871392956e+01 1.465222124190409936e+01 1.529976889930145845e+01 1.916816051246059871e+01 1.949124803736586742e+01 1.987876142731424167e+01 2.022543651835216139e+01 2.141247871550585913e+01 2.179187629792715342e+01
6.732666991462426864e+00 8.889625677798113301e+00 1.013252868982304200e+01 1.194216314410111224e+01 1.466409370726888461e+01 1.530575932365160163e+01 1.916767696050443703e+01 1.947386570996640387e+01 1.988984036134177202e+01 2.021260058505977497e+01 2.141704823959211978e+01 2.179198572863642980e+01
6.692330866331022143e+00 8.883737482301496513e+00 1.010184101095502740e+01 1.194494223950636780e+01 1.467388199704940277e+01 1.531065476590280916e+01 1.916740821731307065e+01 1.945935793157883964e+01 1.989961897521372691e+01 2.020134130218337987e+01 2.142080230631060189e+01 2.179207529003863897e+01
6.660602126269421497e+00 8.879160611954127091e+00 1.007771942885387340e+01 1.194711384331918858e+01 1.468154216438619919e+01 1.531445866504527942e+01 1.916729231331589745e+01 1.944788078866346126e+01 1.990776824301179815e+01 2.019201322074962945e+01 2.142373174916615142e+01 2.179214500396203391e+01
6.637744246789883285e+00 8.875892976610533225e+00 1.006035282642521267e+01 1.194867009350768861e+01 1.468703923120766852e+01 1.531717375052453534e+01 1.916726664437783256e+01 1.943957149196741696e+01 1.991393701959972873e+01 2.018498772594893964e+01 2.142582938036420970e+01 2.179219484484121239e+01
6.623950645377118640e+00 8.873933029412235385e+00 1.004987776529732280e+01 1.194960580292145913e+01 1.469034776990920932e+01 1.531880200166839145e+01 1.916727652068701815e+01 1.943453879228773928e+01 1.991779844309549929e+01 2.018060634603593329e+01 2.142709003423842162e+01 2.179222477191304463e+01
6.619339523159082361e+00 8.873279820444691879e+00 1.004637686047598066e+01 1.194991802452578433e+01 1.469145234182981241e+01 1.531934461808791781e+01 1.916728429766348540e+01 1.943285308434837333e+01 1.991911481704924469e+01 2.017911566147016700e+01 2.142751059869306829e+01 2.179223475180419101e+01
6.618580512229511825e+00 8.870444359776831433e+00 1.004570481279391814e+01 1.195175878021199445e+01 1.468327532050833106e+01 1.532385289346849078e+01 1.916660375841322050e+01 1.943282905620018042e+01 1.991905946127098304e+01 2.017799152652048988e+01 2.142232764437551751e+01 2.180117998270899804e+01
6.616303182597044419e+00 8.861961609238422355e+00 1.004368898461519422e+01 1.195725813359798906e+01 1.465951686858975833e+01 1.533660456025683949e+01 1.916457500807729275e+01 1.943275714212322924e+01 1.991889337709254093e+01 2.017463257015235101e+01 2.140831594900796020e+01 2.182645615393652960e+01
6.612506643762250391e+00 8.847901444049510289e+00 1.004033032126361924e+01 1.196634828075836054e+01 1.462211694811770002e+01 1.535565820994377617e+01 1.916123616201745250e+01 1.943263785095786389e+01 1.991861651600437355e+01 2.016908053001198198e+01 2.138884580217582965e+01 2.186462490676261794e+01
6.607189411699565973e+00 8.828377029891877115e+00 1.003563040066571510e+01 1.197891923385077817e+01 1.457341505490918721e+01 1.537867258648258684e+01 1.915664914793946494e+01 1.943247202327644629e+01 1.991822880385092986e+01 2.016140915397188849e+01 2.136717746766678516e+01 2.191230959976932979e+01
6.600349409187701966e+00 8.803540229083957058e+00 1.002959143686946497e+01 1.199482300093645826e+01 1.451556475026443671e+01 1.540349302644225205e+01 1.915089739398903035e+01 1.943226082030469826e+01 1.991773015071841257e+01 2.015172900516428101e+01 2.134565943847921687e+01 2.196699404352994378e+01
6.591983966509286752e+00 8.773575797174967050e+00 1.002221628484997673e+01 1.201387880455087398e+01 1.445030338443453921e+01 1.542838308639784373e+01 1.914408275297485673e+01 1.943200570873387178e+01 1.991712046447561946e+01 2.014019165689193613e+01 2.132577850733331104e+01 2.202697058039508349e+01
6.582089822749583874e+00 8.738694867390842447e+00 1.001350844648709604e+01 1.203587883594795294e+01 1.437895033974143821e+01 1.545202801600865605e+01 1.913632180520016135e+01 1.943170844173550904e+01 1.991639966767591119e+01 2.012699161140428217e+01 2.130840921277321698e+01 2.209109147136814855e+01
6.570663127980100882e+00 8.699128214445527973e+00 1.000347207757438284e+01 1.206059404563255555e+01 1.430248750682494219e+01 1.547345634113813517e+01 1.912774170238706262e+01 1.943137103656371067e+01 1.991556771745726095e+01 2.011236478151369411e+01 2.129402007318507017e+01 2.215856718071664133e+01
6.557699446660840259e+00 8.655119724394230829e+00 9.992111995699076488e+00 1.208777953289328444e+01 1.422164675261230293e+01 1.549195476590422871e+01 1.911847572703544884e+01 1.943099574919379791e+01 1.991462462801643341e+01 2.009658319600757892e+01 2.128281028926723906e+01 2.222883805594389983e+01
6.543193762635212352e+00 8.606920395635638599e+00 9.979433688819145942e+00 1.211717919517076503e+01 1.413698030988054910e+01 1.550700042038019610e+01 1.910865874798493635e+01 1.943058504649744833e+01 1.991357049518219569e+01 2.007994645751259810e+01 2.127479784696229359e+01 2.230149778641396097e+01
6.527140486122241292e+00 8.554783081541998513e+00 9.965443324355920396e+00 1.214852940826427385e+01 1.404891171021099971e+01 1.551821277936186050e+01 1.909842275610338191e+01 1.943014157649308160e+01 1.991240552257227137e+01 2.006277112289492237e+01 2.126987842889727176e+01 2.237624791521110978e+01
6.509533463130916964e+00 8.498958077071735673e+00 9.950147758621694649e+00 1.218156161051243735e+01 1.395777114498092430e+01 1.552532130972387847e+01 1.908789266449004529e+01 1.942966813723552022e+01 1.991113004879047210e+01 2.004537943212111628e+01 2.126786681066200657e+01 2.245287016464936869e+01
6.490365987730403852e+00 8.439689562739479456e+00 9.933554546408716490e+00 1.221600374455468518e+01 1.386381972964109899e+01 1.552814431601311362e+01 1.907718255401750795e+01 1.942916764492126092e+01 1.990974457510377960e+01 2.002808868404012443e+01 2.126852698045502521e+01 2.253120891127186098e+01
6.469630817608966744e+00 8.377212855012841075e+00 9.915671950581462113e+00 1.225158056155624919e+01 1.376726623520711712e+01 1.552657537996541315e+01 1.906639253460912897e+01 1.942864310178424958e+01 1.990824979303325648e+01 2.001120217518663580e+01 2.127159429758599174e+01 2.261115946267984711e+01
6.447320193340465799e+00 8.311752372487902107e+00 9.896508951535418319e+00 1.228801281056642303e+01 1.366827883134993726e+01 1.552057484168464185e+01 1.905560637201617524e+01 1.942809756434431634e+01 1.990664661129816437e+01 1.999500215207899245e+01 2.127679162604548324e+01 2.269265964744406006e+01
6.423425861753669253e+00 8.243520208483461786e+00 9.876075256415122183e+00 1.232501531334776601e+01 1.356699361246495350e+01 1.551016460396116514e+01 1.904488999641955616e+01 1.942753411254623686e+01 1.990493618156761357e+01 1.997974481859496620e+01 2.128384077369641858e+01 2.277568326321477699e+01
6.397939103764681334e+00 8.172715197863091419e+00 9.854381308017911678e+00 1.236229384209101845e+01 1.346352119698403627e+01 1.549542513561717705e+01 1.903429096219664629e+01 1.942695582029274348e+01 1.990311992249805684e+01 1.996565716170927374e+01 2.129247028900546468e+01 2.286023451164477649e+01
6.370850766987551594e+00 8.099522373709758583e+00 9.831438293349735957e+00 1.239954050951031483e+01 1.335795251539459549e+01 1.547649395740439182e+01 1.902383886950622127e+01 1.942636572783324311e+01 1.990119954156675419e+01 1.995293522310214129e+01 2.130242049892649092e+01 2.294634288732791561e+01
6.342151303384937933e+00 8.024112723406743086e+00 9.807258151843370797e+00 1.243642684268091436e+01 1.325036518767043603e+01 1.545356516715752271e+01 1.901354669251679042e+01 1.942576681641970637e+01 1.989917705424975836e+01 1.994174342431480795e+01 2.131344652858700073e+01 2.303405819215890205e+01
6.311830812157065651e+00 7.946643170229291009e+00 9.781853583295211152e+00 1.247259212737858114e+01 1.314083331554379619e+01 1.542688973581310563e+01 1.900341289294402358e+01 1.942516198558730878e+01 1.989705480013703465e+01 1.993221460825645863e+01 2.132531990425786717e+01 2.312344547590900490e+01
6.279879087999732157e+00 7.867256723277181507e+00 9.755238055625957472e+00 1.250761903770976247e+01 1.302944899811547330e+01 1.539677640323019858e+01 1.899342413912821925e+01 1.942455403335762298e+01 1.989483545562581668e+01 1.992445055057911318e+01 2.133782920808937433e+01 2.321457979078526890e+01
6.246285674785796438e+00 7.786082753932420886e+00 9.727425812618749390e+00 1.254096354683024117e+01 1.291638886996473090e+01 1.536359303164377899e+01 1.898355840810540229e+01 1.942394563960206000e+01 1.989252204288573722e+01 1.991852279021830796e+01 2.135078013352387316e+01 2.330754071002482775e+01
6.211039924646398092e+00 7.703237370143521723e+00 9.698431881836500068e+00 1.257164091061044253e+01 1.280222419520590016e+01 1.532776823643504116e+01 1.897378822730303938e+01 1.942333935273898149e+01 1.989011793484374380e+01 1.991447370916233695e+01 2.136399518920422480e+01 2.340240660783724636e+01
6.174131062346130072e+00 7.618823870344497706e+00 9.668272082965961189e+00 1.259512349415843246e+01 1.269101916540444996e+01 1.528979300574563638e+01 1.896408381692327438e+01 1.942273757987590699e+01 1.988762685599448687e+01 1.991231784660211090e+01 2.137731321818629837e+01 2.349924873537973724e+01
6.135548254763548925e+00 7.532933266653304649e+00 9.636963036878894329e+00 1.255018101943831432e+01 1.264348740043904051e+01 1.525022183902627049e+01 1.895441592318038815e+01 1.942214258044433350e+01 1.988505287889995188e+01 1.991204345908639084e+01 2.139058883733920169e+01 2.359812515749101181e+01
6.095280685205627158e+00 7.445644872311046214e+00 9.604522175737930212e+00 1.243524655300087112e+01 1.266062413647288665e+01 1.520967268277401985e+01 1.894475818176050552e+01 1.942155646331330132e+01 1.988240041630221100e+01 1.991361433915876589e+01 2.140369185660397022e+01 2.369907463872806730e+01
6.053317632204881171e+00 7.357026951384424862e+00 9.570967754508014735e+00 1.231308091145192485e+01 1.267904250164156288e+01 1.516882463917157686e+01 1.893508891240920278e+01 1.942098118730773848e+01 1.987967420883366998e+01 1.991697188724369028e+01 2.141650670643855392e+01 2.380211058518640144e+01
6.009648552369831975e+00 7.267137429897088552e+00 9.536318864258628736e+00 1.218794269130331465e+01 1.269380802554955245e+01 1.512841212224069842e+01 1.892539231006625400e+01 1.942041856499894692e+01 1.987687930836990802e+01 1.992203740435810744e+01 2.142893188151944983e+01 2.390721516065292818e+01
5.964263166788169812e+00 7.176024667154247361e+00 9.500595447660893811e+00 1.206037530573964034e+01 1.270366152650397851e+01 1.508921393864984317e+01 1.891565905645513723e+01 1.941987026957930240e+01 1.987402105713201550e+01 1.992871454555345068e+01 2.144087939708743917e+01 2.401433370180863847e+01
5.917151550415683303e+00 7.083728284468299385e+00 9.463818317092485444e+00 1.193049786857538841e+01 1.270774497594253738e+01 1.505203583747496765e+01 1.890588642162770228e+01 1.941933784457964052e+01 1.987110506270598265e+01 1.993689185298017463e+01 2.145227424903544389e+01 2.412336955756565615e+01
5.868304223825478338e+00 6.990280046170816775e+00 9.426009175763480741e+00 1.179832637003089246e+01 1.270530479004955815e+01 1.501768560361009719e+01 1.889607795399688683e+01 1.941882271613780020e+01 1.986813716920785566e+01 1.994644527729047923e+01 2.146305386806401216e+01 2.423417947251328997e+01
5.817712246642375185e+00 6.895704785082847899e+00 9.387190642267224661e+00 1.166384122217774078e+01 1.269565620272555151e+01 1.498694092238074838e+01 1.888624286957507437e+01 1.941832620747998561e+01 1.986512342488347826e+01 1.995724059775686143e+01 2.147316756037647778e+01 2.434656962443396822e+01
5.765367311946965501e+00 6.800021361856418700e+00 9.347386278940525983e+00 1.152700805787391403e+01 1.267819980694527793e+01 1.496051199894224837e+01 1.887639524890597187e+01 1.941784955523276679e+01 1.986207004648978014e+01 1.996913566337082813e+01 2.148257593110752595e+01 2.446029241172838553e+01
5.711261840903841147e+00 6.703243645098388548e+00 9.306620624387802465e+00 1.138778598976816880e+01 1.265245201485959115e+01 1.493900292881862413e+01 1.886655313757788832e+01 1.941739392714514878e+01 1.985898338086176906e+01 1.998198239610531246e+01 2.149125029088309446e+01 2.457504406931817087e+01
5.655389076849048458e+00 6.605381497190935924e+00 9.264919230483741330e+00 1.124613162145451462e+01 1.261807553608085541e+01 1.492287738340108660e+01 1.885673762770543149e+01 1.941696044076526206e+01 1.985586986412264565e+01 1.999562851979816713e+01 2.149917204975414720e+01 2.469046317221655329e+01
5.597743178063915082e+00 6.506441749410194930e+00 9.222308704118589162e+00 1.110200135712075387e+01 1.257490142994276283e+01 1.491243446802865869e+01 1.884697197734623586e+01 1.941655018258753884e+01 1.985273597904424037e+01 2.000991900045794480e+01 2.150633210563818309e+01 2.480613006551782718e+01
5.538319308466219226e+00 6.406429149427957270e+00 9.178816753889753599e+00 1.095535293128066456e+01 1.252293738501051834e+01 1.490779914354395075e+01 1.883728080544330297e+01 1.941616422716401402e+01 1.984958821110942395e+01 2.002469720381047580e+01 2.151273023597905976e+01 2.492156723903620374e+01
5.477113725463293115e+00 6.305347264594193035e+00 9.134472241873385912e+00 1.080614653594037833e+01 1.246236038135919877e+01 1.490892865109904974e+01 1.882768938336474562e+01 1.941580365565814503e+01 1.984643300386657572e+01 2.003980579222703184e+01 2.151837450144542174e+01 2.503624064508152358e+01
5.414123864238331585e+00 6.203199325512825268e+00 9.089305240530206831e+00 1.065434571581230472e+01 1.239349550906703712e+01 1.491563297598537119e+01 1.881822303124081941e+01 1.941546957331290457e+01 1.984327671419610795e+01 2.005508739534251106e+01 2.152328066914806826e+01 2.514956193960036401e+01
5.349348417776666587e+00 6.099988996244707806e+00 9.043347094712318679e+00 1.049991811556713195e+01 1.231678541155252127e+01 1.492760478473810615e+01 1.880890661811033837e+01 1.941516312530773192e+01 1.984012556813043204e+01 2.007038509688186068e+01 2.152747166021754666e+01 2.526089161067210043e+01
5.282787411985023773e+00 5.995721059869411285e+00 8.996630488642608725e+00 1.034283612375192263e+01 1.223275587517214014e+01 1.494445326288390241e+01 1.879976415895640685e+01 1.941488551049185673e+01 1.983698561787948123e+01 2.008554278503955359e+01 2.153097702289069204e+01 2.536954294449383696e+01
5.214442275311581554e+00 5.890402010940103850e+00 8.949189517635815605e+00 1.018307743873551985e+01 1.214198252852130722e+01 1.496573686375928958e+01 1.879081849839490204e+01 1.941463799250581701e+01 1.983386270071278190e+01 2.010040541591257224e+01 2.153383242782308926e+01 2.547478676772331596e+01
5.144315902337322832e+00 5.784040549399040998e+00 8.901059764223406390e+00 1.002062557184054370e+01 1.204506206822635939e+01 1.499099154063591222e+01 1.878209106939457484e+01 1.941442190783875432e+01 1.983076240033564375e+01 2.011481923964000273e+01 2.153607917753871703e+01 2.557585689643446969e+01
5.072412710878825060e+00 5.676647973603109243e+00 8.852278378231469347e+00 9.855470296891517989e+00 1.194258965725386723e+01 1.501975281509858817e+01 1.877360171534010647e+01 1.941423867041699225e+01 1.982769001137031140e+01 2.012863203756583275e+01 2.153776371716070415e+01 2.567195621592037469e+01
4.998738692217207458e+00 5.568238473080495687e+00 8.802884160245584511e+00 9.687608051567337952e+00 1.183514269256994744e+01 1.505157149073801826e+01 1.876536856449668278e+01 1.941408977237910705e+01 1.982465050751282121e+01 2.014169341621271769e+01 2.153893712929658832e+01 2.576226331199703523e+01
4.923301454146616685e+00 5.458829324362099555e+00 8.752917647779050014e+00 9.517042293168287870e+00 1.172327022732481794e+01 1.508602373782720640e+01 1.875740794711953896e+01 1.941397678076318911e+01 1.982164851388307270e+01 2.015385520020096521e+01 2.153965459268675886e+01 2.584593957309269641e+01
4.846110256617286893e+00 5.348440995598186198e+00 8.702421203341451417e+00 9.343783809223209502e+00 1.160748692433518414e+01 1.512271668656880408e+01 1.874973434681065498e+01 1.941390132991341133e+01 1.981868828402002336e+01 2.016497196132450043e+01 2.153997478251394426e+01 2.592213668297348761e+01
4.767176039830061995e+00 5.237097167614695792e+00 8.651439103487433613e+00 9.167850981566143531e+00 1.148827036399593382e+01 1.516129072250182652e+01 1.874236037908845631e+01 1.941386510950232847e+01 1.981577368189707400e+01 2.017490171450551628e+01 2.153995919067827103e+01 2.599000442615259132e+01
4.686511444721560338e+00 5.124824680542901412e+00 8.600017627807822862e+00 8.989270001038036639e+00 1.136606067193209668e+01 1.520141953683411096e+01 1.873529679140362347e+01 1.941386984816163519e+01 1.981290816924658316e+01 2.018350680291965560e+01 2.153967134738395828e+01 2.604869873153825210e+01
4.604130825859037657e+00 5.011653416169672859e+00 8.548205146712261282e+00 8.808075028815190777e+00 1.124126164942296136e+01 1.524280876718888855e+01 1.872855247995546435e+01 1.941391729281446388e+01 1.981009479838857956e+01 2.019065498389874591e+01 2.153917593144399945e+01 2.609738988438396490e+01
4.520050256841649627e+00 4.897616126720665264e+00 8.496052206742769286e+00 8.624308299556355806e+00 1.111424281027044181e+01 1.528519384319687191e+01 1.872213451962202768e+01 1.941400918390462493e+01 1.980733621066088546e+01 2.019622071415854947e+01 2.153853776591014224e+01 2.613527084181265181e+01
4.434287528377344856e+00 4.782748220948409568e+00 8.438020161119601070e+00 8.443611612053791404e+00 1.098534191660930404e+01 1.532833746131355923e+01 1.871604820411500114e+01 1.941414722681853888e+01 1.980463464044646216e+01 2.020008661770720337e+01 2.153782070770447277e+01 2.616156559282011429e+01
4.346862139272727354e+00 4.667087518205992325e+00 8.249269045548713208e+00 8.390938500593856375e+00 1.085486775241800572e+01 1.537202696499295840e+01 1.871029709412243847e+01 1.941433305989264113e+01 1.980199192469439851e+01 2.020214510319964063e+01 2.153708645407556332e+01 2.617553750947346458e+01
4.257795280634813828e+00 4.550673980707010458e+00 8.058121366347416270e+00 8.338090413443310922e+00 1.072310297899425180e+01 1.541607179816210937e+01 1.870488307172718478e+01 1.941456821948840172e+01 1.979940951773359004e+01 2.020230008080581996e+01 2.153639330356899251e+01 2.617649764178610994e+01
4.167109813638706584e+00 4.433549433469186063e+00 7.864651337760631300e+00 8.285127355664112514e+00 1.059030698834532025e+01 1.546030112495721909e+01 1.869980639980669679e+01 1.941485410269763889e+01 1.979688851108718595e+01 2.020046871364752050e+01 2.153579492292677600e+01 2.616381291427993006e+01
4.074830241262965558e+00 4.315757280576936417e+00 7.668940712757668088e+00 8.232111846968580338e+00 1.045671871630372252e+01 1.550456165900676275e+01 1.869506578545056286e+01 1.941519192830927310e+01 1.979442965791235309e+01 2.019658312761430707e+01 2.153533918175982720e+01 2.613691418736527083e+01
3.980982674434452750e+00 4.197342225430526597e+00 7.471078437671834216e+00 8.179108960437824649e+00 1.032255940439877584e+01 1.554871571410631503e+01 1.869065844669137633e+01 1.941558269672430725e+01 1.979203340161632951e+01 2.019059199790770620e+01 2.153506712189174621e+01 2.609530415122687330e+01
3.885594793057069118e+00 4.078350001628026966e+00 7.271160222864058831e+00 8.126186347483905337e+00 1.018803531385603378e+01 1.559263946928396827e+01 1.868658018204806837e+01 1.941602714954666453e+01 1.978969990813628144e+01 2.018246193248128861e+01 2.153501212639433504e+01 2.603856502375234072e+01
3.788695802423610370e+00 3.958827120084765117e+00 7.069288030299277992e+00 8.073414247216117445e+00 1.005334040087408454e+01 1.563622143081392224e+01 1.868282544253903410e+01 1.941652572960402523e+01 1.978742910131929733e+01 2.017217858218971216e+01 2.153519934392274493e+01 2.596636602703570418e+01
3.690316385526584586e+00 3.838820636961938426e+00 6.865569480469428498e+00 8.020865478358009781e+00 9.918658962635538145e+00 1.567936106872561375e+01 1.867938740594494007e+01 1.941707854216387119e+01 1.978522070079840489e+01 2.015974742425517974e+01 2.153564540763751367e+01 2.587847061897628720e+01
3.590488651794647268e+00 3.718377945961027553e+00 6.660117182603311647e+00 7.968615411867312481e+00 9.784168260485532898e+00 1.572196760374535884e+01 1.867625805319413956e+01 1.941768531810744491e+01 1.978307426173216754e+01 2.014519418770107251e+01 2.153635846662956510e+01 2.577474345730145444e+01
3.489246082783605818e+00 3.597546597546481539e+00 6.453047993520850234e+00 7.916741922436585810e+00 9.650041121799670663e+00 1.576395892104918239e+01 1.867342824681313473e+01 1.941834537980799880e+01 1.978098921575696068e+01 2.012856491385791458e+01 2.153733852413057903e+01 2.565515707276806268e+01
3.386623475347724899e+00 3.476374146671425525e+00 6.244482211781724246e+00 7.865325317103547320e+00 9.516448516202022034e+00 1.580526058882954565e+01 1.867088781143344534e+01 1.941905761043229361e+01 1.977896491249218869e+01 2.010992566870373821e+01 2.153857805406607895e+01 2.551979822610379856e+01
3.282656882808221877e+00 3.354908029577094553e+00 6.034542714929139962e+00 7.814448239277037800e+00 9.383562095577461903e+00 1.584580496194744903e+01 1.866862561637742601e+01 1.941982042734614211e+01 1.977700066093870035e+01 2.008936194370605577e+01 2.154006284860427556e+01 2.536887391915088585e+01
3.177383554621435735e+00 3.233195469179383164e+00 5.823354048632323199e+00 7.764195546592753239e+00 9.251556681104137425e+00 1.588553035352974518e+01 1.866662966036173543e+01 1.942063176025863669e+01 1.977509577011659658e+01 2.006697779584461472e+01 2.154177303637081309e+01 2.520271702433598904e+01
3.070841875029541868e+00 3.111283407400383894e+00 5.611041477398379662e+00 7.714654161153895906e+00 9.120612674509779083e+00 1.592438026010282570e+01 1.866488715835894752e+01 1.942148903468694954e+01 1.977324958830106283e+01 2.004289478460660234e+01 2.154368420490380132e+01 2.502179148762498784e+01
2.963071301154787118e+00 2.989218461496227608e+00 5.397730007270463481e+00 7.665912890890577813e+00 8.990918365028742087e+00 1.596230262863626770e+01 1.866338463064780129e+01 1.942238916126497372e+01 1.977146154023182589e+01 2.001725076411443993e+01 2.154576856151298614e+01 2.482669704809707767e+01
2.854112300970740979e+00 2.867046899914918345e+00 5.183543391578589343e+00 7.618062220989727074e+00 8.862672098147443833e+00 1.599924915667333636e+01 1.866210799406091425e+01 1.942332853135762960e+01 1.976973116169241251e+01 1.999019858326843035e+01 2.154799607283623786e+01 2.461817340172922286e+01
2.744006291555732613e+00 2.744814631435272823e+00 4.968603131385518346e+00 7.571194074609839397e+00 8.736084267199762721e+00 1.603517461954486478e+01 1.866104265540827356e+01 1.942430301937696058e+01 1.976805813088016706e+01 1.996190473752177397e+01 2.155033553333235830e+01 2.439710371746836159e+01
2.622567199237986202e+00 2.632795578004372139e+00 4.753027482792107072e+00 7.525401542401309207e+00 8.611379084242084758e+00 1.607003622151479405e+01 1.866017360701498617e+01 1.942530799212823922e+01 1.976644229601619784e+01 1.993254800447878949e+01 2.155275552479205103e+01 2.416451738981025699e+01
2.500349769128972444e+00 2.520523293331062842e+00 4.536930483749793019e+00 7.480778580708864922e+00 8.488796082471314008e+00 1.610379297060157811e+01 1.865948552426472773e+01 1.942633832544357730e+01 1.976488369867752226e+01 1.990231808357833643e+01 2.155522524085491654e+01 2.392159188372901468e+01
2.378207098354234272e+00 2.407233339683241269e+00 4.320421013473995764e+00 7.437419678734242368e+00 8.368591298876287610e+00 1.613640507976841221e+01 1.865896286498595913e+01 1.942738842828540413e+01 1.976338259237205719e+01 1.987141424899092002e+01 2.155771516079949990e+01 2.366965349519351136e+01
2.256183468450041474e+00 2.292970331125219641e+00 4.103601897952766642e+00 7.395419495388193099e+00 8.251038083047443905e+00 1.616783340016277748e+01 1.865858997045515011e+01 1.942845227442296263e+01 1.976193945592371293e+01 1.984004401538370743e+01 2.156019756364770501e+01 2.341017681496352409e+01
2.134322562460059025e+00 2.177779538234725809e+00 3.886569075373934368e+00 7.354872467054313745e+00 8.136427476425540206e+00 1.619803889507172912e+01 1.865835116771807733e+01 1.942952344169861334e+01 1.976055500128991937e+01 1.980842180886387638e+01 2.156264687346071085e+01 2.314478264873243774e+01
2.012667263985434829e+00 2.061706834711150016e+00 3.669410835505069191e+00 7.315872388022516049e+00 8.025068106175755389e+00 1.622698216616551292e+01 1.865823087284195836e+01 1.943059515880619159e+01 1.975923017550202232e+01 1.977676763037294805e+01 2.156503980961154454e+01 2.287523412454077842e+01
1.891259353342217286e+00 1.944798646159649591e+00 3.452207147090602390e+00 7.278511965917008553e+00 7.917285539871649291e+00 1.625462304629987997e+01 1.865821369459761314e+01 1.943166035939887948e+01 1.974530569607929564e+01 1.975796615650023469e+01 2.156735524359725531e+01 2.260343074984980660e+01
1.770139075262849637e+00 1.827101901182638821e+00 3.235029087093042932e+00 7.242882355035423991e+00 7.813421051902925463e+00 1.628092027545257992e+01 1.865828453791905162e+01 1.943271174322617512e+01 1.971426303885587572e+01 1.975676434273323778e+01 2.156957335015625432e+01 2.233140045665231810e+01
1.649344553953388859e+00 1.708663984871408248e+00 3.017938384995521695e+00 7.209072671119316489e+00 7.713829760674590474e+00 1.630583127803185306e+01 1.865842870627368200e+01 1.943374184386957992e+01 1.968386805671622497e+01 1.975562633650855915e+01 2.157167178607490854e+01 2.206129149875348361e+01
1.528911035944029662e+00 1.589532694761232046e+00 2.800987094290311230e+00 7.177169491676505864e+00 7.618878107913629627e+00 1.632931206049595829e+01 1.865863200176490011e+01 1.943474310250079640e+01 1.965434899814963998e+01 1.975455392121449449e+01 2.157359506109740011e+01 2.179538762302775012e+01
1.408869950147858319e+00 1.469756199276800901e+00 2.584217401585941154e+00 7.147256346557185225e+00 7.528940668280371895e+00 1.635131724758325333e+01 1.865888082133178116e+01 1.943570794692892534e+01 1.962593238064391343e+01 1.975354903268714324e+01 2.153494842988588331e+01 2.157639478803896793e+01
1.289247788846333176e+00 1.349382998661836197e+00 2.367661581388166958e+00 7.119413204029482856e+00 7.444396299252768578e+00 1.637180027304609808e+01 1.865916224673995671e+01 1.943662887503346681e+01 1.959884134693034241e+01 1.975261372516518676e+01 2.128496039872084111e+01 2.157745499405985967e+01
1.170064833487041156e+00 1.228461888358213905e+00 2.151342101501885651e+00 7.093715958082702500e+00 7.365623667726805657e+00 1.639071373617781546e+01 1.865946412510815833e+01 1.943749854150429357e+01 1.957329397192676623e+01 1.975175013245474176e+01 2.104560347573227475e+01 2.157899736161266802e+01
1.051333774910859775e+00 1.107041924764865959e+00 1.935271880203648376e+00 7.070235923093155961e+00 7.292996220162651255e+00 1.640800992825212035e+01 1.865977513545687927e+01 1.943830984663390282e+01 1.954950153649580713e+01 1.975096042511315630e+01 2.081987594192170121e+01 2.158042362388958324e+01
9.330583073274499872e-01 9.851723932727384225e-01 1.719454691992903683e+00 7.049039342290234877e+00 7.226876695898845959e+00 1.642364152307807501e+01 1.866008483535423323e+01 1.943905602573847702e+01 1.952766676656533917e+01 1.975024676464241224e+01 2.061016458446329125e+01 2.158170830070749346e+01
8.152318058004085488e-01 8.629027784364492470e-01 1.503885714121738770e+00 7.030186916646153250e+00 7.167611316224243190e+00 1.643756241340582847e+01 1.866038368080077348e+01 1.943973073763472215e+01 1.950798195805274560e+01 1.974961125585280186e+01 2.041875794774959019e+01 2.158284460171714514e+01
6.978362231972380370e-01 7.402827360833824644e-01 1.288552201623846205e+00 7.013733360859808919e+00 7.115523812122706460e+00 1.644972866072912510e+01 1.866066301369743030e+01 1.944032815047872376e+01 1.949062667514561653e+01 1.974905589870144240e+01 2.024781746216298117e+01 2.158382990368408727e+01
5.808413581564124684e-01 6.173620670527691923e-01 1.073434274686086987e+00 6.999726993003680064e+00 7.070909478191254038e+00 1.646009951185588349e+01 1.866091501785847839e+01 1.944084302319424040e+01 1.947576413164273745e+01 1.974858254101736676e+01 2.009933621625761191e+01 2.158466321061299809e+01
4.642046439003408298e-01 4.941906919502582762e-01 8.585057993519545905e-01 6.988209364140883117e+00 7.034029456152538273e+00 1.646863842419112345e+01 1.866113266101775992e+01 1.944127078069158898e+01 1.946353420395627865e+01 1.974819283358323219e+01 1.997509934255921493e+01 2.158534433135642772e+01
3.478715831115580248e-01 3.708186251443399417e-01 6.437353407456126719e-01 6.979214933796940024e+00 7.005105456385495089e+00 1.647531403633753300e+01 1.866130966810505143e+01 1.944160758111485876e+01 1.945403964106458261e+01 1.974788818904315235e+01 1.987665268941332997e+01 2.158587348254673088e+01
2.317769029714096818e-01 2.472959399338234832e-01 4.290871650138616267e-01 6.972770796588607212e+00 6.984315118834427238e+00 1.648010102412949607e+01 1.866144059837735369e+01 1.944185037346012379e+01 1.944732391362452262e+01 1.974766974604056813e+01 1.980528372258442715e+01 2.158625104528762151e+01
1.158464115908972997e-01 1.236726540337629021e-01 2.145222327669701612e-01 6.968896464580586425e+00 6.971788195679307520e+00 1.648298079494332313e+01 1.866152109099787637e+01 1.944199694408366241e+01 1.944335379488246218e+01 1.974753833985546692e+01 1.976200378210287312e+01 2.158647740069855203e+01
-3.745740196341412862e-04 -3.708242372110161960e-04 -2.141136363214594062e-04 6.967603708268355511e+00 6.967603709423562108e+00 1.648394199161735685e+01 1.866154826094911101e+01 1.944204595085489728e+01 1.944204595102176114e+01 1.974749448048693523e+01 1.974749448111546712e+01 2.158655282002429843e+01
1.145434950711555905e-01 1.145435056589922396e-01 2.061770558466162750e-01 6.966878565934790934e+00 6.966878567089697327e+00 1.647985918091920254e+01 1.867751394439095236e+01 1.944206082791184897e+01 1.944206082807869862e+01 1.974736313959646949e+01 1.974736314022494810e+01 2.158947709434309559e+01
2.290639290753842816e-01 2.290639343646218296e-01 4.126024230492793543e-01 6.964703084563424795e+00 6.964703085717383502e+00 1.646764209652396360e+01 1.872519141285710376e+01 1.944210570139193806e+01 1.944210570155875217e+01 1.974696946527978625e+01 1.974696946590813340e+01 2.159821255833726994e+01
3.435361129498863408e-01 3.435361164709490600e-01 6.195122089651499131e-01 6.961077099335746254e+00 6.961077100488150649e+00 1.644738335290126940e+01 1.880392924083574258e+01 1.944218129593446065e+01 1.944218129610122858e+01 1.974631450050510750e+01 1.974631450113321307e+01 2.161264882078287641e+01
4.579359404570970127e-01 4.579359430922511076e-01 8.271201810177635227e-01 6.956000329909484137e+00 6.956000331059729369e+00 1.641923268937359737e+01 1.891266554413889622e+01 1.944228881166883482e+01 1.944228881183552815e+01 1.974539997658985158e+01 1.974539997721760543e+01 2.163260736427775299e+01
5.722389041847312230e-01 5.722389062874007060e-01 1.035608747083536674e+00 6.949472372100873763e+00 6.949472373248348767e+00 1.638339052175856381e+01 1.904996178850086608e+01 1.944242991289934963e+01 1.944242991306595059e+01 1.974422830283894825e+01 1.974422830346626156e+01 2.165784924427200409e+01
6.864201095279065523e-01 6.864201112746182165e-01 1.245122802843764198e+00 6.941492686536197887e+00 6.941492687680366203e+00 1.634009978878810188e+01 1.921404654812084800e+01 1.944260671244029481e+01 1.944260671260678919e+01 1.974280255220252300e+01 1.974280255282929275e+01 2.168808494607053561e+01
8.004542060481389942e-01 8.004542075395728595e-01 1.455766392157884725e+00 6.932060584563719985e+00 6.932060585704026501e+00 1.628963679438853873e+01 1.940286623904306751e+01 1.944282175177530547e+01 1.944282175194166484e+01 1.974112644311420439e+01 1.974112644374029912e+01 2.172298565273079163e+01
9.143153134900838808e-01 9.143153147896412314e-01 1.667602082537390285e+00 6.921175211790954407e+00 6.921175212926883979e+00 1.623230174837754447e+01 1.944307797726013121e+01 1.944307797742636623e+01 1.961413971091368325e+01 1.973920431771306383e+01 1.973920431833838052e+01 2.176219516426902345e+01
1.027976951896118152e+00 1.027976953045854458e+00 1.880652668231958868e+00 6.908835529682336052e+00 6.908835530813401071e+00 1.616840962700493023e+01 1.944337871263157425e+01 1.944337871279766361e+01 1.973704111669193395e+01 1.973704111731632693e+01 1.984541376368238375e+01 2.180534178013008884e+01
1.141411978403747085e+00 1.141411979433132995e+00 2.094904642327723110e+00 6.895040295713350531e+00 6.895040296839111349e+00 1.609828183905888466e+01 1.944372762812365352e+01 1.944372762828961498e+01 1.973464235104942333e+01 1.973464235167276115e+01 2.009411708152133613e+01 2.185204958463509328e+01
1.254592531993985904e+00 1.254592532924819981e+00 2.310312820209805995e+00 6.879788042631235001e+00 6.879788043751283055e+00 1.602223902423957824e+01 1.944412870652877956e+01 1.944412870669462379e+01 1.973201407105545258e+01 1.973201407167761090e+01 2.035761064261180664e+01 2.190194872796861958e+01
1.367489987056545120e+00 1.367489987905072368e+00 2.526805530261940991e+00 6.863077057416880677e+00 6.863077058530839381e+00 1.594059515524180881e+01 1.944458620657173498e+01 1.944458620673751170e+01 1.972916283276649096e+01 1.972916283338728505e+01 2.063323327216758685e+01 2.195468444619890747e+01
1.480074916443017807e+00 1.480074917221923414e+00 2.744289883151498799e+00 6.844905360577380193e+00 6.844905361684937795e+00 1.585365298219700314e+01 1.944510462399120598e+01 1.944510462415696139e+01 1.972609566244925361e+01 1.972609566306852358e+01 2.091834157892607848e+01 2.200992469415003683e+01
1.592317064537434934e+00 1.592317065256851016e+00 2.962656756356382814e+00 6.825270686422947541e+00 6.825270687523814495e+00 1.576170075727477382e+01 1.944568865074407427e+01 1.944568865090990784e+01 1.972282001928872575e+01 1.972282001990627975e+01 2.121034400150915644e+01 2.206736636516087557e+01
1.704185330749449001e+00 1.704185331417765958e+00 3.181785259071008287e+00 6.804170464995359602e+00 6.804170466089284552e+00 1.566501011002952914e+01 1.944634313276411319e+01 1.944634313293013506e+01 1.971934375676765683e+01 1.971934375738332790e+01 2.150672906649590743e+01 2.212674014011641788e+01
1.815647763713466700e+00 1.815647764337694925e+00 3.401546556276535682e+00 6.781601806316948533e+00 6.781601807403728976e+00 1.556383490693938576e+01 1.944707302671597660e+01 1.944707302688233952e+01 1.971567508311139960e+01 1.971567508372498168e+01 2.180508822210984121e+01 2.218781404809194768e+01
1.926671566359683174e+00 1.926671566945743708e+00 3.621807020298274615e+00 6.757561487620463936e+00 6.757561488699946217e+00 1.545841091527516475e+01 1.944788335619044872e+01 1.944788335635735521e+01 1.971182252119195510e+01 1.971182252180323502e+01 2.210313377164066040e+01 2.225039583865962101e+01
2.037223111902387807e+00 2.037223112455564422e+00 3.842430741264879490e+00 6.732045944198734588e+00 6.732045945270831666e+00 1.534895609503639236e+01 1.944877916778488114e+01 1.944877916795255146e+01 1.970779486828047666e+01 1.970779486888920928e+01 2.231433426818798438e+01 2.239871250798779201e+01
2.147267970677403603e+00 2.147267971202452941e+00 4.063281466766488492e+00 6.705051264482424500e+00 6.705051265547006700e+00 1.523567135689291341e+01 1.944976548750612366e+01 1.944976548767483138e+01 1.970360115602681716e+01 1.970360115663278222e+01 2.237951939552850789e+01 2.268981566600512068e+01
2.256770947642590119e+00 2.256770948143783873e+00 4.284224060233632336e+00 6.676573189910377515e+00 6.676573190967434179e+00 1.511874164381639929e+01 1.945084727792018242e+01 1.945084727809025438e+01 1.969925061102923181e+01 1.969925061163218061e+01 2.244588197130333285e+01 2.297458578225615611e+01
2.365696130249326679e+00 2.365696130730688296e+00 4.505125572368551268e+00 6.646607120106512667e+00 6.646607121155998499e+00 1.499833721572121625e+01 1.945202939645496443e+01 1.945202939662676300e+01 1.969475261633635199e+01 1.969475261693602874e+01 2.251339199316551642e+01 2.325132099881577119e+01
2.474006946283339836e+00 2.474006946748699143e+00 4.725856015212180239e+00 6.615148123813358261e+00 6.615148124855275924e+00 1.487461503758936310e+01 1.945331655523913028e+01 1.945331655541306404e+01 1.969011667419857758e+01 1.969011667479471228e+01 2.258205648920222330e+01 2.351847728157845197e+01
2.581666231176846349e+00 2.581666231629755615e+00 4.946288918124832179e+00 6.582190955963727497e+00 6.582190956998105413e+00 1.474772019089827779e+01 1.945471328283231571e+01 1.945471328300880742e+01 1.968535237035647611e+01 1.968535237094879164e+01 2.265191658436377153e+01 2.377466895324445773e+01
2.688636304197109972e+00 2.688636304640981578e+00 5.166301732073773856e+00 6.547730081193265050e+00 6.547730082220121872e+00 1.461778724512936023e+01 1.945622388816965653e+01 1.945622388834918937e+01 1.968046934012068760e+01 1.968046934070891396e+01 2.272304390093100679e+01 2.401866787277205617e+01
2.794879052834238209e+00 2.794879053272286917e+00 5.385776135189325409e+00 6.511759704012855643e+00 6.511759705032261536e+00 1.448494154064431072e+01 1.945785242700763007e+01 1.945785242719068719e+01 1.967547723646162794e+01 1.967547723704545248e+01 2.279553634356057756e+01 2.424940153021568889e+01
2.900356024630537100e+00 2.900356025065836896e+00 5.604598279838579167e+00 6.474273805771318280e+00 6.474273806783297225e+00 1.434930034651059572e+01 1.945960267111883724e+01 1.945960267130593735e+01 1.967038570028840283e+01 1.967038570086756266e+01 2.286951332201599030e+01 2.446595027036630654e+01
3.005028525625871971e+00 3.005028526061292116e+00 5.822659010154792369e+00 6.435266188444972002e+00 6.435266189449564855e+00 1.421097386732042445e+01 1.946147808044166538e+01 1.946147808063332363e+01 1.966520433305619164e+01 1.966520433363037412e+01 2.294511046975455315e+01 2.466754381111583783e+01
3.108857724533504729e+00 3.108857724971712422e+00 6.039854069334460007e+00 6.394730525196981930e+00 6.394730526194206455e+00 1.407006608209553988e+01 1.946348177834650173e+01 1.946348177854324035e+01 1.965994267179894450e+01 1.965994267236786186e+01 2.302247392345304178e+01 2.485355718285920901e+01
3.211804761710225442e+00 3.211804762153611215e+00 6.256084308105300806e+00 6.352660417552042027e+00 6.352660418541926646e+00 1.392667540638481327e+01 1.946561653013522175e+01 1.946561653033755590e+01 1.965461016664260541e+01 1.965461016720595921e+01 2.310175423664455963e+01 2.502350618295766793e+01
3.313830861943783734e+00 3.313830862394600452e+00 6.309049458937428412e+00 6.309049459919881642e+00 6.471255899454218863e+00 1.378089517593620350e+01 1.946788472484455923e+01 1.946788472505298628e+01 1.964921616081161204e+01 1.964921616136910743e+01 2.318310000924092762e+01 2.517704241352856087e+01
3.414897450051192607e+00 3.414897450511364951e+00 6.263891304247420244e+00 6.263891305222479389e+00 6.685280559802027511e+00 1.363281395704876076e+01 1.947028836037807054e+01 1.947028836059307721e+01 1.964376987310044242e+01 1.964376987365180227e+01 2.326665132320044904e+01 2.531394795074285042e+01
3.514966268258925108e+00 3.514966268730211230e+00 6.217179744997946678e+00 6.217179745965490945e+00 6.898075773104188180e+00 1.348251569495634250e+01 1.947282903194641079e+01 1.947282903216845540e+01 1.963828038274241905e+01 1.963828038328734138e+01 2.335253308239059322e+01 2.543412967856765405e+01
3.613999494326860074e+00 3.613999494810754332e+00 6.168908789552519423e+00 6.168908790512420914e+00 7.109565011640413879e+00 1.333007971733019659e+01 1.947550792375170303e+01 1.947550792398121544e+01 1.963275661657055338e+01 1.963275661710877174e+01 2.344084836127017368e+01 2.553761330872485402e+01
3.711959859376872561e+00 3.711959859874709000e+00 6.119072747820995417e+00 6.119072748773113801e+00 7.319677945350273163e+00 1.317558061509245526e+01 1.947832580381032841e+01 1.947832580404770297e+01 1.962720733833078413e+01 1.962720733886201785e+01 2.353167187192416065e+01 2.562453710088412961e+01
3.808810764395473392e+00 3.808810764908301394e+00 6.067666319759095650e+00 6.067666320703172467e+00 7.528350630321381409e+00 1.301908802702696910e+01 1.948128302176932536e+01 1.948128302201494222e+01 1.962164113997686243e+01 1.962164114050085217e+01 2.362504366184943194e+01 2.569514529220945676e+01
3.904516394398290569e+00 3.904516394927031175e+00 6.014684686932103119e+00 6.014684687867912771e+00 7.735525666322653038e+00 1.286066635795113022e+01 1.948437950953628928e+01 1.948437950979046107e+01 1.961606643474891953e+01 1.961606643526540239e+01 2.372096315541320166e+01 2.574978124287007830e+01
3.999041829272800275e+00 3.999041829818215987e+00 5.960123606349731595e+00 5.960123607277001412e+00 7.941152313004769425e+00 1.270037446227357947e+01 1.948761478451026719e+01 1.948761478477329945e+01 1.961049145181479147e+01 1.961049145232352586e+01 2.381938364987941270e+01 2.578888030363852835e+01
4.092353150351007329e+00 4.092353150913655924e+00 5.903979505732299238e+00 5.903979506650649078e+00 8.145186554501874454e+00 1.253826532545263994e+01 1.949098795517419092e+01 1.949098795544633589e+01 1.960492423223519864e+01 1.960492423273595364e+01 2.392020737220578397e+01 2.581296241292995930e+01
4.184417541808842067e+00 4.184417542389153866e+00 5.846249579331671775e+00 5.846249580240717947e+00 8.347591102617464287e+00 1.237438577509937865e+01 1.949449772878600129e+01 1.949449772906750411e+01 1.959937262600040597e+01 1.959937262649295775e+01 2.402328119544515062e+01 2.582262443334916568e+01
4.275203386042312204e+00 4.275203386640561654e+00 5.786931883404398569e+00 5.786931884303712970e+00 8.548335329544837435e+00 1.220877625124301247e+01 1.949814242088798366e+01 1.949814242117902197e+01 1.959384428987810267e+01 1.959384429036223096e+01 2.412839310363299106e+01 2.581853224180632722e+01
4.364680352229752813e+00 4.364680352846147748e+00 5.726025430418859585e+00 5.726025431307936842e+00 8.747395122142897605e+00 1.204147066169094948e+01 1.950191996634099212e+01 1.950191996664172223e+01 1.958834668580938398e+01 1.958834668628488984e+01 2.423526948171499029e+01 2.580141259236766516e+01
4.452819477356963596e+00 4.452819477991556418e+00 5.663530281073760442e+00 5.663530281952143142e+00 8.944752651166426816e+00 1.187249634366984274e+01 1.950582793158289263e+01 1.950582793189345310e+01 1.958288707959214037e+01 1.958288708005883194e+01 2.434357329267840342e+01 2.577204477706323615e+01
4.539593239054428686e+00 4.539593239707175876e+00 5.599447633211457998e+00 5.599447634078567049e+00 9.140396050530810612e+00 1.170187414729988262e+01 1.950986352780869382e+01 1.950986352812918057e+01 1.957747253959890088e+01 1.957747254005659698e+01 2.445290318801206197e+01 2.573125211671729673e+01
4.624975619675726790e+00 4.624975620346488014e+00 5.533779906726935316e+00 5.533779907582240476e+00 9.334319003680862536e+00 1.152961865026928656e+01 1.951402362477311669e+01 1.951402362510360788e+01 1.957210993528878618e+01 1.957210993573731628e+01 2.456279358043119032e+01 2.567989332131974578e+01
4.708942161128215176e+00 4.708942161816805694e+00 5.466530823599926592e+00 5.466530824442853209e+00 9.526520236418686949e+00 1.135573850670069795e+01 1.951830476492525790e+01 1.951830476526579972e+01 1.956680593529071643e+01 1.956680593572993132e+01 2.467271569002568654e+01 2.561885376731636654e+01
4.791470010055952855e+00 4.791470010762067133e+00 5.397705482215394923e+00 5.397705483045345254e+00 9.717002918108516241e+00 1.118023692699884819e+01 1.952270317759846563e+01 1.952270317794909005e+01 1.956156700485696476e+01 1.956156700528672232e+01 2.478207955722082190e+01 2.554903674722694262e+01
4.872537953065243954e+00 4.872537953788553367e+00 5.327310425183825693e+00 5.327310426000211763e+00 9.905773975975478152e+00 1.100311227976973250e+01 1.952721479299743379e+01 1.952721479335814081e+01 1.955639940251198539e+01 1.955639940293215773e+01 2.489023699877476403e+01 2.547135475493093537e+01
4.952126441777523702e+00 4.952126442517635674e+00 5.255353699928694944e+00 5.255353700730950095e+00 1.009284333018924507e+01 1.082435880198143430e+01 1.953183525574698365e+01 1.953183525611774840e+01 1.955130917575100824e+01 1.955130917616146746e+01 2.499648546704516505e+01 2.538672087748559392e+01
5.030217607588626016e+00 5.030217608345044056e+00 5.181844911370814266e+00 5.181844912158331873e+00 1.027822306048273582e+01 1.064396739959823535e+01 1.953655993779422317e+01 1.953655993817500303e+01 1.954630215567527074e+01 1.954630215607591737e+01 2.510007275843999963e+01 2.529604037112128267e+01
5.106795262693280435e+00 5.106795263549561703e+00 5.106795269532909742e+00 5.106795270212526106e+00 1.046192651146951924e+01 1.046192652469928852e+01 1.954138394944191148e+01 1.954138394985698213e+01 1.954138395152949315e+01 1.954138395189628241e+01 2.520020250396542494e+01 2.520020250551052854e+01
