0.000000000000000000e+00 0.000000000000000000e+00 0.000000000000000000e+00 0.000000000000000000e+00 0.000000000000000000e+00 0.000000000000000000e+00 0.000000000000000000e+00 0.000000000000000000e+00 0.000000000000000000e+00 0.000000000000000000e+00 0.000000000000000000e+00 0.000000000000000000e+00
5.743634868523201931e+01 6.131648210745986205e+01 1.063264987830014263e+02 1.296617635889089293e+00 4.194266392942883392e+00 9.637246918265028883e-01 2.716024697533257065e-02 3.713303240119045223e-02 1.304389862175832304e+00 4.448618208746937114e-02 1.452969794379435342e+01 7.565272080835208635e-02
5.749958679227511738e+01 6.134848416847153629e+01 1.063178663453445267e+02 2.591318981187894277e+00 8.359228880260639372e+00 1.923545315809802370e+00 5.329274369025199104e-02 1.895431802231947738e-02 2.593335522287246508e+00 9.191452285055545790e-02 2.881068627980243591e+01 1.514051695405631004e-01
5.760226555482294231e+01 6.140145592449972156e+01 1.063033726640783811e+02 3.882134490513162728e+00 1.246631961841458391e+01 2.875691899380219851e+00 7.753433792394937019e-02 5.771613432680217093e-02 3.851349154683469500e+00 1.454902146793456141e-01 4.265233758906319395e+01 2.273415891525636112e-01
5.774033789163484442e+01 6.147427640748863098e+01 1.062825041991099226e+02 5.166997624881401130e+00 1.648840425918822916e+01 3.816653059017175220e+00 9.924698638221746139e-02 1.661963867526635441e-01 5.062797896966533706e+00 2.089915686860306654e-01 5.590529047058687695e+01 3.035155254180947337e-01
5.790865263718916367e+01 6.156560009916711351e+01 1.062546211840336952e+02 6.443718197896827427e+00 2.040040566558503699e+01 4.743282355804124606e+00 1.179667942455052826e-01 2.844335738299343941e-01 6.211675968234509071e+00 2.871861972121442230e-01 6.843156491458708501e+01 3.799351682047275025e-01
5.810128854348405980e+01 6.167378500027703581e+01 1.062188749165603383e+02 7.709977033198242680e+00 2.417982538891721234e+01 5.652879928742294169e+00 1.333101125640773765e-01 4.026275628026941278e-01 7.281156173049986080e+00 3.864398393338652204e-01 8.010051243895266282e+01 4.565495429173204722e-01
5.831194029337360263e+01 6.179692824091731040e+01 1.061741836352304915e+02 8.963342315354335454e+00 2.780714305891816096e+01 6.543245349860001170e+00 1.449000103053025290e-01 5.185292954169872237e-01 8.252778862837711671e+00 5.156548021974821649e-01 9.079598056063980493e+01 5.332358725832629931e-01
5.853428123133837602e+01 6.193291408015583244e+01 1.061192171440202117e+02 1.020130459276111168e+01 3.126608347551660927e+01 7.412700369850188764e+00 1.523330360658446125e-01 6.329392352674261257e-01 9.105055435763746985e+00 6.877588558193550305e-01 1.004221598417386758e+02 6.097884624550424792e-01
5.876226844149987727e+01 6.207946480965080838e+01 1.060523886437664771e+02 1.142132505434811840e+01 3.454375063814435265e+01 8.260082777017013100e+00 1.551763942508929683e-01 7.474936296905445587e-01 9.811144644846276464e+00 9.220869616645057665e-01 1.089060911869649715e+02 6.859094974446756643e-01
5.899037119896139814e+01 6.223419120478103395e+01 1.059718546564086807e+02 1.262089071866555479e+01 3.763063623115956347e+01 9.084714684942360563e+00 1.529793988991265397e-01 8.638466208698102333e-01 1.033515097865150878e+01 1.248109512554311795e+00 1.161978601863782359e+02 7.612021870961096504e-01
5.921371730901935138e+01 6.239464043639573276e+01 1.058755234440650668e+02 1.379757042923156618e+01 4.052051653143048782e+01 9.886350019767101927e+00 1.452881372737860055e-01 9.834455535831381212e-01 1.062677197911880533e+01 1.710784830829293446e+00 1.222694659014619560e+02 8.351667412390431089e-01
5.942816268297130478e+01 6.255834003235466412e+01 1.057610715788179476e+02 1.494906667972606229e+01 4.321025599739898126e+01 1.066510674354331378e+01 1.316583651255661125e-01 1.107512815794233330e+00 1.061554518499511168e+01 2.376290834129092922e+00 1.271129567357966863e+02 9.071997088116492414e-01
5.963029670618250577e+01 6.272283702229517388e+01 1.056259677174146532e+02 1.607325985055374318e+01 4.569953794591891949e+01 1.142138947801343818e+01 1.116653758380869721e-01 1.237083739227181400e+00 1.021175313370981286e+01 3.331083379747286521e+00 9.765972577663135645e-01 1.307381844902301395e+02
5.981739945484507359e+01 6.288573185785950415e+01 1.054675022674011160e+02 1.716824303165769194e+01 4.799054298303812516e+01 1.215580780739532685e+01 8.491116196957272655e-02 1.373049845532113400e+00 9.334607389036946756e+00 4.653666082283282712e+00 1.042563008222961773e+00 1.331704038171737920e+02
5.998736723243055025e+01 6.304470706379727574e+01 1.052828214903936157e+02 1.823234696833059232e+01 5.008759463969647641e+01 1.286909479744649865e+01 5.102959289544612559e-02 1.516193547394494967e+00 7.994293856828185163e+00 6.332494539734434547e+00 1.104221044356416659e+00 1.344478732320243068e+02
6.013862118040662352e+01 6.319755083755551794e+01 1.050689646258872472e+02 1.926415566841161464e+01 5.199678944169001227e+01 1.356202933085694617e+01 9.690269922561431382e-03 1.667212583550204741e+00 6.385594337775711615e+00 8.172304412482986891e+00 1.160634708882662292e+00 1.346195645261133507e+02
6.027001084375605444e+01 6.334217598202024391e+01 1.048229027730256888e+02 2.026251383331790379e+01 5.372562586321085121e+01 1.423536486387379441e+01 3.939846121500907572e-02 1.826735814269471181e+00 4.831624575789500220e+00 9.850326565683552360e+00 1.210831710894245239e+00 1.337430490419384057e+02
6.038072134064705665e+01 6.347663464206970474e+01 1.045415784796096688e+02 2.122652757410948965e+01 5.528264365183454032e+01 1.488976626026211925e+01 9.648702950453431904e-02 1.995332467620734684e+00 3.571368841347370537e+00 1.112871174279228725e+01 1.253835932045396673e+00 1.318825988047132682e+02
6.047018974526053370e+01 6.359912933970874604e+01 1.042219452114053837e+02 2.215555992987685840e+01 5.667708215190015864e+01 1.552575552390197977e+01 1.617825021722789636e-01 2.173516594638718047e+00 2.658461092560875816e+00 1.195571627939930437e+01 1.288706075165801712e+00 1.291075171100656007e+02
6.053803374835661089e+01 6.370802078424847537e+01 1.038610060801154304e+02 2.304922260405650647e+01 5.791856367696895802e+01 1.614366656513357867e+01 2.354466866689108595e-01 2.361748042886374854e+00 2.034816027409732886e+00 1.239204615976572832e+01 1.314580940722938740e+00 1.254906962274704370e+02
6.058399372364615232e+01 6.380183289044502004e+01 1.034558513786745237e+02 2.390736514623002051e+01 5.901680578810897515e+01 1.674360860698186215e+01 3.175944158532275075e-01 2.560430881736452058e+00 1.620000667598582078e+00 1.252146846607596942e+01 1.330730622526838491e+00 1.211073885484733808e+02
6.060788798416536594e+01 6.387925538249483282e+01 1.030036946024166582e+02 2.473006258477505170e+01 5.998136455293667524e+01 1.732543745618351849e+01 4.082919918432483253e-01 2.769909938465566768e+00 1.348475550071075668e+00 1.241355990521603125e+01 1.336612278405112875e+00 1.160341707580257236e+02
6.060958017586643365e+01 6.393914430503502899e+01 1.025019067254366831e+02 2.551760229304974104e+01 6.082140947288762334e+01 1.788873361041022036e+01 5.075557828213485001e-01 2.990465916804965207e+00 1.174642211910792655e+00 1.211865354881085288e+01 1.331928367882351250e+00 1.103480773661051444e+02
6.058895731310499144e+01 6.398052070994173590e+01 1.019480485585424816e+02 2.627047066737183911e+01 6.154552972649458553e+01 1.843278602240294717e+01 6.153509792139134627e-01 3.222309446520023268e+00 1.068366263411878458e+00 1.167231138311170469e+01 1.316684400129768617e+00 1.041258792168791842e+02
6.054591680052466529e+01 6.400256774300655138e+01 1.013399010449067958e+02 2.698934001736578736e+01 6.216157062412058565e+01 1.895658026858196266e+01 7.315905243472230479e-01 3.465574334759094377e+00 1.009869577327714651e+00 1.110042516742177554e+01 1.291242382230215036e+00 9.744348355716475396e+01
6.048036081095333572e+01 6.400462631875514319e+01 1.006754933578950499e+02 2.767505592073206344e+01 6.267649864155453088e+01 1.945878985093314384e+01 8.561342417775419378e-01 3.720310243231818248e+00 9.859768032463096521e-01 1.042295571902027795e+01 1.256365422134188448e+00 9.037543423407804255e+01
6.039219652293232343e+01 6.398618954443669793e+01 9.995312865656832457e+01 2.832862517514550404e+01 6.309629303765447617e+01 1.993776937715181674e+01 9.887881879870606960e-01 3.986474989970462346e+00 9.876642568909241859e-01 9.656357505871559610e+00 1.213248480835884102e+00 8.299449311264585560e+01
6.028134090820754665e+01 6.394689603487344698e+01 9.917140732925197710e+01 2.895120439029793147e+01 6.342586181514089816e+01 2.039154840001355140e+01 1.129304265427991893e+00 4.263926663896328684e+00 1.008512883272478122e+00 8.815081848405359466e+00 1.163530260632090085e+00 7.537128651417039293e+01
6.014772896071229269e+01 6.388652224700221893e+01 9.832924751089994686e+01 2.954408920694598706e+01 6.366897961483535084e+01 2.081782474212359446e+01 1.277380136995031279e+00 4.552415740214858175e+00 1.043731327745484716e+00 7.912488380425616974e+00 1.109281822305300258e+00 6.757400315032407434e+01
5.999132444983978729e+01 6.380497395544343675e+01 9.742590258500885625e+01 3.010870411823781723e+01 6.382824501461438871e+01 2.121395618046735265e+01 1.432659488663243108e+00 4.851577391765629521e+00 1.089526932821018201e+00 6.961384026968446825e+00 1.052968844874427212e+00 5.966813253128521666e+01
5.981213244795921469e+01 6.370227698706056430e+01 9.646097525143480311e+01 3.064659292629525922e+01 6.390505461870211690e+01 2.157694941506325392e+01 1.594732691814662928e+00 5.160924203697383028e+00 1.142686734865204334e+00 5.974326586956123286e+00 9.973864697202650120e-01 5.171623508836552219e+01
5.961021301816114004e+01 6.357856733218421397e+01 9.543442750680804920e+01 3.115941004593999608e+01 6.389959126503116948e+01 2.190344530107031673e+01 1.763137920162688888e+00 5.479839514559673219e+00 1.200284158105859200e+00 4.963779010300942929e+00 9.455682536494166568e-01 4.377773724626275254e+01
5.938569555069913264e+01 6.343408075205294239e+01 9.434658543703470457e+01 3.164891327676588162e+01 6.381082365319673499e+01 2.218969939346267140e+01 1.937362777586757012e+00 5.807571624665472498e+00 1.259459292652258311e+00 3.942171127323458535e+00 9.006735878094327408e-01 3.590874640921483518e+01
5.913879330604133600e+01 6.326914200527009768e+01 9.319813682581676062e+01 3.211695954274483000e+01 6.363651471911484947e+01 2.243155695507858027e+01 2.116846492054270001e+00 6.143229130993357323e+00 1.317239536368647101e+00 2.921909363151107719e+00 8.658605994090926572e-01 2.816188230728689490e+01
5.886981776125141153e+01 6.308415381987180837e+01 9.199011769287152163e+01 3.256550699450480835e+01 6.337323618367126699e+01 2.262442174007882656e+01 2.300982726641827458e+00 6.485777665477352016e+00 1.370378374451520109e+00 1.915365994943391215e+00 8.441535808151945375e-01 2.058612241033413071e+01
5.857919236802881358e+01 6.287958574130424694e+01 9.072387963790768595e+01 3.299663113925745961e+01 6.301638692600756286e+01 2.276321812764135544e+01 2.489123051128550035e+00 6.834038328611013569e+00 1.415196500723295392e+00 9.348740589669952694e-01 8.383149930684939966e-01 1.322666018687308842e+01
5.826746531958419695e+01 6.265596298946513798e+01 8.940101965451393085e+01 3.341257293700741116e+01 6.256021324277894990e+01 2.284234660722369981e+01 2.680581106550626203e+00 7.186688120970898375e+00 1.447413475033209940e+00 7.250257337113969955e-03 8.507318451171806961e-01 6.124775891030268760e+00
5.793532089483904457e+01 6.241385545937399115e+01 8.802322718365809351e+01 3.381586378993604569e+01 6.199782974541810177e+01 2.285563329680550027e+01 2.874637480533729139e+00 7.542262679394576175e+00 1.461961240924715133e+00 8.986405618601468470e-01 8.833247671582409311e-01 6.822796727128394023e-01
5.758358890827740595e+01 6.215386699939637083e+01 8.659192397730004132e+01 3.420965167824593323e+01 6.132124074735892805e+01 2.279627523636197139e+01 3.070545293451239832e+00 7.899161619761310149e+00 1.452774667576026024e+00 1.726757732048482818e+00 9.374856245825585743e-01 7.161387310495372027e+00
5.721325174942925429e+01 6.187662509777999986e+01 8.510730280574674111e+01 3.459862239290006869e+01 6.052136367847690224e+01 2.265678481558492763e+01 3.267536475013843145e+00 8.255656772092416773e+00 1.412560908660445147e+00 2.478710830624953232e+00 1.014046482155501083e+00 1.328364588813720459e+01
5.682544845568062897e+01 6.158277110221091988e+01 8.356525493499862023e+01 3.499202611380518846e+01 5.958805856725732752e+01 2.242893910044718453e+01 3.464828688501630616e+00 8.609903563435629792e+00 1.332561936943535308e+00 3.141036111317473178e+00 1.113279621576415135e+00 1.902444098644264159e+01
5.642147523543445686e+01 6.127295108793659040e+01 8.194452438095301261e+01 3.541647171715652576e+01 5.851017124450518736e+01 2.210374331130007874e+01 3.661632836364123289e+00 8.959955757239752572e+00 1.202347853452728099e+00 3.699474788958729832e+00 1.234925592458541610e+00 2.436349333028761777e+01
5.600278185588299351e+01 6.094780747772328766e+01 8.012185542774783187e+01 3.600072294748328972e+01 5.727560298306929099e+01 2.167142261592869446e+01 3.857161057258278625e+00 9.303783692452650911e+00 1.009718776303976329e+00 4.138832533238979039e+00 1.378244259524194382e+00 2.928488430334518000e+01
5.557096334161959561e+01 6.060797150163658387e+01 7.624050863816331969e+01 3.860712208616612173e+01 5.587142612632889183e+01 2.112146306851830957e+01 4.050635101664857629e+00 9.639296079668646655e+00 7.408560992714269267e-01 4.443067850443916278e+00 1.542082647114495275e+00 3.377705570478984498e+01
5.512774650723567049e+01 6.025405656665803633e+01 3.935016570636580013e+01 7.419162185240968199e+01 5.428407407292186093e+01 2.044273115327632340e+01 4.241294951800421487e+00 3.809478536019194062e-01 9.964365304318272720e+00 4.595840837794884948e+00 1.724953059093822683e+00 3.783278085701783766e+01
5.467497097758516134e+01 5.988665258596135743e+01 3.705021663157922518e+01 7.516043334354228023e+01 5.249964459613291012e+01 1.962371180445763130e+01 4.428407532230322019e+00 8.440836737677165358e-02 1.027685605813580239e+01 4.581832195210878922e+00 1.925115326275085970e+00 4.144910424383930803e+01
5.421456453906198192e+01 5.950632129579344110e+01 3.713633428660415348e+01 7.372338637973294340e+01 5.050436689105813315e+01 1.865291598565936582e+01 4.611275340774621867e+00 6.667251647449856655e-01 1.057465697122301407e+01 4.389137855361717300e+00 2.140657895717803072e+00 4.462724705623984534e+01
5.374851291476347370e+01 5.911359256499788728e+01 3.739861239660312009e+01 7.209572776713268638e+01 4.828529249191739581e+01 1.751951845661328733e+01 4.789244815173473668e+00 1.370998019087839026e+00 1.085571475077506598e+01 4.012813494969430295e+00 2.369573605221556800e+00 4.737247635554614078e+01
5.327882436029710078e+01 5.870896167896605533e+01 3.769752870237571329e+01 7.042209724717234565e+01 4.583127348938648993e+01 1.621428944403026051e+01 4.961714239588961739e+00 2.191465847813409251e+00 1.111807015359370077e+01 3.459037319520214204e+00 2.609827188287555444e+00 4.969393603631876033e+01
5.280748982211695619e+01 5.829288755682338774e+01 3.800554267974759171e+01 6.873487322724733417e+01 4.313428042969672305e+01 1.473087269502293317e+01 5.128140986380484989e+00 3.108203082057336530e+00 1.135989493462721356e+01 2.748449699017791570e+00 2.859412685339242977e+00 5.160443838347621437e+01
5.233643976563207190e+01 5.786579183860018105e+01 3.831341560490864140e+01 6.704780180447279747e+01 4.019107603414614971e+01 1.306742597192571509e+01 5.288047882826565349e+00 4.086618346203668928e+00 1.157952873195147880e+01 1.916595839472386098e+00 3.116399906327285141e+00 5.312021576405346934e+01
5.186749913730368888e+01 5.742805875852565123e+01 3.861644605670579722e+01 6.536971704343685019e+01 3.700518788504214029e+01 1.122856689479636216e+01 5.441028489953336766e+00 5.081341021347560272e+00 1.177551468119636269e+01 1.009990713882851665e+00 3.378969856832230167e+00 5.426063286093991422e+01
5.140234223934475466e+01 5.698003570185885280e+01 3.891125795800953568e+01 6.370771613915732701e+01 3.358900740338224011e+01 9.227451076801020946e+00 5.586751082128740720e+00 6.043867624369235081e+00 1.194663241297318734e+01 7.843426221724933423e-02 3.645439600110642164e+00 5.504786082415802895e+01
5.094244953062199244e+01 5.652203432616870771e+01 3.919484303580666307e+01 6.206808795508041499e+01 2.996569389088533697e+01 7.087660826549529780e+00 5.724961122789943957e+00 6.931056059568800443e+00 1.209192699067946997e+01 8.335116404940668966e-01 3.914277400735162171e+00 5.550651575819967576e+01
5.048906848782323209e+01 5.605433211393515336e+01 3.946424723940830148e+01 6.045660538756757063e+01 2.617041944826712907e+01 4.844439636174626251e+00 5.855482045194746021e+00 7.711109058040293895e+00 1.221073230935587617e+01 1.692526445982944550e+00 4.184109213551422179e+00 5.566326504891308957e+01
5.004318063835488317e+01 5.557717421187457774e+01 3.971648447170116469e+01 5.887859783311733253e+01 2.225042343622574847e+01 2.544740459615411510e+00 5.978214169296157010e+00 8.365444941718607197e+00 1.230268751481976075e+01 2.478413373968987088e+00 4.453717680424768233e+00 5.554640612271109035e+01
4.960547669370578205e+01 5.509077540356764047e+01 3.994854579364408664e+01 5.733893492178742690e+01 1.826343693057099671e+01 2.456475287846479338e-01 6.093131618587388054e+00 8.887125331588302757e+00 1.236774512958570327e+01 3.182531520463967478e+00 4.722034810804458083e+00 5.518542328299989208e+01
4.917634136742958617e+01 5.459532205569336583e+01 4.015745482024227186e+01 5.584196989506506270e+01 1.427433600713773210e+01 1.988970173690788767e+00 6.200277145525769917e+00 9.277624324019051016e+00 3.804563038202031233e+00 1.240616979701212941e+01 4.988129479803716571e+00 5.461052923994384400e+01
4.875584897139547280e+01 5.409097387441067184e+01 4.034034745227417318e+01 5.439146345296508400e+01 1.035034183005482511e+01 4.093256512133027769e+00 6.299754831582191628e+00 9.543510583959639249e+00 4.349187712849033716e+00 1.241852687958459711e+01 5.251190802673121993e+00 5.385219879528185771e+01
4.834377028080251648e+01 5.357786530696098737e+01 4.049456407985464779e+01 5.299049888353866322e+01 6.555547166786077184e+00 6.004837896392315244e+00 6.391720697513158633e+00 9.693854608313442256e+00 4.823478061504500758e+00 1.240566056350809276e+01 5.510508354697429390e+00 5.294070281960792101e+01
4.793959049065993128e+01 5.305610642424738899e+01 4.061774623865040468e+01 5.164139552654617660e+01 2.945804989428960408e+00 7.669929999265781895e+00 6.476371339024320051e+00 9.738533185395976233e+00 5.235187855775940591e+00 1.236866161180864232e+01 5.765450112886556511e+00 5.190565112292454586e+01
4.754253741146908396e+01 5.252578312271524652e+01 4.070793122430233524e+01 5.034562626849185563e+01 4.350695034189078769e-01 9.047130631091038211e+00 6.553930788836962229e+00 9.687280095463549401e+00 5.591784027675563706e+00 1.230882544087917907e+01 6.015438908308709642e+00 5.077555303166413836e+01
4.715161842994297814e+01 5.198695648807056102e+01 4.076363882154573304e+01 4.910374434711066982e+01 3.557224504560154266e+00 1.010934017514894556e+01 6.624635893028466782e+00 9.549248853637799073e+00 5.899988719523464376e+00 1.222760173176468967e+01 6.259928100169272369e+00 4.957740441415428734e+01
4.676566424733454852e+01 5.143966116891382967e+01 4.078394469083949048e+01 4.791532462007297255e+01 6.404784932864519220e+00 1.084376985646060554e+01 6.688720571049188379e+00 9.332883456240795184e+00 6.165628473690840217e+00 1.212653727931883907e+01 6.498377117011257198e+00 4.833630951830154743e+01
4.638337704747696222e+01 5.088390261490905431e+01 4.076853536738106243e+01 4.677892430347741026e+01 8.974344847550080218e+00 1.125042924563456381e+01 6.746399398299552708e+00 9.045953423549459416e+00 6.393647973265034423e+00 1.200721418135227836e+01 6.730227457284787995e+00 4.707514528976231105e+01
4.600338056652296359e+01 5.031965304123470872e+01 4.071774042213281319e+01 4.569206782561587943e+01 1.127254511937383086e+01 1.133969906051094867e+01 6.797851001350606381e+00 8.695663535303417291e+00 6.588199932216537213e+00 1.187118573176986303e+01 6.954879700494910999e+00 4.581427483272631918e+01
4.562426954498506859e+01 4.974684598835108318e+01 4.063253820143563644e+01 4.465125975945387182e+01 1.331333702164936206e+01 1.112958967948649658e+01 6.843201784001911037e+00 8.288787072200946682e+00 6.752761219111028446e+00 1.171991247421865268e+01 7.171672050044475277e+00 4.457131538588169661e+01
4.524465622917382035e+01 4.916536935298451283e+01 4.051453274163264240e+01 4.365202873942650541e+01 1.511538648013856267e+01 1.064313975826681613e+01 6.882510504842355381e+00 7.831795539885106017e+00 6.890249497076148089e+00 1.155470078149098612e+01 7.379860908296525857e+00 4.336096466288803697e+01
4.486321192605690555e+01 4.857505677211831596e+01 4.036590093938164614e+01 4.268900383861049619e+01 1.669988394735050008e+01 9.906219523842885621e+00 6.915754204062074528e+00 7.330971895991845066e+00 7.003128691164310915e+00 1.137664605823558972e+01 7.578603971752147395e+00 4.219488772175400015e+01
4.447870206337432819e+01 4.797567724593478999e+01 4.018931078378444255e+01 4.175602314788467595e+01 1.808885933620921094e+01 8.945837813708957142e+00 6.942815932186187311e+00 6.792501986140591974e+00 7.093499197508323917e+00 1.118658225063817113e+01 7.766946328162184443e+00 4.108166477185661591e+01
4.409001371939096714e+01 4.736692288733057410e+01 3.998781330292955261e+01 4.084627238902045576e+01 1.930398889377706695e+01 7.788939478408114070e+00 6.963474672128126208e+00 6.222542888184908527e+00 7.163172583697529738e+00 1.098503883734920983e+01 7.943810036649233908e+00 4.002679860490596297e+01
4.369617511698176315e+01 4.674839468393941644e+01 3.976471267497319673e+01 3.995244949185546091e+01 2.036582118629018012e+01 6.461620242283984794e+00 6.977397776508510674e+00 5.627268846084014342e+00 7.213732275630073687e+00 1.077220593709239438e+01 8.107987675564164221e+00 3.903277875560618781e+01
4.329636708195747730e+01 4.611958615265845651e+01 3.952342050171156984e+01 2.129332893523472592e+01 3.906694938676824336e+01 4.988665945908937971e+00 6.984136173697150340e+00 5.012896426338468991e+00 7.246582372954050832e+00 1.054790767446579203e+01 8.258140350141566444e+00 3.809919816348399735e+01
4.288992691070453844e+01 4.547986475553985031e+01 3.926730133887330965e+01 2.210369657119519360e+01 3.818206202308131481e+01 3.393326534932624039e+00 6.983122537664808505e+00 4.385690985946496312e+00 7.262986838969702319e+00 1.031158357201133136e+01 8.392800662466818551e+00 3.722291711127838454e+01
4.247634545253431071e+01 4.482845092872423720e+01 3.899951705410379077e+01 2.281226758286525680e+01 3.729017599890366341e+01 1.697249710705660330e+00 6.973672576575864035e+00 3.751956768456607083e+00 7.264101170238663308e+00 1.006227755446563954e+01 8.510381159103197035e+00 3.639826863099467147e+01
4.205525847364648939e+01 4.416439455208406883e+01 3.872287733873738347e+01 2.343259305157340933e+01 3.638398029191251482e+01 7.948320530048523513e-02 6.954989579224612584e+00 3.118013057922679465e+00 7.250998418839559534e+00 9.798634222701368302e+00 8.609188785651097575e+00 3.561729944895089517e+01
4.162643352859146262e+01 4.348654865589337959e+01 3.843970271690204754e+01 2.397653893691612836e+01 3.545665742603896575e+01 1.918260191837255491e+00 6.926172370371483034e+00 2.490158851477687119e+00 7.224691188365949479e+00 9.518902433461040147e+00 8.687445889904529039e+00 3.487004091861835064e+01
4.118975362652422234e+01 4.279354012198820101e+01 3.815170474732455830e+01 2.445442299410480658e+01 3.450206293306072780e+01 3.801807738051611096e+00 6.886226866097915789e+00 1.874628454198602912e+00 7.186150982000772736e+00 9.220946951505135658e+00 8.743318321250875158e+00 3.414480528064952836e+01
4.074519895493397570e+01 4.208373709092404624e+01 3.785988594161197796e+01 2.487516232900212287e+01 3.351488801875161982e+01 5.714043660974808425e+00 6.834081485423253000e+00 1.277540239483962115e+00 7.136326052372540474e+00 8.902270060507936122e+00 8.774951164916394930e+00 3.342850399531422312e+01
4.029282782870500768e+01 4.135521273474994075e+01 3.756445940595862254e+01 2.524641987647705577e+01 3.249080474227974236e+01 7.639923639827148172e+00 6.768606757974010790e+00 7.048405463170797081e-01 7.076158680125852030e+00 8.560046554259278295e+00 8.780512611540119750e+00 3.270698680096909783e+01
3.983275788531063455e+01 4.060570499941271549e+01 2.557474308494154158e+01 3.726478552232381958e+01 3.142659558720449553e+01 9.565286779750364232e+00 6.688639558978919375e+00 1.622443107966142217e-01 7.006602574354904078e+00 8.191177483264906911e+00 8.758246373682617048e+00 3.196540252505755575e+01
3.936514836584961330e+01 3.983257186498875768e+01 2.586569137437467703e+01 3.695932024140202543e+01 3.032027191692953494e+01 1.147670254221794117e+01 6.593012487523808751e+00 3.448264164561412604e-01 6.928640819435900156e+00 7.792370353508399461e+00 8.706532889628206817e+00 3.118858541990638145e+01
3.889018412359502719e+01 3.903274162082461629e+01 2.612395098861514242e+01 3.664556679918492677e+01 2.917118842718936733e+01 1.336131971032198962e+01 6.480588962189751889e+00 8.113053823667012443e-01 6.843304458853955552e+00 7.360256005393436496e+00 8.623959257477272544e+00 3.036147371460453215e+01
3.840806180164292982e+01 3.820265761230989199e+01 2.635343705464873310e+01 3.632001981868943830e+01 2.798016340468002028e+01 1.520671728392928124e+01 6.350304614654761259e+00 1.232546210287938981e+00 6.751691370032043338e+00 6.891554784408664425e+00 8.509397361875119969e+00 2.946956976884887069e+01
3.791897843129623880e+01 3.733821689217924700e+01 2.655738325336433192e+01 3.597808762591693466e+01 2.674961756883404007e+01 1.700075701803994832e+01 6.201215485112983927e+00 1.604387685102098171e+00 6.654984501279697540e+00 6.383306166671566473e+00 8.362088921711356093e+00 2.849945296127484440e+01
3.742312253218624107e+01 3.643470220345343336e+01 2.673841966277385040e+01 3.561397488580337267e+01 2.548374782771012903e+01 1.873143752057277922e+01 6.032553325909784547e+00 1.923220391513918548e+00 6.554467764909193583e+00 5.833175562072053566e+00 8.181735120641494774e+00 2.743935604555833407e+01
3.692066765002980588e+01 3.548670672033461670e+01 2.689863913042999499e+01 3.522050295138311782e+01 2.418875682851599862e+01 2.038675029281071716e+01 5.843787959444989966e+00 2.186054700277642926e+00 6.451536861864900274e+00 5.239847838579519745e+00 7.968587004012872121e+00 2.627981138137986150e+01
3.641176815178929616e+01 3.448805092530781025e+01 2.703965193876542372e+01 3.478883920650190475e+01 2.287316515596515742e+01 2.195453878352767063e+01 5.634696070360698528e+00 2.390589640225832646e+00 6.347701013348166832e+00 4.603506921860660128e+00 7.723530870983390528e+00 2.501436289532927404e+01
3.589655701185535008e+01 3.343169075494813569e+01 2.716262736445680659e+01 3.430809894853424424e+01 2.154824066975981367e+01 2.342236246233633068e+01 5.405435004457747716e+00 2.535281419205190456e+00 6.244569971455576685e+00 3.926382290338890080e+00 7.448160429171985619e+00 2.364032050134520446e+01
3.537514526568191542e+01 3.230961531255378816e+01 2.726831852987732674e+01 3.376477447940398235e+01 2.022858832528255491e+01 2.477736918748270156e+01 5.156619081160338958e+00 2.619409295578432495e+00 6.143818774496292434e+00 3.213315053319206083e+00 7.144824535731545190e+00 2.215950476906784772e+01
3.484762277647308792e+01 3.111273003579549723e+01 2.735706258961403847e+01 3.314193842368854348e+01 1.893295154478821374e+01 2.600618089143939571e+01 4.889394622831536807e+00 2.643135241825354420e+00 6.047120518886739404e+00 2.472260365539214355e+00 6.816636009780811634e+00 2.057889271994248759e+01
3.431405995229837202e+01 2.983071470665674951e+01 2.742873911108508977e+01 3.241816882304043190e+01 1.768527587712890181e+01 2.709480002037752655e+01 4.605508440880258902e+00 2.607552537051943453e+00 5.956034925219315213e+00 1.714606452434417339e+00 6.467423384649210405e+00 1.891103812165399489e+01
3.377451006094022290e+01 2.845182843890308177e+01 2.748264865602915208e+01 3.156616939912379394e+01 1.651606019426923666e+01 2.802854744738212034e+01 4.307363052179480789e+00 2.514717296643253608e+00 5.871837528111204740e+00 9.551676592696288770e-01 6.101603616829502030e+00 1.717411588862921334e+01
3.322901181307982910e+01 2.696258697639677138e+01 2.751722209329885160e+01 3.055114737016541682e+01 1.546393220109632871e+01 2.879204691743244027e+01 3.998050678408130665e+00 2.367656267638022172e+00 5.795270402884646010e+00 2.117187929100720345e-01 5.723949415581585320e+00 1.539144954606618931e+01
3.267759191629497195e+01 2.534710317184650563e+01 2.752933090415393025e+01 2.932923782026044179e+01 1.457715911273467313e+01 2.936927655466756804e+01 3.681357439909975326e+00 2.170344276069354095e+00 5.726189207749145638e+00 4.960029592983377089e-01 5.339219021073987825e+00 1.359043995985324393e+01
3.212026733825123159e+01 2.358545639464546895e+01 2.751253686276870880e+01 2.784674987570913984e+01 1.391431894580031070e+01 2.974371440876928574e+01 3.361729477529488808e+00 1.927645752129339307e+00 5.663070456700671329e+00 1.147792568642474142e+00 4.951606656920124472e+00 1.180092454902204935e+01
3.155704705327431725e+01 2.164890633111685503e+01 2.745206210913864098e+01 2.604188198182587399e+01 1.354248679836231517e+01 2.989861182146265151e+01 3.044194375409190467e+00 1.645216905660101592e+00 5.602323022688699972e+00 1.724795651256742834e+00 4.563954305787709664e+00 1.005313550230100894e+01
3.098793307856937318e+01 1.948280505147934960e+01 2.730729301933629571e+01 2.385170651134581021e+01 1.353013858688061966e+01 2.981743418512226640e+01 2.734234428248412119e+00 1.329368309819715099e+00 5.537312789594344586e+00 2.211362232453570886e+00 4.176633716731848800e+00 8.375546018815461125e+00
3.041292063155561820e+01 1.692525436242012660e+01 2.692982193586735562e+01 2.122770321006998984e+01 1.393149645401936532e+01 2.948451096811193040e+01 2.437612942170530594e+00 9.868915681514042193e-01 5.456953985901263238e+00 2.596602584474811515e+00 3.785956202028673445e+00 6.792943919778033468e+00
2.983199725537292224e+01 1.306739795022097539e+01 2.542287820876961035e+01 1.816042121500372275e+01 1.476174075387302587e+01 2.888593184462274976e+01 2.160160454624882931e+00 6.248578560459844278e-01 5.343653781252729829e+00 2.875365535712790521e+00 3.381905025848455537e+00 5.325025103228399281e+00
2.924514076305303689e+01 3.442837724968255575e+00 1.144394188690966097e+01 1.470530944594556999e+01 1.597105419011502292e+01 2.801070824626844313e+01 1.907533694930192203e+00 2.503997640393778035e-01 5.170387073105401576e+00 3.048495088786905782e+00 2.944979216805028166e+00 3.985670636505616482e+00
2.865231583957156758e+01 2.440396322397853979e+01 6.799854499076972481e+00 1.099111180397806642e+01 1.743610751610113496e+01 2.685218410722682947e+01 1.684965193727120392e+00 1.295096494959538658e-01 4.896995698290112387e+00 3.122386805890009942e+00 2.442257443224622460e+00 2.782911281401300396e+00
2.805346911203738713e+01 2.649126381723196744e+01 5.983621123943250630e+00 7.194514080519806676e+00 1.898530587249579682e+01 2.540962231191068810e+01 1.497024554798921159e+00 5.082658718029523515e-01 4.467247903094301087e+00 3.108002561689721777e+00 1.824233002368901957e+00 1.719449387909969262e+00
2.744852244779927730e+01 2.681862831945765535e+01 3.228127115034863603e+00 3.489077395530891135e+00 2.044976670068053437e+01 2.368981637000760188e+01 1.347412663304409230e+00 8.798163349279303214e-01 3.812331616996225581e+00 3.019573899437623332e+00 1.028107622662967513e+00 7.935365018053699426e-01
6.739958858802841846e+00 6.739958610570210062e+00 1.041056809376595082e-06 1.325992517619972586e-06 2.091961094761224871e+01 2.091960943018366237e+01 1.124143723696441777e+00 1.124143644786579355e+00 2.858597296120596987e+00 2.858597082133772282e+00 2.574544672766966765e-07 6.570213608807558698e-07
2.675094369478375000e+01 2.621386840002415397e+01 3.505783942424055333e+00 3.240686135752972152e+00 1.946884316370373469e+01 2.271190893064087035e+01 1.583878411106788509e+00 1.172346218478026003e+00 2.683758256712538426e+00 1.638008821466255371e+00 1.267895887063246185e+00 6.746029677178854156e-01
2.661084614262204440e+01 2.558365883366850824e+01 7.172231461003031328e+00 6.188655109668188103e+00 1.702520292653192513e+01 2.344044595073220094e+01 1.907713250394106330e+00 1.149712759839357723e+00 2.469113861862011206e+00 2.232314159704770484e-01 2.654747746479948045e+00 1.231397299819871449e+00
2.643482219767688690e+01 2.494643211959823148e+01 1.093783048060149632e+01 8.866029440154179042e+00 1.442331874665344671e+01 2.391896321798316549e+01 2.207421453282512491e+00 1.170212455113287531e+00 2.244825491806780704e+00 1.193433681210582575e+00 3.980854628088478453e+00 1.680615087699854682e+00
2.623020095775105531e+01 2.430177947479496225e+01 1.474500476101730939e+01 1.130774458912193836e+01 1.171592790786295168e+01 2.418468074539152823e+01 2.480989531310807017e+00 1.232128975237322344e+00 2.024637174685984586e+00 2.476975356732570077e+00 5.110297743956789596e+00 2.032774869770122006e+00
2.600050973796849973e+01 1.853670077183755183e+01 2.364915512162242095e+01 1.355015482772997082e+01 8.959524777263997208e+00 2.427588324136984710e+01 2.727218430474371402e+00 1.332878152010803952e+00 1.820223304620611549e+00 3.589313343000988699e+00 6.005159828264379662e+00 2.298294361554479082e+00
2.574771924707123461e+01 2.225788852301217347e+01 2.298783541454641721e+01 1.562572649041306860e+01 6.210576455375260707e+00 2.422674634441209918e+01 2.945636605231267691e+00 1.469189706502423975e+00 1.641105043887090886e+00 4.556938399505757076e+00 6.693088831586168297e+00 2.487239459863166857e+00
2.547314571525216209e+01 2.585835015580097718e+01 2.231686550330755026e+01 1.756130503287112532e+01 3.521782551779424786e+00 2.406577017914025163e+01 3.136397747737742936e+00 1.637299014144283582e+00 1.494709174903372961e+00 5.424058162019909091e+00 7.220349891701451917e+00 2.609175149306562691e+00
2.517787993068985841e+01 2.929530538847615517e+01 2.163498888719349011e+01 1.937806156495961929e+01 9.389601149158485205e-01 2.381592537240404539e+01 3.300171508635975304e+00 1.833133575975587792e+00 6.229044979505049540e+00 1.386519360135019863e+00 7.628170038263574426e+00 2.673087308046866006e+00
2.486304751030088056e+01 3.253516087646450927e+01 2.094055340404726451e+01 2.109204074628616610e+01 1.501037204576444850e+00 2.349543435364016020e+01 3.438034138180383614e+00 2.052482417756201105e+00 6.998937432735997888e+00 1.320278691227762868e+00 7.947134074604131015e+00 2.687350446094772582e+00
2.453004028494226674e+01 3.555409399698019968e+01 2.023138426882957930e+01 2.271479228684658125e+01 3.771215490299830275e+00 2.311867382583678321e+01 3.551364334191258187e+00 2.291140687439253476e+00 7.750832733269768404e+00 1.298212467075418486e+00 8.198473959012680723e+00 2.659722763871799067e+00
2.418082919500971073e+01 3.833746176888678292e+01 1.950461053221838625e+01 2.425387173240496352e+01 5.854252574280481625e+00 2.269699212909966946e+01 3.641747953532380677e+00 2.545025605035152072e+00 8.494593498047507296e+00 1.321249576477870669e+00 8.396678694498726614e+00 2.597355572742717555e+00
2.381852966340114719e+01 4.087813472895451383e+01 1.875642490976719401e+01 2.571313568022610951e+01 7.741495346813739076e+00 2.223938148084994282e+01 3.710893790718372109e+00 2.810263195592290764e+00 9.235145261211748391e+00 1.389228908825556941e+00 8.551703165430650344e+00 2.506808695340917215e+00
2.344861475320399435e+01 4.317369473608424357e+01 1.798174717970729475e+01 2.709280729845831459e+01 9.431475242874936882e+00 2.175300612366956088e+01 3.760561437080013114e+00 3.083247688547144261e+00 9.974104271515084719e+00 1.501083471076025022e+00 8.670516379305098553e+00 2.394066935726146372e+00
2.308189344423043110e+01 4.522168836918932300e+01 1.717374641931798962e+01 2.838929325115422486e+01 1.092824930073324552e+01 2.124360826605195385e+01 3.792501331447966972e+00 3.360677060477095690e+00 1.071086236204250142e+01 1.654999492412278173e+00 8.758115930719572617e+00 2.264555211133405521e+00
2.274299524407977913e+01 4.700942777942522355e+01 1.632315442317338849e+01 2.959471312071291393e+01 1.223979808606099517e+01 2.071581739026550650e+01 3.808406481981443825e+00 3.639569021532331305e+00 1.144329813811098084e+01 1.848550916456594306e+00 8.818177360127851472e+00 2.123151650488002584e+00
2.249980151146580454e+01 4.848304239009604544e+01 1.541726756850449576e+01 3.069606384617469530e+01 1.337662232220266922e+01 2.017338580429143846e+01 3.809874939001547389e+00 3.917261951334728654e+00 1.216824567605227791e+01 2.078811619094860230e+00 8.853468657696382138e+00 1.974199066020642102e+00
2.259937123476840881e+01 4.941029954631233068e+01 1.443848163064684975e+01 3.167388373832047677e+01 1.435060202844836574e+01 1.961936890111219611e+01 3.798381882044939761e+00 4.191405049727759291e+00 1.288180916566596501e+01 2.342448725552651378e+00 8.866117219584985776e+00 1.821515841435070504e+00
2.443195123426175286e+01 4.841561411343873544e+01 1.336212812306609621e+01 3.250019967201873072e+01 1.517412601358014967e+01 1.905626428793579663e+01 3.775260102966321085e+00 4.459941442332791439e+00 1.357958015837795607e+01 2.635800780603317683e+00 8.857784747379991330e+00 1.668407569744079888e+00
3.729891146879673158e+01 3.621138298823494495e+01 1.215328286667895341e+01 3.313543893043815558e+01 1.585946620696830500e+01 1.848612034766924239e+01 3.741687678813816920e+00 4.721087304565051213e+00 1.425679308939587031e+01 2.954944450490335495e+00 8.829784635802989001e+00 1.517680805361243390e+00
5.076024952917092037e+01 2.324996169942289015e+01 1.076212845726217893e+01 3.352389476182882078e+01 1.641835591339478384e+01 1.791062197951910306e+01 3.698681699594954075e+00 4.973309342558769330e+00 1.490844145265344522e+01 3.295753058128895407e+00 8.783163211038781171e+00 1.371660137369130839e+00
5.385335378091681235e+01 2.050455150898706336e+01 9.117500894312827953e+00 3.358738072156447174e+01 1.686172770892524397e+01 1.733115914174948458e+01 3.647097021658197047e+00 5.215302266154926869e+00 1.552936871181957557e+01 3.653949689518059429e+00 8.718758024682188079e+00 1.232209499914307171e+00
5.516663183520547165e+01 1.939535162927985823e+01 7.118845581005600387e+00 3.321730189937982658e+01 1.719957015005871526e+01 1.674888225122633401e+01 3.587629139688733204e+00 5.445967251811553389e+00 1.611434285643560926e+01 4.025156944552375826e+00 8.637241384208204309e+00 1.100758259474576395e+00
5.600945907381061062e+01 1.861948960629670680e+01 4.629033102650000231e+00 3.226759494406753959e+01 1.744086899608191032e+01 1.616474735288358744e+01 3.520820398214186131e+00 5.664391844825661160e+00 1.665812026644225341e+01 4.404944703699157138e+00 8.539154204178895924e+00 9.783322010484938325e-01
5.662095153668644798e+01 1.794220055692381877e+01 1.476560075367755243e+00 3.055706271772814731e+01 1.759360590947168390e+01 1.557955315158164566e+01 3.447068891196710450e+00 5.869831297519665370e+00 1.715550249362214430e+01 4.788876592115528297e+00 8.424933348273896172e+00 8.655891168019455018e-01
5.706743831784641685e+01 1.729936182710988035e+01 2.512401380868375167e+00 2.790156703672921878e+01 1.766479434936763582e+01 1.499397141640929831e+01 3.366639523980419657e+00 6.061690978515800410e+00 1.760138825243648597e+01 5.172555181623054388e+00 8.294934445311829663e+00 7.628583184484508672e-01
5.737152642210559605e+01 1.666847751614004025e+01 7.421937020901058446e+00 2.420624753797019935e+01 1.766053807108391638e+01 1.440857186063328932e+01 3.279676836963728359e+00 6.239509205431573946e+00 1.799082205625462905e+01 5.551665404723765462e+00 8.149451424503467933e+00 6.701830802955348609e-01
5.754043964087793483e+01 1.604042324665725516e+01 1.309630177251029259e+01 1.961577091175411880e+01 1.758610216841186613e+01 1.382384232211704145e+01 3.186219318790640909e+00 6.402939631258900199e+00 1.831904036306974959e+01 5.922015178539623115e+00 7.988733555608982684e+00 5.873647973627625918e-01
5.757433671417479104e+01 1.541124133849428013e+01 1.904936332378734321e+01 1.460505535997030258e+01 1.744599003282865368e+01 1.324020488367215798e+01 3.086215074654213186e+00 6.551732131293539041e+00 1.858151569454967245e+01 6.279571852872839699e+00 7.813000493241410105e+00 5.140075263269167083e-01
5.746934428733947442e+01 1.477924890791251933e+01 2.461339873800909217e+01 9.830648762970028542e+00 1.724402212608527662e+01 1.265802845371124796e+01 2.979538870369200509e+00 6.685710967305108277e+00 1.877399888755044444e+01 6.620492794708570550e+00 7.622455646034473453e+00 4.495615692865246316e-01
5.721890026806123331e+01 1.414386321596095542e+01 2.926389660076153731e+01 5.806107292424688815e+00 1.698341425591706511e+01 1.207763825442643046e+01 2.866010754733964383e+00 6.804748819615737077e+00 1.889255937331414970e+01 6.941148176459129182e+00 7.417298080158727380e+00 3.933648535962115944e-01
5.681448410408167859e+01 1.350506901532673787e+01 3.280274850703925438e+01 2.718989910230466212e+00 1.666685427624857141e+01 1.149932262208816525e+01 2.745416682089776739e+00 6.908735042273047355e+00 1.893362311427553735e+01 7.238133807963713195e+00 7.197733097373487432e+00 3.446810380760358949e-01
5.624610982056730535e+01 1.286315421083282651e+01 3.528976115105400879e+01 4.995366923817484706e-01 1.629657694008739099e+01 1.092333750027608730e+01 2.617531824920053651e+00 6.997536171478672351e+00 1.889400752726437460e+01 7.508271589764725640e+00 6.963981584612510822e+00 3.027335129433098571e-01
5.550273023612365364e+01 1.221856805030739679e+01 3.689046124101550106e+01 1.026942172587127278e+00 1.587443712037071109e+01 1.034990899321814872e+01 2.482147592054093632e+00 7.070946253701113626e+00 1.877095235702299547e+01 7.748594801017852696e+00 6.716288205156807578e+00 2.667347308233001257e-01
5.457261740354816482e+01 1.157183951989826909e+01 3.777521458238643959e+01 2.038989220681009851e+00 1.540198185850332813e+01 9.779234336618653600e+00 2.339103754874683805e+00 7.128623895861340820e+00 1.856214501649440862e+01 7.956314889419977554e+00 6.454928484635060748e+00 2.359105824417623010e-01
5.344375033328113744e+01 1.092352725615338294e+01 3.808176080963259835e+01 2.681337395205648289e+00 1.488052175725235493e+01 9.211481633031842975e+00 2.188327521341430604e+00 7.170011998505682271e+00 1.826573837779537968e+01 8.128765608685233346e+00 6.180214834651606814e+00 2.095197896636514234e-01
5.210422553378310795e+01 1.027418695423717487e+01 3.791124132527312440e+01 3.060742158644051081e+00 1.431120214304954708e+01 8.646788685195817337e+00 2.029881846877400253e+00 7.194234820887914772e+00 1.788035840871017612e+01 8.263319144920421522e+00 5.892501550487698303e+00 1.868685123733063724e-01
5.054269761572865605e+01 9.624349079981808330e+00 3.733534603096406812e+01 3.252936261286778930e+00 1.369507421131130975e+01 8.085261242259512926e+00 1.864025640423415453e+00 1.740509848912543589e+01 7.199965243299457640e+00 8.357267177160071725e+00 5.592188815679981495e+00 1.673205427282460633e-01
4.874885168575197270e+01 8.974503052524543278e+00 3.640484731015403241e+01 3.310978988765583608e+00 1.303316606064070804e+01 7.526970949994217008e+00 1.691288627586204685e+00 1.683949689497265823e+01 7.185252759617694274e+00 8.407657547668241804e+00 5.279725744535757492e+00 1.503035854315403208e-01
4.671390457957055986e+01 8.325085794637409720e+00 3.515659142130539294e+01 3.272074191817508915e+00 1.232655314051937623e+01 6.971953267115403641e+00 1.512563128325374873e+00 1.618349414841122069e+01 7.147299879550915946e+00 8.411074405815440969e+00 4.955612493315778799e+00 1.353121964268821364e-01
4.443112730425462331e+01 7.676473473099119538e+00 3.361858528450080996e+01 3.162500011825139623e+00 1.157642720803747771e+01 6.420205576538866588e+00 1.329213306547129214e+00 1.543736831177288948e+01 7.082171603891306511e+00 8.363346689088704267e+00 4.620401471614457911e+00 1.219079797373148755e-01
4.189637605741526727e+01 7.028975759932314382e+00 3.181353055358929893e+01 3.001007841527626230e+00 1.078416244365048904e+01 5.871685683898135721e+00 1.143198618223556284e+00 1.460164979204956381e+01 6.984420592051659327e+00 8.259167771535354419e+00 4.274697687207282826e+00 1.097176307942814150e-01
3.910861388715484566e+01 6.382832228767080451e+00 2.976123550333706902e+01 2.801127255441473007e+00 9.951376952196589798e+00 5.326310857291904455e+00 9.572008747564280107e-01 1.367702422186403943e+01 6.846612574264421269e+00 8.091611037110389759e+00 3.919158260184485432e+00 9.842937366784285103e-02
3.607039974440721153e+01 5.738210657681841909e+00 2.748024802033647518e+01 2.572726705638073152e+00 9.079987518515155287e+00 4.783957523398568945e+00 7.747319031824576596e-01 1.266424416425847710e+01 6.658749376706397882e+00 7.851538949656423405e+00 3.554491145431104115e+00 8.778827837433270109e-02
3.278831689913155856e+01 5.095207093402856380e+00 2.498895048766163285e+01 2.323077228480929346e+00 8.172255246530115258e+00 4.244461697110563314e+00 6.001799035166743845e-01 1.156408912928295507e+01 6.407625310083589376e+00 7.526941572623207399e+00 3.181453106332099878e+00 7.759087140140874528e-02
2.927330919248083063e+01 4.453847571070260969e+00 2.230627700282246551e+01 2.057585567794502523e+00 7.230819636231333725e+00 3.707620185868124807e+00 4.387279910776719083e-01 1.037743802041659791e+01 6.076244679094074286e+00 7.102332505035218624e+00 2.800846986853615217e+00 6.767937492936994259e-02
2.554089225651171091e+01 3.814091395910738314e+00 1.945215790651182886e+01 1.780306669655123741e+00 6.258718787850052756e+00 3.173192576853284486e+00 2.960543106294754034e-01 9.105542449097958624e+00 5.643619003461847861e+00 6.558521048546531063e+00 2.413518333742564526e+00 5.793583352759500843e-02
2.161120852258684621e+01 3.175835888434079823e+00 1.644776055704820550e+01 1.494307953385486609e+00 5.259393795722432152e+00 2.640903985817170785e+00 1.777164470674676700e-01 7.750596467376308141e+00 5.085599524706893249e+00 5.873416427819712737e+00 2.020351425348260399e+00 4.827631535851154010e-02
1.750890023517448313e+01 2.538922479843466196e+00 1.331557279208866440e+01 1.201933271410916992e+00 4.236676012718892714e+00 2.110448520959923524e+00 8.816466645239755262e-02 6.316657146449289328e+00 4.377851873849015973e+00 5.024971219213646201e+00 1.622264768348264052e+00 3.864531068008725950e-02
1.326278405360062962e+01 1.903144023771042637e+00 1.007936204920337531e+01 9.049985981680178648e-01 3.194756707856945432e+00 1.581493394096029848e+00 2.945549345419053167e-02 4.810844358786999564e+00 3.502313081252689475e+00 3.997604486154924253e+00 1.220206128293674697e+00 2.901039505144124148e-02
8.905323820910545862e+00 1.268253167538101467e+00 6.764035500548740920e+00 6.049412096346220569e-01 2.138139651189635337e+00 1.053683594222135644e+00 4.346332543047141657e-05 3.244529780011297326e+00 2.457556703061428482e+00 2.792530753052718584e+00 8.151471642207572810e-01 1.935717856026400799e-02
4.471913658834610672e+00 6.339716034337886663e-01 3.395422633132556101e+00 3.029374620576007482e-01 1.071578257713923232e+00 5.266470252816006781e-01 6.436183878477024466e-03 1.633995925823068962e+00 1.270233906021464243e+00 1.439163056931959783e+00 4.080777414525592617e-01 9.684525431245902954e-03
1.868521264792634272e-14 4.144425992981757068e-14 1.389933007456887427e-14 2.928474682740685782e-14 1.101578289008011582e-13 6.257900203702255481e-14 9.666229537060264254e-15 1.309448642995052517e-14 2.470487677120432930e-15 1.485295075646084176e-14 8.193239565859617972e-14 1.482833263367081696e-13
7.524643029997249988e-01 2.808951828744802981e+00 6.662034116961266239e-01 1.822918497553245754e+00 8.038674580962155147e+00 4.401644053831179626e+00 6.735804189929409658e-01 2.380603072105452050e-02 5.487794266508561752e-02 1.113303791003549703e+00 4.997204428647564534e+00 8.725071192793876662e+00
1.505222877441132034e+00 5.594561862943284503e+00 1.332094622135539863e+00 3.623200003576853678e+00 1.534665140292623953e+01 8.072063933937073443e+00 1.334445255566203858e+00 4.744335606708609265e-02 1.097724157931968952e-01 2.213156607335002413e+00 8.596165478455677800e+00 1.602965171980279280e+01
2.258569960491005890e+00 8.334489884428604611e+00 1.997360716408577153e+00 5.379127672422632678e+00 2.153122626584175592e+01 1.061822271410044571e+01 1.970359502430738985e+00 7.074550976865721930e-02 1.646979496542209098e-01 3.284765991340036440e+00 1.043042929531660157e+01 2.152407817713707772e+01
3.012799686574354929e+00 1.100829712283704076e+01 2.661687369841619688e+00 7.070722539148287744e+00 2.656943267984248536e+01 1.201720754208459319e+01 2.570024705199402959e+00 9.355045715702049736e-02 2.196651176941590011e-01 4.311097869036006003e+00 1.085755234779825251e+01 2.554118832177002574e+01
3.768205951383712282e+00 1.359816120492636493e+01 3.324758186313735653e+00 8.680374872246556350e+00 3.063667513062307535e+01 1.244505302759318610e+01 3.123488371975176481e+00 1.157026957703108372e-01 2.746786658777413681e-01 5.272740413261479908e+00 1.035363455698285939e+01 2.853102261555862640e+01
4.525082176731649142e+00 1.608935481263246103e+01 3.986254086593878476e+00 1.019323692384612734e+01 3.395143862672610169e+01 1.212163587181536251e+01 3.622489340543776581e+00 1.370552213956281740e-01 3.297357681625482373e-01 6.148642732810627010e+00 9.284634531274617686e+00 3.083311703785739866e+01
5.283720947109324051e+00 1.847047361625421757e+01 4.645852760407832349e+00 1.159736164103746958e+01 3.670349466090908663e+01 1.123905721605746422e+01 4.060726787763929480e+00 1.574713206396182452e-01 3.848244450056783617e-01 6.917589515520623955e+00 7.896678005123547450e+00 3.266844915703253349e+01
6.044413492047731928e+00 2.073343261436190943e+01 5.303228193526921430e+00 1.288360525243670196e+01 3.903748040455988644e+01 9.945384781558644249e+00 4.434045198932416554e+00 1.768261558890195650e-01 4.399221776790200877e-01 7.560063497028960633e+00 6.352135607566722797e+00 3.417746151642016628e+01
6.807448992269024224e+00 2.287327412898556034e+01 5.958050278301760372e+00 1.404533546473015448e+01 4.105818763546192685e+01 8.350085898327678890e+00 4.740530988417766878e+00 1.950081141001485108e-01 4.949947463459216102e-01 8.060052424746073640e+00 4.759587050258956786e+00 3.545183692028259514e+01
7.573113692072807268e+00 2.488784289443259468e+01 6.609984512833688264e+00 1.507799877946224676e+01 4.284055155940987447e+01 6.534136357278859997e+00 4.980518521971788459e+00 2.119198970207759603e-01 5.499953145166821544e-01 8.406407158408034874e+00 3.192440341122047442e+00 3.655440451977930394e+01
8.341689805319012052e+00 2.677738479806603422e+01 7.258691790488478013e+00 1.597860095463017061e+01 4.443851096165168002e+01 4.558972687757412601e+00 5.156504611532331417e+00 2.274793369678010935e-01 6.048637768534450565e-01 8.593521982095037259e+00 1.699934681572239370e+00 3.753068122792651451e+01
9.113454207630972803e+00 2.854411885822515416e+01 7.903828277821125958e+00 1.674514671268923038e+01 4.589156703072174537e+01 2.473114316820552272e+00 5.272972065621502225e+00 2.416199289256681093e-01 6.595263815284334585e-01 8.621311892285815404e+00 3.139461947737238745e-01 3.841544736800237558e+01
9.888676912928264784e+00 3.019182062051470794e+01 8.545045375309976876e+00 1.737607176923352270e+01 4.722931005683033590e+01 3.167287470825452256e-01 5.336125487941340673e+00 2.542910762761247945e-01 7.138956326374336081e-01 8.494627089718349566e+00 9.464063448414204993e-01 3.923649909866110619e+01
1.066761933798279927e+01 3.172544256563947229e+01 9.181989751706355563e+00 1.786968462852479078e+01 4.847444671770186631e+01 1.875316420493773784e+00 5.353546755663198375e+00 2.654580537230913362e-01 7.678704726919768353e-01 8.222328660677057144e+00 2.071367446377123667e+00 4.001679596279237217e+01
1.145053236425309429e+01 3.315078562142543461e+01 9.814303439402305429e+00 1.822361786872286871e+01 4.964478197099583667e+01 4.071438687487631825e+00 5.333783424251322458e+00 2.751016967700501969e-01 8.213367400906056437e-01 7.816251212633927636e+00 3.057919714839429481e+00 4.077568017766337505e+01
1.223765421166336509e+01 3.447422667190662793e+01 1.044162397510322471e+01 1.843426557089480511e+01 5.075446604249771099e+01 6.242012484172171582e+00 5.285890028953191155e+00 2.832178323126295361e-01 8.741678918038235935e-01 7.290226010520477473e+00 3.907733953989680487e+00 4.152954605012109823e+01
1.302920814414681594e+01 3.570250041566250587e+01 1.106358456735997642e+01 1.849614334600411425e+01 5.181467289967364565e+01 8.358484123127942311e+00 5.218948739560344663e+00 2.898164694363094540e-01 9.262259773607794955e-01 6.659266188124379759e+00 4.625594856354240392e+00 4.229217593861227442e+01
1.382540003155254205e+01 3.684252985061672803e+01 1.167981427024265706e+01 1.840101371594969493e+01 5.283370678547162669e+01 1.039276485691725149e+01 5.141600710050744816e+00 2.949207733028028078e-01 9.773628466362841438e-01 5.938949464409594370e+00 5.218228673075944180e+00 4.307487077996156444e+01
1.462641579682987469e+01 3.790129758769500512e+01 1.228993814069404777e+01 1.813635114694608674e+01 5.381621102441550164e+01 1.231679327851850303e+01 5.061621468634259102e+00 2.985658480569886586e-01 1.027421570903597425e+00 5.144986113929059357e+00 5.693463282021047789e+00 4.388645433308970212e+01
1.543241878116383781e+01 3.888574958459585673e+01 1.289357735593648080e+01 1.768180942358244678e+01 5.476020216153614228e+01 1.410220075998402933e+01 4.985571912228640379e+00 3.007973570024583543e-01 1.076238054119297072e+00 4.292933099649502537e+00 6.059652614060005327e+00 4.473320283590593505e+01
1.624354706287077477e+01 3.980272325312241577e+01 1.349034926675357049e+01 1.699858510876347140e+01 5.564685177365785762e+01 1.572004902545553406e+01 4.918550602018322948e+00 3.016700099244892241e-01 1.123642809400508646e+00 3.398006062992702692e+00 6.325302281706602692e+00 4.561873601172690940e+01
1.705991076831082864e+01 4.065889283568706247e+01 1.407986736255473481e+01 1.598597564354897393e+01 5.639731412688185230e+01 1.714064202983414020e+01 4.864063538611495652e+00 3.012459484456073144e-01 1.169462874080633430e+00 2.474944173103927447e+00 6.498841452593761225e+00 4.654389600499528967e+01
1.788158941479619912e+01 4.146072618066820326e+01 1.466174112485575520e+01 1.420185965083254231e+01 5.659329722055008460e+01 1.833344806486588041e+01 4.824015600284674576e+00 2.995930607606489549e-01 1.213523835527609229e+00 1.537893633473346622e+00 6.588495832224164239e+00 4.750663492719768755e+01
1.870862932643298393e+01 4.221444837588566656e+01 1.523557574716750196e+01 6.290792874943700319e+00 5.090500850501064889e+01 1.926720371286211275e+01 4.798815114317526387e+00 2.967832570982322782e-01 1.255651939008280760e+00 6.002896638242605221e-01 6.602226489243689933e+00 4.850192758297867357e+01
1.954104116402274727e+01 4.292600899840611817e+01 1.580097170125645789e+01 5.144458768227792689e+01 4.337928179980454324e+00 1.991030774221797017e+01 4.787571624330642095e+00 2.928907368776284548e-01 1.295676248226559801e+00 3.252693669467481286e-01 6.547708197857260437e+00 4.952172267362006153e+01
2.037879760956316133e+01 4.360105093007654631e+01 1.635752413229263169e+01 5.954377052162711692e+01 9.647630143547056392e+00 2.023164501132761117e+01 4.788358670097863978e+00 2.879902778515922579e-01 1.333430828696555714e+00 1.227150777090962652e+00 6.432328562165243291e+00 5.055494281727210648e+01
2.122183124453765046e+01 4.424487972648336864e+01 1.690482206848928826e+01 6.137335520068184280e+01 8.364497873313794685e+00 2.020199608577523875e+01 4.798509548627395205e+00 2.821555766140243504e-01 1.368756923799934411e+00 2.094807469442547809e+00 6.263195354553213967e+00 5.158754082675146435e+01
2.207003265910237744e+01 4.486243338728708352e+01 1.744244743441653611e+01 6.264707915249948655e+01 6.179525857571333880e+00 1.979616701385424093e+01 4.814914891676362885e+00 2.754576687551281711e-01 1.401505093197485285e+00 2.918874601399875868e+00 6.047144345995547177e+00 5.260261676392448038e+01
2.292324882650456530e+01 4.545825304559323143e+01 1.796997386117801554e+01 6.380773735186242845e+01 3.519270841474931188e+00 1.899588713758663161e+01 4.834295819047683906e+00 2.679634556992057104e-01 1.431537283216511192e+00 3.691230483198099321e+00 5.790743588947527165e+00 5.358059737382139787e+01
2.378128177364656892e+01 4.603645556948450945e+01 1.848696529101296093e+01 6.494439020087975223e+01 4.667328804930472308e-01 1.779334345740472756e+01 4.853434014512657768e+00 2.597343638738797700e-01 1.458728798937252380e+00 4.405013764528810327e+00 5.500292793477444597e+00 5.449947668600423611e+01
2.464388757471680691e+01 4.660070935379542334e+01 1.899297437856039394e+01 6.608459386890015708e+01 2.942531306273558300e+00 1.619494286830348528e+01 4.869348614002452003e+00 2.508251603233674354e-01 1.482970147989669307e+00 5.054594839089666891e+00 5.181818258566646129e+00 5.533511397766562823e+01
2.551077569030765346e+01 4.715421468541391903e+01 1.948754069591956650e+01 6.723914609546007171e+01 6.672307312577870242e+00 1.422456827439743776e+01 4.879417726771860586e+00 2.412829471678122062e-01 1.504168726600523920e+00 5.635505042356320438e+00 4.841064913515007895e+00 5.606158304316959118e+01
2.638160866951958283e+01 4.769969000875796183e+01 1.997018875369421664e+01 6.841279084213780948e+01 1.067317111085491099e+01 1.192534993161225287e+01 4.881448634697464151e+00 2.311463553797816206e-01 1.522250319270376018e+00 6.144331578309016884e+00 4.483487513693843241e+00 5.665156490586353755e+01
2.725600222730253819e+01 4.823936522424548912e+01 2.044042585533817658e+01 6.960756265379160368e+01 1.487976186941424039e+01 9.358995204164122228e+00 4.873704738799270686e+00 2.204449561409592695e-01 1.537160384685579473e+00 6.578588683242166724e+00 4.114243044645598424e+00 5.707677480169721207e+01
2.813352570380159179e+01 4.877498285199615680e+01 2.089773980724570279e+01 7.082404392687455186e+01 1.921312906661635012e+01 6.602152320909686622e+00 4.854899191071589293e+00 2.091989054966468808e-01 1.548865102166599117e+00 6.936576324276606975e+00 3.738186043012281523e+00 5.730841348180045713e+01
2.901370290686750408e+01 4.930780752016904955e+01 2.134159651208219088e+01 7.206191053754363907e+01 2.358649839911706536e+01 3.740085537821050465e+00 4.824165271544864630e+00 1.974188350779337575e-01 1.557352155196414678e+00 7.217237086329317819e+00 3.359867962327895974e+00 5.731763260597728760e+01
2.989601333325919086e+01 4.983864382850068608e+01 2.177143747774470484e+01 7.332019955427664115e+01 2.791286560219369051e+01 8.588156172364449503e-01 4.781012510306946517e+00 1.851059982566421180e-01 1.562631231431085510e+00 7.420020325803180050e+00 2.983541006580736177e+00 5.707600418332596348e+01
3.077989375852621379e+01 5.036786222807453584e+01 2.218667727900859887e+01 7.459745620994569038e+01 3.211257593776396391e+01 1.962592838064614043e+00 4.725275867720510448e+00 1.722526772017061170e-01 1.564734222114154916e+00 7.544760658025554179e+00 2.613166119033917933e+00 5.655598459042534643e+01
3.166474018020469217e+01 5.089543217999833757e+01 2.258670101327853530e+01 7.589182351727214382e+01 3.611923952000706350e+01 4.658014308404191617e+00 4.657063419320252251e+00 1.588428518964051517e-01 1.563715108022804667e+00 7.591575792316830551e+00 2.252424123278892409e+00 5.573136458004464799e+01
3.254991009391228118e+01 5.142096153459961272e+01 2.297086179586008114e+01 7.720110238962955407e+01 3.988302353194173122e+01 7.177587842612499713e+00 4.576706244931406431e+00 1.448531272779637891e-01 1.559649523950921601e+00 7.560786888946518403e+00 1.904728423832043882e+00 5.457769779863846082e+01
3.343472507726627185e+01 5.194374082780782942e+01 2.333847834372737751e+01 7.852279546975208291e+01 4.337123223324215360e+01 9.488312286817903285e+00 4.484712757177787168e+00 1.302539093235905165e-01 1.552633999231752382e+00 7.452863108996529817e+00 1.573237224521727207e+00 5.307270157618906836e+01
3.431847365237678815e+01 5.246279103336158300e+01 2.368883269984378970e+01 7.985414140551418427e+01 4.656676140277517106e+01 1.157250731657704357e+01 4.381728579716869909e+00 1.150108152272547035e-01 1.542784877826495871e+00 7.268390879003358229e+00 1.260862943172928796e+00 5.119662506177179750e+01
3.520041439405203221e+01 5.297691324109471367e+01 2.402116815263254068e+01 8.119214331712085198e+01 4.946530749886986200e+01 1.342502652584625800e+01 4.268502288403816181e+00 9.908629692644564668e-02 1.530236927914843781e+00 7.008067542939712347e+00 9.702764141134672116e-01 4.893258108715817656e+01
3.607977924786504786e+01 5.348473874839761066e+01 2.433468740716741507e+01 8.253359375928859265e+01 5.207216080047115980e+01 1.505005589755617912e+01 4.145856810702758466e+00 8.244145132032150436e-02 1.515141657543146225e+00 6.672718428548746417e+00 7.039035986407887746e-01 4.626683939504985688e+01
3.695577701991590658e+01 5.398477814372075301e+01 2.462855106602517452e+01 8.387509776351473079e+01 5.439917291103569852e+01 1.645809092039486643e+01 4.014665978383597178e+00 6.503798478179101394e-02 1.497665359497166060e+00 6.263335799579683005e+00 4.639128920149216406e-01 4.318908002631398801e+01
3.782759699851666824e+01 5.447546811328351168e+01 2.490187647849142039e+01 8.521309516542176254e+01 5.646221607029823986e+01 1.766341186413478326e+01 3.875835585507456660e+00 4.684029423077830379e-02 1.477986914940506713e+00 5.781137588019388929e+00 2.521917472794028003e-01 3.969260669170741096e+01
3.869441266714081706e+01 5.495521489827864769e+01 2.515373701693808428e+01 8.654388319425132181e+01 5.827923483886978318e+01 1.868215921804211632e+01 3.730288266223871219e+00 2.781762234904878311e-02 1.456295391237185655e+00 5.227643107222924357e+00 7.031224680652607695e-02 3.577452083870569766e+01
3.955538546780832831e+01 5.542243355253930304e+01 2.538316183867872056e+01 8.786364013283734664e+01 5.986885628003508941e+01 1.953097632901303271e+01 3.578951534524483336e+00 7.946240706423590011e-03 1.432787474525006655e+00 4.604762078960566996e+00 8.051356287578688431e-02 3.143585785346859041e+01
4.040966857460956874e+01 5.587558238348650264e+01 2.558913619048102106e+01 8.916845070065647860e+01 6.124946154898118778e+01 2.022612259028634440e+01 3.422748391337246510e+00 1.278838815418909154e-02 1.407664781793342312e+00 3.914892257736210190e+00 1.994863403582567696e-01 2.668168741009453626e+01
4.125641063825743515e+01 5.631319218784643965e+01 2.577060231116227129e+01 9.045433364903713880e+01 6.243860604485647059e+01 2.078294433861114143e+01 3.262589983071788602e+00 3.438952008697146456e-02 1.381131100263935929e+00 3.161019765050136154e+00 2.862763364972956137e-01 2.152118039902044799e+01
4.209475946435676263e+01 5.673389010648890718e+01 2.592646098534572729e+01 9.171727188021341703e+01 6.345268498763076792e+01 2.121559991070498086e+01 3.099369877118924865e+00 5.684716066891355724e-02 1.353389603637343619e+00 2.346815093493027415e+00 3.410791856341940376e-01 1.596764514334270046e+01
4.292386559041439398e+01 5.713641811129708969e+01 9.295324520989855444e+01 2.605557380194862560e+01 6.430676115959489891e+01 2.153695479775484856e+01 2.933959596382145207e+00 8.013626763630696259e-02 1.324640095183629684e+00 1.476716820486524417e+00 3.646640151396315366e-01 1.003853575858213887e+01
4.374288572942248976e+01 5.751964629582744237e+01 9.415826572862135890e+01 2.615676613974109799e+01 6.501449286702255392e+01 2.175858379052074199e+01 2.767205122883187318e+00 1.042151708309541208e-01 1.295076326715248083e+00 5.559946522526825197e-01 3.584065474165102905e-01 3.755435541974848412e+00
4.455098605103290765e+01 5.788258126822763217e+01 9.532841543580882160e+01 2.622883099520447203e+01 6.558811886936953783e+01 2.189083537313472760e+01 2.599924138448836963e+00 1.290242519734318138e-01 1.264883440251328039e+00 4.092162258409230979e-01 3.242999376524647315e-01 2.855981794423412712e+00
4.534734527482257960e+01 5.822437003949654866e+01 9.645988584629768070e+01 2.627053356892837854e+01 6.603847178852007005e+01 2.194292810667641902e+01 2.432903818531119811e+00 1.544849213371923824e-01 1.234235575803693807e+00 1.411916176362832731e+00 2.649371791477757032e-01 9.766010394293893171e+00
4.613115755384224315e+01 5.854429986492861104e+01 9.754901888787364328e+01 2.628061676418690951e+01 6.637500242445008780e+01 2.192305942763653803e+01 2.266899034230362098e+00 1.804989221999805937e-01 1.203293684366648408e+00 2.444281807402276296e+00 1.834610807737838689e-01 1.694098762060491836e+01
4.690163513044195298e+01 5.884179453518290615e+01 9.859234849547371482e+01 2.625780755091397722e+01 6.660580509055549214e+01 2.183851480185124672e+01 2.102630848857540258e+00 2.069479870633600116e-01 1.172203580117531230e+00 3.497747334143102460e+00 8.348093391028332810e-02 2.434338441698687916e+01
4.765801075021551014e+01 5.911640763084857753e+01 9.958664214309601448e+01 2.620082423844542419e+01 6.673763928397376333e+01 2.169577026678894782e+01 1.940785220265682565e+00 2.336938623383534586e-01 1.141094260285727913e+00 4.563123760575365395e+00 3.104133461595486726e-02 3.193190895846861821e+01
4.839953982369322460e+01 5.936781325623174155e+01 1.005289415515642446e+02 2.610838466483820142e+01 6.677594639457375081e+01 2.150058473485175980e+01 1.782011840021130666e+00 2.605787107889103171e-01 1.110076515391859475e+00 5.630749219250479776e+00 1.559290408807784967e-01 3.966162234312332657e+01
4.912550232910460579e+01 5.959579476053317393e+01 1.014166018110323790e+02 2.597921530518617672e+01 6.672486226995631853e+01 2.125808055277093089e+01 1.626923056439026682e+00 2.874258937867054109e-01 1.079241846851841657e+00 6.690660640896109790e+00 2.869431127728456210e-01 4.748406561635616185e+01
4.983520445303429369e+01 5.980023194378649265e+01 1.022473281900850139e+02 2.581206129137085625e+01 6.658722769848702683e+01 2.097281211593833916e+01 1.476092841547957724e+00 3.140411286068161556e-01 1.048661703505138432e+00 7.732774970293124994e+00 4.199375391184391182e-01 5.534739805166903182e+01
5.052797996909578870e+01 5.998108723724018887e+01 1.030192099576105704e+02 2.560569732443523705e+01 6.636459954141632522e+01 2.064882310574588686e+01 1.330055772943672165e+00 3.402140097909640559e-01 1.018387043643527390e+00 8.747067739286295662e+00 5.510061478644281419e-01 6.319654735223652153e+01
5.120319135775790897e+01 6.013839134930449859e+01 1.037307506111390865e+02 2.535893944811034117e+01 6.605726554491795355e+01 2.028969334884478570e+01 1.189306010818079073e+00 3.657198781717010960e-01 9.884482247143295819e-01 9.723737982650183298e+00 6.766101813612722671e-01 7.097337330726355731e+01
5.186023067321576718e+01 6.027222888459842665e+01 1.043808939781275598e+02 2.507065763783975854e+01 6.566426593560508707e+01 1.989857652177759917e+01 1.054296258603041547e+00 3.903220165604131542e-01 9.588552191069669162e-01 1.065335095793683529e+01 7.936786364259043047e-01 7.861684745998614687e+01
5.249852016562227419e+01 6.038272448029651684e+01 1.049690457278914266e+02 2.473978914384098715e+01 6.518342484449013341e+01 1.947823002977818874e+01 9.254367029123872213e-01 4.137741473787143187e-01 9.295981513066428059e-01 1.152695340072881613e+01 8.996766110614066170e-01 8.606325254613174991e+01
5.311751266912320801e+01 6.047003006541572745e+01 1.054950898961735817e+02 2.436535250926275964e+01 6.461139447649533452e+01 1.903103843082223889e+01 8.030939349377246295e-01 4.358232045911165087e-01 9.006481491405501361e-01 1.233615951838828195e+01 9.926403541341648484e-01 9.324640686751766339e+01
5.371669176795521139e+01 6.053431393804429206e+01 1.059594000783156957e+02 2.394646216535313954e+01 6.394371478269499676e+01 1.855903179040027950e+01 6.875898612319593095e-01 4.562123500633745166e-01 8.719584997227685097e-01 1.307320905970914282e+01 1.071180808417133035e+00 1.000979203945520624e+02
5.429557175438122130e+01 6.057575247394503037e+01 1.063628449892504193e+02 2.348234348484730205e+01 6.317489121848322497e+01 1.806390035986154174e+01 5.792006169300579765e-01 4.746842027502337635e-01 8.434660988456639252e-01 1.373100121491280667e+01 1.134459787194048719e+00 1.065474912504242724e+02
5.485369739552037061e+01 6.059452542308657996e+01 1.067067881195867614e+02 2.297234815269798247e+01 6.229849298505620681e+01 1.754700698255154023e+01 4.781554989536805911e-01 4.909842476859439531e-01 8.150931807402230778e-01 1.430310962244881168e+01 1.182144342751604960e+00 1.125232533008834253e+02
6.059081593206239802e+01 5.539064351046221901e+01 1.069930812394460844e+02 2.241596969014475604e+01 6.130727394253828066e+01 1.700939865118624894e+01 3.846359407225428129e-01 5.048643903638616592e-01 7.867493130905125476e-01 1.478378439522271393e+01 1.214345356842195800e+00 1.179521877937681893e+02
6.056481654144255344e+01 5.590601441819707418e+01 1.072240515195312724e+02 2.181285894439740858e+01 6.019331812666059278e+01 1.645181866514505487e+01 2.987745535573131384e-01 5.160866204811730418e-01 7.583336396767369481e-01 1.516794697134343295e+01 1.231545988358386801e+00 1.227606142138017162e+02
6.051674267361868687e+01 5.639944320040704895e+01 1.074024820580656581e+02 2.116283933251207472e+01 5.894821146134595580e+01 1.587472086084027190e+01 2.206542636897941834e-01 5.244267469302728024e-01 7.297373497847706725e-01 1.545118295058382785e+01 1.234524387330980799e+00 1.268747774162771407e+02
6.044685507137184999e+01 5.687059086971927968e+01 1.075315856300489656e+02 2.046592160515036696e+01 5.756324079066236266e+01 1.527828740045488232e+01 1.503075782439256824e-01 5.296781631104126031e-01 7.008463493378446207e-01 1.562973710936297955e+01 1.224272729541183935e+00 1.302215489258749983e+02
6.035549274166551470e+01 5.731914541728664858e+01 1.076149715204212072e+02 1.972231787474869691e+01 5.602962070121955662e+01 1.466245158765144829e+01 8.771601974208323438e-02 5.316555979359737227e-01 6.715441034214642002e-01 1.570051366835247642e+01 1.201909655868048876e+00 1.327292580132327373e+02
6.024311769110789783e+01 5.774482077188840634e+01 1.076566053750655954e+02 1.893245463428101161e+01 5.433874771248497382e+01 1.402692711184382013e+01 3.280977819484488106e-02 5.301988032325927191e-01 6.417146134134198432e-01 1.566108373322748015e+01 1.168569549733744051e+00 1.343286561091844078e+02
6.011037226857568783e+01 5.814735568601215476e+01 1.076607621133286585e+02 1.809698447845306646e+01 5.248248022366340138e+01 1.337124497887480423e+01 1.453235500868442671e-02 5.251761225638286179e-01 1.550970069437946108e+01 6.112454842370266261e-01 1.125202208967958084e+00 1.349539680235752428e+02
5.995814906157033874e+01 5.852651256627600418e+01 1.076319721027260670e+02 1.721679623010362903e+01 5.045344108209826572e+01 1.269479913478808797e+01 5.448268293862452288e-02 5.164878800772101375e-01 1.524532325794942444e+01 5.800310288342209741e-01 1.071970135873292040e+00 1.345437342498351825e+02
5.978767194969653787e+01 5.888207626519007931e+01 1.075749610081457774e+02 1.629302317208094664e+01 4.824533776883879455e+01 1.199690139747769102e+01 8.726380195232549819e-02 5.040695210309960039e-01 1.486764466154218134e+01 5.479753479187741139e-01 1.005074256496527152e+00 1.330392858145746686e+02
5.960058503384242812e+01 5.921385285098273954e+01 1.074945839969679469e+02 1.532704909015996009e+01 4.585329301755626830e+01 1.127684574522365324e+01 1.131471177815962376e-01 4.878944287750786035e-01 1.437712548647850852e+01 5.149953128893175469e-01 8.757341421097409873e-01 1.303455774614841118e+02
5.939904373959731032e+01 5.952166837180536874e+01 1.073957553026594667e+02 1.432051184674987532e+01 4.327417629318232883e+01 1.053398124352133713e+01 1.324504053896596867e-01 4.679763368131970025e-01 1.377502638684778624e+01 4.810233729145781956e-01 1.242262269942002320e+02 1.516812769606062705e+00
5.918579956881234949e+01 5.980536763029733294e+01 1.072833745057003227e+02 1.327530422908790797e+01 4.050692413516834023e+01 9.767791907323566392e+00 1.455340161583978942e-01 4.443712500403185772e-01 1.306343636252283069e+01 4.460100986014139957e-01 1.216102111686076626e+02 7.791967908574470858e-01
5.896426705348926589e+01 6.006481298436126792e+01 1.071622512504943359e+02 1.219357184985505960e+01 3.755283517936216953e+01 8.977980605873742803e+00 1.527951832769066653e-01 4.171787873180104467e-01 1.224529299004831273e+01 4.099263711335538463e-01 1.154657058604577884e+02 7.396255319046132204e-01
5.873855897871948173e+01 6.029988319016830900e+01 1.070370304327979198e+02 1.107770792280491534e+01 3.441582404518390348e+01 8.164552778816634770e+00 1.546597383887322874e-01 3.865428592650122508e-01 1.132439624595042105e+01 3.727651247737118201e-01 1.081106239786718533e+02 6.727360057218148004e-01
5.851347462733596672e+01 6.051047230489971440e+01 1.069121201039285012e+02 9.930344790698169888e+00 3.110261757824743967e+01 7.327894378320872093e+00 1.515705745865194576e-01 3.526516014788416697e-01 1.030543475452197200e+01 3.345425545868299100e-01 9.959579762292148075e+01 6.003237477383902565e-01
5.829442653093820326e+01 6.069648867123665781e+01 1.067916243809695516e+02 8.754342146650193612e+00 2.762287751148167558e+01 6.468837328617450311e+00 1.439727262160677146e-01 3.157364951589944346e-01 9.194090434158811220e+00 2.952987106720346144e-01 8.997482253736384905e+01 5.259386305357156566e-01
5.808729480835678771e+01 6.085785401981322451e+01 1.066792834738063505e+02 7.552771961438800474e+00 2.398923567871713658e+01 5.588705287582584447e+00 1.322966587225162249e-01 2.760706247314253514e-01 7.997402084762326169e+00 2.550974156024353734e-01 7.932075485971564888e+01 4.507566072600911466e-01
5.789820511700204264e+01 6.099450277262656073e+01 1.065784225252905344e+02 6.328900206321717903e+00 2.021723151987792733e+01 4.689333102132851927e+00 1.169451330068988770e-01 2.339660455652764481e-01 6.724803567177543684e+00 2.140254631793943318e-01 6.772727289220625835e+01 3.753231869815210620e-01
5.773323637009514187e+01 6.110638180891927362e+01 1.064919103864301348e+02 5.086165540927304995e+00 1.632514654616331029e+01 3.773055523549274870e+00 9.829483544841242926e-02 1.897702636373524154e-01 5.390561400381735702e+00 1.721910834499071619e-01 5.530616252490811746e+01 2.999205601536306665e-01
5.759807674304199310e+01 6.119345181375553722e+01 1.064221291050901357e+02 3.828155215851142490e+00 1.233373623374335359e+01 2.842664568093500765e+00 7.672830419372861366e-02 1.438618618237336999e-01 4.018013698377449039e+00 1.297216900210436952e-01 4.218173121917590862e+01 2.246822987703326335e-01
5.749766057720989920e+01 6.125569733034360809e+01 1.063709574600341909e+02 2.558578516512376222e+00 8.265865866490274882e+00 1.901339662171684486e+00 5.270471379959160152e-02 9.664534255930065654e-02 2.642485835662331084e+00 8.676095923436892565e-02 2.848541473706800176e+01 1.496440600605916937e-01
5.743585918013604896e+01 6.129324066077558797e+01 1.063398210514403246e+02 1.281238145309254950e+00 4.146062505128668363e+00 9.525587602892395811e-01 2.684915966012599645e-02 4.854529160397402787e-02 1.300995979153226179e+00 4.346532445439257181e-02 1.436252684003367541e+01 7.477460191495889641e-02
0.000000000000000000e+00 0.000000000000000000e+00 0.000000000000000000e+00 0.000000000000000000e+00 0.000000000000000000e+00 0.000000000000000000e+00 0.000000000000000000e+00 0.000000000000000000e+00 0.000000000000000000e+00 0.000000000000000000e+00 0.000000000000000000e+00 0.000000000000000000e+00
5.725719975082146362e+01 5.725719445450896927e+01 1.031101940220991651e+02 7.250054864147467137e-01 7.250054867227245792e-01 4.079390891466441182e+00 1.594421440601454520e+01 1.489436425849156170e-02 1.489436423205043637e-02 1.312862448741023147e-01 1.312862449530072528e-01 2.920577373754309480e+00
5.723898063087202814e+01 5.723897930556066882e+01 1.032947251234383543e+02 1.450065475474738408e+00 1.450065476087965655e+00 8.127560454724228833e+00 3.166950454266669723e+01 3.003079965241972973e-02 3.003079960009200078e-02 2.622243777593506464e-01 2.622243779173450973e-01 5.803944801571239154e+00
5.720887557326703643e+01 5.720887498328248455e+01 1.035926079173273138e+02 2.175236172227296372e+00 2.175236173140367768e+00 1.211470349914216804e+01 4.696421612645686139e+01 4.564909142284248600e-02 4.564909134582974259e-02 3.924683802657372156e-01 3.924683805031798922e-01 8.614564879944651921e+00
5.716660872754997769e+01 5.716660839486878842e+01 1.039901410498973888e+02 2.900577143681140502e+00 2.900577144886011371e+00 1.601370531603592440e+01 6.163066693576447364e+01 6.198447847120039378e-02 6.198447837136266542e-02 5.216763975212251880e-01 5.216763978386703693e-01 1.132009657650320200e+01
5.711199871791830418e+01 5.711199850431482616e+01 1.044698809273008209e+02 3.626152893374653630e+00 3.626152894860816822e+00 1.980115690864421296e+01 7.549079575229197303e+01 7.926544347892136577e-02 7.926544335894428195e-02 6.495127610756235015e-01 6.495127614737531418e-01 1.389264629036313536e+01
5.704483611460436521e+01 5.704483596566146275e+01 1.050120042245827818e+02 4.352034310184082599e+00 4.352034311938640876e+00 2.345803630296059339e+01 8.839041940893810079e+01 9.771157804628138877e-02 9.771157790981541136e-02 7.756499421360544266e-01 7.756499426157268395e-01 1.630966497150738803e+01
5.696487439128641483e+01 5.696487428128615704e+01 1.055957190136746249e+02 5.078299952646155191e+00 5.078299954654005965e+00 2.697003119893651046e+01 1.002019377640948221e+02 1.175315463353769491e-01 1.175315461844410464e-01 8.997704134930307740e-01 8.997704140552302832e-01 1.855446071839391564e+01
5.687183073720552073e+01 5.687183065247371871e+01 1.062005443146597230e+02 5.805037132747638218e+00 5.805037134991692938e+00 3.032752484784855085e+01 1.389211693077041232e-01 1.389211691540315763e-01 1.108255023146446518e+02 1.021568399820286466e+00 1.021568400465982185e+00 2.061634356580356453e+01
5.676538894267531532e+01 5.676538887524723975e+01 1.068073434548075511e+02 6.532342766408133272e+00 6.532342768869632721e+00 3.352530196966343823e+01 1.620616504401764524e-01 1.620616502889472843e-01 1.140751497649386437e+00 1.140751498379859230e+00 1.201888086953214554e+02 2.249045488074499133e+01
5.664520310703501593e+01 5.664520305198669092e+01 1.073990546303182612e+02 7.260323961702773055e+00 7.260323964361442783e+00 3.656205090686170678e+01 1.871179612097625955e-01 1.871179610698867346e-01 1.257042148209171373e+00 1.257042149025992428e+00 1.282457697332991415e+02 2.417735402558667346e+01
5.651090185045289616e+01 5.651090180457511281e+01 1.079611145446406653e+02 7.989098320182006496e+00 7.989098323016465386e+00 3.943974251650597296e+01 2.142374034663775406e-01 2.142374033496534658e-01 1.370178948445742284e+00 1.370178949350046693e+00 1.349743703248881843e+02 2.568244016197927948e+01
5.636209290221307810e+01 5.636209286333065904e+01 1.084816101272823374e+02 8.718793931382647244e+00 8.718793934370648202e+00 4.216295896399453369e+01 2.435483627812957130e-01 2.435483627005710916e-01 1.479917787872243595e+00 1.479917788865413142e+00 1.403740048937517884e+02 2.701528066136825856e+01
5.619836798682676005e+01 5.619836795342945379e+01 1.089512160513565249e+02 9.449549045714388029e+00 9.449549048833185694e+00 4.473823124507787696e+01 2.751592647063016428e-01 2.751592646769438488e-01 1.586032801412354587e+00 1.586032802495774385e+00 1.444625651948707628e+02 2.818890417787482150e+01
5.601930794316334072e+01 5.601930791417615296e+01 1.093629833679181331e+02 1.018151141627309286e+01 1.018151141949988769e+01 4.717342732116029680e+01 3.091577431485809102e-01 3.091577431874306670e-01 1.688317131035444785e+00 1.688317132210509053e+00 1.472734948221933564e+02 2.921910040050189394e+01
5.582448801557652729e+01 5.582448799022117925e+01 1.097120408954994417e+02 1.091483730569454380e+01 1.091483730900679561e+01 4.947721650306015562e+01 3.456100273028064329e-01 3.456100274294953700e-01 1.786583491721509542e+00 1.786583492989601174e+00 1.488529692709269341e+02 3.012375311574485437e+01
5.561348325719436758e+01 5.561348323490635437e+01 1.099952605965328445e+02 1.164969015982919665e+01 1.164969016320504736e+01 5.165862211653579550e+01 3.845605507529747391e-01 3.845605509875734129e-01 1.880664540078483826e+00 1.880664541440934867e+00 1.492573057323640739e+02 3.092222042618285727e+01
5.538587398599913314e+01 5.538587396636306437e+01 1.102109250541901986e+02 1.238623895570853328e+01 1.238623895912721018e+01 5.372666431033932355e+01 4.260317834678524207e-01 4.260317838320286099e-01 1.970413046729268203e+00 1.970413048187363181e+00 1.485506602476010869e+02 3.163476656351202365e+01
5.514125123490594405e+01 5.514125121762536708e+01 1.103584222223014848e+02 1.312465623688932759e+01 1.312465624033156253e+01 5.569008807812303985e+01 4.700242845522276114e-01 4.700242850687547658e-01 2.055701876344391277e+00 2.055701877899346997e+00 3.228204366067630815e+01 1.468030336224235270e+02
5.487922213816874262e+01 5.487922212303078595e+01 1.104379815420968924e+02 1.386511585472046093e+01 1.386511585816887404e+01 5.755716764629845272e+01 5.165169707769977636e-01 5.165169714679479496e-01 2.136423781876143568e+00 2.136423783529100007e+00 3.288461859875656046e+01 1.440885816382318012e+02
5.459941519791200193e+01 5.459941518476346545e+01 1.104504570002076917e+02 1.460779043928513765e+01 1.460779044272453575e+01 5.933557663734301002e+01 5.654675931662350719e-01 5.654675940528978151e-01 2.212491022109209116e+00 2.212491023861204553e+00 3.346253893232974974e+01 1.404842083352700399e+02
5.430148537674605080e+01 5.430148536548017546e+01 1.103971567690838356e+02 1.535284862865110078e+01 1.535284863206903161e+01 6.103231316343631363e+01 6.168134113010051989e-01 6.168134124038751054e-01 2.283834814040588412e+00 2.283834815892578085e+00 3.403493223903022624e+01 1.360684116856244543e+02
5.398511896503822527e+01 5.398511895557669504e+01 1.102797153769359113e+02 1.610045208952899642e+01 1.610045209291592272e+01 6.265366965272264821e+01 6.704720525370437834e-01 6.704720538741130165e-01 2.350404633800979859e+00 2.350404635753813309e+00 3.461963445238083636e+01 1.309203469277304919e+02
5.365003817445144563e+01 5.365003816673900872e+01 1.101000024039858260e+02 1.685075236642549612e+01 1.685075236977488089e+01 6.420523831145791860e+01 7.263425410695123485e-01 7.263425426555161213e-01 2.412167381794384724e+00 2.412167383848788038e+00 3.523284437243986389e+01 1.251190725115183113e+02
5.329600541292334270e+01 5.329600540690662314e+01 1.098600609930956438e+02 1.760388759981717044e+01 1.760388760312587664e+01 6.569194436660427527e+01 7.843064797514266440e-01 7.843064815976191761e-01 2.469106429433090888e+00 2.469106431589704442e+00 3.588880328708953016e+01 1.187429456304560773e+02
5.292282720010406649e+01 5.292282719572641270e+01 1.095620695622953349e+02 1.835997915671021374e+01 1.835997915997876007e+01 6.711810041721679454e+01 8.442293658026619463e-01 8.442293679162379272e-01 2.521220566253190576e+00 2.521220568512519744e+00 3.659950026725619665e+01 1.118691376576511374e+02
5.253035768651717063e+01 5.253035768371849912e+01 1.092083206767315176e+02 1.911912821914256355e+01 1.911912822237483311e+01 6.848747624128071720e+01 9.059620200655998934e-01 9.059620224494678853e-01 2.568522867289608325e+00 2.568522869652037244e+00 3.737440509428933666e+01 1.045732437260833478e+02
5.211850174417108406e+01 5.211850174287715731e+01 1.088012118359263951e+02 1.988141237769707104e+01 1.988141238090042151e+01 6.980337921538884416e+01 9.693421082949275069e-01 9.693421109474199548e-01 2.611039501352093950e+00 2.611039503817892182e+00 3.822023186836288033e+01 9.692896471485369148e+01
5.168721760099747797e+01 5.168721760112187269e+01 1.083432437985375714e+02 2.064688227790566444e+01 2.064688228108990842e+01 7.106874111113363313e+01 1.034195732126723666e+00 1.034195735042091391e+00 2.648808501263261395e+00 2.648808503832592809e+00 3.914073710399190986e+01 8.900784372987179438e+01
5.123651899637865625e+01 5.123651899782340280e+01 1.078370229034438665e+02 2.141555836752163344e+01 2.141555837066773549e+01 7.228620746702263489e+01 1.100339066872144889e+00 1.100339070041105982e+00 2.681878517189915989e+00 2.681878519862794796e+00 4.013655653893150799e+01 8.087904264010485633e+01
5.076647683993713400e+01 5.076647684259767601e+01 2.218742779203288151e+01 2.218742779521824460e+01 1.072852646012363778e+02 7.345822604773043452e+01 1.167580023127033462e+00 1.167580026536844784e+00 2.710307573920052171e+00 2.710307576696392662e+00 4.120508497803320580e+01 7.260914728267253793e+01
5.027722036077192769e+01 5.027722036453643284e+01 2.296244148446727351e+01 2.296244148769905635e+01 1.066907960608593413e+02 7.458713115031872576e+01 1.235719909384200399e+00 1.235719913019365457e+00 2.734161852315528662e+00 2.734161855195117230e+00 4.234040328591825642e+01 6.426199257364132222e+01
4.976893773932613385e+01 4.976893774408004134e+01 2.374051149359895518e+01 2.374051149688945372e+01 1.060565562633568959e+02 7.567522075584848551e+01 1.304555073379146890e+00 1.304555077222023574e+00 2.753514514215251285e+00 2.753514517197755307e+00 4.353325615947871086e+01 5.589850098285879909e+01
4.924187621905792867e+01 4.924187622468621583e+01 2.452150859202489031e+01 2.452150859539779759e+01 1.053855924405085460e+02 7.672482380379608458e+01 1.373878500776889222e+00 1.373878504808238032e+00 2.768444588793832928e+00 2.768444591878798544e+00 4.477108358523461362e+01 4.757652969507943652e+01
4.869634169999145001e+01 4.869634170638326509e+01 2.530526020241454077e+01 2.530526020589554648e+01 1.046810520811073388e+02 7.773835522323228986e+01 1.443481351008466529e+00 1.443481355208150463e+00 2.779035936817681574e+00 2.779035940004536354e+00 4.603810795279787271e+01 3.935072333737933548e+01
4.813269782103260042e+01 4.813269782807959984e+01 2.609154867650817167e+01 2.609154868012404549e+01 1.039461700226011942e+02 7.871835681080527536e+01 1.513154411567622315e+00 1.513154415915314299e+00 2.785376307411526753e+00 2.785376310699572144e+00 4.731547769267716319e+01 3.127237045593061637e+01
4.755136454258183676e+01 4.755136455018222819e+01 2.688010995725521468e+01 2.688010996103298211e+01 1.031842503884595743e+02 7.966752260578687128e+01 1.582689453857299533e+00 1.582689458332314780e+00 2.787556499886096884e+00 2.787556503274516650e+00 4.858146707634286798e+01 2.338926302088987086e+01
4.695281624548947264e+01 4.695281625354689226e+01 2.767063264990020599e+01 2.767063265386679660e+01 1.023986433359071668e+02 8.058870806404765119e+01 1.651880475699990747e+00 1.651880480282176711e+00 2.785669640916705436e+00 2.785669644404511036e+00 4.981173050454298590e+01 1.574555916732182403e+01
4.633757936668569499e+01 4.633757937510944203e+01 2.846275752292024208e+01 2.846275752710177898e+01 1.015927167568711127e+02 8.148492304735859193e+01 1.720524817869441447e+00 1.720524822539250431e+00 2.779810584942679519e+00 2.779810588528785154e+00 5.097960826566902170e+01 8.381650175926569801e+00
4.570622959588148859e+01 4.570622960458690187e+01 2.925607745455648967e+01 2.925607745897762868e+01 1.007698232374316660e+02 8.235930938137593671e+01 1.788424144414576533e+00 1.788424149153464926e+00 2.770075443120487702e+00 2.770075446803629493e+00 5.205647942219957969e+01 1.334033385039781194e+00
4.505938866158110301e+01 4.505938867049013652e+01 3.005013783536407601e+01 3.005013784004766109e+01 9.993326273559920025e+01 8.321510444736836121e+01 1.855385279102842677e+00 1.855385283893241199e+00 2.756561243552080764e+00 2.756561247330838516e+00 5.301215623471169636e+01 5.364806677982237204e+00
4.439772073817844245e+01 4.439772074721879846e+01 3.084443743177711639e+01 3.084443743674367866e+01 9.908624158933068315e+01 8.405559291003044109e+01 1.921220892956773785e+00 1.921220897782307757e+00 2.739365722870538811e+00 2.739365726743305807e+00 5.381531341471223584e+01 1.168650614298315560e+01
4.372192850918552409e+01 4.372192851829039029e+01 3.163842971025459505e+01 3.163842971552168137e+01 9.823182861927323017e+01 8.488404920176557766e+01 1.985750040558275753e+00 1.985750045403712027e+00 2.718587246641743338e+00 2.718587250606707251e+00 5.443394456216049093e+01 1.760691538264665112e+01
4.303274892457650935e+01 4.303274893368465115e+01 3.243152461618159066e+01 3.243152462176367123e+01 9.737290924406174497e+01 8.570367374721847398e+01 2.048798545499178392e+00 2.048798550350561243e+00 2.694324853478647253e+00 2.694324857533751949e+00 5.483583743781899500e+01 2.310617474847352071e+01
4.233094869284976625e+01 4.233094870190532788e+01 3.322309079644332996e+01 3.322309080235127965e+01 9.651213867770152888e+01 8.651752609836765373e+01 2.110199238024590418e+00 2.110199242869218672e+00 2.666678415308559646e+00 2.666678419451510074e+00 5.498905928189930137e+01 2.816876861158440803e+01
4.161731955067016742e+01 4.161731955962257956e+01 3.401245824951210039e+01 3.401245825575269066e+01 9.565189542339052764e+01 8.732845815323342720e+01 2.169792050499065539e+00 2.169792055325436841e+00 2.635748903924452158e+00 2.635748908152609538e+00 5.486244324362434099e+01 3.278355371544557073e+01
4.089267335483411614e+01 4.089267336363781169e+01 3.479892138205038776e+01 3.479892138862640394e+01 9.479423640819032926e+01 8.813905045859543463e+01 2.227423978785064040e+00 2.227423983582832445e+00 2.601638751828846186e+00 2.601638756139242670e+00 5.442606714073319552e+01 3.694375782664639019e+01
4.015783704280276112e+01 4.015783705141738835e+01 3.558174244649860185e+01 3.558174245340832442e+01 9.394085520779933063e+01 8.895155427116672797e+01 2.282948919916206965e+00 2.282948924676090563e+00 2.564452293479713152e+00 2.564452297868956343e+00 5.365171621631605348e+01 4.064694479359606305e+01
3.941364750913797366e+01 3.941364751752828255e+01 3.636015532991245180e+01 3.636015533714993353e+01 9.309304487793711758e+01 8.976784160504935528e+01 2.336227398537398692e+00 2.336227403251156076e+00 2.524296271403922098e+00 2.524296275868149309e+00 5.251332227863404967e+01 4.389494240839400874e+01
3.866094644583914430e+01 3.866094645397455309e+01 3.713336966049010357e+01 3.713336966804419603e+01 9.225166692484205555e+01 9.058936496519497439e+01 2.387126196435636949e+00 2.387126201095957079e+00 2.481280390283620907e+00 2.481280394818452084e+00 5.098737255854764072e+01 4.669372992734564320e+01
7.388898502364489674e-06 7.729532464748499604e-06 7.363303644095226371e-06 7.755127297585124327e-06 2.253140234905942943e-05 2.253140233522144540e-05 2.435950944236427100e-07 3.407430600932324948e-07 2.554397715842302083e-07 3.288983931265136162e-07 5.353821933443109844e-05 5.353821929901654249e-05
