0.000000000000000000e+00 0.000000000000000000e+00 0.000000000000000000e+00 0.000000000000000000e+00 0.000000000000000000e+00 0.000000000000000000e+00
4.615201887693210381e+01 4.615201991652773472e+01 7.804174567405384266e+01 -6.402878411043464446e-01 -6.402695555631843227e-01 -4.056271676350765576e-01
4.611219815622446561e+01 4.611220234680049401e+01 7.802635886907449958e+01 -1.278887277250327470e+00 -1.278850686470259790e+00 -8.116432707764160703e-01
4.604573544314179401e+01 4.604574486155181745e+01 7.800073657037961539e+01 -1.914111734617646610e+00 -1.914056799852322577e+00 -1.218428142280105764e+00
4.595248985893177718e+01 4.595250656721916016e+01 7.796490944329156036e+01 -2.544278344257551172e+00 -2.544205009011022867e+00 -1.626343600156492819e+00
4.583226697914321335e+01 4.583229301197019367e+01 7.791891469251982016e+01 -3.167709901059888367e+00 -3.167618093036759674e+00 -2.035724912960069410e+00
4.568482162700086491e+01 4.568485898281910096e+01 7.786279052592669814e+01 -3.782736950662522801e+00 -3.782626584370643918e+00 -2.446872823311768474e+00
4.550986145936915506e+01 4.550991209154459227e+01 7.779656929944647459e+01 -4.387700047078643806e+00 -4.387571027085140685e+00 -2.860046300383435103e+00
4.530705133654128502e+01 4.530711714424290193e+01 7.772026953384133208e+01 -4.980952223833569725e+00 -4.980804448673784357e+00 -3.275456179506671894e+00
4.507601846790624478e+01 4.507610128661706028e+01 7.763388702649291417e+01 -5.560861721302750915e+00 -5.560695088039037337e+00 -3.693259831688649797e+00
4.481635832373112294e+01 4.481645991531807738e+01 7.753738530934103323e+01 -6.125815012642711999e+00 -6.125629422066626972e+00 -4.113556988006700443e+00
4.452764130158678313e+01 4.452776334392672197e+01 7.743068572662332372e+01 -6.674220170103455807e+00 -6.674015532569520737e+00 -4.536386823932452295e+00
4.420942013369930379e+01 4.420956420983186064e+01 7.731365742190766355e+01 -7.204510612478387976e+00 -7.204286854350978153e+00 -4.961726386953971613e+00
4.386123801901536012e+01 4.386140560585371162e+01 7.718610753314406736e+01 -7.715149272837776628e+00 -7.714906343524226884e+00 -5.389490427788782512e+00
4.348263746050925249e+01 4.348282991713505652e+01 7.704777189650407365e+01 -8.204633223334575121e+00 -8.204371102866987897e+00 -5.819532671393790935e+00
4.307316978434468524e+01 4.307338833992890414e+01 7.689830655464999154e+01 -8.671498790571433801e+00 -8.671217497687285558e+00 -6.251648539261196014e+00
4.263240531249685716e+01 4.263265105391822374e+01 7.673728035282739768e+01 -9.114327190561811065e+00 -9.114026791219050239e+00 -6.685579309524239733e+00
4.215994415426674635e+01 4.216021801353724641e+01 7.656416888691796885e+01 -9.531750706472129409e+00 -9.531431322717727639e+00 -7.121017676548875741e+00
4.165542757440601918e+01 4.165573031600752074e+01 7.637835004193689770e+01 -9.922459424851952647e+00 -9.922121243944591384e+00 -7.557614647313046774e+00
4.111854988614081918e+01 4.111888209443015541e+01 7.617910132777750221e+01 -1.028520853669463797e+01 -1.028485182036200207e+01 -7.994987688306069984e+00
4.054907080591741675e+01 4.054943287277506414e+01 7.596559918222253316e+01 -1.061882619818020146e+01 -1.061845129186993830e+01 -8.432730014231239579e+00
3.994682819303385912e+01 3.994722030595708162e+01 7.573692037008684963e+01 -1.092222193211461345e+01 -1.092182927407561621e+01 -8.870420888754143363e+00
3.931175108119467865e+01 3.931217321206310800e+01 7.549204556296476198e+01 -1.119439553471653426e+01 -1.119398566472478862e+01 -9.307636788175729592e+00
3.864387289039588325e+01 3.864432478517228020e+01 7.522986513741483350e+01 -1.143444643339944200e+01 -1.143402000092056170e+01 -9.743963261470421244e+00
3.794334468636003521e+01 3.794382585599932156e+01 7.494918718172463912e+01 -1.164158341953180376e+01 -1.164114119109248513e+01 -1.017900730483909300e+01
3.721044833109594663e+01 3.721095804396836826e+01 7.464874765381907196e+01 -1.181513465593217127e+01 -1.181467752145477235e+01 -1.061241005599501896e+01
3.644560934237113514e+01 3.644614661851104387e+01 7.432722258654196423e+01 -1.195455783232526414e+01 -1.195408681016727570e+01 -1.104385960301551783e+01
3.564940925242377290e+01 3.564997285993013065e+01 7.398324219256585366e+01 -1.205945031359929764e+01 -1.205896655403068962e+01 -1.147310369492774029e+01
3.482259722781172684e+01 3.482318568172466655e+01 7.361540668058160009e+01 -1.212955909612902694e+01 -1.212906388298136484e+01 -1.189996213641059875e+01
3.396610068390467774e+01 3.396671224787505849e+01 7.322230355806644297e+01 -1.216479035758155369e+01 -1.216428510781020833e+01 -1.232433864722504779e+01
3.308103460040698707e+01 3.308166729145327167e+01 7.280252616461889659e+01 -1.216521835667789730e+01 -1.216470461759774757e+01 -1.274623196835277739e+01
3.216870922000055799e+01 3.216936081661986435e+01 7.235469315413175195e+01 -1.213109341278394382e+01 -1.213057285676889308e+01 -1.316574600142436680e+01
3.123063579251539323e+01 3.123130384636238688e+01 7.187746862442180884e+01 -1.206284867263055993e+01 -1.206232308911010165e+01 -1.358309877592142811e+01
3.026853001396008835e+01 3.026921186525492047e+01 7.136958257955728868e+01 -1.196110535479429693e+01 -1.196057663943525995e+01 -1.399863004987918380e+01
2.928431280544511850e+01 2.928500560219243809e+01 7.082985140312305816e+01 -1.182667615380825410e+01 -1.182614629483792790e+01 -1.441280736438907439e+01
2.828010808364361139e+01 2.828080880466235314e+01 7.025719801992347868e+01 -1.166056648693559694e+01 -1.166003754864144781e+01 -1.482623039005535581e+01
2.725823719404927914e+01 2.725894267571145235e+01 6.965067142892775109e+01 -1.146397327962513124e+01 -1.146344738315567291e+01 -1.523963342458537795e+01
2.622120971265067624e+01 2.622191667912703750e+01 6.900946530119578881e+01 -1.123828101209896424e+01 -1.123776031378481299e+01 -1.565388592472154450e+01
2.517171037209393702e+01 2.517241546879008851e+01 6.833293535263936747e+01 -1.098505479055339329e+01 -1.098454145806664251e+01 -1.606999098251905167e+01
2.411258193558176899e+01 2.411328176533807266e+01 6.762061522215734044e+01 -1.070603026260885926e+01 -1.070552644937460762e+01 -1.648908168522563855e+01
2.304680392549638768e+01 2.304749508702625960e+01 6.687223061032891280e+01 -1.040310026763148343e+01 -1.040260808599456865e+01 -1.691241532935123004e+01
2.197746721290255323e+01 2.197814634083923835e+01 6.608771146175598687e+01 -1.007829819714506669e+01 -1.007781969087307772e+01 -1.734136549246663250e+01
2.090774458644284550e+01 2.090840839229732850e+01 6.526720200464701804e+01 -1.777741200032677682e+01 -9.733778136520545132e+00 -9.733315253281267232e+00
1.984085754144249591e+01 1.984150285470912678e+01 6.441106849363170284e+01 -1.822212886148480848e+01 -9.371791963221344446e+00 -9.371346527710011642e+00
1.878003965797935138e+01 1.878066346659869268e+01 6.351990453544307513e+01 -1.867717027602169821e+01 -8.994663684939901316e+00 -8.994237373340981279e+00
1.772849706515954082e+01 1.772909655454032318e+01 6.259453391138998057e+01 -1.914425485869188392e+01 -8.604761408091835762e+00 -8.604355724539047401e+00
1.668936661221159312e+01 1.668993920204198034e+01 6.163601084488630022e+01 -1.962514824898850563e+01 -8.204467428009392549e+00 -8.204083683658444315e+00
1.566567247939270402e+01 1.566621585751988199e+01 6.064561769622672927e+01 -2.012164431068349302e+01 -7.796147021377197284e+00 -7.795786316626417189e+00
1.466028205738860457e+01 1.466079421012834594e+01 5.962486009984725399e+01 -2.063554515062654460e+01 -7.382116593871201893e+00 -7.381779804160441216e+00
1.367586199777642442e+01 1.367634123611141206e+01 5.857545959109848610e+01 -2.116864021037672927e+01 -6.964611887213743913e+00 -6.964299652707338417e+00
1.271483538503331268e+01 1.271528036627923086e+01 5.749934379981950627e+01 -2.172268470403789564e+01 -6.545756976645663805e+00 -6.545469695965204338e+00
1.177934099962597081e+01 1.177975074426901259e+01 5.639863431642996972e+01 -2.229937769099593581e+01 -6.127534790233155171e+00 -6.127272618261587311e+00
1.087119563046568338e+01 1.087156953400007708e+01 5.527563236271122804e+01 -2.290034008275187460e+01 -5.711759855121233187e+00 -5.711522704756444746e+00
9.991860353559870234e+00 9.992198193285004137e+00 5.413280242374334961e+01 -2.352709288844709690e+01 -5.300053924072646971e+00 -5.299841471675164506e+00
9.142411623660759545e+00 9.142713560506315673e+00 5.297275401952710183e+01 -2.418103600386216456e+01 -4.893825061140997690e+00 -4.893636755305684538e+00
8.323517929984467045e+00 8.323784505530044342e+00 5.179822181455116947e+01 -2.486342784362964409e+01 -4.494250672132688251e+00 -4.494085745322286662e+00
7.535422649631292380e+00 7.535654778572092205e+00 5.061204428094147545e+01 -2.557536610626681650e+01 -4.102264858541891712e+00 -4.102122341055217447e+00
6.777933597847684233e+00 6.778132556213196658e+00 4.941714114580533845e+01 -2.631776994664908997e+01 -3.718550358323601479e+00 -3.718429094037659421e+00
6.050419627746900453e+00 6.050587037223122522e+00 4.821648986594482977e+01 -2.709136381107203917e+01 -3.343535218697752498e+00 -3.343433882017861070e+00
5.351814478615738224e+00 5.351952287344722059e+00 4.701310138324548404e+01 -2.789666316654259148e+01 -2.977394230297861100e+00 -2.977311343774413643e+00
4.680627916254128884e+00 4.680738376488634778e+00 4.580999542172990147e+01 -2.873396232894310032e+01 -2.620055042837365900e+00 -2.619988994957831885e+00
4.034964055238660308e+00 4.035049698229696169e+00 4.461017559247238751e+01 -2.960332456480968588e+01 -2.271208783559381938e+00 -2.271157846292804372e+00
3.412546605285746271e+00 3.412610213763278555e+00 4.341660457528604411e+01 -3.050457460930744347e+01 -1.930324913443092871e+00 -1.930287259201235228e+00
2.810750645063261111e+00 2.810795223653989705e+00 4.223217964625374066e+01 -3.143729370921091970e+01 -1.596669983713988161e+00 -1.596643701487787892e+00
2.226640399283739136e+00 2.226669143191306599e+00 4.105970881776314485e+01 -3.240081726496742931e+01 -1.269329896818489400e+00 -1.269313007346643873e+00
1.657012380559696574e+00 1.657028642807394592e+00 3.990188785264213323e+01 -3.339423511085146856e+01 -9.472352309351675936e-01 -9.472257008607138928e-01
1.098443157661869174e+00 1.098450415187159024e+00 3.876127840624771181e+01 -3.441639443741071602e+01 -6.291891538697547137e-01 -6.291849089291217112e-01
5.473409274987870443e-01 5.473427463671218796e-01 3.764028753987074793e+01 -3.546590532638731474e+01 -3.138974289260940687e-01 -3.138963662971455126e-01
-1.096797888856937175e-15 2.900004175461762321e-15 1.244046097513325407e-02 -1.244046097512905950e-02 -6.653189760498878976e-16 -2.822991763404401022e-17
-1.096797888856937175e-15 2.900004175461762321e-15 1.244046097513325407e-02 -1.244046097512905950e-02 -6.653189760498878976e-16 -2.822991763404401022e-17
-2.850324328416850025e-14 -2.525541926217162204e-13 -9.004613276942053401e-11 9.068370576249440715e-11 6.376313832980505598e-15 -4.331555698781932841e-13
-7.216913608684297177e-14 -5.018876446717785384e-13 -5.848826484865916103e-11 5.970006799885656351e-11 1.863160318894040073e-14 -8.474816114257268076e-13
-8.895493019828869368e-14 -7.259939054293144037e-13 -2.605918093533350833e-11 2.792355316910944240e-11 1.671793040549637002e-14 -1.253677766634207995e-12
-1.229497580229737518e-13 -9.588391962225663634e-13 -2.134095904544020265e-11 2.370358994976529956e-11 2.792298190826342728e-14 -1.591153979463350478e-12
-1.558553763957270156e-13 -1.207353146278489686e-12 -1.650569505520007840e-11 1.935327060329012132e-11 3.943506838714440552e-14 -1.879206877459218301e-12
-1.599372310536966365e-13 -1.458325355404244227e-12 -1.133484256764730227e-11 1.461390305988928784e-11 4.017836725371828112e-14 -2.100587007990215673e-12
-1.699362120752917941e-13 -1.652468992946659951e-12 -7.540432370582104855e-12 1.126107976409705249e-11 4.297413242803973861e-14 -2.334088798116249148e-12
-1.834569542417388018e-13 -1.863418997953794654e-12 -4.314356624882485702e-12 8.408571058522487679e-12 5.181869227290730338e-14 -2.469066260177633040e-12
-1.745842370503470594e-13 -2.074241677570638653e-12 -2.556018602050859677e-12 6.971606940543845593e-12 4.845635933225202758e-14 -2.582167083241031231e-12
-1.762782034146025310e-13 -2.322211909801452449e-12 -1.822070686980000787e-12 6.519663006455041058e-12 6.548538581699622718e-14 -2.674822017064460226e-12
-1.637392399224396275e-13 -2.535815791532208203e-12 -1.355846293269177242e-13 5.115009689133982465e-12 6.821809163403377064e-14 -2.734816012879477965e-12
-1.368051476684293062e-13 -2.727561088913989692e-12 1.698719441408055935e-12 3.573471245536239816e-12 7.356015160757666397e-14 -2.784390684422262895e-12
-9.707853863634745980e-14 -2.963538217371151810e-12 2.909304887244975256e-12 2.620644558646235640e-12 6.761684620438891889e-14 -2.793104512787629504e-12
-8.596180030868156081e-14 -3.160900495876587725e-12 3.907286171474852506e-12 1.892963245102169386e-12 8.634226625489535701e-14 -2.830314406529428116e-12
-2.290336646427551439e-14 -3.415291492825848147e-12 4.898382121270251898e-12 1.153706404056554390e-12 7.875485497450268598e-14 -2.826094473792250355e-12
1.985367363394461530e-14 -3.587195587893490160e-12 6.447796971945179105e-12 -1.165940763775202629e-13 8.494847247863662508e-14 -2.828395426223607051e-12
6.614438337000542182e-14 -3.837242970769909435e-12 7.201133110670334053e-12 -5.768245916628653768e-13 9.358530231221462007e-14 -2.860935809042972842e-12
1.323902757642700399e-13 -4.137129725268434251e-12 8.077735845575260147e-12 -1.177910894765197683e-12 9.232903796710719415e-14 -2.827630434353123826e-12
1.837509228184842833e-13 -4.397841583848721254e-12 8.875918419965941469e-12 -1.655984818095697038e-12 1.007313973155835634e-13 -2.830383646189076317e-12
2.437638027648743567e-13 -4.641074044042567730e-12 9.591429238175382489e-12 -2.047514315722892861e-12 1.155455335002910298e-13 -2.856589150948591948e-12
3.363267682961657660e-13 -4.968443348799998924e-12 1.039699776828608895e-11 -2.508316149490240817e-12 1.135077035019407120e-13 -2.843476475455916974e-12
4.110938011288016838e-13 -5.238705931288080473e-12 1.113631652643537360e-11 -2.871044809244743188e-12 1.100892370716273517e-13 -2.869113230155694300e-12
4.945300311848734935e-13 -5.662972911737345652e-12 1.159177491214525301e-11 -2.920523095904965972e-12 1.205714933159525127e-13 -2.878304053219031797e-12
4.185795862190072825e+00 -2.045540951304186450e+01 2.131455506334290106e+01 4.690008306475063726e+00 -3.761651679440789042e+00 -3.394663653046431140e+00
4.486153418335730336e+00 -1.825621395896153132e+01 2.140916223857808021e+01 3.292395029925121008e+00 -3.921967691540795720e+00 -3.035566968974226398e+00
4.797752187857866168e+00 -1.583961169787479761e+01 2.149018075149087537e+01 1.729750198768694958e+00 -4.079608521222018780e+00 -2.684132049273975973e+00
5.120351989394087866e+00 -1.323242610005258868e+01 2.156183711228861100e+01 2.184506401753154650e-02 -4.234055367489893307e+00 -2.343075506340902781e+00
5.453664778023634696e+00 -1.046853422381303567e+01 2.162831834509503182e+01 -1.804066814902324900e+00 -4.384787233636954440e+00 -2.014937425027780282e+00
5.797357270722761413e+00 -7.588095059863035452e+00 2.169377633598585575e+01 -3.714036158728105885e+00 -4.531286251551143174e+00 -1.702102275844193935e+00
6.151053714201302647e+00 -4.635903623185970268e+00 2.176232468816476384e+01 -5.669081008454740278e+00 -4.673042908012280172e+00 -1.406813391063798102e+00
6.514338767947101871e+00 -1.659006434015098508e+00 2.183802889375705902e+01 -7.627589374432244718e+00 -4.809561099041400389e+00 -1.131181601132782211e+00
6.886760476554364629e+00 1.296100928972922617e+00 2.192489056944973314e+01 -9.548139868605533209e+00 -4.940362942571630889e+00 -8.771885509571959449e-01
7.267833306808153537e+00 4.186259557721655256e+00 2.202682646952654366e+01 -1.139230501294023945e+01 -5.064993285036308635e+00 -6.466851700245902501e-01
7.657041226505377551e+00 6.973985073659070721e+00 2.214764298387824581e+01 -1.312700562828463013e+01 -5.183023843792102348e+00 -4.413857565688192874e-01
8.053840803567387852e+00 9.629045965025161635e+00 2.229100684784020459e+01 -1.472610437634522640e+01 -5.294056934471052855e+00 -2.628581520762396928e-01
8.457664305608373567e+00 1.212915789441632519e+01 2.246041283146697864e+01 -1.617111379761849932e+01 -5.397728740227281996e+00 -1.125105249148827813e-01
8.867922781736229609e+00 1.445985586405922696e+01 2.265914923315221330e+01 -1.745108067951750286e+01 -5.493712088245484182e+00 8.424654039777318762e-03
9.284009109954542538e+00 1.661373703444673211e+01 2.289026207018665815e+01 -1.856183956842358640e+01 -5.581718707633869236e+00 9.890878136809781729e-02
9.705300995084449767e+00 1.858932083121065304e+01 2.315651892953848190e+01 -1.950488213143796301e+01 -5.661500951763407841e+00 1.581166868096049449e-01
1.013116390361800434e+01 2.038975974728806762e+01 2.346037350735382887e+01 -2.028607588449575516e+01 -5.732852977063750188e+00 1.854567583753169990e-01
1.056095392333966032e+01 2.202158069392759998e+01 2.380393191604697734e+01 -2.091441227803506919e+01 -5.795611379082766135e+00 1.805907148749834323e-01
1.099402053690128689e+01 2.349357053282128049e+01 2.418892186368365671e+01 -2.140089793012382913e+01 -5.849655295105806729e+00 1.434520593983389658e-01
1.142970929979927774e+01 2.481585983968891540e+01 2.461666580226617285e+01 -2.175764322880359103e+01 -5.894905990673456664e+00 7.426222417411697252e-02
1.186736441438890921e+01 2.599921503343846041e+01 2.508805909138332169e+01 -2.199715861824909169e+01 -2.645656553239185763e-02 -5.931325954806660583e+00
1.230633119266770237e+01 2.705452195653322534e+01 2.560355412561709443e+01 -2.213184184006966149e+01 -1.578726164439381296e-01 -5.958917535538738264e+00
1.274595840157802407e+01 2.799243080575860532e+01 2.616315122546917848e+01 -2.217362621667819411e+01 -3.188410741027723483e-01 -5.977721153374536023e+00
1.318560048551940156e+01 2.882312867843696580e+01 2.676639689385270060e+01 -2.213375642874209959e+01 -5.079058391870974187e-01 -5.987813135477272120e+00
1.362461966162832638e+01 2.955620797072458572e+01 2.741238979940554898e+01 -2.202266020695150317e+01 -7.233075108378181906e-01 -5.989303217671325008e+00
1.406238788418152197e+01 3.020060350544298444e+01 2.809979457462683783e+01 -2.184988899327790079e+01 -9.629975292937060782e-01 -5.982331764710195898e+00
1.449828867521766540e+01 3.076457669347367840e+01 2.882686322573087523e+01 -2.162410604506631628e+01 -1.224658423820955466e+00 -5.967066761677148001e+00
1.493171881915327326e+01 3.125573019872150837e+01 2.959146365964136649e+01 -2.135310561032611787e+01 -1.505729801543235657e+00 -5.943700630861868284e+00
1.536208991980266525e+01 3.168104100475868989e+01 3.039111456047696791e+01 -2.104385121712168782e+01 -1.803439456757073511e+00 -5.912446929005397145e+00
1.578882981880212810e+01 3.204690333562209759e+01 3.122302561134502241e+01 -2.070252465814744980e+01 -2.114838756615335935e+00 -5.873536979457071538e+00
1.621138387498933398e+01 3.235917560766553436e+01 3.208414187286970076e+01 -2.033457995722076816e+01 -2.436841283247634937e+00 -5.827216492583656482e+00
1.662921610481524226e+01 3.262322760533355392e+01 3.297119100905889866e+01 -1.994479859913511532e+01 -2.766263595974882694e+00 -5.773742225764707747e+00
1.704181018435556538e+01 3.284398552273898986e+01 3.388073199991266904e+01 -1.953734372977144318e+01 -3.099866926545832069e+00 -5.713378731562528401e+00
1.744867031396753987e+01 3.302597352769971195e+01 3.480920399885086880e+01 -1.911581202256840584e+01 -3.434398635818931567e+00 -5.646395239240365349e+00
1.784932194709226749e+01 3.317335119760202389e+01 3.575297407617780721e+01 -1.868328257297291017e+01 -3.766632337028821276e+00 -5.573062710795763763e+00
1.824331238514260178e+01 3.328994663626069439e+01 3.670838272731355545e+01 -1.824236261396461600e+01 -4.093405719038780255e+00 -5.493651108160985785e+00
1.863021124085216229e+01 3.337928537576563315e+01 3.767178620288758140e+01 -1.779523011167825430e+01 -4.411655269752525754e+00 -5.408426903285223020e+00
1.900961077288008383e+01 3.344461534735599173e+01 3.863959492177444588e+01 -1.734367345140478633e+01 -4.718447290374811587e+00 -5.317650857544766296e+00
1.938112609487765425e+01 3.348892830688141231e+01 3.960830744236106682e+01 -1.688912849778329317e+01 -5.011004790552835431e+00 -5.221576091418823395e+00
1.974439526264041334e+01 3.351497814905536643e+01 4.057453967768744008e+01 -1.643271333519127708e+01 -5.286730048971151064e+00 -5.120446459713227760e+00
2.009907924336059537e+01 3.352529655831766320e+01 4.153504923488319633e+01 -1.597526098378836501e+01 -5.543222802413084516e+00 -5.014495241904061373e+00
2.044486177139878791e+01 3.352220643495615349e+01 4.248675492984374813e+01 -1.551735035631426918e+01 -5.778294180325207918e+00 -4.903944151499433524e+00
2.078144909538222151e+01 3.350783351146112210e+01 4.342675166887499927e+01 -1.505933567950775398e+01 -5.989976626395850268e+00 -4.789002662767932073e+00
2.110856962181683372e+01 3.348411654147317051e+01 4.435232099772260739e+01 -1.460137455799544171e+01 -6.176530141484480652e+00 -4.669867647842409930e+00
2.142597346077894471e+01 3.345281640581887928e+01 4.526093769524801047e+01 -1.414345481181546660e+01 -6.336445243920406867e+00 -4.546723312156858654e+00
2.173343187960864498e+01 3.341552443949544227e+01 4.615027283637442679e+01 -1.368542017413458289e+01 -6.468443076251872093e+00 -4.419741411487437155e+00
2.203073667088182575e+01 3.337367024174357510e+01 4.701819377054749793e+01 -1.322699489497941627e+01 -6.571473095867085945e+00 -4.289081729612839844e+00
2.231769944126969207e+01 3.332852918970884559e+01 4.786276146240951590e+01 -1.276780726105649677e+01 -6.644708775183655547e+00 -4.154892791845409938e+00
2.259415082820398979e+01 3.328122983551624259e+01 4.868222562548628218e+01 -1.230741201162550169e+01 -6.687541710192013156e+00 -4.017312786462605700e+00
2.285993965157106800e+01 3.323276132753967715e+01 4.947501805207407699e+01 -1.184531160622440815e+01 -6.699574498734573780e+00 -3.876470663431661912e+00
2.311493200791317904e+01 3.318398095978960072e+01 5.023974450743800446e+01 -1.138097628187334820e+01 -6.680612706215631746e+00 -3.732487377800470352e+00
2.335901031486177359e+01 3.313562191915301014e+01 5.097517551741144359e+01 -1.091386282505914629e+01 -6.630656190031530173e+00 -3.585477243744792375e+00
2.359207231373977720e+01 3.308830126907183455e+01 5.168023633843309739e+01 -1.044343197703375559e+01 -6.549890007725091223e+00 -3.435549364529800087e+00
2.381403003842946831e+01 3.304252818047660867e+01 5.235399636011019453e+01 -9.969164389331801601e+00 -6.438675089827172293e+00 -3.282809103557358110e+00
2.402480875875588495e+01 3.299871239661141686e+01 5.299565815405993163e+01 -9.490575049423824794e+00 -6.297538818015149253e+00 -3.127359562223577250e+00
2.422434590671116794e+01 3.295717289797106275e+01 5.360454635002244572e+01 -9.007226103504741843e+00 -6.127165613488913642e+00 -2.969303031475752697e+00
2.441258999391851248e+01 3.291814671693763472e+01 5.418009649150170048e+01 -8.518738013956575372e+00 -5.928387609766414101e+00 -2.808742385708837386e+00
2.458949952870513300e+01 3.288179783881673046e+01 5.472184399863835580e+01 -8.024799002394455982e+00 -5.702175458499771032e+00 -2.645782389926302436e+00
2.475504194114553513e+01 3.284822611668391801e+01 5.522941334544286462e+01 -7.525172744758805266e+00 -5.449629296212967766e+00 -2.480530893872911147e+00
2.490919252431028497e+01 3.281747612151722393e+01 5.570250754166954010e+01 -7.019704302051783529e+00 -5.171969883682622005e+00 -2.313099890049899798e+00
2.505193339982998424e+01 3.278954584619960144e+01 5.614089799597041264e+01 -6.508324288433685822e+00 -4.870529917540405762e+00 -2.143606416099367973e+00
2.518325251566099254e+01 3.276439518177814847e+01 5.654441482612412528e+01 -5.991051296969754247e+00 -4.546745505027717016e+00 -1.972173285908839224e+00
2.530314268371330044e+01 3.274195408638069438e+01 5.691293767352075150e+01 -5.467992621863920988e+00 -4.202147787126039091e+00 -1.798929637872588749e+00
2.541160066467052658e+01 3.272213037111981038e+01 5.724638707227142476e+01 -4.939343334124909113e+00 -3.838354691986078482e+00 -1.624011292970072740e+00
2.550862630696560629e+01 3.270481703254337447e+01 5.754471641781961466e+01 -4.405383784931076185e+00 -3.457062799183694857e+00 -1.447560919609495400e+00
2.559422174653483850e+01 3.268989906748846153e+01 5.780790457539324478e+01 -3.866475627228047163e+00 -3.060039295389910485e+00 -1.269728006447548019e+00
2.566839067337629743e+01 3.267725971306057176e+01 5.803594916473446119e+01 -3.323056461085022839e+00 -2.649114003156435526e+00 -1.090668648569858235e+00
2.573113767059900070e+01 3.266678606154854236e+01 5.822886055395986205e+01 -2.775633221919912241e+00 -2.226171466343842997e+00 -9.105451564089899197e-01
2.578246763097270033e+01 3.265837400738652718e+01 5.838665659201621594e+01 -2.224774442766936922e+00 -1.793143077963115006e+00 -7.295255005358365352e-01
2.582238525540611818e+01 3.265193249000358122e+01 5.850935810570316420e+01 -1.671101532283313373e+00 -1.351999238621942379e+00 -5.477826088907309376e-01
2.585089463724185777e+01 3.264738700340436139e+01 5.859698518378318255e+01 -1.115279219117424558e+00 -9.047415361645403387e-01 -3.654935361032421448e-01
2.586799893401889960e+01 3.264468235037047350e+01 5.864955426642135450e+01 -5.580053206545192435e-01 -4.533949393094813818e-01 -1.828385271784299382e-01
0.000000000000000000e+00 0.000000000000000000e+00 0.000000000000000000e+00 0.000000000000000000e+00 0.000000000000000000e+00 0.000000000000000000e+00
0.000000000000000000e+00 0.000000000000000000e+00 0.000000000000000000e+00 0.000000000000000000e+00 0.000000000000000000e+00 0.000000000000000000e+00
3.070569775847310723e+01 1.550017952867758453e+01 4.880682117066085368e+01 -5.274412726918328298e-01 -8.277157916873216503e-02 -3.613361403406360473e-01
3.065977770247662093e+01 1.546947250428614851e+01 4.879195064479937827e+01 -1.054355926601121762e+00 -1.508176359598124572e-01 -7.353017416256210081e-01
3.057007851029161216e+01 1.543157647299643465e+01 4.876699026395846204e+01 -1.580216126120807418e+00 -2.241033572981745159e-01 -1.099847021432097227e+00
3.044389152201943816e+01 1.537937640433647779e+01 4.873167846804965109e+01 -2.104491682655249107e+00 -2.964713148058734093e-01 -1.459067736887902367e+00
3.028194826576200072e+01 1.531239041254669786e+01 4.868565444277844989e+01 -2.626649077652917885e+00 -3.670978139201719337e-01 -1.811760276857070195e+00
3.008453375769481042e+01 1.523065922464268063e+01 4.862846337229184002e+01 -3.146150718759489262e+00 -4.355081154526063703e-01 -2.156417852198495133e+00
2.985198397378391633e+01 1.513425218612500167e+01 4.855956303862438261e+01 -3.662454496529219838e+00 -5.012623098321410398e-01 -2.491555986482436591e+00
2.958469283933905913e+01 1.502326440383984441e+01 4.847833165400160027e+01 -4.175013700633114944e+00 -5.639591674202300009e-01 -2.815719960053414184e+00
2.928312523029254066e+01 1.489780846028432570e+01 4.838407679456264532e+01 -4.683277344299468403e+00 -6.232165434060663589e-01 -3.127515597359970201e+00
2.894781715699860314e+01 1.475801944188414616e+01 4.827604528767039227e+01 -5.186690934031416234e+00 -6.786792798371209523e-01 -3.425612414199287858e+00
2.857938002892856133e+01 1.460405628128299327e+01 4.815343389187530931e+01 -5.684697708727098231e+00 -7.300190134526260977e-01 -3.708754664934394984e+00
2.817850526798527966e+01 1.443610302879993412e+01 4.801540059870530541e+01 -6.176740358440379275e+00 -7.769359618527620359e-01 -3.975770154330862560e+00
2.774596882398195064e+01 1.425437036676172120e+01 4.786107637870155429e+01 -6.662263218421744071e+00 -8.191627558083279803e-01 -4.225576671002973406e+00
2.728263416268361397e+01 1.405909864788112174e+01 4.768957719049344490e+01 -7.140714919002377314e+00 -8.564657887550618520e-01 -4.457190483294597882e+00
2.678945653696849405e+01 1.385055948337991794e+01 4.750001607074727872e+01 -7.611551456534403570e+00 -8.886487123559926316e-01 -4.669732167476163376e+00
2.626748630730176970e+01 1.362905793621080797e+01 4.729151512420746428e+01 -8.074239635130675552e+00 -9.155536596033390095e-01 -4.862434072707435107e+00
2.571787202768877023e+01 1.339493441144441732e+01 4.706321723625546838e+01 -8.528260813456144618e+00 -9.370636792665755221e-01 -5.034645812807515775e+00
2.514186295736351084e+01 1.314856638017582391e+01 4.681429733483226130e+01 -8.973114875336877461e+00 -9.531042708157428933e-01 -5.185839758830601554e+00
2.454081093705655903e+01 1.289036978564511848e+01 4.654397303355197835e+01 -9.408324327415805044e+00 -9.636449078779133481e-01 -5.315615498790041471e+00
2.391617127193254433e+01 1.262080027117699998e+01 4.625151449267210069e+01 -9.833438411340123864e+00 -9.687000595327088792e-01 -5.423703603579812516e+00
2.326950283425151866e+01 1.234035379664937082e+01 4.593625333841458769e+01 -1.024803710174754912e+01 -9.683298603470099630e-01 -5.509968393889710825e+00
2.260246676042114444e+01 1.204956705149103868e+01 4.559759048316763597e+01 -1.065173484421858774e+01 -9.626405004230089713e-01 -5.574409483965748535e+00
2.191682402093726267e+01 1.174901717668096701e+01 4.523500268827122994e+01 -1.104418386881055447e+01 -9.517838303430667946e-01 -5.617162460626660803e+00
2.121443146418067727e+01 1.143932100023502763e+01 4.484804770639220806e+01 -1.142507689400841997e+01 -9.359568676767544559e-01 -5.638497875637444423e+00
2.049723629546364023e+01 1.112113365138438859e+01 4.443636783056889783e+01 -1.179414901187984910e+01 -9.154004295699735838e-01 -5.638819208888964596e+00
1.976726891550243792e+01 1.079514648399620924e+01 4.399969166034637169e+01 -1.215117851653133840e+01 -8.903973910506152167e-01 -5.618659207894333818e+00
1.902663395680041702e+01 1.046208436077442094e+01 4.353783387010433614e+01 -1.249598640280684059e+01 -8.612703145093217882e-01 -5.578674792452505748e+00
1.827749958782342787e+01 1.012270216064522188e+01 4.305069272823013193e+01 -1.282843421812557416e+01 -8.283784671566472024e-01 -5.519640476882574198e+00
1.752208492543667973e+01 9.777780649942215518e+00 4.253824506502373737e+01 -1.314841989418969526e+01 -7.921143070451482915e-01 -5.442440238519738571e+00
1.676264571869383957e+01 9.428121589939285840e+00 4.200053831786322434e+01 -1.345587111265151492e+01 -7.528993771069045771e-01 -5.348057946693663744e+00
1.600145830340196795e+01 9.074542176127568638e+00 4.143767918844678633e+01 -1.375073566383485257e+01 -7.111796764725464293e-01 -5.237566384134030528e+00
1.524080191245270122e+01 8.717868881485300037e+00 4.084981832101083654e+01 -1.403296813223178141e+01 -6.674205413465285064e-01 -5.112114978982801539e+00
1.448293957338162308e+01 8.358930693445467242e+00 4.023713024149675732e+01 -1.430251207576350758e+01 -6.221011140095198400e-01 -4.972916368569924472e+00
1.373009778021252814e+01 7.998551842232570763e+00 3.959978757078224021e+01 -1.455927664255518827e+01 -5.757084367949251158e-01 -4.821232005305033930e+00
1.298444511097682330e+01 7.637544195045640194e+00 3.893792821955415917e+01 -1.480310626827428777e+01 -5.287312954950936783e-01 -4.658356971202773700e+00
1.224807020770747990e+01 7.276699301779934181e+00 3.825161385930513802e+01 -1.503374168979822478e+01 -4.816538689496114301e-01 -4.485604273473187575e+00
1.152295934770410213e+01 6.916780316087358216e+00 3.754077740300158439e+01 -1.525076995660001167e+01 -4.349493477495628424e-01 -4.304288818353109392e+00
1.081097401533920710e+01 6.558513876776371987e+00 3.680515646404251129e+01 -1.545356036339183348e+01 -3.890735458759771448e-01 -4.115711421642837209e+00
1.011382883979561775e+01 6.202582110068218135e+00 3.604420871529485026e+01 -1.564118218809390548e+01 -3.444587024034876932e-01 -3.921143053385726773e+00
9.433070293972354747e+00 5.849614903634129170e+00 3.525700363397821491e+01 -1.581229869064013549e+01 -3.015075440768090198e-01 -3.721809642148417918e+00
8.770056586186337100e+00 5.500182574899941557e+00 3.444208314783074343e+01 -1.596502986511669953e+01 -2.605877212711017465e-01 -3.518877713515012218e+00
8.125939099061062265e+00 5.154789128423794331e+00 3.359728100267525974e+01 -1.609677374945698958e+01 -2.220267309498141217e-01 -3.313441116575833068e+00
7.501645828853437337e+00 4.813866180396887628e+00 3.271948701493794687e+01 -1.620397244693239713e+01 -1.861074241919558059e-01 -3.106509078621952469e+00
6.897867134372884124e+00 4.477767741789968170e+00 3.180433749571029267e+01 -1.628180414270922327e+01 -1.530641803050137861e-01 -2.898995805453854491e+00
6.315044176951531973e+00 4.146765936631372718e+00 3.084580683644412602e+01 -1.632377610753237107e+01 -1.230798026301603287e-01 -2.691711825995121377e+00
5.753360335590431696e+00 3.821047775331362750e+00 2.983566761749035479e+01 -1.632118605623349339e+01 -9.628323578563745266e-02 -2.485357184088890392e+00
5.212735851186641511e+00 3.500713069293363677e+00 2.876277856385283371e+01 -1.626241119559288606e+01 -7.274808794216768015e-02 -2.280516641653986376e+00
4.692825908953304648e+00 3.185773545337248436e+00 2.761215424195221146e+01 -1.613197886832733730e+01 -5.249202283823210108e-02 -2.077656919614438991e+00
4.193022295247252451e+00 2.876153211784830077e+00 2.636377536160410884e+01 -1.590937767234281530e+01 -3.547702702929803747e-02 -1.877126005595159297e+00
3.712458720885917884e+00 2.571689987181606796e+00 2.499113190125414263e+01 -1.556760128936848631e+01 -2.161053394988886669e-02 -1.679154526296725569e+00
3.250019803088592951e+00 2.272138613873694091e+00 2.345959096799611387e+01 -1.507151695094419530e+01 -1.074735217037017104e-02 -1.483859164687225451e+00
2.804353690133456478e+00 1.977174796076167862e+00 2.172491950080829781e+01 -1.437638866633899859e+01 -2.692455988662325900e-03 -1.291247943523718744e+00
2.373888173762888520e+00 1.686400550421452538e+00 1.973278386234002113e+01 -1.342737727299175710e+01 2.795527456211030232e-03 -1.101227377668904550e+00
1.956850126447800209e+00 1.399350675959325718e+00 1.742091206730262698e+01 -1.216170307145303298e+01 6.000109471866055776e-03 -9.136112690900574096e-01
1.551287989374767529e+00 1.115500276541152802e+00 1.472675018239975486e+01 -1.051630259202604201e+01 7.242012502203258074e-03 -7.281309142801536405e-01
1.155097033019181652e+00 8.342731927313040696e-01 1.160401118813047283e+01 -8.444377793858915737e+00 6.873632851780738136e-03 -5.444465726145166773e-01
7.660469938722535010e-01 5.550512462178889272e-01 8.049132754665956568e+00 -5.941854157211378329e+00 5.271461815778273781e-03 -3.621584821152131761e-01
3.818116282434567688e-01 2.771841988955602298e-01 4.130340446447703151e+00 -3.076444190254829625e+00 2.797276975549024391e-03 -1.807879353689108015e-01
5.669420501318514386e-15 3.751512720293803748e-15 8.449154219979108273e-15 -7.014606704607365397e-15 -9.269771247867605459e-17 7.177304770063575111e-16
5.669420501318514386e-15 3.751512720293803748e-15 8.449154219979108273e-15 -7.014606704607365397e-15 -9.269771247867605459e-17 7.177304770063575111e-16
1.027962700900963755e+00 4.037181570363077121e+00 -4.577657269365466575e-01 -1.214770474762208174e-01 -4.064230482959726443e-01 -3.176805382343063089e-01
2.051439813095753628e+00 8.003051265702426420e+00 -9.133716399259371732e-01 -2.451282578175431326e-01 -8.100222044228645446e-01 -6.321574087305630307e-01
3.066030898583241626e+00 1.183077045248209735e+01 -1.364619207877725726e+00 -3.730960334047035420e-01 -1.207993699041291613e+00 -9.402736561525107950e-01
4.067502249606853582e+00 1.546175612322695159e+01 -1.809232008290449167e+00 -5.074591616576233921e-01 -1.597573966251065736e+00 -1.238965653864290806e+00
5.051861583673658451e+00 1.884826648746445343e+01 -2.244815659845727840e+00 -6.502008206520126787e-01 -1.976059631962527208e+00 -1.525309482736447952e+00
6.015423026306588206e+00 2.195457907727801228e+01 -2.668816471175096350e+00 -8.031764939352721289e-01 -2.340827350455443323e+00 -1.796566835899851444e+00
6.954860213494773902e+00 2.475684843510017785e+01 -3.078478491268495265e+00 -9.680819829247379049e-01 -2.689353412070440985e+00 -2.050230077306909759e+00
7.867246108893456658e+00 2.724194283049768828e+01 -3.470798764922884416e+00 -1.146421883795398999e+00 -3.019233024560164846e+00 -2.284065906928562040e+00
8.750078921712161062e+00 2.940565023917735488e+01 -3.842480772882434170e+00 -1.339479105176996532e+00 -3.328199147170245897e+00 -2.496156880656989596e+00
9.601294259079679705e+00 3.125062714746269066e+01 -4.189886294811405953e+00 -1.548286230502543770e+00 -3.614140731759528435e+00 -2.684939811127042830e+00
1.041926429406299803e+01 3.278438125887832655e+01 -4.508986307489522893e+00 -1.773599756403731575e+00 -3.875120201029516487e+00 -2.849239854826689289e+00
1.120278523871765053e+01 3.401747492044098209e+01 -4.795312066256249395e+00 -2.015878442471596088e+00 -4.109389972205362618e+00 -2.988298894810351936e+00
1.195105476199506001e+01 3.496204138421250462e+01 -5.043908274896502952e+00 -2.275267159389138261e+00 -4.315407817434781634e+00 -3.101796685742143289e+00
1.266364118524746196e+01 3.563063598132352894e+01 -5.249291303776844941e+00 -2.551587690303725342e+00 -4.491850841819702289e+00 -3.189863170605438558e+00
1.334044633864565021e+01 3.603540142845936600e+01 -5.405416858080026365e+00 -2.844337893224502256e+00 -4.637627858273372539e+00 -3.253080437445681650e+00
1.398166389518002717e+01 3.618750640689163589e+01 -5.505663423453039940e+00 -3.152700444386452805e+00 -4.751889946742207549e+00 -3.292472985928684981e+00
1.458773484517846697e+01 3.609681256613612277e+01 -5.542840307461458949e+00 -3.475562039134197700e+00 -4.834039004600763967e+00 -3.309485332161198556e+00
1.515930156402124673e+01 3.577173093193106013e+01 -5.509232180437106052e+00 -3.811543429793457616e+00 -4.883734125180733798e+00 -3.305946494371040156e+00
1.569716168675953227e+01 3.521923949999410297e+01 -5.396695602759399968e+00 -4.159040051843088115e+00 -4.900895681403279802e+00 -3.284021549036210352e+00
1.620222275856760419e+01 3.444504616346956993e+01 -5.196826774101227286e+00 -4.516272275143808024e+00 -4.885707039180606337e+00 -3.246151182135065483e+00
1.667545839648893491e+01 3.345389259096794632e+01 -4.901222922477164623e+00 -4.881343579964292800e+00 -4.838613877372303307e+00 -3.194980919205876901e+00
1.711786648708605085e+01 3.225000311369615247e+01 -4.501861044431290537e+00 -5.252304274167131304e+00 -4.760321143388242859e+00 -3.133282424398395882e+00
1.753042976243889228e+01 3.083768576710513543e+01 -3.991615032762233284e+00 -5.627217815701862413e+00 -4.651787721088856742e+00 -3.063869834639234568e+00
1.791407894533277911e+01 2.922208758069145773e+01 -3.364922750253590777e+00 -6.004226449967094759e+00 -4.514218925274952277e+00 -2.989514473240029169e+00
1.826965853206982260e+01 2.741009002454940813e+01 -2.618595149786275389e+00 -6.381612758508680372e+00 -4.349056959882041440e+00 -2.912861423034615260e+00
1.859789518469269254e+01 2.541130103655477157e+01 -1.752727716283140946e+00 -6.757853857146967513e+00 -4.157969481040648674e+00 -2.836351318153241152e+00
1.889936862886465718e+01 2.323905794244085854e+01 -7.716307766296884862e-01 -7.131665358191513704e+00 -3.942836389033823163e+00 -2.762150354442516775e+00
1.917448489407718526e+01 2.091130704338047508e+01 3.153543900325110338e-01 -7.502032773838211988e+00 -3.705734934669484115e+00 -2.692090969097436393e+00
1.942345168428026270e+01 1.845118452768492645e+01 1.493328508951819567e+00 -7.868228716858710392e+00 -3.448923168123060545e+00 -2.627624968289186569e+00
1.964625562497975864e+01 1.588711035589038012e+01 2.741784611485652334e+00 -8.229814972822616426e+00 -3.174821687266319525e+00 -2.569790163651971771e+00
1.984264109366618456e+01 1.325224322721219394e+01 4.035187717159749887e+00 -8.586629202179192788e+00 -2.885993566149557044e+00 -2.519190886526367024e+00
2.001209030151672508e+01 1.058324100179045502e+01 5.344239763540690191e+00 -8.938756621935082691e+00 -2.585122273478202892e+00 -2.475992140715937317e+00
2.015380425415469290e+01 7.918414066542164953e+00 6.637742574424646769e+00 -9.286487477703762039e+00 -2.274987338247538737e+00 -2.439926667620128331e+00
2.026668417767623254e+01 5.295509262555786911e+00 7.884821543753996131e+00 -9.630261432889410500e+00 -1.958437498464099535e+00 -2.410313847116004826e+00
2.034931295443572097e+01 2.749465077565325988e+00 9.057169657286046061e+00 -9.970600179197880664e+00 -1.638361091536918668e+00 -2.386089138450989466e+00
2.039993607418839616e+01 3.104923698392352827e-01 1.013095797799610587e+01 -1.030802963486926593e+01 -1.317653521313289611e+00 -2.365842657276601368e+00
2.041644157522604530e+01 -1.997248256786221754e+00 1.108814198519414340e+01 -1.064299307853710808e+01 -9.991817722783082889e-01 -2.347865458105927061e+00
2.039633843486256026e+01 -4.156248369897274308e+00 1.191704039298545226e+01 -1.097575650784498080e+01 -6.857461355101170941e-01 -2.330202113002081798e+00
2.033673288036110449e+01 -6.155565167937976589e+00 1.261221960421900157e+01 -1.130630745490679168e+01 -3.800395559327888750e-01 -2.310708216104467638e+00
2.023430214600914567e+01 -7.990195590643391910e+00 1.317383407424773090e+01 -1.163424847652655814e+01 -8.460529183308106160e-02 -2.287111473665493833e+00
2.008526532082591842e+01 -9.660114302706610090e+00 1.360662724893380116e+01 -1.195868660555056628e+01 1.982061228014107279e-01 -2.257075039944116401e+00
1.988535113994434056e+01 -1.116917437701108895e+01 1.391879361700357975e+01 -1.227812024060904506e+01 4.662793175703611182e-01 -2.218261708835358448e+00
1.962976288956750537e+01 -1.252402746338601780e+01 1.412086063899502975e+01 -1.259032530788234183e+01 7.177742943148521793e-01 -2.168397416077507245e+00
1.931314096532885216e+01 -1.373316424868731112e+01 1.422469367548542962e+01 -1.289224310139874063e+01 9.511621878004280495e-01 -2.105332013673065994e+00
1.892952348147922947e+01 -1.480612314586753087e+01 1.424267521041031337e+01 -1.317987306195595743e+01 1.165252193118464286e+00 -2.027093107666062544e+00
1.847229951555752336e+01 -1.575286905499982026e+01 1.418707055877271728e+01 -1.344817497113093197e+01 1.359190494931526327e+00 -1.931913882698332197e+00
1.793404757810668571e+01 -1.658321586732186148e+01 1.406956764296625551e+01 -1.369098671701013537e+01 1.532194555484612808e+00 -1.817998206077862777e+00
2.894464741762983246e-09 -2.893526810016197532e-09 2.891589438810883816e+00 -2.891589438803151335e+00 -3.389091981803593354e-09 3.383711622027807083e-09
2.894464741762983246e-09 -2.893526810016197532e-09 2.891589438810883816e+00 -2.891589438803151335e+00 -3.389091981803593354e-09 3.383711622027807083e-09
2.727970669401273776e-09 -2.727227812631315570e-09 1.254891333765060752e-06 -1.254883541203457478e-06 -2.978386972112602364e-09 2.972998895457395424e-09
2.542022617374352509e-09 -2.541506804402125413e-09 2.168982834996452624e-07 -2.168904561288999304e-07 -2.591397626192662956e-09 2.586019244398403097e-09
2.384635109685711569e-09 -2.384291485340924290e-09 5.128537813454935101e-08 -5.127749669900778794e-08 -2.220400635997129357e-09 2.215000777592483861e-09
2.303833463062633324e-09 -2.303630186921244983e-09 2.782927801890596715e-09 -2.775030163351206829e-09 -1.868452363888866671e-09 1.863041485068957610e-09
2.075922815461582737e-09 -2.075931416831159585e-09 -2.170421899341591760e-08 2.171213326480425963e-08 -1.528733020229213572e-09 1.523303971666213696e-09
1.919566906368375921e-09 -1.919719464990695934e-09 -3.168485761217868250e-08 3.169279104905249939e-08 -1.204380281769734658e-09 1.198913586620212618e-09
1.805689680302298550e-09 -1.805940878746994730e-09 -3.696597935371553730e-08 3.697390759461906545e-08 -8.890608705874332483e-10 8.835618710044154880e-10
1.623342958966917644e-09 -1.623779473556913307e-09 -4.291392263338194049e-08 4.292183738517161946e-08 -5.863967406247334480e-10 5.808709682108068462e-10
1.520609869685417655e-09 -1.521106760453610932e-09 -4.334281054561438573e-08 4.335073009138344868e-08 -2.917549606118858372e-10 2.861712928436200534e-10
1.369110907762812858e-09 -1.369691590375010709e-09 -4.556643606233353761e-08 4.557434342133021721e-08 -5.267383911287311171e-12 -3.721929392604480795e-13
1.207550450842238785e-09 -1.208258528351874258e-09 -4.835870956107256590e-08 4.836659080250559709e-08 2.733104704809398016e-10 -2.789906917078430611e-10
1.079182072944709326e-09 -1.079955034763867202e-09 -5.028426296222245954e-08 5.029212917060654666e-08 5.445302119817998280e-10 -5.502757953337185423e-10
9.274904870372006361e-10 -9.283433576246964813e-10 -5.278735245025615350e-08 5.279519256457792500e-08 8.079726827219790455e-10 -8.137760726287462011e-10
8.097126774043783081e-10 -8.106322936461820387e-10 -5.512898952292866422e-08 5.513679971519874562e-08 1.063327957060720088e-09 -1.069190542862782798e-09
6.596899359016220532e-10 -6.607060579215798897e-10 -5.897159634146104742e-08 5.897935445918248524e-08 1.309486744384118405e-09 -1.315396197578384973e-09
5.533378632780617127e-10 -5.543487658627902549e-10 -6.067539627064591237e-08 6.068314514942125541e-08 1.544984152425892697e-09 -1.550955725566125172e-09
4.689045713960937170e-10 -4.699447895945431221e-10 -6.370001502055339620e-08 6.370773248054612767e-08 1.771381972389677046e-09 -1.777423215441419351e-09
3.473968678198588667e-10 -3.484572905994247841e-10 -6.790374430008960681e-08 6.791140436470151158e-08 1.978269033338860006e-09 -1.984341843884623917e-09
2.636259811878387310e-10 -2.647200543180570300e-10 -7.251722515541569201e-08 7.252480804471088650e-08 2.167191287166766192e-09 -2.173292876200323167e-09
1.855953578891692813e-10 -1.867245678653963655e-10 -7.889300198284443067e-08 7.890047100637686076e-08 2.334945587737134201e-09 -2.341031191160234813e-09
1.196617769342670992e-10 -1.207117181094491901e-10 -8.369059749559004259e-08 8.369797025213180729e-08 2.471389670978541493e-09 -2.477482080362680412e-09
7.400065429016852805e-11 -7.506465027465432958e-11 -9.043053650222209538e-08 9.043776549821126686e-08 2.577023274278782536e-09 -2.583045143171273932e-09
9.781958145489352005e-12 -1.077552222015511246e-11 -9.990750817592477169e-08 9.991452202688673637e-08 2.637761626646607544e-09 -2.643684001204239467e-09
-1.976857255532034321e-11 1.880505748184404554e-11 -1.103225860077760487e-07 1.103293390107792821e-07 2.651957629029432592e-09 -2.657709564452069713e-09
-5.293999383035899852e-11 5.206265982651739712e-11 -1.238789383526353079e-07 1.238853390337510993e-07 2.611186486031006097e-09 -2.616703625372305503e-09
-6.692357383220170335e-11 6.612679831668106513e-11 -1.415766776655386590e-07 1.415826518174361959e-07 2.506007242160540155e-09 -2.511193839687496163e-09
-8.215395363309138927e-11 8.143846402962463091e-11 -1.659272256083090424e-07 1.659326599004920964e-07 2.333035899905253881e-09 -2.337789374620977423e-09
-7.707704884850784490e-11 7.645209819039529038e-11 -1.993627228592293289e-07 1.993674955947169565e-07 2.093298815668086064e-09 -2.097505405584053444e-09
-7.314624164886773926e-11 7.265785348489896755e-11 -2.481733929006005292e-07 2.481774098557459127e-07 1.777442527844398049e-09 -1.780993939576910603e-09
-5.990245136235310502e-11 5.950005910350351046e-11 -3.324864245905671266e-07 3.324895462093723855e-07 1.399916221164858667e-09 -1.402691734886955861e-09
-3.991251006990191461e-11 3.965073813172945564e-11 -5.063161554274607607e-07 5.063182988358527645e-07 9.678231434243422425e-10 -9.697392476702947863e-10
-2.380401347360162417e-11 2.368280792046633025e-11 -9.682341002454139579e-07 9.682351997893874796e-07 4.954741846986247845e-10 -4.964563014128183023e-10
-1.096797888856937175e-15 2.900004175461762321e-15 1.244046097513325407e-02 -1.244046097512905950e-02 -6.653189760498878976e-16 -2.822991763404401022e-17
