0.000000000000000000e+00 0.000000000000000000e+00 0.000000000000000000e+00 0.000000000000000000e+00 0.000000000000000000e+00 0.000000000000000000e+00
1.429684942267624326e+00 1.408217116794354240e+00 1.082750266729425759e+00 -2.279049543911762510e-01 1.216616815318890127e-01 -4.961266532290033171e-02
1.136488221855336267e+00 1.688460631306225590e+00 1.151226777005170954e+00 -4.625904770690041357e-01 2.327810804444370718e-01 -8.749497757786758867e-02
8.941430229248131800e-01 1.977457929654513835e+00 1.251754626973893281e+00 -6.674306370389082588e-01 2.824231454929400087e-01 -1.036274011273908141e-01
7.527759129507524127e-01 2.176166221832262604e+00 1.366255257411433499e+00 -8.338599119935066195e-01 2.533536820205235518e-01 -9.118572390808443728e-02
9.432097301802365719e-01 2.033996731910316491e+00 1.473585883128434748e+00 -9.531794724681444952e-01 1.357488942909380047e-01 -4.760108194225116246e-02
1.198858800267787128e+00 1.799546312843622653e+00 1.552740787788861709e+00 -1.018599212115750552e+00 -6.982606181102429810e-02 2.494949109894928005e-02
1.358526976765520367e+00 1.617216525123627235e+00 1.585888173410272772e+00 -1.025839294400245238e+00 -3.519673286281432834e-01 1.196947369294157765e-01
1.428696085531531157e+00 1.466510740040753991e+00 1.560823765963782694e+00 -9.733566357826316517e-01 -6.894347080845133480e-01 2.260530679508577501e-01
1.422692996825086986e+00 1.324664270591547233e+00 1.472574068807241510e+00 -8.623669390299139037e-01 -1.053297543858881857e+00 3.309557354842867505e-01
1.348257741602201243e+00 1.180563408536728476e+00 1.324034631930290029e+00 -6.967127836753975734e-01 -1.409929686371025781e+00 4.205440327101412912e-01
1.212457792721981509e+00 1.030717569524730370e+00 1.125652806592248645e+00 -4.826096204816696655e-01 -1.724502867855300048e+00 4.820235345495553769e-01
1.024614109062880640e+00 8.764460887263416655e-01 8.942525476255600569e-01 -2.282988464647432436e-01 -1.964592271475577467e+00 5.054344408082347417e-01
7.972805827796883849e-01 7.221876192691732976e-01 6.511575160521096972e-01 5.636434245648525021e-02 -2.103509467782120002e+00 4.851044481301536870e-01
5.460393415503829173e-01 5.742445234206978721e-01 4.198096675873707051e-01 3.603636738848089993e-01 -2.123017139235540807e+00 4.205882985121254247e-01
2.885859613750695885e-01 4.396690445183091822e-01 2.231133605180581070e-01 6.719949116188812521e-01 -2.015152676633101603e+00 3.169611369590031313e-01
4.342125696212289360e-02 3.252239375205422389e-01 8.076363526031204998e-02 9.793440684333518664e-01 -1.782986567942552503e+00 1.844127495592893518e-01
-1.717265907904704514e-01 2.365673688917974971e-01 6.838538568703011675e-03 1.270762541372608245e+00 -1.440260149878823448e+00 3.717652117451764743e-02
1.766106638547431107e-01 -3.404405942335089197e-01 7.939856982238270230e-03 -1.009933933160164221e+00 1.535298604364654818e+00 -1.080899346867294220e-01
1.471552414787578866e-01 -4.510090569010961059e-01 8.214170276964960493e-02 -5.219354584160342814e-01 1.763187864284663453e+00 -2.342856860241454287e-01
1.461828257963969646e-01 -4.949022081079439972e-01 2.189407358562992234e-01 -1.016500811992783991e-02 1.946177644474458068e+00 -3.259735052817014367e-01
1.695292225939926123e-01 -4.689866418034714379e-01 4.002913539934522813e-01 4.906636283352134309e-01 2.077912521924070610e+00 -3.713558274978900342e-01
2.109556580989072061e-01 -3.754873523823596959e-01 6.026623996758649904e-01 9.481556875147514329e-01 2.154196921455336255e+00 -3.638707265129845214e-01
2.628785757066179896e-01 -2.220164372370421468e-01 7.998915986452852511e-01 1.334942086213443568e+00 2.173178897694648004e+00 -3.031974862301263229e-01
3.172212127056606157e-01 -2.123852033603410711e-02 9.664732931259431004e-01 1.630703441814947530e+00 2.135422883718488318e+00 -1.955270600224604804e-01
3.662778571174537534e-01 2.097980327103528553e-01 1.080828254908134056e+00 1.823340968112580507e+00 2.043855763557700822e+00 -5.303919555516550116e-02
4.034667281265620353e-01 4.506367793239418051e-01 1.128094821611735021e+00 1.909240376790503291e+00 1.903578499469925633e+00 1.073744584934116925e-01
4.238573644133376561e-01 6.786625671979923391e-01 1.102052088560579568e+00 1.892690379898004815e+00 1.721547237444229106e+00 2.660055003867230483e-01
4.243787108788198981e-01 8.705899586371462773e-01 1.005921318451945101e+00 1.784614336988000538e+00 1.506141568243278828e+00 4.026240939024667842e-01
4.036430140112959863e-01 1.004156884647439574e+00 8.519598376775416870e-01 1.600838756242229710e+00 1.266651238341125030e+00 4.989000276392690503e-01
3.613627511326602537e-01 1.059983395740531575e+00 6.599282227680614010e-01 1.360149239555077827e+00 1.012723566325018476e+00 5.406532408227395781e-01
2.974049271295823860e-01 1.023524700627881812e+00 4.546495752255928502e-01 1.082373926182569557e+00 7.538198027794205114e-01 5.196537750947967105e-01
2.106340589943137553e-01 8.869722544969584899e-01 2.629747444962989844e-01 7.866935993546334549e-01 4.987281093970789558e-01 4.347433914437915381e-01
9.784464450283544834e-02 6.508290906256308794e-01 1.105171023180402667e-01 4.903172525876008936e-01 2.551733718342226176e-01 2.921322526185163859e-01
-4.676246662353463618e-02 3.247409909329290745e-01 1.853000667167432891e-02 2.075940229965879957e-01 2.955077137878137084e-02 1.048232403087796111e-01
-7.289377675262287415e-02 -2.310514477041499815e-01 1.276574747603237067e-03 -1.732067124851755791e-01 -5.043231113710094915e-02 -1.087790088634383173e-01
-5.168438948770592845e-01 -4.630493381977408007e-01 6.419013094413218712e-02 -3.496337652247668570e-01 -2.760736057397523702e-01 -3.269199531237146350e-01
-9.783419529972252615e-01 -7.478349613501183990e-01 2.030470982159843507e-01 -4.976323148876332647e-01 -4.647372822014464999e-01 -5.269743287181642977e-01
-1.429023393865517466e+00 -1.083997317243935443e+00 4.042732392010748299e-01 -6.162955537417226237e-01 -6.144604623259477538e-01 -6.880665522354771912e-01
-1.844425189907868745e+00 -1.460815149317621797e+00 6.463820875783075071e-01 -7.056900113051342016e-01 -7.253451382896967115e-01 -7.935257726155234836e-01
-2.206122224725532988e+00 -1.857165074533529303e+00 9.024095185115627027e-01 -7.666272959757929328e-01 -7.989885023779970119e-01 -8.328830890609282278e-01
-2.502148993330052473e+00 -2.242594261123945110e+00 1.143076013751965769e+00 -8.004514352589541248e-01 -8.379788487242972872e-01 -8.031663343745590877e-01
-2.725955800997564182e+00 -2.580366714359791480e+00 1.340299170639865478e+00 -8.088601640829140571e-01 -8.454979265456443738e-01 -7.093254372198486424e-01
-2.874476578548622374e+00 -2.831911764290357958e+00 1.470615273621913133e+00 -7.937705148086448004e-01 -8.250409954925700395e-01 -5.637212359360017633e-01
-2.945914468644378115e+00 -2.961994894167486514e+00 1.518066739470189885e+00 -7.572316249189819937e-01 -7.802413731051190959e-01 -3.847220241579374367e-01
-2.937746471175810559e+00 -2.943935592768703202e+00 1.476177113492026738e+00 -7.013813747091934836e-01 -7.147707286334419319e-01 -1.945619405157922865e-01
-2.845371071923640471e+00 -2.764166383746045508e+00 1.348758167722638346e+00 -6.284386564258445107e-01 -6.322812879141325171e-01 -1.670950710124274527e-02
-2.661820700216225077e+00 -2.425334905667911212e+00 1.149453407191392884e+00 -5.407199951936098037e-01 -5.363605982078050172e-01 1.269397833306535328e-01
-2.378953716104487359e+00 -1.947104033328670658e+00 9.000911503213103737e-01 -4.406679921058553884e-01 -4.304807151391010778e-01 2.187055965916358813e-01
-1.990356142618785684e+00 -1.364002707942573833e+00 6.280710895345811284e-01 -3.308795531472121243e-01 -3.179376241817475357e-01 2.472738879331897455e-01
-1.495660579829019454e+00 -7.203015671372210438e-01 3.631202617636845043e-01 -2.141238054502931365e-01 -2.017892429430547807e-01 2.090883327591792629e-01
-9.051792752101400774e-01 -6.288208908725172186e-02 1.338167766563186922e-01 -9.334250705113956992e-02 -8.480807215025470969e-02 1.088047390842563356e-01
5.658937440071567515e-01 -2.429556114518831023e-01 -3.570898867281664668e-02 -4.125464446941717878e-02 3.053427603029795767e-02 2.837096211402944518e-02
1.133792161043302826e+00 4.529152588886949937e-01 -1.285203543594037601e-01 -2.225879782896744152e-01 1.420400029667423791e-01 1.478143979287698806e-01
1.620088370676879830e+00 1.134813082384879435e+00 -1.367633171582540164e-01 -4.127664442784463872e-01 2.477134912912017650e-01 2.617405216216815989e-01
2.015028897607543001e+00 1.751942674031784719e+00 -6.249295650672764130e-02 -5.881834581445657406e-01 3.456595732506492769e-01 3.669365345459406069e-01
2.316737755037376445e+00 2.258428400740852826e+00 8.265157467515767131e-02 -7.269678566161701383e-01 4.339733501629784995e-01 4.603166534971874779e-01
2.528019202886355732e+00 2.620099543932899788e+00 2.788863774515571436e-01 -8.117060420709184543e-01 5.106522227183621920e-01 5.390223751470691882e-01
2.653777565331219890e+00 2.818850112715070022e+00 5.006741864113074536e-01 -8.316379933552058290e-01 5.735590156222246661e-01 6.005264684481582682e-01
2.699437209879265165e+00 2.854042289814268329e+00 7.197929949251471449e-01 -7.840531157322092604e-01 6.204577042393322195e-01 6.427365034573456759e-01
2.670262326242974549e+00 2.741153538379386134e+00 9.087207697832192510e-01 -6.747071423314745520e-01 6.491300650725279064e-01 6.640934186553312246e-01
2.571286589390514798e+00 2.508270734565599014e+00 1.043928410693986786e+00 -5.171995550864042501e-01 6.575657406373387470e-01 6.636598765414044587e-01
2.407558256430988308e+00 2.191201700990635715e+00 1.108676366814137282e+00 -3.313779151215299201e-01 6.442030422659679179e-01 6.411922649845221978e-01
2.184480778067265483e+00 1.828005074122583951e+00 1.094967244245964588e+00 -1.409553412306073505e-01 6.081863214925647965e-01 5.971896568196508603e-01
1.908114822583275139e+00 1.453700137820185478e+00 1.004412213761258110e+00 2.937483759493392591e-02 5.495999932065986915e-01 5.329133363118417899e-01
1.585376235713730209e+00 1.095835331612946995e+00 8.479090464594258858e-01 1.569796379398422925e-01 4.696401402993047314e-01 4.503719203310729835e-01
1.224110294709096713e+00 7.714679431319132474e-01 6.441836572647759995e-01 2.241128292259319532e-01 3.706917357667721125e-01 3.522695726539273320e-01
8.330492577427248690e-01 4.859295756972172309e-01 4.173922695911897462e-01 2.201803034790917324e-01 2.562916181828429063e-01 2.419179109339460731e-01
4.216733418342443196e-01 2.335199438672910799e-01 1.940970992188064959e-01 1.431612941567450281e-01 1.309725724969613980e-01 1.231153248954075102e-01
4.393033270559240571e-15 1.018412648934198462e-15 -8.136905907035330110e-14 8.141316800811734195e-14 2.129501165827763313e-16 5.570758020198822318e-16
4.393033270559240571e-15 1.018412648934198462e-15 -8.136905907035330110e-14 8.141316800811734195e-14 2.129501165827763313e-16 5.570758020198822318e-16
-3.003747234578197367e-01 3.423796765605703563e+00 -2.596673857458008161e+00 -2.107160752629215317e+00 -1.864570289408757908e-01 8.587848946905948244e-01
-5.291967207488806890e-01 6.919831785155797554e+00 -5.141815230938250103e+00 -4.164546837462708595e+00 -3.440037078477848342e-01 1.710208376883727954e+00
-6.246340198080821970e-01 1.053132320016056589e+01 -7.584718134419359714e+00 -6.125958909107080963e+00 -4.478296760423312595e-01 2.546485193673298841e+00
-5.433158432974771745e-01 1.425010813637069340e+01 -9.876428425967397118e+00 -7.951911147503780697e+00 -4.807268082772351847e-01 3.358875613176075969e+00
-2.670766156672218505e-01 1.800625594096659299e+01 -1.197086218309420502e+01 -9.612057591874100027e+00 -4.354790263124502792e-01 4.137119258316403148e+00
1.933084980931120689e-01 2.167232096087699134e+01 -1.382616495484137609e+01 -1.108683952454216914e+01 -3.157825573264250174e-01 4.869098553656939998e+00
7.982466362200270060e-01 2.508133890985762804e+01 -1.540625896111352411e+01 -1.236840469936516307e+01 -1.355535097940504530e-01 5.541040784674287956e+00
1.483741569320856657e+00 2.805416102734062633e+01 -1.668240998903949190e+01 -1.346082981334362749e+01 8.327824648260764850e-02 6.138426876755156414e+00
2.169853755807312545e+00 3.042950404001942388e+01 -1.763457281145425526e+01 -1.437958173883435720e+01 3.141563022473650157e-01 6.647537350903578002e+00
2.772150382300113236e+00 3.208998446656453751e+01 -1.825227431649150489e+01 -1.515008566105734822e+01 5.299478163926967245e-01 7.057348213808408488e+00
3.214382925644485578e+00 3.297925019423973225e+01 -1.853486208437962546e+01 -1.580530264478288949e+01 7.070345135485102128e-01 7.361365944091424751e+00
3.440268172560074778e+00 3.310812742934454889e+01 -1.849105468588066969e+01 -1.638236431057783093e+01 8.288201651198501274e-01 7.558980977607356877e+00
3.422361126868038728e+00 3.255029420924816463e+01 -1.813784356335536785e+01 -1.691852338051173277e+01 8.881288253375416719e-01 7.656008731914114129e+00
3.166550683648630127e+00 3.142964877651060718e+01 -1.749888809463862671e+01 -1.744688346492372943e+01 8.881479507119466321e-01 7.664247348410055061e+00
2.711500659160959614e+00 2.990217817706931669e+01 -1.660261221398921094e+01 -1.799249087530774460e+01 8.417978040739165779e-01 7.600077104651085769e+00
2.123183810199227750e+00 2.813509554961999015e+01 -1.548030149657628662e+01 -1.856931565807345308e+01 7.696445108662300916e-01 7.482319316352898042e+00
1.485358172640531160e+00 2.628574563883598358e+01 -1.416486263352587294e+01 -1.917817340973385498e+01 6.966835862174510785e-01 7.329723684845244058e+00
8.873512698897682016e-01 2.448257014278804888e+01 -1.269351405565392987e+01 -1.980280636301103314e+01 6.484772943411171164e-01 7.158530309064280672e+00
4.108540371823622972e-01 2.281032763194350110e+01 -1.116176319948944062e+01 -2.035695791402127242e+01 6.472166274618377235e-01 6.980538699335220976e+00
1.175994858198772808e-01 2.130161547383465503e+01 -1.965495900196644286e+01 -1.075600996145709232e+01 7.082895963919161320e-01 6.802014213198441794e+00
3.979252583368347168e-02 1.993628671501349103e+01 -2.167579881041939771e+01 -7.494329602562131321e+00 8.378713491926068624e-01 6.623596031205864598e+00
1.749035661506519179e-01 1.864939874264565489e+01 -2.224112459807146891e+01 -5.554220057442116776e+00 1.031913918567567645e+00 6.441178539172322637e+00
4.858700164964675494e-01 1.734688282577133478e+01 -2.270757638883927143e+01 -3.585916979657579606e+00 1.276716782564995434e+00 6.247562690318725132e+00
9.068649742370077371e-01 1.592646080055062541e+01 -2.309190542216493824e+01 -1.591725288400696936e+00 1.551025430077363154e+00 6.034551088583580025e+00
-1.241606406224019080e-11 -1.924174913683022441e-12 -2.484793220699403057e-10 2.682247302484629894e-10 3.687152026032417182e-12 -1.946733153450419061e-11
-7.892814512552810413e-01 -4.055830415161083002e-01 2.859832039585951668e-01 -1.485563927633301307e-01 -1.187455494571553888e-01 7.313542292212603380e-02
-1.527753551696451328e+00 -6.872863632933046141e-01 5.170848775444748524e-01 -2.685661218262728189e-01 -2.239646664238286733e-01 1.573434277271171244e-01
-2.143571802543291493e+00 -8.264449826440227742e-01 6.854196136339109069e-01 -3.419488558382134391e-01 -3.019183504020411801e-01 2.484226317978998344e-01
-2.581003424621421072e+00 -8.279526988045536884e-01 7.883952512104088761e-01 -3.564347353374701100e-01 -3.431264762808203250e-01 3.395508098636841887e-01
-2.806471715938633427e+00 -7.170494375118386943e-01 8.280269244701320419e-01 -3.091678271676668310e-01 -3.439330088854617440e-01 4.217093127793670737e-01
-2.811010968751490147e+00 -5.328976437824856083e-01 8.099931195230316572e-01 -2.088720495630257412e-01 -3.071532525665254809e-01 4.845540762377325006e-01
-2.609274532187904061e+00 -3.206062986742427290e-01 7.426193231705956466e-01 -7.583185757183596998e-02 -2.416847538101216386e-01 5.176365688228448114e-01
-2.235784959456935450e+00 -1.233801712093144098e-01 6.358907321543307845e-01 6.064556642207202808e-02 -1.611295319662855718e-01 5.118165974765460646e-01
-1.739367990084679017e+00 2.393465745741951006e-02 5.005489135495684305e-01 1.669854537290531016e-01 -8.163556195912613500e-02 4.606666853988973798e-01
-1.176709305140302808e+00 9.920587329727076353e-02 3.473035601757444857e-01 2.114177464491186209e-01 -1.929431006473078872e-02 3.616565091394881581e-01
-6.058215462332219303e-01 9.504439588596977351e-02 1.861822942847288220e-01 1.701287361762312267e-01 1.249220099121745205e-02 2.169318099036191827e-01
-8.002034760018392201e-02 1.856375553561592437e-02 2.604414073585973113e-02 3.226413433432326339e-02 5.250638651953817501e-03 3.356163905630010769e-02
3.571463035360637472e-01 -1.109285547777742187e-01 -1.257102836648199551e-01 -1.971545912799598788e-01 -4.308275355796005457e-02 -1.767921954841152887e-01
6.756729341862446336e-01 -2.659639095168620515e-01 -2.631975996900183246e-01 -4.969131720095347204e-01 -1.276825059721792555e-01 -3.987464914134473126e-01
8.613061656299421109e-01 -4.161079113822294118e-01 -3.818639758433704512e-01 -8.319635426417208990e-01 -2.374345525215833808e-01 -6.145015580847192904e-01
9.160046398405605750e-01 -5.334981004976592223e-01 -4.780820485215722671e-01 -1.158149392726085747e+00 -3.565198139573077518e-01 -8.054254013795010270e-01
8.565960543773047942e-01 -5.977362944551234403e-01 -5.486311937985632881e-01 -1.428657982225095102e+00 -4.667267975764761712e-01 -9.537428799539010571e-01
7.117639528145350836e-01 -5.992114319160397606e-01 -5.902244849140172445e-01 -1.601279764127990779e+00 -5.501300071543575587e-01 -1.044160304051512833e+00
5.177145808210464883e-01 -5.402701508449763157e-01 -5.992751984929843845e-01 -1.645359396314001188e+00 -5.917257853449624516e-01 -1.065279521260233953e+00
3.130746603127143035e-01 -4.341751904728292089e-01 -5.720656540491582120e-01 -1.547267074610433113e+00 -5.816391603949322420e-01 -1.010690170713882896e+00
1.336979885461202222e-01 -3.022982934836707658e-01 -5.053876911010647399e-01 -1.313372460260651353e+00 -5.165944826932440392e-01 -8.796669884331619338e-01
8.073418221696489899e-03 -1.702949382649107668e-01 -3.975878152461556070e-01 -9.698812429503990140e-01 -4.004603047574078478e-01 -6.774348719254068563e-01
-4.607423630754201027e-02 -6.402615185008340981e-02 -2.498091369231879022e-01 -5.594355818803933289e-01 -2.438127805463699838e-01 -4.149941323872149979e-01
-2.358357435068832511e-02 -5.795033320730225146e-03 -6.711957843468681351e-02 -1.349604231674032540e-01 -6.259134947063753340e-02 -1.085206593572584782e-01
6.812948128985900353e-02 -1.120778558273420600e-02 1.408141515957167522e-01 2.482791226345168467e-01 1.239692398690327713e-01 2.216283009916358016e-01
2.108086867113777851e-01 -8.679658434021002289e-02 3.597888891459119498e-01 5.411562328585256543e-01 2.958632861620855148e-01 5.522590686009228866e-01
3.786034628085979681e-01 -2.285134252179118197e-01 5.720072962456308474e-01 7.083828170172504768e-01 4.349737620022768869e-01 8.589786498218663358e-01
5.423827831836984803e-01 -4.212752912314660092e-01 7.578569353332659242e-01 7.342586396924105641e-01 5.275221190211443201e-01 1.118044116740696037e+00
6.744891687619909426e-01 -6.398040033727508957e-01 8.982942149160312306e-01 6.255830929126381390e-01 5.659713624110896957e-01 1.308313706107103735e+00
7.531672377592969481e-01 -8.509565395267417731e-01 9.774574555708190893e-01 4.112250961067909771e-01 5.500912346496393823e-01 1.413151128905386633e+00
7.658790121261263018e-01 -1.017541666696642366e+00 9.850670564724998135e-01 1.382870183891419802e-01 4.869836087701553407e-01 1.422096529481250204e+00
7.108736264478875411e-01 -1.103304039519725332e+00 9.181920038473986301e-01 -1.347265846640227083e-01 3.900000944389341306e-01 1.332091842260242576e+00
5.967226685946817044e-01 -1.078425390906172066e+00 7.820596699171158406e-01 -3.468504771282524546e-01 2.766529801683104139e-01 1.148050761100492645e+00
4.399942625285516162e-01 -9.246601786135392187e-01 5.897368857839843104e-01 -4.444180210606616388e-01 1.658016307531144651e-01 8.826100552158082646e-01
2.616813442500544040e-01 -6.391776498680807883e-01 3.606886931855180500e-01 -3.901001079757936418e-01 7.455358280603753551e-02 5.550003526173212798e-01
8.326918037036568077e-02 -2.363490502505722901e-01 1.184015000130122924e-01 -1.696961777961487339e-01 1.541254642727888334e-02 1.891286889490889911e-01
-7.667428938845104180e-02 2.529459428119689712e-01 -1.125875284850301333e-01 2.045376134337025253e-01 -5.797387320099990117e-03 -1.888526786144538727e-01
-2.047658640587895484e-01 7.845034437385797199e-01 -3.098123012305510904e-01 6.946640084802797599e-01 9.189048885802235389e-03 -5.530606543350425897e-01
-2.937223454255746824e-01 1.306072827265688963e+00 -4.556861673992720907e-01 1.241879913608305852e+00 5.161712398703445503e-02 -8.799946840081855903e-01
-3.420957785085886327e-01 1.763987721969767941e+00 -5.395957661286417961e-01 1.774648611149042265e+00 1.076351081207153060e-01 -1.149878959773924514e+00
-3.532127634717362463e-01 2.110156054707859941e+00 -5.590121458350554295e-01 2.218962420269434244e+00 1.612937540262080194e-01 -1.347145613667954045e+00
-3.337091364036867125e-01 2.308274484550061345e+00 -5.195179784046858318e-01 2.509325241467455836e+00 1.980625014233649284e-01 -1.460318518745102878e+00
-2.919482246418586557e-01 2.338177214193655207e+00 -4.338121689248484736e-01 2.598987331927641087e+00 2.081285786324901521e-01 -1.481790611460864326e+00
-2.365475546914009297e-01 2.197545879008043990e+00 -3.198823456181829616e-01 2.467968552622504586e+00 1.887226755846670712e-01 -1.407960371563335755e+00
-1.752785665158408390e-01 1.900794760487375168e+00 -1.986181666719341321e-01 2.127468263623110367e+00 1.448951871629906851e-01 -1.239910200177735344e+00
-1.146411082438315993e-01 1.475633987006458092e+00 -9.117288126854759811e-02 1.619528478666354632e+00 8.852173149130670993e-02 -9.844379771493294573e-01
-6.027426688955317413e-02 9.583343376734311247e-01 -1.637255786814695649e-02 1.011458088085757989e+00 3.573109350413877783e-02 -6.549925063017182358e-01
-1.800824755988591694e-02 3.888830481711386677e-01 1.156892986097105870e-02 3.855141516417531777e-01 3.289963873227723552e-03 -2.719947303815721806e-01
5.028866004956411909e-03 -1.929723959324711191e-01 -1.516798950139170744e-02 -1.746089238693811774e-01 3.308493627741529441e-02 1.094972599790548645e-01
-1.045263428913447650e-05 -7.502167226765251717e-01 -9.686468467518288827e-02 -5.981871745841279564e-01 5.428784783968839678e-01 4.772318455387768166e-02
-4.291154962259653705e-02 -1.249518769400506546e+00 -2.258503917994637289e-01 -8.402995241546675764e-01 9.130915890678321656e-01 1.289210043409915740e-01
-1.323759182121385936e-01 -1.661037639510734687e+00 -3.868931918190892105e-01 -8.910453827723872067e-01 1.220829588746867200e+00 2.381423590747092922e-01
-2.731320389617500344e-01 -1.957890042447087309e+00 -5.584666618098192981e-01 -7.800207089347063194e-01 1.450871981001874866e+00 3.565290542900243498e-01
-4.625211862593725520e-01 -2.116480423861295090e+00 -7.149361094115261883e-01 -5.760153191815897689e-01 1.607121068881407266e+00 4.609726552468379479e-01
-6.863110417451081524e-01 -2.119279473492538202e+00 -8.296228202742210733e-01 -3.819004625486152049e-01 1.719615484295891950e+00 5.288002773443511995e-01
-9.129925371375551268e-01 -1.961505437271068741e+00 -8.785518896272354050e-01 -3.152520887795097759e-01 1.838362642357768362e+00 5.433401895892627786e-01
-1.087624203263469980e+00 -1.660604576050921821e+00 -8.444985322156378649e-01 -4.129128213830248750e-01 1.949384763791274677e+00 4.992633728326625331e-01
-1.132753932383100848e+00 -1.260375738280526958e+00 -7.207724129692161252e-01 -4.577702978008861834e-01 1.810152864302123188e+00 4.052774658302698563e-01
-9.682343499904312312e-01 -8.170147557036568919e-01 -5.140714154371551770e-01 -3.184034066242839023e-01 1.297022272710609547e+00 2.798470991676167419e-01
-5.459613838002130848e-01 -3.701297136534752452e-01 -2.457321277255101188e-01 -1.321974092197816530e-01 5.970486320319541296e-01 1.374784967159655702e-01
1.279127673395916709e-01 7.462939402843087044e-02 4.917407775716049062e-02 2.146489070849602609e-02 -1.100214097007519570e-01 -3.248277794739978797e-02
9.980948284967231521e-01 5.372667270331085154e-01 3.251951318471444918e-01 9.920853892860816148e-02 -5.272298868792654192e-01 -3.854766071263325822e-01
1.977603486866128524e+00 1.045305266638828057e+00 5.322218634925818259e-01 6.566752704824645182e-02 -1.036689024470767023e-01 -1.348618981785034254e+00
2.962346264632194970e+00 1.622133895084167499e+00 6.230461346420553825e-01 -8.962424147036021638e-02 -6.320487191153378870e-02 -1.624277606424208154e+00
3.842491342330308868e+00 2.283332644644780363e+00 5.617582690340641172e-01 -3.408509478927260750e-01 -4.699639825050287018e-03 -1.610780717027276987e+00
4.515736684802662992e+00 3.036296045355391549e+00 3.316056313681172707e-01 -6.318958184708316494e-01 1.169346944983780251e-01 -1.417293071981293506e+00
4.904712791967612340e+00 3.879247700350001882e+00 -5.929138459630874103e-02 -8.940945112005815876e-01 2.665316406899999602e-01 -1.116074359880650180e+00
4.976785321751973079e+00 4.796870197351738696e+00 -5.759529983223784511e-01 -1.065455004040954057e+00 3.978435047667880919e-01 -7.806039947630906140e-01
4.764373774276399409e+00 5.748853239473949550e+00 -1.159523385419076291e+00 -1.104179301138235703e+00 4.698294143394736722e-01 -4.734525483494329001e-01
4.392950473697101010e+00 6.643012842274173657e+00 -1.735884786590777606e+00 -9.945761042018603781e-01 4.566060839889400369e-01 -2.359740460137212115e-01
4.161316771104536905e+00 7.267710614324519369e+00 -2.231464706567820144e+00 -7.465115043567890352e-01 3.512097900726600108e-01 -8.222506051709692343e-02
5.038526075345556521e+00 7.101985274928354741e+00 -2.629626254330577062e+00 -3.887434632303157778e-01 1.604146737919397436e-01 3.611926151656137413e-03
0.000000000000000000e+00 0.000000000000000000e+00 0.000000000000000000e+00 0.000000000000000000e+00 0.000000000000000000e+00 0.000000000000000000e+00
0.000000000000000000e+00 0.000000000000000000e+00 0.000000000000000000e+00 0.000000000000000000e+00 0.000000000000000000e+00 0.000000000000000000e+00
4.773758393114148646e+01 3.160379126430608565e+01 5.704195968419414697e+01 -1.054400430757738372e+00 -3.841536154138456283e-01 -3.199556878954795125e-01
3.986053538590260814e+01 3.680547489259146232e+01 5.756058544288173096e+01 -2.004453176882057708e+00 -7.837038497536478188e-01 -7.580417843521174426e-01
4.462669485184522244e+01 3.182882177686890657e+01 5.749445640296928417e+01 -2.721584278779098476e+00 -1.401578439502943585e+00 -1.234755372201255197e+00
4.729824842256689266e+01 2.852522983722330707e+01 5.727394218507535584e+01 -3.142434327432477303e+00 -2.166701665436367552e+00 -1.825840324450574093e+00
4.790853557315728040e+01 2.606236191206301100e+01 5.692975591784401246e+01 -3.258241071377265374e+00 -3.018865926699208391e+00 -2.493245776989207130e+00
4.652313396270777446e+01 2.412300703566354088e+01 5.643565640594557919e+01 -3.138619678331454832e+00 -3.847499010586410417e+00 -3.152134972396291257e+00
4.351929477076486563e+01 2.256916243429039426e+01 5.575570779531112464e+01 -2.969417079511099455e+00 -4.498741669236838270e+00 -3.670298029132015749e+00
3.952043770886012197e+01 2.135403098294488444e+01 5.486731792382553863e+01 -3.103484597695879810e+00 -4.798078294124480614e+00 -3.838208888612273828e+00
3.519089993300397623e+01 2.047147137893145441e+01 5.377771579883830810e+01 -3.810139652538667043e+00 -4.731415095635437496e+00 -3.464755975790713372e+00
3.106510223466211684e+01 1.991640024670474318e+01 5.253394509001063284e+01 -4.574198205625011227e+00 -4.571625633795434851e+00 -2.949474782818983787e+00
2.747885427165843808e+01 1.965790767789884441e+01 5.122341042032391556e+01 -4.897099195593020760e+00 -4.406336527533161629e+00 -2.920720725170822263e+00
2.457880186220051755e+01 1.962830657387012678e+01 4.996267580244117568e+01 -4.872470508656813415e+00 -4.219433888705847124e+00 -3.522709723661601178e+00
2.236682187814839295e+01 1.972702417523787588e+01 4.887629344580321344e+01 -4.687358263709385575e+00 -4.067447975976876684e+00 -4.674619862298837525e+00
2.075172674195471245e+01 1.983484414821649722e+01 4.807199325804619860e+01 -4.454195804445836515e+00 -4.044826683982386761e+00 -6.221329429839569158e+00
1.983351505714383478e+01 1.959579434998538972e+01 4.761956832251724592e+01 -4.377639766528792720e+00 -4.085910638043781518e+00 -7.939860919704287312e+00
1.962676461960714036e+01 1.875148183418133740e+01 4.753783286997557411e+01 -9.140203399170351517e+00 -3.305714211397209557e+00 -5.823915137960535837e+00
1.915901496322850761e+01 1.808711937790168278e+01 4.779034512302821724e+01 -1.084650702061812666e+01 -4.119877014555218153e+00 -5.064556877057809103e+00
1.842721067927208267e+01 1.750178783565501206e+01 4.828892691593460285e+01 -1.172270843724777478e+01 -4.564062168880041348e+00 -5.098826113152620465e+00
1.748103957413302822e+01 1.693026448440055276e+01 4.890423620329392662e+01 -1.196358164461628171e+01 -4.935020961038665277e+00 -5.193971912577761252e+00
1.640947710547412086e+01 1.633974567076543494e+01 4.948293610051464952e+01 -1.158271492415345350e+01 -5.208328053483947784e+00 -5.238122862234861010e+00
1.572120657433057112e+01 1.531679751514987942e+01 4.987010428742844681e+01 -1.069160981924242471e+01 -5.180552648988041575e+00 -5.349296189329812101e+00
1.507907916499890000e+01 1.429604590041198620e+01 4.993377138793672998e+01 -9.490478559353491050e+00 -5.006682090131756802e+00 -5.342552751861404658e+00
1.442255285126725006e+01 1.340904653871765362e+01 4.958713479601615148e+01 -8.232358472695354479e+00 -4.732884267829937208e+00 -5.196277789679133896e+00
1.376017014018029627e+01 1.267846953966273915e+01 4.880397189312961359e+01 -7.176896473626110939e+00 -4.398674960510860821e+00 -4.937638211778311081e+00
1.309751124366496100e+01 1.209175674628481190e+01 4.762404912757813236e+01 -6.545472049135034887e+00 -4.054348208118277341e+00 -4.604386015788302089e+00
1.243675800088341177e+01 1.161236452487355386e+01 4.614736676465651755e+01 -6.486280980306007748e+00 -3.745924039739906064e+00 -4.236784160863907189e+00
1.177700180706532329e+01 1.119266968030476583e+01 4.451836852268571931e+01 -7.052658149231377571e+00 -3.502144577182894292e+00 -3.872932136201152620e+00
1.111472076569946843e+01 1.078446960099549301e+01 4.290325331103878170e+01 -8.195650495338083985e+00 -3.329358386372803125e+00 -3.546302078607590058e+00
1.044434868235397040e+01 1.034560502280239902e+01 4.146466086095734482e+01 -9.774230164358179707e+00 -3.215651849286421449e+00 -3.280878759872954298e+00
9.843395839243875400e+00 9.759155967933756060e+00 4.033790387775558628e+01 -1.158371570819572050e+01 -3.084311954778291565e+00 -3.139004723607360603e+00
9.256590248091933759e+00 9.052777002722073973e+00 3.961181050415257232e+01 -1.339402131713190869e+01 -2.945819452692532092e+00 -3.074096436077560668e+00
8.577275751299145767e+00 8.321582171656633165e+00 3.931586533376272286e+01 -1.498772911793773766e+01 -2.841570860961982969e+00 -2.996814475170394676e+00
7.813018839041903973e+00 7.567642415984061621e+00 3.941446624676556354e+01 -1.619285254949853936e+01 -2.743478365021200904e+00 -2.887532407490041919e+00
6.988090870471593163e+00 6.801400423622451008e+00 3.980900891973210776e+01 -1.690714120752384986e+01 -2.626966673366837757e+00 -2.733743490644457541e+00
6.141887119110987392e+00 6.042695364620143117e+00 4.034870224408764017e+01 -1.711066305714910030e+01 -2.476108926856280146e+00 -2.531967927764962489e+00
5.323186785523744469e+00 5.318885718467735835e+00 4.085058167060591217e+01 -1.686477318473865949e+01 -2.286118550279079731e+00 -2.288531462614480372e+00
4.659673461111933257e+00 4.580634849563214317e+00 4.112744145261142847e+01 -1.629819055555373808e+01 -2.018781587503179153e+00 -2.063445434283134983e+00
4.089652950124731845e+00 3.951842587874179635e+00 4.101962852655690028e+01 -1.558319579142144207e+01 -1.744549827324971325e+00 -1.823700522926526624e+00
3.620974396961627040e+00 3.454615440200694110e+00 4.042418023223086010e+01 -1.490618367185582471e+01 -1.490106633236350619e+00 -1.587805523328022161e+00
3.249034196434899435e+00 3.083351745242441044e+00 3.931427426030715111e+01 -1.443707040777674244e+01 -1.277334180759126525e+00 -1.377108425795114277e+00
2.953280493892239011e+00 2.811860070957796331e+00 3.774411379863695970e+01 -1.430184333382075579e+01 -1.121176631181717731e+00 -1.208512723234949293e+00
2.703265289751467737e+00 2.601615731860257519e+00 3.583841073812257605e+01 -1.456219750103157473e+01 -1.026462040945107512e+00 -1.090729695390481924e+00
2.467907066187078780e+00 2.412758968909123780e+00 3.376975234650789304e+01 -1.520566958994533202e+01 -9.868785884674569076e-01 -1.022489632826275141e+00
2.224632918582967189e+00 2.214463967388645038e+00 3.172964010499215703e+01 -1.614855808776506763e+01 -9.863382782472760457e-01 -9.930299641794683163e-01
1.991733323873889461e+00 1.965211389345911552e+00 2.989916866908005844e+01 -1.725188318235365870e+01 -9.846193671414037452e-01 -1.002376797010205323e+00
1.746923250872334910e+00 1.696463134716995169e+00 2.842363912806188608e+01 -1.834786244788900333e+01 -9.764474991863301145e-01 -1.010789604000315478e+00
1.495961259140624833e+00 1.435948565575059455e+00 2.739307882059942401e+01 -1.927159124173677895e+01 -9.489793630945402292e-01 -9.904716724209026157e-01
1.260824274104006770e+00 1.204431723463671888e+00 2.682893006347764953e+01 -1.989079030575838303e+01 -8.878531930116273507e-01 -9.274380567096864869e-01
1.060956419098075809e+00 1.017885042436352361e+00 2.667678222771623453e+01 -2.012642670670998157e+01 -7.865781067953742101e-01 -8.172480362970037104e-01
9.065465552277324202e-01 8.817933324350561985e-01 2.680573497377387326e+01 -1.995902048549555730e+01 -6.476036331241672439e-01 -6.654655181227774330e-01
7.957872942886646817e-01 7.895670363693532146e-01 2.701563990946094762e+01 -1.941895882703785148e+01 -4.816847153505329215e-01 -4.862293519106981043e-01
7.252857617421119008e-01 7.166215507750074432e-01 2.705258281931975617e+01 -1.856272069781795508e+01 -2.993525084350670551e-01 -3.057602074659977465e-01
6.693344641047616062e-01 6.517097310616034589e-01 2.662991318207149760e+01 -1.743900443135278522e+01 -1.265621007755485805e-01 -1.397642475864730727e-01
6.044722780241739146e-01 5.842480305210804303e-01 2.544840049984888353e+01 -1.604909468096697012e+01 1.245081754147443244e-02 -2.913557789043349534e-03
5.199918781522406830e-01 5.023376822066494274e-01 2.320915611476311113e+01 -1.430717491940718311e+01 1.035359401729736978e-01 8.991559478683158746e-02
4.128184597853335469e-01 4.006899849127665836e-01 1.962516382269318527e+01 -1.201645875890143067e+01 1.405979993749433277e-01 1.310924681091608646e-01
2.859703702325511188e-01 2.798649674793238784e-01 1.447213637174318812e+01 -8.907408011605022935e+00 1.267190837311637786e-01 1.218665277925815582e-01
1.458644161015102692e-01 1.442306762513854146e-01 7.758587567797930795e+00 -4.818382389633573126e+00 7.368940012936837924e-02 7.237810173391297230e-02
1.853563610206711366e-15 7.555749145960000251e-15 1.351477852773747923e-14 -9.396698007712654605e-15 -5.037272790712664630e-16 -2.066651266194938973e-16
1.853563610206711366e-15 7.555749145960000251e-15 1.351477852773747923e-14 -9.396698007712654605e-15 -5.037272790712664630e-16 -2.066651266194938973e-16
-1.736914514209087601e+00 -4.699380115474398600e+00 2.401071925394902440e+00 5.835658835818309242e-01 8.838004620449918525e-01 2.805281124295684325e-01
-3.408554946589770207e+00 -9.320575493177473803e+00 4.772717277197941144e+00 1.165088604911132864e+00 1.759769740487833856e+00 5.513716567687358960e-01
-5.046419522925859269e+00 -1.369995038412531585e+01 7.085413242098986153e+00 1.742549031529478265e+00 2.601954398388718559e+00 8.217592220729201813e-01
-6.625105122753342179e+00 -1.775126361627657090e+01 9.309512930077213255e+00 2.313976871243753397e+00 3.397567794948991526e+00 1.089263241671347915e+00
-8.127804535838997424e+00 -2.140577125247434509e+01 1.141534484421114826e+01 2.877476883534291652e+00 4.134771078866770644e+00 1.352605828452984715e+00
-9.542384949973754971e+00 -2.461783610228598818e+01 1.337348096619934346e+01 3.431256801123636180e+00 4.803947537127384315e+00 1.610793979139304444e+00
-1.086088700861813194e+01 -2.736382071398093530e+01 1.515519168776732606e+01 3.973656832637526115e+00 5.398039637048849038e+00 1.862992994085977516e+00
-1.207920899209995902e+01 -2.963863549341300185e+01 1.673308066769896030e+01 4.503180092789049738e+00 5.912597797014830903e+00 2.108491354131674100e+00
-1.319664396806558671e+01 -3.145146463946516846e+01 1.808186905411568191e+01 5.018522755136692659e+00 6.345641793278240073e+00 2.346680196972357191e+00
-1.421526623068352002e+01 -3.282161254960468000e+01 1.917927939466777687e+01 5.518602217111511443e+00 6.697389550179798867e+00 2.577032846643734665e+00
-1.513922463550969866e+01 -3.377499465059626260e+01 2.000695677193511557e+01 6.002581184905419143e+00 6.969904391436587687e+00 2.799082008363268148e+00
-1.597400813482769522e+01 -3.434146673630844049e+01 2.055135856151538931e+01 6.469885396945113776e+00 7.166708863099999327e+00 3.012395647328731663e+00
-1.672574071950642960e+01 -3.455296797888262006e+01 2.080454373130149293e+01 6.920212760246815975e+00 7.292405677154481403e+00 3.216553722573925800e+00
-1.740055016403560728e+01 -3.444233572635965146e+01 2.076479613263255430e+01 7.353531997190418501e+00 7.352335080731285721e+00 3.411128241159870012e+00
-1.800404189463832694e+01 -3.404260666215650843e+01 2.043702230579733126e+01 7.770069481470549100e+00 7.352285351311201644e+00 3.595668921276300889e+00
-1.854089771013082810e+01 -3.338661968888165177e+01 1.983287237675920878e+01 8.170283739006100276e+00 7.298261435810668551e+00 3.769696260782631203e+00
-1.901460935098526051e+01 -3.250675978309507741e+01 1.897054336154830523e+01 8.554828033480141869e+00 7.196307612883485305e+00 3.932703101537508683e+00
-1.942734874498601982e+01 -3.143471692955797181e+01 1.787423936676979253e+01 8.924502460756029265e+00 7.052374235562447247e+00 4.084164947650444688e+00
-1.977996969340571098e+01 -3.020117460681447952e+01 1.657328478459005083e+01 9.280197949175061467e+00 6.872216121774424202e+00 4.223558418826615757e+00
-2.007212945209120036e+01 -2.883538595331765819e+01 1.510091569636637132e+01 9.622835414796943709e+00 6.661310498169608074e+00 4.350386370742432618e+00
-2.030251300726687802e+01 -2.736464080596554282e+01 1.349281019241217372e+01 9.953303973742588795e+00 6.424784796740478754e+00 4.464207455179980855e+00
-2.046913799657948729e+01 -2.581366978850175542e+01 1.178545603897531358e+01 1.027240250397161780e+01 6.167348217182651915e+00 4.564667276714326150e+00
-2.056971449889896064e+01 -2.420406692541901705e+01 1.001448705024296615e+01 1.058078892726532594e+01 5.893225022005220026e+00 4.651527877261266042e+00
-2.060203166790961404e+01 -2.255383306894241002e+01 8.213139147281383501e+00 1.087894131493632699e+01 5.606091362706078662e+00 4.724692088707220350e+00
-2.056434268177903490e+01 -2.087714286251667062e+01 6.410975888156213998e+00 1.116713428936690278e+01 5.309020516417519708e+00 4.784219378133887091e+00
-2.045572080776291202e+01 -1.918441548012274467e+01 4.633007441829913198e+00 1.144543319794581926e+01 5.004443360171340949e+00 4.830330203949660728e+00
-2.027636239789158878e+01 -1.748272646479479420e+01 2.899278382972292789e+00 1.171370720115456976e+01 4.694131496742806497e+00 4.863396623324922174e+00
-2.002781700171205870e+01 -1.577654224947663586e+01 1.224935919434026133e+00 1.197166080054131676e+01 4.379209614668865491e+00 4.883917933480003803e+00
-1.971313003746016079e+01 -1.406870146958297951e+01 -3.792770903523881576e-01 1.221888153445813607e+01 4.060201538773242191e+00 4.892481444584198869e+00
-1.933688910353090051e+01 -1.236151984514875934e+01 -1.906217877121173299e+00 1.245489973415681284e+01 3.737111303496268633e+00 4.889709976966483573e+00
-1.890517059493053154e+01 -1.065786813265303223e+01 -3.351379386368845470e+00 1.267925454494052140e+01 3.409536898513395808e+00 4.876199211120892052e+00
-1.842538849436310500e+01 -8.962071330871831165e+00 -4.711927369897960460e+00 1.289155908600140421e+01 3.076810616430918799e+00 4.852449423233555770e+00
-1.790605186298372331e+01 -7.280502779905482669e+00 -5.985882473019212391e+00 1.309155685537979430e+01 2.738156702796568087e+00 4.818797228561961354e+00
-1.735644162537628077e+01 -5.621794489880622692e+00 -7.171548649590375746e+00 1.327916145339732346e+01 2.392854719226815696e+00 4.775353566127091831e+00
-1.678622078289545527e+01 -3.996645749218135091e+00 -8.267232275508655803e+00 1.345447249731378392e+01 2.040395985130379231e+00 4.721954176403552417e+00
-1.620499528851178539e+01 -2.417273592198352805e+00 -9.271237156830405723e+00 1.361776223131519181e+01 1.680620779109231133e+00 4.658128206854224906e+00
-1.562184553762830852e+01 -8.965987245238207226e-01 -1.018207195776406770e+01 1.376942968845770920e+01 1.313825581532791054e+00 4.583089367679943571e+00
-1.504485076185850012e+01 5.527101108294256715e-01 -1.099877782410641736e+01 1.390992212242115578e+01 9.408322843671864666e-01 4.495752366707945313e+00
-1.448063044458064752e+01 1.919204979140397782e+00 -1.172127864938765107e+01 1.403962651096282244e+01 5.630146312744375159e-01 4.394775347840504054e+00
-1.393392799508032098e+01 3.193528216287846444e+00 -1.235067155295365282e+01 1.415873692299364883e+01 1.822807815180283730e-01 4.278626939304176702e+00
-1.340726203431842301e+01 4.369099348555174345e+00 -1.288940304879428567e+01 1.426710613768877067e+01 -1.989855694439954803e-01 4.145674482163291152e+00
-1.290066944751250944e+01 5.442570549007578862e+00 -1.334130790839626179e+01 1.436409186841888896e+01 -5.780199559828930189e-01 3.994288227760361298e+00
-1.241156157720403286e+01 6.414033384909861191e+00 -1.371151523029606167e+01 1.444840912918685838e+01 -9.517997669808645478e-01 3.822954897480690839e+00
-1.193471041157335755e+01 7.286984502974215516e+00 -1.400624537226444843e+01 1.451800064097272092e+01 -1.317185024420288286e+00 3.630393078226921144e+00
-1.146237539345879952e+01 8.068074979298330618e+00 -1.423253123401537579e+01 1.456993675462735993e+01 -1.671066782046053190e+00 3.415662529730216779e+00
-1.098457378441646526e+01 8.766678454607950144e+00 -1.439789937007071785e+01 1.460035527049121917e+01 -2.010512607834198384e+00 3.178259618319565938e+00
-1.048948883755233297e+01 9.394318834501218518e+00 -1.451004311639859701e+01 1.460444988442010938e+01 -2.332899359697236719e+00 2.918191751986052296e+00
-1.028389896146098437e+01 1.028389896143427151e+01 -1.470789180203411561e+01 1.470789180205250446e+01 -2.606267225382538300e+00 2.606267225377566721e+00
-1.028389896146098437e+01 1.028389896143427151e+01 -1.470789180203411561e+01 1.470789180205250446e+01 -2.606267225382538300e+00 2.606267225377566721e+00
1.030348942197274603e-01 1.029957262670967849e-01 2.183592998618892889e-01 2.183128015274700129e-01 1.755779149672532513e-01 1.755644406428182869e-01
1.878327080973900554e-01 1.876921832493284870e-01 4.273811008809885181e-01 4.272122215497048958e-01 3.400100997692091509e-01 3.399623163188185138e-01
2.386069495058891765e-01 2.383451339854402995e-01 6.182475603989233681e-01 6.179256376144436347e-01 4.831702667077620861e-01 4.830834304847457239e-01
2.442796387675829628e-01 2.439272191125545775e-01 7.832409050322894917e-01 7.827907964761270376e-01 5.968848927325677289e-01 5.967735845195780708e-01
2.001336874537233135e-01 1.997600679407441071e-01 9.161755880249957684e-01 9.156673802444634802e-01 6.756280999451915736e-01 6.755217595896948479e-01
1.086638602934152931e-01 1.083505755856572078e-01 1.012689704121095380e+00 1.012212831239850841e+00 7.169173053204326296e-01 7.168500385574020362e-01
-2.052934180514180695e-02 -2.071835969156514412e-02 1.070373633716765083e+00 1.070006358918819345e+00 7.213747167157945617e-01 7.213735966691323664e-01
-1.718404754022317960e-01 -1.718797443652764489e-01 1.088733466087937973e+00 1.088519507827160337e+00 6.924610114392374394e-01 6.925373587568924849e-01
-3.256480929093164556e-01 -3.255552407015224747e-01 1.069005860129936591e+00 1.068945852077767489e+00 6.359246585819211539e-01 6.360711650614653268e-01
-4.609412775370190229e-01 -4.607656386383474634e-01 1.013857899841130505e+00 1.013916584154813894e+00 5.590396584297697702e-01 5.592336185920927516e-01
-5.582225027312140986e-01 -5.580242811760663946e-01 9.270187025493938915e-01 9.271425113594335965e-01 4.697243871477870258e-01 4.699349859479879377e-01
-6.022760758701252159e-01 -6.021054781486154805e-01 8.128973113707070874e-01 8.130339349372003310e-01 3.756444772662749787e-01 3.758410474871789475e-01
-5.844146804275299756e-01 -5.842987676605164715e-01 6.762416117572416230e-01 6.763541551699016052e-01 2.834032222953934421e-01 2.835618893859211398e-01
-5.039028557341433956e-01 -5.038433303220810622e-01 5.218838382328422343e-01 5.219560856263428805e-01 1.979134944179883338e-01 1.980211217913545318e-01
-3.683797223288624578e-01 -3.683600931190517125e-01 3.545995163244750614e-01 3.546332834856525951e-01 1.220250794457498206e-01 1.220809070165917165e-01
-1.932333556684021625e-01 -1.932310628482225290e-01 1.790810529058033673e-01 1.790893723953617123e-01 5.645090491075995670e-02 5.646686845575284164e-02
-2.855270910537215556e+01 2.855272393409423515e+01 6.396888551768671327e-01 -6.396886079379495715e-01 -5.828550983859633661e+00 5.828545233140661530e+00
1.861019699007212536e-01 1.861052453834100284e-01 -1.778811150809926356e-01 -1.778885431482420676e-01 -4.992253821688455440e-02 -4.994049461100240339e-02
3.391171251682073007e-01 3.391463984506441487e-01 -3.496343122976771634e-01 -3.496595112875367506e-01 -9.661462081822977388e-02 -9.668925374271873652e-02
4.357771328465063765e-01 4.358787097036000979e-01 -5.101541509786567952e-01 -5.101983663669222846e-01 -1.433601029709957175e-01 -1.435257530267377013e-01
4.587612893103297229e-01 4.589981586730476071e-01 -6.542370138220139353e-01 -6.542887458849415694e-01 -1.926566390819683117e-01 -1.929317704996300065e-01
3.995372516685351538e-01 3.999759204328732776e-01 -7.767818754160870087e-01 -7.768149268351175474e-01 -2.456120556527321142e-01 -2.459886592737222100e-01
2.602935339832311845e-01 2.609843615669414363e-01 -8.730862775604349979e-01 -8.730623911235159129e-01 -3.015578111097145242e-01 -3.019970355871699486e-01
5.456053517467932684e-02 5.551580224947960662e-02 -9.391966115542881299e-01 -9.390748725589639356e-01 -3.579362809358708208e-01 -3.583745589668707043e-01
-1.937679765746153915e-01 -1.925906491002613574e-01 -9.722583750779145717e-01 -9.720104950839401070e-01 -4.104811511486418651e-01 -4.108473820065485782e-01
-4.530771846163564875e-01 -4.517772960983323371e-01 -9.708076016154718602e-01 -9.704339960591659153e-01 -4.536768777238200934e-01 -4.539158340766989985e-01
-6.881010836905364636e-01 -6.868180607445235619e-01 -9.349489214663035952e-01 -9.344875174126228146e-01 -4.814528298404324724e-01 -4.815454067630253188e-01
-8.648719320691058421e-01 -8.637502830476424531e-01 -8.663787117649377478e-01 -8.658992104637481813e-01 -4.880398066096070520e-01 -4.880100022104431057e-01
-9.557679999158736894e-01 -9.549157053671041284e-01 -7.682344377252868783e-01 -7.678164981769185493e-01 -4.688898541764759398e-01 -4.687932548543782274e-01
-9.438024399816182797e-01 -9.432589666028874387e-01 -6.447841691501041694e-01 -6.444870418891522901e-01 -4.215355012161612902e-01 -4.214334102318261777e-01
-8.254099809720329972e-01 -8.251385343709443099e-01 -5.010104638510644026e-01 -5.008491403127868224e-01 -3.462471728320424269e-01 -3.461796364074214982e-01
-6.112605400754922425e-01 -6.111698053495189242e-01 -3.421801699526066387e-01 -3.421229968385177678e-01 -2.463486997323353356e-01 -2.463220105596117537e-01
-3.249802155308943452e-01 -3.249677758265185901e-01 -1.735081673391782597e-01 -1.735002132565336697e-01 -1.280839353019437576e-01 -1.280799905637012293e-01
4.393033270559240571e-15 1.018412648934198462e-15 -8.136905907035330110e-14 8.141316800811734195e-14 2.129501165827763313e-16 5.570758020198822318e-16
