2.579744881416515923e-11 1.778363247088663078e-11 9.784152971416743825e-12 -7.939558377074783535e-16 6.290200335721053650e-16 -2.422147411147305986e-16
-3.510715456481573238e+00 4.389910641272973812e+00 1.241148032534798995e+00 -7.871992713968847810e-02 5.908503133781804056e-02 -1.259640983598176757e-02
-1.672324170011247446e+00 3.048672071904580783e+00 9.446877297352158642e-01 -9.514748775474173026e-02 5.607931129868668624e-02 -2.456017942243248278e-02
-1.159038711665643762e+00 2.610226727280621439e+00 8.565253671350347986e-01 -1.136593596407145107e-01 5.562899499066432940e-02 -3.527127170588739008e-02
-9.054712612441518926e-01 2.360558147022454811e+00 7.863052284795971625e-01 -1.316764604293376717e-01 5.554974009723074452e-02 -4.412844126834513520e-02
-7.308003249598024054e-01 2.160388961881636760e+00 7.107431487028822437e-01 -1.471169785752003412e-01 5.432205336668479573e-02 -5.057625874751656841e-02
-5.858848942978651664e-01 1.968974228716344976e+00 6.243850140870909060e-01 -1.583917811313062807e-01 5.110164210811174446e-02 -5.410827553631369913e-02
-4.554497822907699334e-01 1.772347124011728337e+00 5.260500603537255904e-01 -1.642843377536066241e-01 4.558732640388864221e-02 -5.430120483576697521e-02
-3.356345849877620524e-01 1.565812673662341892e+00 4.162161417976377176e-01 -1.638751190381850520e-01 3.791062283492242779e-02 -5.082699890887081712e-02
-2.268626960730540099e-01 1.348537635526836587e+00 2.965293726779787420e-01 -1.565167350366782339e-01 2.853402311982271983e-02 -4.349629698735962835e-02
-1.311618487985621861e-01 1.121412703815823031e+00 1.694155489447697061e-01 -1.418385465536086132e-01 1.817004359463442187e-02 -3.226084060143608739e-02
-5.098220177898828837e-02 8.865477506291310483e-01 3.801265982112420061e-02 -1.197773453326072685e-01 7.706145055305050652e-03 -1.725703791127953732e-02
1.153382549121261848e-02 6.467464198943221332e-01 -9.406700296594183719e-02 -9.059359098127889309e-02 -1.892578355207274413e-03 1.198029941107327679e-03
5.483865655670338429e-02 4.054353845845342641e-01 -2.227955200389888923e-01 -5.489398163825521398e-02 -9.658262238472077946e-03 2.258044425872019270e-02
7.827278479676715028e-02 1.665892004781749647e-01 -3.440809035050753084e-01 -1.362973092310955890e-02 -1.471846773997303667e-02 4.617766793834148648e-02
8.212629573844153208e-02 -6.534532797068219601e-02 -4.538780835968212468e-01 3.191634903452153504e-02 -1.636849826160036159e-02 7.108754142838309698e-02
6.770357150042052852e-02 -2.856298565783175203e-01 -5.485488929951531922e-01 8.018230683504706802e-02 -1.414476389546186728e-02 9.626687082936215278e-02
3.725923109627430480e-02 -4.893438141398445129e-01 -6.250073431427075610e-01 1.293816459221216464e-01 -7.875736079570174603e-03 1.205629009095922494e-01
-6.130941988934483777e-03 -6.716922070711934811e-01 -6.808623614818362091e-01 1.776018244488395681e-01 2.293912027912887661e-03 1.427623860670331757e-01
-5.871240408723468751e-02 -8.281950774229427381e-01 -7.146213392142523047e-01 2.228915352647779791e-01 1.588625338214715368e-02 1.616716734604809746e-01
-9.550703434494234312e-01 -1.162927319785286018e-01 -7.256683179279329599e-01 3.211662889764516776e-02 2.633899682719114677e-01 1.761688623680063293e-01
-1.049389454397875676e+00 -1.745259639644246574e-01 -7.143195699372947294e-01 4.994524142279032491e-02 2.974058743228216728e-01 1.852868189998416459e-01
-1.109312584405181656e+00 -2.292215960940196529e-01 -6.817559964861189536e-01 6.815785290153938969e-02 3.235129297351677646e-01 1.882750176519767393e-01
-1.134282472908237249e+00 -2.765726106535745799e-01 -6.299285903571099077e-01 8.544615054732437875e-02 3.406350801271529338e-01 1.846570870328570757e-01
-1.125058141326835237e+00 -3.133799584858564802e-01 -5.614677424559532115e-01 1.005049426659467976e-01 3.480852837177251247e-01 1.742821571564679706e-01
-1.083675055393092723e+00 -3.372844968460540493e-01 -4.794475773370504013e-01 1.121492569979627291e-01 3.455852466786727972e-01 1.573237009956710564e-01
-1.013264975180292016e+00 -3.469230995084403579e-01 -3.874106993305669322e-01 1.194237843392018383e-01 3.332401830131937470e-01 1.343336355949963368e-01
-9.179334595864860891e-01 -3.418751079191001963e-01 -2.890767958359248269e-01 1.216507514635426779e-01 3.115353021420858015e-01 1.061846354086401489e-01
-8.024254379653918967e-01 -3.227368312810720008e-01 -1.882728172056926108e-01 1.185206953134150393e-01 2.812684685832629317e-01 7.405441000199169954e-02
-6.719183635787476794e-01 -2.910005876894780075e-01 -8.874459947078684741e-02 1.101046454786662465e-01 2.434996269028489591e-01 3.935169102565672788e-02
-5.316770672421573529e-01 -2.488758673420389811e-01 5.918189834285138284e-03 9.684906479937273327e-02 1.995040514872659654e-01 3.659192544745195914e-03
-3.868422270713872124e-01 -1.991272701132337508e-01 9.243588968818659823e-02 7.954296728338844380e-02 1.507036253344471999e-01 -3.135975801275150271e-02
-2.422361464910220141e-01 -1.448151622360629998e-01 1.679604420709692458e-01 5.923899625851055534e-02 9.862996221610766112e-02 -6.405829468157220319e-02
-1.021610493406339554e-01 -8.914138996999487752e-02 2.301867783703452075e-01 3.719578256579235409e-02 4.485957518942911004e-02 -9.290379631590177378e-02
2.961222154039657925e-02 -3.514572858542990008e-02 2.774102488725449511e-01 1.474335249299416929e-02 -8.992435223108080633e-03 -1.165545121766029535e-01
1.499377652458303012e-01 1.444387213367507618e-02 3.086228575836766908e-01 -6.803120390039863428e-03 -6.132630482338041061e-02 -1.339505570806260037e-01
2.562519109791510097e-01 5.740816390600231300e-02 3.235379930725055253e-01 -2.625870846885690682e-02 -1.105722514643536214e-01 -1.443712395970113138e-01
3.465726124673932373e-01 9.214196476027976257e-02 3.226004300392689705e-01 -4.265080322736910373e-02 -1.552356371026862025e-01 -1.474794023981734759e-01
4.194674533737643429e-01 1.177011546861606167e-01 3.069572971351366419e-01 -5.527625388697134101e-02 -1.939380802294863593e-01 -1.433416562133711658e-01
4.740569856634898604e-01 1.337867963181785802e-01 2.783784781204807768e-01 -6.372741993127634119e-02 -2.254795658175866024e-01 -1.324172616181305273e-01
1.408306136321178237e-01 5.098560613752655124e-01 2.391587083428979854e-01 -2.488230608003748623e-01 -6.796326365773339151e-02 -1.155295989249459504e-01
1.396636350282962347e-01 5.270098971378919250e-01 1.919939524997053559e-01 -2.632612817673168903e-01 -6.817592190983363942e-02 -9.381748987086027669e-02
1.316029860407420538e-01 5.260757313110225875e-01 1.398199144335565969e-01 -2.683605863840248795e-01 -6.484804975902105917e-02 -6.865924732730573077e-02
1.181856484018936060e-01 5.081452854970986976e-01 8.564300903399899023e-02 -2.640581196728493674e-01 -5.863254540750294230e-02 -4.158400664837322291e-02
1.010387443404879709e-01 4.748099038271058614e-01 3.238147679944103352e-02 -2.506738908227934548e-01 -5.028853784580897962e-02 -1.417994453034249203e-02
8.176905670517251035e-02 4.281041595565999724e-01 -1.729126851153629102e-02 -2.289020935020962544e-01 -4.061937198188590031e-02 1.200383732442571530e-02
6.184982014535926609e-02 3.704434293506524978e-01 -6.108240623445253953e-02 -1.997893652380171303e-01 -3.040379537250150963e-02 3.555148532191154676e-02
4.254660378120254244e-02 3.045291003797296892e-01 -9.717953298600376377e-02 -1.646882101764628459e-01 -2.034327103650874352e-02 5.526084062847524264e-02
2.486415351230364737e-02 2.332406905894858773e-01 -1.243217343027864796e-01 -1.251940045326770945e-01 -1.102023010787141211e-02 7.021150539859835615e-02
9.533605714421028096e-03 1.594994922063125986e-01 -1.418246453790117934e-01 -8.306162637432801255e-02 -2.877290745265502318e-03 7.980944300733211483e-02
-2.987878473251992083e-03 8.614824215252750439e-02 -1.495697333887481550e-01 -4.012115179044127566e-02 3.791815106428961593e-03 8.380963141612438050e-02
-1.249355998668267090e-02 1.582430711745582905e-02 -1.479696178338700263e-01 1.811889713187272164e-03 8.838075828153532654e-03 8.232233493513820000e-02
-1.899751656465529029e-02 -4.914540063921867680e-02 -1.378798311334573923e-01 4.102352123936586770e-02 1.224250981109611253e-02 7.578087016938850340e-02
-2.269205349496417057e-02 -1.068265625589679135e-01 -1.205116082680157269e-01 7.597592909530893890e-02 1.409499138922967222e-02 6.490174037241674965e-02
-2.390086608915139785e-02 -1.557324571777772837e-01 -9.734524999668202339e-02 1.053720968680539050e-01 1.456647234368355082e-02 5.063599217141877967e-02
-2.304150131633422513e-02 -1.948599138955028343e-01 -6.999437489647421240e-02 1.282106894011089682e-01 1.388666913441622547e-02 3.407853346170471032e-02
-2.057512715560710567e-02 -2.236857114075482267e-01 -4.013005299757717997e-02 1.438202292414543781e-01 1.231335537152253648e-02 1.640505695558351976e-02
-1.697976049383969829e-02 -2.421479110694520487e-01 -9.370140658391944155e-03 1.518835682637311169e-01 1.011560896500466808e-02 -1.222629382610862948e-03
-1.270693042793818311e-02 -2.506051000885307078e-01 2.077534226145504037e-02 1.524477086505690582e-01 7.547099906095961104e-03 -1.772109988096525271e-02
-2.497794382954067194e-01 -8.166690619228327355e-03 4.898044970080114857e-02 4.837620753275252879e-03 1.459173055070249192e-01 -3.216731744812012517e-02
-2.406860193228047562e-01 -3.709661314991286474e-03 7.410518525538194179e-02 2.182289065511968263e-03 1.330321546226971574e-01 -4.382827293740583496e-02
-2.245602082425442181e-01 3.881867468576761268e-04 9.525812181743048557e-02 -2.672653924253014929e-04 1.148303879832008323e-01 -5.222603001411179474e-02
-2.027823727944391419e-01 3.928379776277800793e-03 1.117814828002129252e-01 -2.403919130106754818e-03 9.259336328168102370e-02 -5.713808973986338885e-02
-1.768059300845035986e-01 6.786531592890281302e-03 1.232585487691706394e-01 -4.162219635666705893e-03 6.777309329398059634e-02 -5.859763700625786331e-02
-1.480837147148560129e-01 8.907839667647989707e-03 1.295131085219479172e-01 -5.515288093262642535e-03 4.189925158629619756e-02 -5.687122414863773207e-02
-1.180165827185236244e-01 1.030192147671355266e-02 1.306023002171526615e-01 -6.471020880399538065e-03 1.648173215619914977e-02 -5.241526451552570853e-02
-8.789636918618867756e-02 1.103112885530059366e-02 1.268346251052171747e-01 -7.064671865118140118e-03 -7.100488971282079356e-03 -4.583929855180782220e-02
-5.887296298306514408e-02 1.120220335060483248e-02 1.187214026032873126e-01 -7.353346815993008594e-03 -2.769676541476935941e-02 -3.781592692133262101e-02
-3.191828431487266082e-02 1.094913589181311341e-02 1.069828604140275752e-01 -7.406034449406056347e-03 -4.446980730438938878e-02 -2.903755146210563326e-02
-7.816181411609748192e-03 1.043385312863480407e-02 9.254017883339273054e-02 -7.304805000964289564e-03 -5.693991274161715188e-02 -2.017986667955435146e-02
1.284621017414501638e-02 9.827979810106288183e-03 7.638911277278474798e-02 -7.134924720958053627e-03 -6.499214322188233417e-02 -1.180143467919304683e-02
2.967745286192273457e-02 9.307019111324078137e-03 5.958038853776328331e-02 -6.982481760635467390e-03 -6.884114301853212770e-02 -4.350944905300145431e-03
4.246611578366285555e-02 9.048205480370769341e-03 4.312482457196852720e-02 -6.938636455356432010e-03 -6.895291074159279332e-02 1.859119548071955230e-03
5.116568158285194484e-02 9.223237710051240476e-03 2.788799201135844230e-02 -7.095948057170019946e-03 -6.595246917538635789e-02 6.671761856839253206e-03
5.588351884815018211e-02 9.976752288241366728e-03 1.455844795665008073e-02 -7.533931043818739223e-03 -6.053669297868170124e-02 1.004807020977043462e-02
5.684928149671086839e-02 1.143391475248052395e-02 3.568959020816566807e-03 -8.329392635680048229e-03 -5.338043073571005492e-02 1.207499373855557695e-02
5.443112711885191718e-02 1.365091677162565825e-02 -4.886531357615147078e-03 -9.519601961940762219e-03 -4.510800468971465360e-02 1.291758936614909904e-02
4.913788887418245321e-02 1.658086760002691964e-02 -1.084079814770884907e-02 -1.108283485017065410e-02 -3.627490613970359157e-02 1.279548367702863787e-02
4.126813554238041581e-02 2.039640155696137436e-02 -1.450250951118816668e-02 -1.315026714636785554e-02 -2.714472893669003795e-02 1.194844074905391032e-02
2.380999675785214903e-02 3.256544372396408954e-02 -1.621056643537006556e-02 -1.878812105486352135e-02 -1.491490154291637282e-02 1.061912233391927585e-02
2.683549031300281121e-02 2.343180281379033184e-02 -1.636748689835485979e-02 -1.128157120362835095e-02 -1.644998216622934814e-02 9.027453361423024708e-03
2.880802715749926357e-02 1.489057036336081594e-02 -1.538877745422433801e-02 -5.059236209720139633e-03 -1.738080896876294246e-02 7.359067899754314843e-03
2.904233764637676254e-02 7.919298119005883235e-03 -1.365853556658107142e-02 -4.933286477678810187e-04 -1.733079326722286595e-02 5.756615599754196476e-03
2.734287208802893207e-02 2.929132903532171914e-03 -1.149746517534530957e-02 2.368611447981206451e-03 -1.620214361397304820e-02 4.315096165111196452e-03
2.385530279240504967e-02 -8.845276215054623259e-05 -9.146511376113702213e-03 3.692057540802010270e-03 -1.408017014451388126e-02 3.083348085303763263e-03
1.897126695892863146e-02 -1.459145055127294890e-03 -6.769056316429732101e-03 3.786331590699561298e-03 -1.117774082944116183e-02 2.073402207529860715e-03
1.312959856292271639e-02 -1.622558845671286977e-03 -4.445412880064279412e-03 2.994328395382786501e-03 -7.730430419901974243e-03 1.258580819500210342e-03
6.698812153759932907e-03 -9.993917216190202624e-04 -2.198080312035250762e-03 1.633772836062911743e-03 -3.944194264940812170e-03 5.905882472679167177e-04
-1.905681782448017577e-16 1.700144106458244195e-14 -6.104079610908054289e-15 9.083351961670939941e-15 -1.050335874311161089e-16 5.115381994619049941e-15
-1.905681782448017577e-16 1.700144106458244195e-14 -6.104079610908054289e-15 9.083351961670939941e-15 -1.050335874311161089e-16 5.115381994619049941e-15
-1.510951068262121888e-01 2.067484326895457247e+00 -4.221917045192594142e-01 -3.907988606007692378e-01 1.256387488105191519e+00 -4.609536040439175530e-01
-2.803639686638099149e-01 4.103471739222897874e+00 -8.441770902560358225e-01 -7.858354699379811459e-01 2.508381536764332509e+00 -9.216959631941458175e-01
-4.141374378102092302e-01 6.124683379058892818e+00 -1.265770617070959725e+00 -1.179308043533331185e+00 3.741747393541395628e+00 -1.382012559538502661e+00
-5.496470733297336153e-01 8.119180397113035852e+00 -1.686822504448337146e+00 -1.572116364533709509e+00 4.949396920995830840e+00 -1.841686768998407775e+00
-6.862565574292770476e-01 1.007654517984521014e+01 -2.107186233854427382e+00 -1.964206305118405771e+00 6.123672657789528628e+00 -2.300452957832167300e+00
-8.236916011680784910e-01 1.198763498144466055e+01 -2.526918598889504874e+00 -2.355390388332690765e+00 7.257591664123983044e+00 -2.758172346284721410e+00
-9.617572634735453985e-01 1.384384916280690092e+01 -2.946027720528253457e+00 -2.745430414230588312e+00 8.344902519894205284e+00 -3.214550151330390459e+00
-1.100230201793136242e+00 1.563698983685923771e+01 -3.364656307835270255e+00 -3.134052798096288672e+00 9.380139720815327209e+00 -3.669319070050016229e+00
-1.238817054962584097e+00 1.735944071505592490e+01 -3.783033636613990058e+00 -3.520960335880527037e+00 1.035868785520598223e+01 -4.122192713287144983e+00
-1.377131687255948034e+00 1.900439253919738647e+01 -4.201492308609897641e+00 -3.905842976140300848e+00 1.127676440738773955e+01 -4.572848604580745047e+00
-1.514717341677011442e+00 2.056579095294448578e+01 -4.620446822716492541e+00 -4.288384821579070305e+00 1.213142049863417782e+01 -5.020934706051882301e+00
-1.651032820025639447e+00 2.203854460999780684e+01 -5.040385145898520491e+00 -4.668276864674135496e+00 1.292070312803550536e+01 -5.466058367013580721e+00
-1.785491000584056076e+00 2.341846328149468803e+01 -5.461834352809188609e+00 -5.045219886334931125e+00 1.364271353851119173e+01 -5.907825143778179466e+00
-1.917392188963287225e+00 2.470243320374415674e+01 -5.885357185643266931e+00 -5.418916702726437329e+00 1.429691064039607262e+01 -6.345786328974758028e+00
-2.046317391498089666e+00 2.588829084748257614e+01 -6.311513752523778109e+00 -5.789126395058502794e+00 1.488314419774900266e+01 -6.779481548640380772e+00
-2.171649789608621539e+00 2.697478604768763333e+01 -6.740804663001521924e+00 -6.155568784351614475e+00 1.540184520667717827e+01 -7.208456879286685215e+00
-2.292958827399539601e+00 2.796146123236933079e+01 -7.173669243059596745e+00 -6.517977942652922962e+00 1.585400582561783267e+01 -7.632257215593067023e+00
-2.409981111171543677e+00 2.884852565775718602e+01 -7.610441227945761611e+00 -6.876064305650103847e+00 1.624116711047531325e+01 -8.050444968072373086e+00
-2.522638248457138577e+00 2.963665960038354186e+01 -8.051311015842317786e+00 -7.229507090629613941e+00 1.656543495861694382e+01 -8.462624452419149179e+00
-2.631096058416743322e+00 3.032683862790202411e+01 -8.496340074569632250e+00 -7.577925592006439004e+00 1.682949731644916369e+01 -8.868425072425747402e+00
-2.735771900779680799e+00 3.092011901263039420e+01 -8.945417077826279595e+00 -7.920868455482263037e+00 1.703666702593564963e+01 -9.267533121741502455e+00
-2.837347831468361559e+00 3.141744834932928399e+01 -9.398243734274389638e+00 -8.257796998463055260e+00 1.719094201192953264e+01 -9.659619356223828390e+00
-2.936762973464168702e+00 3.181945921242497022e+01 -9.854546942164034817e+00 -8.588075122608078260e+00 1.729694701713596316e+01 -1.004454397261880594e+01
-3.035188859656585247e+00 3.212633699893148531e+01 -1.031380802011190845e+01 -8.910964850429547113e+00 1.736012712027997296e+01 -1.042203021158019816e+01
-3.133973716414286237e+00 3.233766727882097314e+01 -1.077551103237255781e+01 -9.225637088422860899e+00 1.738666347951169655e+01 -1.079185790919957277e+01
-3.234597725617010866e+00 3.245235580374881579e+01 -1.123914714506536328e+01 -9.531170480879913143e+00 1.738350052050502015e+01 -1.115378181376211408e+01
-3.338587214844220608e+00 3.246855448937706257e+01 -1.170429725503169571e+01 -9.826581025776908618e+00 1.735833946240229153e+01 -1.150747938939826298e+01
-3.447408142346014781e+00 3.238374180971695182e+01 -1.217057854127485328e+01 -1.011064206146645716e+01 1.731967731862856752e+01 -1.185264595219940631e+01
-3.562486179754931204e+00 3.219486943347175867e+01 -1.263784881825043982e+01 -1.038266332192821650e+01 1.727643745751946014e+01 -1.218877274906933472e+01
-3.685067581188412600e+00 3.189748614522261860e+01 -1.310621211296044919e+01 -1.064140691821767959e+01 1.723794925865528072e+01 -1.251536307814685323e+01
-3.816085449539514229e+00 3.148751411348919405e+01 -1.357595285735552793e+01 -1.088577318545178940e+01 1.721412956933901484e+01 -1.283170811403014078e+01
4.185757991014971841e-02 -4.290136594109771051e-02 4.967778949850731873e-02 -2.932797467676446015e-02 -1.595075858293513657e-02 8.705125697607781626e-03
4.909915531652091214e-02 -6.276377083706823068e-02 6.362154883391017701e-02 -3.456342308550455072e-02 -1.257235849874052853e-02 1.033389927968525815e-02
5.586824425688825119e-02 -1.844829682986117436e-01 1.807082431466677797e-01 -3.951405098657265885e-02 -9.628369159453378789e-03 1.137177588156489290e-02
6.189346626393552042e-02 -8.123920416855054394e-02 7.439608779451988008e-02 -4.398212945071441893e-02 -7.153040800773655117e-03 1.161555261729188375e-02
6.692455597762006492e-02 -2.730075290305972874e-02 1.918497337492420032e-02 -4.778090070016706437e-02 -5.096084734351228988e-03 1.081790306752394328e-02
7.074353210573799955e-02 -1.541468608573221336e-02 7.974797406489615020e-03 -5.074304472890979467e-02 -3.204508093799391007e-03 8.595030750852421936e-03
7.317534902860524382e-02 -9.966944157217274072e-03 -5.272898364984443531e-02 5.217973048163638758e-03 -4.963702700960801514e-04 3.906956893098536589e-03
7.409756853756312156e-02 -6.007215488907148050e-03 -5.363484626502632718e-02 5.918786997492957690e-03 1.057906026061332209e-02 -1.076222568052092460e-02
7.344674715454919955e-02 -2.115827039006957198e-03 -5.339823622151562005e-02 8.494929645178820113e-03 2.898405369421933747e-02 -3.424263513582524038e-02
7.122726449202977650e-02 2.192225786229404401e-03 -5.200594613350969370e-02 1.216779664997815619e-02 5.548872376272400223e-03 -1.712550091193722895e-02
6.751210700236240370e-02 7.047410857978228006e-03 -4.949594988809918189e-02 1.639280444500890860e-02 -3.833143099552306296e-03 -1.496708605811983284e-02
6.244469036086310043e-02 1.239951901104753215e-02 -4.596005805872867278e-02 2.069982438191311433e-02 -1.226189630838785821e-02 -1.424587555300664381e-02
5.624059189051274638e-02 1.809630184333596223e-02 -4.154639707507362667e-02 2.464443627797227934e-02 -2.083242607637560834e-02 -1.338676685237887888e-02
4.917753966618983869e-02 2.393096037158959008e-02 -3.645318072013022104e-02 2.779835038308707193e-02 -2.968751830380989692e-02 -1.174076771590045615e-02
4.159155648958284129e-02 2.967052724581674406e-02 -3.092644333801630036e-02 2.975712116779109448e-02 -3.873471672985034225e-02 -8.898583237198441284e-03
3.385943740011197051e-02 3.507689559948923980e-02 -2.524731367383793376e-02 3.015936055687622880e-02 -4.778410824429275838e-02 -4.585918385043189632e-03
2.638750549246907801e-02 3.994122017989515383e-02 -1.972340024840210648e-02 2.870955032977094354e-02 -5.660298701692838969e-02 1.346871726897209878e-03
1.958563873809864020e-02 4.408647002033783818e-02 -1.466859928400429322e-02 2.518370617345369947e-02 -6.492620865126032259e-02 8.930340000702601325e-03
1.384361791944885810e-02 4.739710854386110228e-02 -1.038410759507066815e-02 1.944899987081792972e-02 -7.248357887158854429e-02 1.806831060434624381e-02
9.510389541921317885e-03 4.980309196172363895e-02 -7.141163642233138917e-03 1.147586424684282451e-02 -7.899629231591254186e-02 2.854046721965774330e-02
6.856718569751111235e-03 5.129845915666318007e-02 -5.151124749676484066e-03 1.341317448749112812e-03 -8.420437143970775640e-02 4.001748505126617034e-02
6.053450535425993623e-03 5.192570011268327762e-02 -4.547252446215441224e-03 -1.076391087306163841e-02 -8.787411729262774307e-02 5.207808357299655022e-02
7.142842119597505451e-03 5.176908129892558719e-02 -5.361726792831263133e-03 -2.453376617673503138e-02 -8.981715398286910235e-02 6.423434561842256141e-02
1.002421100124574645e-02 5.093201223901334257e-02 -7.514175563315252625e-03 -3.953588638909755204e-02 -8.990127617012896866e-02 7.595173274614272496e-02
1.444799208369394565e-02 4.951955495908500621e-02 -1.080761115296077074e-02 -5.521354870755343369e-02 -8.806457930152053470e-02 8.667771480694619335e-02
2.000480072849015675e-02 4.761479324029065097e-02 -1.492197295891616385e-02 -7.090207633507379648e-02 -8.432039202960965596e-02 9.587554453359220519e-02
2.614878828530417879e-02 4.525776174192726320e-02 -1.943474259131252116e-02 -8.583200845373044341e-02 -7.875897618967900304e-02 1.030419559221819326e-01
3.222854531960801794e-02 4.242580047965511386e-02 -2.384828909648047807e-02 -9.915408454985670528e-02 -7.153961001646894080e-02 1.077310020434632531e-01
3.751350031906943577e-02 3.902031051897215941e-02 -2.761456873715832996e-02 -1.099868727246424011e-01 -6.287549211210749500e-02 1.095833197960556227e-01
4.125140964864036641e-02 3.486023144998681711e-02 -3.018293700505885954e-02 -1.174476312030665603e-01 -5.301277775290319516e-02 1.083323507360183791e-01
4.271946357460604943e-02 2.968447875778366593e-02 -3.104230594744969429e-02 -1.207128947548054415e-01 -4.220637926540737883e-02 1.038235285629246912e-01
4.128084602325941127e-02 2.316235415822831892e-02 -2.976551727526376839e-02 -1.190666140231593784e-01 -3.069482080727408205e-02 9.601755531880282191e-02
3.643948005069370250e-02 1.491550271759157012e-02 -2.604984756041200250e-02 -1.119516529455927278e-01 -1.868131565172102479e-02 8.499368467610385336e-02
2.788703877155479169e-02 4.546951342964835815e-03 -1.974865270930707684e-02 -9.901160474972219017e-02 -6.320644025712009173e-03 7.094601802654514067e-02
1.554126977275614371e-02 -8.322034007375142886e-03 -1.089336664147125266e-02 -8.012077700536945901e-02 6.283113781298691435e-03 5.417547916424105686e-02
-4.270228031783783983e-04 -2.401086500000551224e-02 2.960137295399455169e-04 -5.539956839076967676e-02 1.906958859424213656e-02 3.507671781189128368e-02
-1.958635859453092959e-02 -4.273645181633507761e-02 1.341690040139154917e-02 -2.521340268446411320e-02 3.200525231151687966e-02 1.412106845205922737e-02
-4.124406244034013042e-02 -6.457323999353101196e-02 2.789710102901113778e-02 9.833966233331279186e-03 4.506141942766506148e-02 -8.157616956227938323e-03
-6.447063758057899885e-02 -8.941618187854098732e-02 4.302589162761683017e-02 4.893947902978275366e-02 5.818725170180279183e-02 -3.119158745610791164e-02
-8.813334242742955349e-02 -1.169568810417770388e-01 5.799086302081203625e-02 9.112228358148950769e-02 7.128660760892693848e-02 -5.439044021911981774e-02
-1.109403625737290788e-01 -1.466691457593585490e-01 7.192031978821449012e-02 1.352872082574591850e-01 8.419783513368545025e-02 -7.717478830526612599e-02
-1.315080850020625691e-01 -1.778097610075172474e-01 8.393790053252440930e-02 1.802430748443221986e-01 9.668191143505446006e-02 -9.897754147724481533e-02
-1.484318241507868175e-01 -2.094382088039092871e-01 9.321501328812566156e-02 2.247818994446618146e-01 1.084224807469333918e-01 -1.192811442775051495e-01
-1.603544459389068255e-01 -2.404531885050959217e-01 2.676920301099161570e-01 9.901709696204986921e-02 1.190372734799294702e-01 -1.376124754385801563e-01
-1.660664654785637406e-01 -2.696401031475001986e-01 3.078306084180583713e-01 1.007637921892478444e-01 1.280972573047401142e-01 -1.535733515120242254e-01
-1.645641663754702777e-01 -2.957416945943546205e-01 3.441230976130277286e-01 9.805692787838331259e-02 1.351611809076458948e-01 -1.668275723710876957e-01
-1.551566038418517590e-01 -3.175281460850924997e-01 3.756161937652449656e-01 9.073254372215068531e-02 1.398101961676550542e-01 -1.771205569042408057e-01
-1.375175178285829580e-01 -3.338893543908780237e-01 4.014770137790782956e-01 7.887295390595470967e-02 1.416953628022636358e-01 -1.842686431403121050e-01
-1.117417076658190761e-01 -3.439049259383165635e-01 4.210193916635974754e-01 6.281852806410696821e-02 1.405714119633115211e-01 -1.881658391206163516e-01
-7.838797732529559359e-02 -3.469298318356913158e-01 4.337035816614160377e-01 4.316618626508141737e-02 1.363376380586371339e-01 -1.887765883645377840e-01
-3.849228307388714160e-02 -3.426562771185701073e-01 4.391273577918528015e-01 2.074918686324007944e-02 1.290630939647799957e-01 -1.861260593175852740e-01
6.433268463506432687e-03 -3.311671867672543734e-01 4.370301284867499358e-01 -3.392290964797292901e-03 1.190048040688878733e-01 -1.802990497600351349e-01
5.445358774510698774e-02 -3.129615915191982234e-01 4.272669604935885324e-01 -2.806792724930545768e-02 1.066083056800566781e-01 -1.714246861722729665e-01
1.032367498144136919e-01 -2.889618244943165104e-01 4.098101437238944600e-01 -5.197740880591840418e-02 9.249641011677954550e-02 -1.596763563083549997e-01
1.501908262421172702e-01 -2.604812162747534021e-01 3.847424233674626159e-01 -7.380375213732245920e-02 7.743701931340828126e-02 -1.452682045063330707e-01
1.925260243308072328e-01 -2.291812782297320827e-01 3.522168269725146628e-01 -9.226143227304819949e-02 6.230626618818319723e-02 -1.284362205386994915e-01
2.273952821309839778e-01 -1.969899878181654851e-01 3.124667840606109026e-01 -1.061772567895050284e-01 4.803417083016930933e-02 -1.094443494557362645e-01
2.520431151242271128e-01 -1.659923831519471149e-01 2.657977328748868384e-01 -1.145643012584433712e-01 3.554046620020102215e-02 -8.858073645449011935e-02
2.639294377345647868e-01 -1.383101256543248225e-01 2.125754100051806816e-01 -1.166738058015575480e-01 2.567173255396710749e-02 -6.615272184288713275e-02
2.608733451597651243e-01 -1.159601010531380594e-01 1.532232222338450467e-01 -1.120456448289007256e-01 1.913582963751713981e-02 -4.248526617451547915e-02
2.411939666614301980e-01 -1.007077178940141010e-01 8.822515410453495022e-02 -1.005453051680491316e-01 1.644174206120848497e-02 -1.792033252751720762e-02
2.038162111805729149e-01 -9.391834866561830919e-02 1.811997051486042426e-02 -8.237521581032002105e-02 1.784932912103200098e-02 7.187543797093255346e-03
1.483804298081720374e-01 -9.642376550079681530e-02 -5.648409880166065794e-02 -5.807789745519244956e-02 2.333483771822804018e-02 3.246878561225900045e-02
7.530397650562874190e-02 -1.084050585500823394e-01 -1.349142161278150676e-01 -2.851184159642646682e-02 3.257229652112615670e-02 5.754550356578381348e-02
-1.415799185887103677e-02 -1.293055215747185294e-01 -2.164261059782035812e-01 5.179155529564109101e-03 4.493607954307252822e-02 8.203359806700236123e-02
-1.179159819134498605e-01 -1.577778900379551985e-01 -3.002064833313417003e-01 4.162351362857914100e-02 5.952448101023156968e-02 1.055509581770745220e-01
-2.330491633911249139e-01 -1.916724445916908881e-01 -3.853703989921630768e-01 7.927914325423135455e-02 7.520173905656211966e-02 1.277208177950384660e-01
-3.558661128623578085e-01 -2.280873044856740750e-01 -4.709743097924580790e-01 1.165079499231395088e-01 9.066671538210099857e-02 1.481837078260127005e-01
-4.820175456947839998e-01 -2.634327817503477887e-01 -5.560277448996777672e-01 1.516605766146837675e-01 1.045240658901358671e-01 1.666062240807152373e-01
-6.066291227495028693e-01 -2.935681615763310881e-01 -6.394823878670240491e-01 1.831573248542119059e-01 1.153762336952180168e-01 1.826833070338241549e-01
-7.244369203443328242e-01 -3.139823254072395264e-01 -7.203120048685291987e-01 2.095569892234710463e-01 1.219221146780479770e-01 1.961656038360650445e-01
-8.300270304388627229e-01 -3.199669013357387959e-01 -7.974647688762602771e-01 2.296435360677369364e-01 1.230397134473488335e-01 2.068474561532953060e-01
-9.180722122480086123e-01 -3.068822950623238954e-01 -8.699523756602490776e-01 2.424926367543923655e-01 1.178850826873879543e-01 2.145926697585678611e-01
-9.835229037184752832e-01 -2.703219107374278396e-01 -9.368210971813785148e-01 2.475093923402340856e-01 1.059407871088535458e-01 2.193249178027267543e-01
-1.021945952336801966e+00 -2.064314082364050451e-01 -9.972792272929750235e-01 2.444860640843797284e-01 8.709394874401189812e-02 2.210554653092407507e-01
-1.029696756510744216e+00 -1.120721730645928838e-01 -1.050632058736354901e+00 2.336026865700086275e-01 6.164940790124878722e-02 2.198561201299254197e-01
-1.004118920487800937e+00 1.492145820577070806e-02 -1.096278714662453746e+00 2.154190867011664401e-01 3.033432801630055187e-02 2.158692648323724539e-01
-9.438150628186341429e-01 1.756591111887094436e-01 -1.133914540456071318e+00 1.908703871234507798e-01 -5.726214977267221444e-03 2.093164079669311284e-01
-8.487240788281441572e-01 3.699509573349227809e-01 -1.163393019855547994e+00 1.612104329077281017e-01 -4.504328097164732314e-02 2.004713487041034914e-01
-7.201079161540154816e-01 5.963033406924221902e-01 -1.184759987058454644e+00 1.279301761171912355e-01 -8.585215289357467361e-02 1.896513613480497740e-01
-5.606415388804669719e-01 8.518585968947733900e-01 -1.198273068750610904e+00 9.270037505519622412e-02 -1.261959224642590915e-01 1.772077297190881862e-01
-3.743423858734730159e-01 1.132409593629592148e+00 -1.204462790376853665e+00 5.727732013116491883e-02 -1.640304381416352042e-01 1.635220066621326240e-01
-1.663393119244573615e-01 1.432456646765897013e+00 -1.203941750926823095e+00 2.339103744189207496e-02 -1.973335602525153054e-01 1.489600508529059231e-01
5.729983052860276177e-02 1.745389005835818574e+00 -1.197573938825036155e+00 -7.344647635145026138e-03 -2.242314849847968916e-01 1.338885496586448565e-01
2.897386814536724309e-01 2.063608525544493144e+00 -1.186256118588157493e+00 -3.351347014920658118e-02 -2.431027917411772155e-01 1.186345916206298506e-01
5.237728047125680408e-01 2.378614857699790974e+00 -1.170876893867071500e+00 -5.399161873312498944e-02 -2.526750703371230533e-01 1.034834942756909931e-01
7.519962767887454769e-01 2.681523893336534403e+00 -1.152407608512845627e+00 -6.799442209927050729e-02 -2.521119199821054702e-01 8.866803446170484770e-02
9.670481027440369637e-01 2.962707773422883939e+00 -1.131374966093303458e+00 -7.511787874888949113e-02 -2.410748399339060488e-01 7.435358789041851546e-02
1.162192622551616150e+00 3.211640575118728691e+00 -1.107517170656277861e+00 -7.538248043945790233e-02 -2.197483157792059771e-01 6.063952027689809010e-02
1.331081809619408807e+00 3.415680458360026428e+00 -1.078717384853361327e+00 -6.918883497612063338e-02 -1.888506616380325742e-01 4.755514775603362360e-02
1.468384227043134427e+00 3.553323180203281861e+00 -1.036276144716216763e+00 -5.732464961903695200e-02 -1.495962869870246237e-01 3.506110386660477723e-02
1.569787248790042611e+00 3.559365757458499591e+00 -9.420954665738149325e-01 -4.089416339025878783e-02 -1.036479354712475931e-01 2.307046747993488425e-02
1.631809928405219656e+00 2.948849355247308068e+00 -4.821764740538922456e-01 -2.126935221523182373e-02 -5.302517206541125516e-02 1.144086763560817586e-02
2.579744881416515923e-11 1.778363247088663078e-11 9.784152971416743825e-12 -7.939558377074783535e-16 6.290200335721053650e-16 -2.422147411147305986e-16
2.579744881416515923e-11 1.778363247088663078e-11 9.784152971416743825e-12 -7.939558377074783535e-16 6.290200335721053650e-16 -2.422147411147305986e-16
8.950563127766896443e+00 4.386401421546659662e+01 5.529900779460041349e+01 -2.164200573542052197e-01 2.508647081171586080e-01 -1.788695065030954656e-01
4.383012039944175342e+01 9.540503179357360253e+00 5.507270327545673183e+01 -4.262669745619954709e-01 5.018337020566406848e-01 -3.583589424841998605e-01
4.376792353184341522e+01 9.488623022362629555e+00 5.504284523671547191e+01 -6.235585690959986049e-01 7.527486857811885868e-01 -5.390594468383614890e-01
4.368540802008298130e+01 9.295536729130093434e+00 5.504595535030415476e+01 -8.031426366804760297e-01 1.002954968686891712e+00 -7.216699700305597709e-01
4.359402636692406219e+01 9.037634292919793921e+00 5.506347795524831668e+01 -9.612317695729806211e-01 1.251133336967679810e+00 -9.068969587540879340e-01
4.350087721076911862e+01 8.743307353403510618e+00 5.508494074527005324e+01 -1.095343076849278674e+00 1.495210202772726094e+00 -1.095673779214888288e+00
4.340995511677997598e+01 8.435956268829022164e+00 5.510772032215521676e+01 -1.204908410359747384e+00 1.732343222088041035e+00 -1.288803102354050933e+00
4.333063803862529539e+01 8.136780361389341465e+00 5.513101139984397747e+01 -1.290888361199581391e+00 1.959082280495197503e+00 -1.487127905409042716e+00
4.326818171245000855e+01 7.863961371335506989e+00 5.515108301923955736e+01 -1.355790246719223324e+00 2.171529741804221647e+00 -1.691391707791160659e+00
4.322556538056989694e+01 7.632966226425400791e+00 5.516409092941844250e+01 -1.403389624037100436e+00 2.365635634986403613e+00 -1.902149744622068095e+00
4.320255599561237858e+01 7.455822036230779659e+00 5.516552129597189236e+01 -1.438384893676202703e+00 2.537535450872479004e+00 -2.119693048760703746e+00
4.319586334810056627e+01 7.340453903025595750e+00 5.514981179781197795e+01 -1.465966686516297690e+00 2.683909314444452576e+00 -2.343780216333146704e+00
4.319892438170738558e+01 7.290180265761563305e+00 5.511115252493735284e+01 -1.491396842172915571e+00 2.802246121988299699e+00 -2.574322999686286639e+00
4.320240814321131495e+01 7.303664298609773731e+00 5.504354257822782159e+01 -1.519504864341063133e+00 2.891220464589685069e+00 -2.810307881688280940e+00
4.319486922770961002e+01 7.375680116909619777e+00 5.494096055714853577e+01 -1.554385498788142472e+00 2.950821813972728691e+00 -3.050482584247721007e+00
4.316223984490464005e+01 7.495647463349166983e+00 5.479792154975090313e+01 -1.599039387883854912e+00 2.982442723468797574e+00 -3.293280060807081355e+00
7.651435559332903757e+00 4.309103922969558198e+01 5.460984985071690545e+01 2.988885534898365837e+00 -1.655187229899410806e+00 -3.536903412028320037e+00
7.828391648433188799e+00 4.296785391773128282e+01 5.437333965339404784e+01 2.974185563401106513e+00 -1.723189550884492993e+00 -3.779458714271084929e+00
8.011048395220541352e+00 4.278075177781003902e+01 5.408658457823781163e+01 2.943364923159808466e+00 -1.802103921911524020e+00 -4.019110173618940962e+00
8.184165625621842466e+00 4.252003257214671805e+01 5.374899146073683198e+01 2.902090762181210426e+00 -1.889829521316298555e+00 -4.254240376478824359e+00
8.333870576615520775e+00 4.217942351070283280e+01 5.336368838296102979e+01 2.856419105046610785e+00 -1.983182569173738363e+00 -4.483573265048488743e+00
8.448475486401711976e+00 4.175596588395760733e+01 5.293397024139120077e+01 2.811740969424557868e+00 -2.078865167764536004e+00 -4.706531966476209305e+00
8.519216257691509142e+00 4.125066540645640600e+01 5.246554816509092234e+01 2.773342774194805127e+00 -2.172858668389439085e+00 -4.922895205761908421e+00
8.540726679608541261e+00 4.066854970686561899e+01 5.196573467979757766e+01 2.745083984945868583e+00 -2.261517375208847991e+00 -5.133545570415831705e+00
8.511199077691166792e+00 4.001829129850259648e+01 5.144303092212719974e+01 2.729698798418327854e+00 -2.341600600425852718e+00 -5.339727321065340426e+00
8.432381541126625635e+00 3.931177949435225827e+01 5.090662189583384389e+01 2.728244055879982533e+00 -2.410698640902712686e+00 -5.543450051910958187e+00
8.309285067375766332e+00 3.856359748019850286e+01 5.036596005957380839e+01 2.740078954072534323e+00 -2.467399185348367663e+00 -5.747272644368528915e+00
8.149664263717893320e+00 3.778991137071070483e+01 4.983005218131977898e+01 2.762890531159480467e+00 -2.511428404767687361e+00 -5.954129734096619941e+00
7.963372828590835617e+00 3.700761244920645510e+01 4.930689300760734994e+01 2.792866024136652747e+00 -2.543659177467859855e+00 -6.167137216553075341e+00
7.761736515350674104e+00 3.623397676515803312e+01 4.880341124820177612e+01 2.824967646232032337e+00 -2.566031939011456764e+00 -6.389360520639335128e+00
7.556395305490798187e+00 3.548428087780677487e+01 4.832434249391979364e+01 2.853357762049478552e+00 -2.581347775726938298e+00 -6.623590995959781402e+00
7.358692390184810250e+00 3.477190927084880201e+01 4.787247798624520811e+01 2.871844900207892515e+00 -2.593019302917658475e+00 -6.872129959470528071e+00
7.178781008801484731e+00 3.410721424716818007e+01 4.744837863992038507e+01 2.874384374571109291e+00 -2.604737776377888725e+00 -7.136613566374223616e+00
3.349683769056090910e+01 7.024945601050436750e+00 4.705040017277991637e+01 -2.620148911956347693e+00 2.855573805230318118e+00 -7.417875621738614811e+00
3.294348993246158130e+01 6.903055620353521604e+00 4.667492375827892204e+01 -2.642504228215221573e+00 2.811062191210453864e+00 -7.715898361037399233e+00
3.244576040574209230e+01 6.816252080673073088e+00 4.631661650740012703e+01 -2.674400002952826316e+00 2.737899643593834309e+00 -8.029800400130339355e+00
3.199832124505990905e+01 6.764827119953025658e+00 4.596887014399793969e+01 -2.717553803338548679e+00 2.634754950225792314e+00 -8.357906811701443672e+00
3.159248348424589992e+01 6.746359842013204045e+00 4.562435668820396018e+01 -2.772689737835777546e+00 2.501967721844297721e+00 -8.697893234605139412e+00
3.121675570658272036e+01 6.756009046296830967e+00 4.527548704020421866e+01 -2.839542797090996551e+00 2.341541005214008653e+00 -9.046971570221222336e+00
3.085778964840988792e+01 6.787021069693113695e+00 4.491507600077402174e+01 -2.916941668497365470e+00 2.156931427914660304e+00 -9.402079035934718831e+00
3.050134631377801853e+01 6.831337408082704954e+00 4.453690005569847443e+01 -3.003104354362544193e+00 1.952759570187068805e+00 -9.760136547533399209e+00
3.013316479323911778e+01 6.880245030737969003e+00 4.413648767807557505e+01 -3.096188402662253036e+00 1.734481350781627684e+00 -1.011828738255930205e+01
2.973995343281775305e+01 6.925062875061906986e+00 4.371262597833160157e+01 -3.195755694587132378e+00 1.507965728422115292e+00 -1.047409215205579436e+01
2.931012599420499498e+01 6.957750677447823939e+00 4.327344540968905306e+01 -3.308949848709672015e+00 1.279091841672555185e+00 -1.082571249844128403e+01
2.883440837304329918e+01 6.971419390616070189e+00 4.290778247812274060e+01 -3.522026343434090379e+00 1.053367367053404502e+00 -1.117204218633656509e+01
2.830625510999864858e+01 6.960727587103465730e+00 -3.142080618950277682e+00 8.355742851785796788e-01 4.192658883868023878e+01 -1.151275928607804744e+01
2.772205286495712073e+01 6.922126005875607113e+00 -3.365253356869802204e+00 6.295167074464877999e-01 4.153078733763469899e+01 -1.184833245757143239e+01
2.708106336098795808e+01 6.853920791492569720e+00 -3.440774459226966009e+00 4.378471567755423122e-01 4.097492508213474594e+01 -1.217995527099953890e+01
2.638526490384795764e+01 6.756227006142467850e+00 -3.483859049642965999e+00 2.619883501610139054e-01 4.037967142229882711e+01 -1.250942064147161936e+01
2.563890247373548448e+01 6.630748298372552085e+00 -3.506329696927315442e+00 1.021748833773823278e-01 3.976208345010580558e+01 -1.283894954763173502e+01
6.480482039833275643e+00 2.484804977642481205e+01 -4.242708455253775546e-02 -3.511837138943052050e+00 3.913052594016041041e+01 -1.317099740850109590e+01
6.309323175046356091e+00 2.401994944807047005e+01 -1.734885663128679367e-01 -3.502598004042154489e+00 3.849117225960711153e+01 -1.350802179300847605e+01
6.121651499688844922e+00 2.316241461542976054e+01 -2.932462603847298954e-01 -3.480537944996207500e+00 3.784900805314556038e+01 -1.385227279204775108e+01
5.921907082767903674e+00 2.228320804349700879e+01 -4.041886597116780555e-01 -3.447473843946962990e+00 3.720794094301208332e+01 -1.420559158527779786e+01
5.714203026260149976e+00 2.138946468716932259e+01 -5.087346935567860218e-01 -3.405054546651078429e+00 3.657076235975313239e+01 -1.456924009563849687e+01
5.501999392387001642e+00 2.048720833824861742e+01 -6.089122769380608258e-01 -3.354616862760446239e+00 3.593909179529288167e+01 -1.494377710071736409e+01
5.287886938598746589e+00 1.958100987348253597e+01 -7.060377043784731299e-01 -3.296848899763297869e+00 3.531333155077186348e+01 -1.532883569420947012e+01
5.073373634784961617e+00 1.867375007866399983e+01 -8.008641381706492757e-01 -3.232522151853006509e+00 3.469274913648197867e+01 -1.572362958239508401e+01
4.858980296380353892e+00 1.776659817999641078e+01 -8.929888710466841184e-01 -3.161240586958487420e+00 3.407553705851017867e+01 -1.612615254476011017e+01
4.644223489662152815e+00 1.685903663931417285e+01 -9.811628696054375265e-01 -3.082264703223696500e+00 3.345901261554235617e+01 -1.653371461442205970e+01
4.427797262104999021e+00 1.594907734147191825e+01 -1.063295141837431457e+00 -2.994397235417898262e+00 3.283933945625091866e+01 -1.694284870348640837e+01
4.207783449504430173e+00 1.503354781524254591e+01 -1.136606476000932453e+00 -2.896110090925127611e+00 3.221215593530782684e+01 -1.734923986354127479e+01
3.981935266562658615e+00 1.410848021200209423e+01 -1.197842336323822421e+00 -2.785706608408096585e+00 3.157236723780950527e+01 -1.774764175751197826e+01
3.747852219561871312e+00 1.316943487877620811e+01 -1.243529962231771036e+00 -2.661514488837546821e+00 3.091300499127182633e+01 -1.813161443243747328e+01
3.503346192619829047e+00 1.221198820577107824e+01 -1.270231954943734864e+00 -2.522026822645832667e+00 3.022618615053864843e+01 -1.849290945909834960e+01
3.246574062854572951e+00 1.123205574800436857e+01 -1.274832657453288887e+00 -2.366080417321501983e+00 2.950107019780175577e+01 -1.882045946779343026e+01
2.976212553740154476e+00 1.022623906371778091e+01 -1.254778586967469689e+00 -2.192968978507758848e+00 2.872225593184586501e+01 -1.909851978811717998e+01
9.192083115995176357e+00 2.691549112069448579e+00 -2.002515628618703136e+00 -1.208285691230299941e+00 2.786636654983987427e+01 -1.930328585828468846e+01
8.128275419358649501e+00 2.392514805258620036e+00 -1.795106738178609884e+00 -1.134501651123118959e+00 2.689585633860521696e+01 -1.939672507288397796e+01
7.034763890543692888e+00 2.079662803554457540e+00 -1.571683008906805012e+00 -1.033621921000186461e+00 2.574733164732379365e+01 -1.931492860520462429e+01
5.912796877124129935e+00 1.754098490123604748e+00 -1.333682688108857262e+00 -9.069286191887793169e-01 2.430902597257020759e+01 -1.894559489048794632e+01
4.764844281482128352e+00 1.417363927236795940e+00 -1.082958578668068439e+00 -7.567473930965720186e-01 2.237684374849703417e+01 -1.808418791768000489e+01
3.594570123839888609e+00 1.071366996933244220e+00 -8.217119522729173786e-01 -5.864301090552269669e-01 1.957612763906830011e+01 -1.635558641103919797e+01
2.406640106743756835e+00 7.183004739408339612e-01 -5.523437132517707848e-01 -4.001717055293319003e-01 1.526952393336000391e+01 -1.312189968047239574e+01
1.206449591107665142e+00 3.603639761428011346e-01 -2.775503165405568962e-01 -2.029036839847810914e-01 8.697214430520270767e+00 -7.623257345753341241e+00
-9.654496570010771127e-15 -3.146433894319754809e-15 -6.684239141642908623e-15 -1.781298271148537745e-14 8.482240694850313866e-15 -1.326463113098765478e-14
-9.654496570010771127e-15 -3.146433894319754809e-15 -6.684239141642908623e-15 -1.781298271148537745e-14 8.482240694850313866e-15 -1.326463113098765478e-14
-3.563845360543330676e-01 -1.346163804352320748e+00 -4.556858099420886821e-01 -1.783150887501717685e+00 1.183367189522214646e+00 4.680262155210936914e-01
-7.129129297474313676e-01 -2.685254275443401450e+00 -9.102675176240228039e-01 -3.554965506789702356e+00 2.363485620830166667e+00 9.357505450555431148e-01
-1.067666728035963297e+00 -4.012534653541584007e+00 -1.365617226520422056e+00 -5.301537049361261467e+00 3.537133513934386020e+00 1.402868403901001759e+00
-1.420131069744831276e+00 -5.321710376451106228e+00 -1.821730846231269574e+00 -7.010800706302463325e+00 4.701144780477640062e+00 1.869068717315773176e+00
-1.769618100357984947e+00 -6.607131385656292544e+00 -2.278548965812731808e+00 -8.671474834615557015e+00 5.852393397668150143e+00 2.333993052052873107e+00
-2.115688267931328248e+00 -7.863431104782094394e+00 -2.736159605752619406e+00 -1.027306046832576492e+01 6.987945909432510483e+00 2.797410390621683618e+00
-2.458004689945458843e+00 -9.085584951810808718e+00 -3.194517791072819968e+00 -1.180597132977637820e+01 8.104881204995441735e+00 3.258954940486268992e+00
-2.796389291676805833e+00 -1.026894861847157969e+01 -3.653476300833457202e+00 -1.326165676944235905e+01 9.200422645847844194e+00 3.718311680504191141e+00
-3.130843518801875280e+00 -1.140930692721714657e+01 -4.112787404802989322e+00 -1.463269036059572947e+01 1.027191204827958693e+01 4.175172892144598968e+00
-3.461598666551685799e+00 -1.250289977777903339e+01 -4.572139999883813033e+00 -1.591279277662523484e+01 1.131680628135128330e+01 4.629246102498169257e+00
-3.788958381465270087e+00 -1.354643261909119190e+01 -5.030987067985810413e+00 -1.709685067419866300e+01 1.233267628162120211e+01 5.080255360710445700e+00
-4.113522151463126164e+00 -1.453708936561935516e+01 -5.488815143706725408e+00 -1.818084636657244957e+01 1.331717485138164037e+01 5.527951964141294638e+00
-4.436013991428822578e+00 -1.547251897949956145e+01 -5.944973551340880569e+00 -1.916183152185304550e+01 1.426804720963647455e+01 5.972105493661702624e+00
-4.757298192370083001e+00 -1.635097502917687251e+01 -6.398733456164996447e+00 -2.003798389821289661e+01 1.518307611190619077e+01 6.412510292730132733e+00
-5.078339474402051579e+00 -1.717067567731809064e+01 -6.849296347618938796e+00 -2.080780396966267887e+01 1.606007341085555140e+01 6.848985311435033196e+00
-5.400185209277265308e+00 -1.793072674441557623e+01 -7.295805849781138441e+00 -2.147111651710412872e+01 1.689687937583991229e+01 7.281350899509821950e+00
-5.723897727999597507e+00 -1.863040522757163231e+01 -7.737378469375042478e+00 -2.202801435981445977e+01 1.769118581985773986e+01 7.709438446404539569e+00
-6.050567266475997741e+00 -1.926946346738657923e+01 -8.173105723789124255e+00 -2.247923436306752620e+01 1.844060739779092373e+01 8.133036479539603292e+00
-6.381233421038489340e+00 -1.984784808835364700e+01 -8.602064164324730200e+00 -2.282545189993425083e+01 1.914251082817227712e+01 8.552034679304815867e+00
-6.716792585908998525e+00 -2.036553446907788967e+01 -9.023337185807303484e+00 -2.306727132315357665e+01 1.979391597231819944e+01 8.966191371506903707e+00
-7.058098178899991026e+00 -2.082308750396319752e+01 -9.436040073928355199e+00 -2.320525388954509083e+01 2.039126032218759121e+01 9.375246171290338992e+00
-7.405842147357847516e+00 -2.122111824363864230e+01 -9.839308770028496909e+00 -2.323919441853747259e+01 2.093018740769485575e+01 9.778901935545325941e+00
-7.760549691113904913e+00 -2.156038604438272799e+01 -1.023232028428549789e+01 -2.316777287353481896e+01 2.140514473673200868e+01 1.017679801610651324e+01
-8.122571672315746838e+00 -2.184177722135707711e+01 -1.061429001500866143e+01 -2.298788886097105078e+01 2.180879492881294013e+01 1.056850457778774732e+01
-8.492123928599422555e+00 -2.206630237079243884e+01 -1.098452822301515752e+01 -2.269373406352791278e+01 2.213110035741780379e+01 1.095350216364920826e+01
-8.869229544237157370e+00 -2.223497613155031161e+01 -1.134241795857922774e+01 -2.227532880030947737e+01 2.235798405723284787e+01 1.133117628438543889e+01
-9.253431653935107803e+00 -2.234881893264268982e+01 -1.168698969246779740e+01 -2.171601801401533649e+01 2.246898851140255005e+01 1.170089230576486372e+01
-9.644505648225250027e+00 -2.240898284842401722e+01 -1.201780276059992225e+01 -2.098893967969241814e+01 2.243338026728254064e+01 1.206182446415318310e+01
-1.004191838039243123e+01 -2.241657860118746726e+01 -1.233426041535066275e+01 -2.005024076452187032e+01 2.220371902902137862e+01 1.241307314842546816e+01
-1.044499842884582819e+01 -2.237269883842810714e+01 -1.263577771896405189e+01 -1.882759121603448804e+01 2.170429398616786187e+01 1.275362848111521963e+01
-1.085296258681606574e+01 -2.227841586009210317e+01 -1.292176910972667869e+01 -1.720009741077937448e+01 2.081103680364107333e+01 1.308236800159117941e+01
-1.126493406707280087e+01 -2.213476265859271663e+01 -1.319163647162085518e+01 -1.496433902587136977e+01 1.931755880988446705e+01 1.339804938040121840e+01
-1.167996648209337529e+01 -2.194273433336913826e+01 -1.344474432520509133e+01 -1.178762682780511639e+01 1.688839456519484372e+01 1.369931264616748479e+01
-1.209706932140675661e+01 -2.170327480820732191e+01 -1.368040314475475938e+01 -7.194026952776185091e+00 1.304501375198822011e+01 1.398466396252806199e+01
-1.251524421370600493e+01 -2.141748878417763180e+01 -1.389784597608882777e+01 -7.852932161186558790e-01 7.386483432767467328e+00 1.425243580032666735e+01
-1.293339651643477239e+01 -2.108581237488380822e+01 -1.409617743794636802e+01 7.010261779587769304e+00 3.392794988699889269e-01 1.450092729110871481e+01
-1.335054794464083550e+01 -2.070935819888271823e+01 -1.427439047845866682e+01 1.445930190931693815e+01 -6.365862585614945779e+00 1.472810857989745337e+01
-1.376553383411813414e+01 -2.028865857342537637e+01 -1.443114524024739964e+01 1.997079266931472930e+01 -1.113971231481081148e+01 1.493195861215743392e+01
-1.417730739703128862e+01 -1.982458060444562520e+01 -1.456497063193115693e+01 2.341615796907960600e+01 -1.385602752284022188e+01 1.511008710823059786e+01
-1.458472213884091140e+01 -1.931787621625658957e+01 -1.467401146482731988e+01 2.542544180607270476e+01 -1.514710132244553087e+01 1.525990519484326846e+01
-1.498655236923191580e+01 -1.876929184803376316e+01 -1.475589288462933624e+01 2.657626960940551797e+01 -1.559297342397481678e+01 1.537853201647256363e+01
-1.538142187632417190e+01 -1.817962270206554720e+01 -1.480746026708055396e+01 2.722524933100645228e+01 -1.555315089821664998e+01 1.546274172848843342e+01
-1.576774645886835913e+01 -1.754971749010211468e+01 -1.482395552191134414e+01 2.756916266264779836e+01 -1.522858223217857088e+01 1.550888118534481741e+01
-1.614362566098300888e+01 -1.688051342589606207e+01 -1.479507874520331789e+01 2.770988771051488087e+01 -1.473053532084897554e+01 1.551281288784439738e+01
-1.650672578926608125e+01 -1.617305821293587798e+01 -1.464371897518578969e+01 2.763464603143599163e+01 -1.412218952360452207e+01 1.546973026594104539e+01
-1.685399813422072768e+01 -1.542850164927505752e+01 2.779158701498317185e+01 -1.477915038660647618e+01 -1.344075490839460052e+01 1.537430875618399817e+01
-1.718157525449449707e+01 -1.464816612716568756e+01 2.757544270495085925e+01 -1.457171029576621457e+01 -1.270904550123351839e+01 1.522020918355235786e+01
-1.748437670465130367e+01 -1.383356364353578449e+01 2.733164659875705738e+01 -1.435075375812433052e+01 -1.194164344061231375e+01 1.500022064786255704e+01
-1.775537455960532895e+01 -1.298622686386537772e+01 2.702488339883261048e+01 -1.407005060172639510e+01 -1.114813564293248938e+01 1.470606776402964933e+01
-1.798522668766536725e+01 -1.210798477075504387e+01 2.664716375118662128e+01 -1.371498851120651707e+01 -1.033516305430092785e+01 1.432833039864316405e+01
-1.816093890513693054e+01 -1.120077078029432371e+01 2.618863970719583989e+01 -1.327309799189647244e+01 -9.507422627940872673e+00 1.385641595265420634e+01
-1.826428518569129622e+01 -1.026664922404180302e+01 2.563398187723620936e+01 -1.273163427769273603e+01 -8.668343736599183558e+00 1.327869637340754139e+01
-1.826933201820738972e+01 -9.307796453077505916e+00 2.495976254462985011e+01 -1.207728119259462041e+01 -7.820511294449014272e+00 1.258276874809049417e+01
-1.813859997156328774e+01 -8.326468857362250731e+00 2.413070688004455278e+01 -1.129664965850845348e+01 -6.965920256575200753e+00 1.175608643894232586e+01
-1.781727484170995268e+01 -7.325029836273118988e+00 2.309394295990922785e+01 -1.037723057216803291e+01 -6.106236413792755613e+00 1.078693529930703576e+01
-1.722481579583019240e+01 -6.305596091399132241e+00 2.177084746202342558e+01 -9.308822678643460691e+00 -5.242648239693229684e+00 9.666042782051622595e+00
-1.624392432328921032e+01 -5.270358033895643501e+00 2.004568360845535224e+01 -8.085682022121430279e+00 -4.376442464274651556e+00 8.388544411212093266e+00
-1.471045086637708010e+01 -4.221064998620622788e+00 1.775553905714938452e+01 -6.708847358551872198e+00 -3.508892433232501773e+00 6.956587756111013654e+00
-1.241807448994399543e+01 -3.158315733406433790e+00 1.469420785364248871e+01 -5.188578791055999950e+00 -2.641855909751450682e+00 5.382202127414089432e+00
-9.172163297150234484e+00 -2.078571388734509195e+00 1.066308194315545244e+01 -3.546049562063875449e+00 -1.779682738963132005e+00 3.690865041839836547e+00
-4.936269397243921553e+00 -9.471897089732695951e-01 5.590694547981879481e+00 -1.813525943616064895e+00 -9.461982706159692835e-01 1.938657665598680468e+00
-2.797465433564634910e-02 1.528366057851308912e-02 1.479264522372598055e-02 -3.299451384736633991e-02 6.092319764522235136e-03 2.002218198355430398e-02
-2.797465433564634910e-02 1.528366057851308912e-02 1.479264522372598055e-02 -3.299451384736633991e-02 6.092319764522235136e-03 2.002218198355430398e-02
-1.858467225398712647e-02 1.518284253078760158e-02 2.864017101943938919e-03 -2.869020953286426090e-02 2.710457892049049355e-02 -2.124393394756126686e-03
-8.791257577564574530e-03 2.213978670738738549e-03 3.051860679397733374e-03 -2.403515314287583970e-02 2.599294098931773447e-02 -2.295254539765411231e-03
5.056171769024875393e-04 -1.048223745331662397e-02 3.097086933052009550e-03 -1.909791040170427320e-02 2.463878819589918751e-02 -2.341741359524497027e-03
8.399498893125734861e-03 -2.197069291434157814e-02 2.990920010415369732e-03 -1.394861939181321446e-02 2.306252600121732818e-02 -2.268630355901055367e-03
1.405259077115320748e-02 -3.134692077864329601e-02 2.745293391797699531e-03 -8.664128611378831349e-03 2.126727208899988064e-02 -2.086884666917125913e-03
1.676964688528920222e-02 -3.779740360376328961e-02 2.377936464501876398e-03 -3.334259126352634526e-03 1.924279700489413270e-02 -1.810472560109377101e-03
1.606324097833542255e-02 -4.065543876787955369e-02 1.912215310037345935e-03 1.934476315157491978e-03 1.696261087656223895e-02 -1.457373029491118620e-03
1.170278935865994713e-02 -3.946676695042356658e-02 1.379713663544063738e-03 7.019106858540345370e-03 1.439523483118827080e-02 -1.051825137956047783e-03
3.746794308845399681e-03 -3.402661113109262114e-02 8.139506986285248479e-04 1.178203772407035443e-02 1.150452048367286637e-02 -6.196172179277803548e-04
-7.449680295165339410e-03 -2.441823364503110244e-02 2.464342371205166006e-04 1.607790979877250434e-02 8.264240096152222423e-03 -1.850755808774036447e-04
-2.124766920625819483e-02 -1.102047771460885200e-02 -2.874316748576807986e-04 1.976143921608612686e-02 4.663290750860174007e-03 2.244125820162627997e-04
-3.675870584139431796e-02 5.493931150159364618e-03 -7.595240399588487580e-04 2.269619230754334541e-02 7.188831088367599390e-04 5.869838247064632910e-04
-5.289643206713719181e-02 2.419028041373492283e-02 -1.150219901807257626e-03 2.476481497256597178e-02 -3.521448099876204035e-03 8.872759252835007299e-04
-6.844243271913690030e-02 4.390482587948563858e-02 -1.445289519046928694e-03 2.587499363759772353e-02 -7.964515864016972688e-03 1.114074832563320856e-03
-8.212133460512402450e-02 6.331488995412833110e-02 -1.640376172433905726e-03 2.596691816304897912e-02 -1.247792077423482554e-02 1.263793078377253723e-03
-9.267707016610016169e-02 8.100382984294417221e-02 -1.741887569951805059e-03 2.501544305885273350e-02 -1.688685303852568986e-02 1.341193905417978512e-03
-9.895484346564015210e-02 9.554943433057358493e-02 -1.761891839500851669e-03 2.303152666684576272e-02 -2.098279286670553384e-02 1.355482960853787461e-03
-9.996929519944212916e-02 1.056033480493242666e-01 -1.719338873998746582e-03 2.005939623088650453e-02 -2.453108200457186985e-02 1.321261783679212676e-03
-9.497286020167629295e-02 1.099839305654447819e-01 -1.630711817409888006e-03 1.617529661555781872e-02 -2.728887159140642310e-02 1.251306409268675797e-03
-8.350635327702145283e-02 1.077518003590447193e-01 -1.530063450832672535e-03 1.148141929644038578e-02 -2.901786004838951757e-02 1.172047548938108356e-03
-6.543470932154248076e-02 9.828271794394616290e-02 -1.434720100494692868e-03 6.101395954165653515e-03 -2.950618241343009110e-02 1.097038744335700330e-03
-4.096869698449998737e-02 8.132266877381980064e-02 -1.358925489963185018e-03 1.753253664278975386e-04 -2.858612153429315045e-02 1.037462204705438427e-03
-1.066876713922924359e-02 5.702283857210116436e-02 -1.320672153751225892e-03 -6.143360872666682460e-03 -2.615105139884210672e-02 1.007396809544954105e-03
2.457233980400078122e-02 2.595289148922664754e-02 -1.317954039623348310e-03 -1.269100145648966761e-02 -2.217124422809674256e-02 1.005394236942458008e-03
6.355828891837878025e-02 -1.090714272172939835e-02 -1.353680280273385781e-03 -1.929473061919451116e-02 -1.670405006439695458e-02 1.033762573924754211e-03
1.048387492496548334e-01 -5.219919500239665611e-02 -1.408116633530277339e-03 -2.577476849778940690e-02 -9.900186180568343319e-03 1.077188966523526551e-03
1.467679295132812700e-01 -9.624087190459199026e-02 -1.487306933810884175e-03 -3.194444379722968103e-02 -2.003612629977261431e-03 1.140315539754147445e-03
1.875648237532865636e-01 -1.410927388284307082e-01 -1.557579555558989996e-03 -3.760802594089397710e-02 6.654186776588434486e-03 1.196928295951811549e-03
2.253923376809255086e-01 -1.846432241368548555e-01 -1.606847990227947606e-03 -4.256557370025186582e-02 1.566552073196179201e-02 1.237557716572672967e-03
2.584108042424294038e-01 -2.246871242349625930e-01 -1.626763373020213713e-03 -4.661271452959523526e-02 2.456502068917951545e-02 1.255656867424837430e-03
2.848487505549323617e-01 -2.590185201864644848e-01 -1.599842370495564974e-03 -4.954243393971035497e-02 3.284736032326037586e-02 1.237608400016078488e-03
3.030489789574838944e-01 -2.855061906315633502e-01 -1.517791183711341167e-03 -5.115114904217991920e-02 3.999309853066383702e-02 1.176955899962010008e-03
3.114850725943774101e-01 -3.021416579298715210e-01 -1.389482018226441884e-03 -5.123777834965862615e-02 4.548816333408751966e-02 1.080592889290633981e-03
3.087695227679132515e-01 -3.070778142943993427e-01 -1.221070820824447789e-03 -4.960798723483729467e-02 4.884691705531153672e-02 9.532694219809788837e-04
2.936282682127909216e-01 -2.986304463786081387e-01 -1.021816208828718467e-03 -4.606729353439194263e-02 4.962130952355933017e-02 8.020726689390287635e-04
2.647845386067105289e-01 -2.751872014482555362e-01 -8.082388471285202949e-04 -4.041116656464673051e-02 4.740522977733278159e-02 6.396343677687664313e-04
2.207571827142094656e-01 -2.350237052950761574e-01 -5.972876475114647504e-04 -3.238939986602280136e-02 4.180822321870763386e-02 4.788086421234636681e-04
1.593531140062471596e-01 -1.758084739662312823e-01 -4.044234665979421417e-04 -2.164140759062376310e-02 3.239666785146016331e-02 3.312111905288359645e-04
7.656681535159257090e-02 -9.350868941542372914e-02 -2.421847363641802409e-04 -7.537027082496572904e-03 1.853671288866998862e-02 2.061708070983817660e-04
-3.651743159664246063e-02 2.070864566336102011e-02 -1.216638744273826112e-04 1.120782129216654072e-02 -9.923098437045400726e-04 1.119741902590318049e-04
-2.040190163283300273e-01 1.907786654936961257e-01 -4.400399029025289538e-05 3.760720832295894739e-02 -2.908032268770445461e-02 4.934385822857035556e-05
-5.149066650657445621e-01 5.053957670399523705e-01 -3.981292161428205802e-06 8.059190639559955793e-02 -7.448089275306458978e-02 1.430082774641534939e-05
-1.215464407755607823e+00 1.210498656622501557e+00 6.067232593606535812e-06 1.713788478782405089e-01 -1.681924932656982674e-01 1.247785032268987233e-06
-1.905681782448017577e-16 1.700144106458244195e-14 -6.104079610908054289e-15 9.083351961670939941e-15 -1.050335874311161089e-16 5.115381994619049941e-15
