2.661575149153523220e-11 1.992393658729549622e-11 2.082819688997683307e-11 2.935892599296327386e-15 4.501928063490702132e-15 1.739114859944574914e-15
7.197316030046825119e+01 7.205026021859856655e+01 6.647339727022954037e+01 3.985512380733655102e-01 4.384892536266422614e-01 7.912729688908745063e-01
7.170904140978660735e+01 7.206646816563093694e+01 6.637309849995997979e+01 7.903424134197785111e-01 8.492992649613028133e-01 1.581986909281250631e+00
7.157560540905598145e+01 7.200052271127553638e+01 6.626729259604923072e+01 1.165209238543144510e+00 1.244122664273410894e+00 2.371488432506205335e+00
7.145624095943428244e+01 7.185196250286003306e+01 6.612833416589663216e+01 1.516323948293122115e+00 1.611383316119519460e+00 3.158940649382103949e+00
7.132788634561806873e+01 7.164148019775122123e+01 6.595712220784778879e+01 1.838534771036986371e+00 1.943606166561618220e+00 3.943250123289892883e+00
7.116943973206772966e+01 7.137066295717013986e+01 6.573147943226344125e+01 2.128361177395459158e+00 2.236226653734411318e+00 4.723120594586357690e+00
7.097445585472789276e+01 7.104672957658945620e+01 6.545997750177734531e+01 2.384382506608195396e+00 2.487479601660313122e+00 5.496934681823288926e+00
7.073548037847021419e+01 7.067255973082991716e+01 6.514212920936529372e+01 2.607330723703817021e+00 2.698316781071713688e+00 6.262889082735010327e+00
7.044908396996831357e+01 7.025255172467123543e+01 6.477966586040724906e+01 2.800050659713567924e+00 2.872276760406935914e+00 7.019074524705895435e+00
7.010557422140148276e+01 6.978285511416633824e+01 6.437297599634041489e+01 2.967237406001246747e+00 3.015110341224069845e+00 7.763597091053329180e+00
6.970463097105583472e+01 6.926788337769072257e+01 6.392702332017930900e+01 3.115166659625284495e+00 3.134415539917962068e+00 8.494720771428116990e+00
6.924567849587253932e+01 6.871009141611779114e+01 6.344740644672960883e+01 3.251174507912286238e+00 3.238983264013647556e+00 9.210898898779293020e+00
6.872995408815538099e+01 6.811275509328092426e+01 6.294086702152281276e+01 3.383114115825158752e+00 3.338172061691802472e+00 9.911426405074276857e+00
6.816081147191150080e+01 6.748034010381851999e+01 6.241571696792785673e+01 3.518759537711853458e+00 3.441222294541706361e+00 1.059583090764316005e+01
6.754379513052828088e+01 6.681863859764337121e+01 6.188069289636803916e+01 3.665219272367798542e+00 3.556619222805908365e+00 1.126443811540509721e+01
6.688600731716196890e+01 6.613472840082799564e+01 6.134474594970916428e+01 3.828402330821353949e+00 3.691546622815996770e+00 1.191828467853921047e+01
6.619586793563910021e+01 6.543649366130348710e+01 6.081659600133974664e+01 4.012608903041374298e+00 3.851446981645974432e+00 1.255908978074813298e+01
6.548236799340271830e+01 6.473236437060373305e+01 6.030399249965935127e+01 4.220606508927310152e+00 4.040104939528038841e+00 1.318891941533393641e+01
6.475444715228088910e+01 6.403041349731503828e+01 5.981326948385147801e+01 4.452162727148691879e+00 4.258125798018352448e+00 1.381097718749045278e+01
6.333796201189979058e+01 6.402033911909185804e+01 5.934918715994336935e+01 4.505032859121134159e+00 4.706166578394847200e+00 1.442796298385677822e+01
6.266071398437642159e+01 6.328690831090175095e+01 5.891417311198258489e+01 4.778074138690220352e+00 4.979494383874849994e+00 1.504275895971153254e+01
6.200224249618378991e+01 6.255920440999778265e+01 5.850855375307645545e+01 5.072867959029695228e+00 5.267684327687732981e+00 1.565791870626814308e+01
6.136353376069271093e+01 6.184010106920505478e+01 5.813012559655783207e+01 5.383779387236680591e+00 5.565348773704938523e+00 1.627539337142846065e+01
6.074297322307656088e+01 6.113021375245897815e+01 5.777446829987774635e+01 5.704370056676652645e+00 5.866588008874089155e+00 1.689626688601198268e+01
6.013622218977154432e+01 6.042785511677470822e+01 5.743509182024151727e+01 6.027856695010793686e+00 6.165434428969054359e+00 1.752058399755483009e+01
5.953668052083020967e+01 5.972941458559508732e+01 5.710363921143908073e+01 6.347546466241868579e+00 6.456224680783681613e+00 1.814715836967907592e+01
5.893600601650967263e+01 5.902965418707470491e+01 5.677034351691915504e+01 6.657367763493423851e+00 6.734051618469809597e+00 1.877336712533220364e+01
5.832383984481047179e+01 5.832136408504860725e+01 5.642403220115204476e+01 6.951611518934821987e+00 6.994448247615103753e+00 1.939587551218036410e+01
5.769236000727651259e+01 5.759966523892178714e+01 5.605472001773188140e+01 7.225975227288497393e+00 7.234352943281688653e+00 2.000969714978325698e+01
5.703073062678434724e+01 5.685628752888191428e+01 5.565093237715446151e+01 7.477172088316284437e+00 7.451658054266410147e+00 2.060904298254884992e+01
5.633083995333898031e+01 5.608517713625357004e+01 5.520243050328890888e+01 7.703090251111474274e+00 7.645325796191316137e+00 2.118744103652437616e+01
5.558589805244507431e+01 5.528095267406275326e+01 5.470013343921669247e+01 7.902734956176480807e+00 7.815289780384119922e+00 2.173801191781565123e+01
5.479104101747693534e+01 5.443954914387634858e+01 5.413657925271409255e+01 8.076153454169023860e+00 7.962366637986296958e+00 2.225388244775418656e+01
5.394364881210806573e+01 5.355849044652885738e+01 5.350624742454156291e+01 8.224245044982584574e+00 8.088058934487369456e+00 2.272839765009491941e+01
5.304324312094895788e+01 5.263694161521362247e+01 5.280577593177356732e+01 8.348586732182928571e+00 8.194386163400025680e+00 2.315552728843322683e+01
5.209143916080493852e+01 5.167573884026541009e+01 5.203405630019288708e+01 8.451225619735613037e+00 8.283687639143048287e+00 2.353011480346297546e+01
5.109167102878514299e+01 5.067728259399310531e+01 5.119223953430456220e+01 8.534463142872040109e+00 8.358424304202415556e+00 2.384811584140267371e+01
5.004886754521442782e+01 4.964536232867521193e+01 5.028350279434407355e+01 8.600662298185353549e+00 8.421003096231423513e+00 2.410672964357077319e+01
4.896909898873368405e+01 4.858491562250545570e+01 4.931279216021714973e+01 8.652187355580151618e+00 8.473726887943284325e+00 2.430446162026395385e+01
4.750161656837034485e+01 4.785908065947190693e+01 4.828649143918715225e+01 8.518246527904484111e+00 8.690843911642955888e+00 2.444111399864199541e+01
4.640164437542015463e+01 4.672593332709075042e+01 4.721189310995264066e+01 8.556118367968032601e+00 8.718429084035767218e+00 2.451766695005569474e+01
4.529121127482385134e+01 4.557672515180224337e+01 4.609673757525333571e+01 8.588339499289620704e+00 8.736265467126800743e+00 2.453609932769007074e+01
4.417628491110260569e+01 4.441825926258896118e+01 4.494871037064470443e+01 8.615487962699722502e+00 8.745343092338970337e+00 2.449869483960534922e+01
4.306220381099740990e+01 4.325675624443326228e+01 4.377499588436575095e+01 8.637574336814966003e+00 8.746172911472942957e+00 2.440956854956854016e+01
4.195347909975955503e+01 4.209772985731825656e+01 4.258181888107679214e+01 8.654370358857063295e+00 8.739117840684761163e+00 2.427167187766121259e+01
4.085358964176342056e+01 4.094582531740731923e+01 4.137416137354821899e+01 8.665299061488333621e+00 8.724281273790074565e+00 2.408826531059708032e+01
3.976492050132987544e+01 3.980476836285707520e+01 4.015556768790461462e+01 8.669559072865428817e+00 8.701624202431604616e+00 2.386221761834136501e+01
3.868874953723421584e+01 3.867731394617921126e+01 3.892800969355101159e+01 8.666206946002500189e+00 8.671033487005697538e+00 2.359574758024149688e+01
3.762535320222551150e+01 3.756529427509164520e+01 3.769194673545733565e+01 8.654233187729186483e+00 8.632373910710116505e+00 2.329027916623745043e+01
3.657415551251183672e+01 3.646966661710156643e+01 3.644645009857291029e+01 8.632619245802185759e+00 8.585513930126561277e+00 2.294632666303666824e+01
3.553395971361259598e+01 3.539066001943420048e+01 3.518942823474307602e+01 8.600388687987862824e+00 8.530338089684121883e+00 2.256349024181461971e+01
3.450314376916207237e+01 3.432785231777428692e+01 3.391795482217105473e+01 8.556652894746424209e+00 8.466747394424835704e+00 2.214051690038614595e+01
3.347993836131097112e+01 3.328037913866712927e+01 3.262861803777857261e+01 8.500626922382656048e+00 8.394631956571371845e+00 2.167544594661846347e+01
3.246260855185207816e+01 3.224704784061640339e+01 3.131786040785689806e+01 8.431651016418914679e+00 8.313850037415789984e+00 2.116579794385047109e+01
3.144964846179271234e+01 3.122650454788940522e+01 2.998242631193837937e+01 8.349201667104702906e+00 8.224204321900874248e+00 2.060887505173813494e+01
3.043990035592036847e+01 3.021734773253972861e+01 2.861967304890094965e+01 8.252893993793083638e+00 8.125419237637656167e+00 2.000203502920275511e+01
2.943263445726426397e+01 2.921824376904443810e+01 2.722793227657637516e+01 8.142483650518379079e+00 8.017136942127116583e+00 1.934305043817336767e+01
2.842756781185477521e+01 2.822797822216665864e+01 2.580677410396822680e+01 8.017870786957844942e+00 7.898918826313460428e+00 1.863042396488075170e+01
2.724549927691587570e+01 2.742482392894549648e+01 2.435722274237298635e+01 7.770269627736905882e+00 7.879099115816493359e+00 1.786370820958168082e+01
2.626991094007263783e+01 2.642484685265073807e+01 2.288187764944999003e+01 7.630668615306577252e+00 7.726351474521248264e+00 1.704377219837222412e+01
2.530046696289167585e+01 2.542831578628212696e+01 2.138503676901442319e+01 7.479603729450635896e+00 7.559939131422201974e+00 1.617303447068374922e+01
2.433655081015724519e+01 2.443604269903610771e+01 1.987321731512108869e+01 7.316630393344428107e+00 7.380306551673370130e+00 1.525547390390961588e+01
2.337752137883778758e+01 2.344873196469696097e+01 1.835283269106081505e+01 7.141394713605031974e+00 7.187992970340612686e+00 1.429719628571720236e+01
2.242285637608049242e+01 2.246706053588496843e+01 1.683345365217694933e+01 6.953698348497400872e+00 6.983637250352788151e+00 1.330559939463656249e+01
2.147199353253745358e+01 2.149147475442574518e+01 1.532525724922199650e+01 6.753509893233934136e+00 6.767944159118776781e+00 1.228974991531284822e+01
2.052433477293764597e+01 2.052215448624070504e+01 1.383931950587971649e+01 6.540984625611620196e+00 6.541659704827080368e+00 1.125999260187002093e+01
1.957925928955532768e+01 1.955900825565729662e+01 1.238724085388733975e+01 6.316468660734008367e+00 6.305551661546313191e+00 1.022760028636267471e+01
1.863612573137171324e+01 1.860167504417128725e+01 1.098075297596086486e+01 6.080483329791080749e+00 6.060381277026407609e+00 9.204359117613234886e+00
1.769431148365760009e+01 1.764958428788771627e+01 9.631328349343968753e+00 5.833693826628110202e+00 5.806885038554780998e+00 8.202134282507181240e+00
1.675323689434317131e+01 1.670199529933098503e+01 8.349708652989329849e+00 5.576882837330459530e+00 5.545760480307657225e+00 7.232366163739898823e+00
1.581242797778334008e+01 1.575809688076061832e+01 7.145588235382932751e+00 5.310898908118049100e+00 5.277644235821776775e+00 6.305673161242097535e+00
1.487154492984042875e+01 1.481708953296123177e+01 6.027256252660444957e+00 5.036613052725144257e+00 5.003108551962045958e+00 5.431454023639615158e+00
1.393041472286100735e+01 1.387824610330204678e+01 5.001343841517187805e+00 4.754880145773738853e+00 4.722649292923612130e+00 4.617579350548259853e+00
1.298906454685825196e+01 1.294098373539342184e+01 4.072704098377873727e+00 4.466505163385858346e+00 4.436681276228545023e+00 3.870222596774506751e+00
1.204771474641930418e+01 1.200490997661685100e+01 3.244266030256917510e+00 4.172211775403290801e+00 4.145541950092382244e+00 3.193696959919265943e+00
1.110677603628973564e+01 1.106983635744788508e+01 2.517270390170276428e+00 3.872713000073056300e+00 3.849573803777861958e+00 2.590205070192281411e+00
1.016677657040098914e+01 1.013574840934123422e+01 1.890643151688253809e+00 3.568386720680075896e+00 3.548825241262551167e+00 2.061012970200182259e+00
9.228357008404021400e+00 9.202833877632077275e+00 1.362092161934035595e+00 3.259748335117853113e+00 3.243538979626253038e+00 1.604884866619309403e+00
8.271397279085270782e+00 8.292189739948097937e+00 9.275950588641054262e-01 2.933856350854882500e+00 2.947151567130589456e+00 1.219348674645928332e+00
7.341842413063785600e+00 7.358821725080174403e+00 5.818019991797742652e-01 2.619979575302553876e+00 2.630886971826312148e+00 9.006661367534474216e-01
6.414595964424460561e+00 6.428681128667086853e+00 3.178824169164223834e-01 2.302126484739652312e+00 2.311178846292119893e+00 6.437534007032750250e-01
5.490071091176071505e+00 5.501968950612657672e+00 1.284333917487211207e-01 1.980606496298609409e+00 1.988220170463380176e+00 4.427969302475557867e-01
4.568550655059655519e+00 4.578659738266318335e+00 1.591009866687856725e-02 1.655805715719253390e+00 1.662226017902994180e+00 2.911125105227650445e-01
3.650304694122580518e+00 3.658715336023943721e+00 6.796260804693661506e-02 1.328206568693524936e+00 1.333503721140730569e+00 1.812603893416277479e-01
2.734775115931716627e+00 2.741368259159352672e+00 9.100319490838830461e-02 9.982519670954534963e-01 1.002374240628052471e+00 1.056433159993756116e-01
1.821691652255671645e+00 1.826261911207025301e+00 7.998843848093441233e-02 6.665121982555063385e-01 6.693545932105725571e-01 5.590553081729957019e-02
9.103816100231142405e-01 9.127249078116541625e-01 4.582665910931418146e-02 3.335625631851472650e-01 3.350153032012926357e-01 2.357880691389976219e-02
8.497499596449905639e-15 1.840868748964998736e-14 9.946400329060331771e-15 1.211114280227860510e-14 1.297103621371326860e-15 9.446539418413458695e-15
8.497499596449905639e-15 1.840868748964998736e-14 9.946400329060331771e-15 1.211114280227860510e-14 1.297103621371326860e-15 9.446539418413458695e-15
1.924449952550537912e-01 2.901754814401557692e+00 5.973301439390364953e-01 5.558141415143557085e-01 1.779629749665686989e+00 6.516791993173632891e-01
3.854213803344769262e-01 5.792705837064399788e+00 1.194354403478496307e+00 1.113267637295128010e+00 3.548706712585235845e+00 1.303070434516508058e+00
5.787128408812353131e-01 8.655716023930533964e+00 1.790797278162725048e+00 1.669497587834879004e+00 5.292432854233524608e+00 1.953880491034778677e+00
7.725750296819593466e-01 1.147893819069250299e+01 2.386435665313404453e+00 2.224976563259066786e+00 7.000004736100168046e+00 2.603812028673388124e+00
9.671878194929414141e-01 1.424874927730523666e+01 2.981053757509390501e+00 2.779461161014554094e+00 8.660454787830071055e+00 3.252496540471332853e+00
1.162562753373109548e+00 1.695257339589971224e+01 3.574725935639443630e+00 3.332613029189468001e+00 1.026387486640752122e+01 3.899742971814600612e+00
1.358643455268624844e+00 1.957839581107496585e+01 4.167460775601696810e+00 3.884043693484736881e+00 1.180142369483036546e+01 4.545137255354552153e+00
1.555255988375610965e+00 2.211468233705196695e+01 4.759460135989985297e+00 4.433324582259142055e+00 1.326538782227963509e+01 5.188301726371125078e+00
1.752097682883362539e+00 2.455069002412520263e+01 5.351051194779571141e+00 4.980000238840956328e+00 1.464926313527675639e+01 5.828829227430218474e+00
1.948726449080457002e+00 2.687681703524460630e+01 5.942709865993532681e+00 5.523603249333835841e+00 1.594772380067767337e+01 6.466259220264324092e+00
2.144563356726684411e+00 2.908451483698085482e+01 6.535030276329184318e+00 6.063671814932432014e+00 1.715662171188683516e+01 7.100087228478715318e+00
2.338901265096759996e+00 3.116661731155400261e+01 7.128712576314574001e+00 6.599765684378828823e+00 1.827320856862223764e+01 7.729749443526285013e+00
2.530934631445409089e+00 3.311723932178253449e+01 7.724514023010925712e+00 7.131476310193680668e+00 1.929480327163276954e+01 8.354677955722552340e+00
2.719666362019046435e+00 3.493203029337461629e+01 8.323243660871744609e+00 7.658416691208578264e+00 2.022063276047128610e+01 8.974226950885039855e+00
2.904456193684726628e+00 3.660799056152700359e+01 8.925707801272952935e+00 8.180299916599588883e+00 2.105046487388248977e+01 9.587733342476807863e+00
3.084343827786586889e+00 3.814341675785443897e+01 9.532629233545712566e+00 8.696803588386815775e+00 2.178487862353340532e+01 1.019454278137116532e+01
3.258609791592257388e+00 3.953773622359823747e+01 1.014464414899263112e+01 9.207638518350664825e+00 2.242523653605841361e+01 1.079399941008304253e+01
3.426726301499153582e+00 4.079130623387237620e+01 1.076223896211404707e+01 9.712500109463563902e+00 2.297367412575494683e+01 1.138547283443062241e+01
3.588427079844755063e+00 4.190515371206591055e+01 1.138569622491972488e+01 1.021104063635920411e+01 2.343312257684682720e+01 1.196839324627760703e+01
3.743768823772982479e+00 4.288070332253291639e+01 1.201511415735403610e+01 1.070283479503934032e+01 2.380734154331463515e+01 1.254222838640935755e+01
3.893178787014169639e+00 4.371948451455060081e+01 1.265034363141849383e+01 1.118734911381047326e+01 2.410098100072316996e+01 1.310652925082139753e+01
4.037477972504476043e+00 4.442285764217057675e+01 1.329096696104748609e+01 1.166391530079721051e+01 2.431967067590822040e+01 1.366082851871876080e+01
4.177881526410212487e+00 4.499172306049777603e+01 1.393659673982520175e+01 1.213171138657340187e+01 2.446993968930829766e+01 1.420493121421322869e+01
4.315973577698324348e+00 4.542633840899436137e+01 1.458649176680887471e+01 1.258975266029381146e+01 2.455949062636966929e+01 1.473845378187199806e+01
4.453646988742516299e+00 4.572610930557895159e+01 1.523990728283736473e+01 1.303689651022766149e+01 2.459707749679092714e+01 1.526109830254695687e+01
4.593024762799400307e+00 4.588948199271961670e+01 1.589610059268085784e+01 1.347185504284735558e+01 2.459254344817400195e+01 1.577253714648144012e+01
4.736355859239606225e+00 4.591384902492291786e+01 1.655444804270541326e+01 1.389322662301139388e+01 2.455680497705500898e+01 1.627233885804524505e+01
4.885848223749990282e+00 4.579567510469946257e+01 1.721436987033493793e+01 1.429925894646047801e+01 2.450190351405551326e+01 1.676010225879868898e+01
5.043691623973523441e+00 4.553072114993462804e+01 1.787562140364899577e+01 1.468896341913427683e+01 2.444047722196914663e+01 1.723514094660692564e+01
5.211854002049028267e+00 4.511282597063731004e+01 1.853830342125838371e+01 1.506060159458935566e+01 2.438572767985499468e+01 1.769678742146641071e+01
5.391870901692414009e+00 4.453647017264120223e+01 1.920277407273392001e+01 1.541271798688213934e+01 2.435167459642398669e+01 1.814407371026555538e+01
5.428379665072349702e+00 4.454790664910184717e+01 1.922425627541368698e+01 1.538746185758016516e+01 2.434245766665472743e+01 1.812761897485758311e+01
5.622712268129951951e+00 4.379953627034857533e+01 1.988917561267546574e+01 1.571766158178844464e+01 2.434882864730215601e+01 1.856114745227658602e+01
5.828152131445055950e+00 4.288248328086567795e+01 2.055779228563355332e+01 1.602763349463533160e+01 2.440183826858875449e+01 1.897813038130365371e+01
6.045019794399205892e+00 2.123073558540785299e+01 4.179204793197566659e+01 1.631628085016876284e+01 2.451390424751877006e+01 1.937738499571212003e+01
6.273522242419706352e+00 2.190987564795986486e+01 4.052351536836722801e+01 1.658241309928705931e+01 2.469631187905427794e+01 1.975768524882431265e+01
6.513792416653782169e+00 2.259679250104781190e+01 3.907428910617563389e+01 1.682474322185883153e+01 2.495852095436437423e+01 2.011780587757050043e+01
6.765965925567842376e+00 2.329312706486567564e+01 1.704185487484370043e+01 3.744389943311285407e+01 2.530737560578267065e+01 2.045652171300960731e+01
7.030229693382080924e+00 2.400060851718375332e+01 1.723221894851670655e+01 3.563499593664990073e+01 2.574628187331707352e+01 2.077263237377029270e+01
7.306879473253018453e+00 2.472093904614602522e+01 1.739420239527242629e+01 3.365410054150370200e+01 2.106503549662256347e+01 2.627452837895983251e+01
7.596369737868055694e+00 2.545568840838181046e+01 1.752607418590850585e+01 3.151216282763405019e+01 2.133273829724045356e+01 2.688669292003309863e+01
7.899351749284162061e+00 2.620624534548895923e+01 1.762603982507041422e+01 2.922471613907174870e+01 2.157476051880371770e+01 2.757240886740910923e+01
8.216758521425491679e+00 2.697384086449043750e+01 1.769225778854260511e+01 2.681192242790871560e+01 2.179029895829924257e+01 2.831653730208900654e+01
8.549626588379885206e+00 2.775903071995140436e+01 1.772293943662282345e+01 2.429671098581591338e+01 2.197884317188033165e+01 2.910094435787152989e+01
8.899259578169504081e+00 2.856229210928868412e+01 1.771622828971394981e+01 2.170519018207870943e+01 2.213985009513243085e+01 2.990441209014246482e+01
9.267548778174488078e+00 2.938360987427141069e+01 1.767061296928598679e+01 1.906372201764050089e+01 2.227316764379533964e+01 3.070425823098511842e+01
9.656198224599304325e+00 3.022240560518858388e+01 1.758451849390160859e+01 1.639837690855505059e+01 2.237873730242621662e+01 3.147902195090622612e+01
1.006728482642934530e+01 3.107774143800541822e+01 1.745658629896473002e+01 1.373236420040676542e+01 2.245663216316617650e+01 3.220935570386909319e+01
1.050295561511169495e+01 3.194810726033595927e+01 1.728577555730836224e+01 1.108619848510885930e+01 2.250725245926288309e+01 3.287865686340195737e+01
1.096540127356020378e+01 3.283159456540778365e+01 1.707134791790676687e+01 8.476304141100211353e+00 2.253114331438720441e+01 3.347416368944120535e+01
1.145676242161026437e+01 3.372589963192913132e+01 1.681293371052603547e+01 5.915025029395589051e+00 2.252904494364594967e+01 3.398702061243285044e+01
1.197896201164192043e+01 3.462841823881873182e+01 1.651062878196958650e+01 3.410790519296943657e+00 2.250184273768540066e+01 3.441210710348277502e+01
1.253357016384374667e+01 3.553632267725200222e+01 1.616504961853412325e+01 9.686633029562217168e-01 2.245055594273451760e+01 3.474754810524378001e+01
1.312159791546469023e+01 3.644652489981172749e+01 1.577740083917882075e+01 1.409328983092343002e+00 2.237624196436093271e+01 3.499424031593369477e+01
1.374330702262694182e+01 3.735632707965085331e+01 1.534953627266085263e+01 3.722877110740607343e+00 2.228011013760969306e+01 3.515506488061110701e+01
1.439837099020487265e+01 3.826294436220319994e+01 1.488425874260298798e+01 5.974891251135004744e+00 2.216338479791570037e+01 3.523422250560491875e+01
1.508510917562481701e+01 3.916379914834951137e+01 1.438486228777279052e+01 8.167840656237755681e+00 2.202713277063351427e+01 3.523717799819025487e+01
1.580083080664190653e+01 4.005678726555852620e+01 1.385549203445560806e+01 1.030546805058636828e+01 2.187239353787753160e+01 3.516979133661625667e+01
1.654168134967736492e+01 4.094029068683631323e+01 1.330097786023100070e+01 1.239192414100247142e+01 2.170009934793013073e+01 3.503812592079793120e+01
1.730263262071151331e+01 4.181328207843878175e+01 1.272676554408410254e+01 1.443146249364173528e+01 2.151103140798073099e+01 3.484817183769126103e+01
1.807755927410547869e+01 4.267539017017683278e+01 1.213870822116571446e+01 1.642826861762768687e+01 2.130577615642032185e+01 3.460567013610486242e+01
1.885946352189222708e+01 4.352691144930024336e+01 1.154306089648691014e+01 1.838630156565225349e+01 2.108486991704673841e+01 3.431600400707535670e+01
1.964054035316463853e+01 4.436877171711444134e+01 1.094574380709697614e+01 2.030921322163783671e+01 2.084853767696670346e+01 3.398421596879615691e+01
2.041276982223515546e+01 4.520249379052626892e+01 1.035330523691203730e+01 2.220027281931167806e+01 2.059707528546065802e+01 3.361454192235689220e+01
2.116781219255281243e+01 4.603009838617459337e+01 9.771120534097033072e+00 2.406232205173220962e+01 2.033052597279454687e+01 3.321104592891822449e+01
2.189760448147228900e+01 4.685391902858727775e+01 9.204201084646589592e+00 2.589777443605261453e+01 2.004896482832284121e+01 3.277720598037622324e+01
2.259463782006675814e+01 4.767649502011163065e+01 8.656764734176480403e+00 2.770859571891239170e+01 1.975247406301231123e+01 3.231603515909372959e+01
2.325228168004820262e+01 4.850034501299827383e+01 8.132074900220443325e+00 2.949632801017444450e+01 1.944122330382611707e+01 3.183013240117182008e+01
2.386508712599828286e+01 4.932774694875594435e+01 7.632371300768167721e+00 3.126210367238466503e+01 1.911552011384581817e+01 3.132172127356059477e+01
2.442899636270781372e+01 5.016056698512106493e+01 7.158842529106042463e+00 3.300667814470557460e+01 1.877585950735331721e+01 3.079270988667513365e+01
2.494160692863166062e+01 5.100005064596180659e+01 6.711620601870407654e+00 3.473045756226987635e+01 1.842296738571123527e+01 3.024473880447534313e+01
2.540223028920635073e+01 5.184665193601416888e+01 6.289886335174555754e+00 3.643354735705647585e+01 1.805782244137762405e+01 2.967924729479772950e+01
2.581202198929779001e+01 5.269991049763010693e+01 5.891968744215422937e+00 3.811578865360234403e+01 1.768165791739221504e+01 2.909752008043886207e+01
2.617391014819846262e+01 5.355837197830217633e+01 5.515532236444336434e+00 3.977683882293293038e+01 1.729594444633827166e+01 2.850075907315433454e+01
2.649251479315006819e+01 5.441955509592101237e+01 4.141617396213015212e+01 5.157772456619475143e+00 1.690234970282575588e+01 2.789010769325444272e+01
2.677391103603687839e+01 5.527999036632174779e+01 4.303320164122865066e+01 4.815657086262636000e+00 1.650266841153196395e+01 2.726672508287887808e+01
2.702542745133482427e+01 5.613530162369195153e+01 4.462726963430234406e+01 4.486138345073863221e+00 1.609876317501526088e+01 2.663179428381849334e+01
2.725516290786492846e+01 5.698035362102501722e+01 4.619775021972305495e+01 4.166468764636965361e+00 1.569247051610661892e+01 2.598657809435039567e+01
2.747174905913657383e+01 5.780950665964096657e+01 4.774406376149911324e+01 3.854271683521341973e+00 1.528544878342130353e+01 2.533238757627309568e+01
2.768368994948929895e+01 5.861672717548324840e+01 4.926574193122956302e+01 3.547820971407800172e+00 1.487921140497775241e+01 2.467083412589336788e+01
2.789903438588859430e+01 5.939596159046705992e+01 5.076245782668500084e+01 3.246455128631248410e+00 1.447495952677708253e+01 2.400308616156695862e+01
2.812484247256125869e+01 6.014138022697740382e+01 5.223405085745579868e+01 2.950097436908565296e+00 1.407354415924994484e+01 2.333092786139936692e+01
2.836678305489023799e+01 6.084766870397994865e+01 5.368054645129605262e+01 2.659680856225922430e+00 1.367543114660277936e+01 2.265603125036728471e+01
2.862876492899603775e+01 6.151027248262626301e+01 5.510213017710163541e+01 2.376979043260783353e+00 1.328069257261089398e+01 2.198010370425829763e+01
2.891267342800294671e+01 6.212567789530383777e+01 5.649918852244136502e+01 2.104500989980302883e+00 1.288902447419361508e+01 2.130486735011143296e+01
2.921826417776224716e+01 6.269161435947785321e+01 5.787228356326794199e+01 1.845263966217658647e+00 1.249978325305104576e+01 2.063202832814976162e+01
2.954314675723398764e+01 6.320714768231336933e+01 5.922208226619631688e+01 1.602574770675678106e+00 1.211207947233313931e+01 1.996322387127176512e+01
2.988281395217578762e+01 6.367283535157213947e+01 6.054934342971917260e+01 1.379732493207034505e+00 1.172486545772938094e+01 1.929999474465406095e+01
3.023103670266322496e+01 6.409073288493856069e+01 6.185491053641271009e+01 1.179718105224145885e+00 1.133704795795592979e+01 1.864375632850809694e+01
3.058011081264114495e+01 6.446433052247587625e+01 6.313960270574540345e+01 1.004800792781756602e+00 1.094740502178800590e+01 1.799582635070215986e+01
3.092132481185575799e+01 6.479842632691438098e+01 6.440420155275319303e+01 8.567912323143285214e-01 1.055559672976164620e+01 1.735712051713701598e+01
3.124549275592230657e+01 6.509887718962134784e+01 6.564938595727605275e+01 7.362328107644188213e-01 1.016097970472639211e+01 1.672855035437394733e+01
3.154349304330802539e+01 6.537240835242566561e+01 6.687568280323208114e+01 6.429241922907891205e-01 9.763574745903879304e+00 1.611073106170153579e+01
3.180683736341394763e+01 6.562625465174789952e+01 6.808340687548704295e+01 5.759714700609468441e-01 9.363939915683346271e+00 1.550404363319826118e+01
3.202804764523414605e+01 6.586780396008940386e+01 6.927267680089855162e+01 5.338765578276708501e-01 8.963214751650891543e+00 1.490863796556318199e+01
3.220141663826082379e+01 6.610492557588645468e+01 7.044350525386417416e+01 5.142988524758546065e-01 8.563091699558931680e+00 1.432445256151519963e+01
3.232293783970204970e+01 6.634279376703756270e+01 7.159500024292218257e+01 5.136502635565566299e-01 8.165859664790236394e+00 1.375119503344812877e+01
3.239114536402555444e+01 6.658774737542135824e+01 7.272660911110033055e+01 5.268480250298256395e-01 7.774173618893821747e+00 1.318842524115895110e+01
3.240700444784003054e+01 6.684431254174083392e+01 7.383725224255634600e+01 5.476436175729824107e-01 7.391000768449663916e+00 1.263554544198253815e+01
3.237406867096794372e+01 6.711551378655700262e+01 7.492562481739143720e+01 5.692878678205482990e-01 7.019423088290831281e+00 1.209184418910232317e+01
3.229832499594441231e+01 6.740293054935358441e+01 7.599005072014948325e+01 5.851923585935843164e-01 6.662428061890334874e+00 1.155654620607131911e+01
3.218819849192590254e+01 6.770658289851132849e+01 7.702872938020882998e+01 5.894243174862836554e-01 6.322706649626159248e+00 1.102882398390779706e+01
3.205410059715853777e+01 6.802507482211342449e+01 7.803963285139410289e+01 5.771172563487141360e-01 6.002436788639557541e+00 1.050786752968721416e+01
3.190799040772775896e+01 6.835569428499849209e+01 7.902059810773840809e+01 5.448343171998801804e-01 5.703117206940540029e+00 9.992889770673606620e+00
3.176286080236810250e+01 6.869463165980953079e+01 7.996933475386258294e+01 4.909541225684796451e-01 5.425394520998864323e+00 9.483182893685640380e+00
3.163218405504848718e+01 6.903743098330370742e+01 8.088363029757502431e+01 4.164030978930653437e-01 5.168989759411049434e+00 8.978104420727850865e+00
3.152803438538954595e+01 6.937867458263963272e+01 8.176198846146924382e+01 3.264264421398715976e-01 4.932626567645619353e+00 8.477259087247707825e+00
3.146434446317571343e+01 6.971412009949389699e+01 8.260066045337028129e+01 2.372042925627434740e-01 4.714061654664190470e+00 7.980003087815848772e+00
3.145059959795859328e+01 7.003856165562513070e+01 8.339839582180113098e+01 1.961492645359583509e-01 4.509805718512095218e+00 7.486365909003489527e+00
3.149458942350891277e+01 7.034746373240923845e+01 8.415328727186340529e+01 2.566481890451753900e-01 4.316446264142522082e+00 6.995712681817690459e+00
3.160157972102064150e+01 7.063719845502745898e+01 8.486369774689191559e+01 3.801284520227533603e-01 4.129022329382944001e+00 6.508180866148810750e+00
3.177321105723963157e+01 7.090476187236691885e+01 8.552818427719658700e+01 5.210790594524129515e-01 3.942424120828931677e+00 6.023757432655811428e+00
3.200756221522686928e+01 7.114815329569060509e+01 8.614538825985796677e+01 6.590833209455216890e-01 3.751296563854879640e+00 5.542664504765455469e+00
3.229932407692629681e+01 7.136623095650273285e+01 8.671446100030091486e+01 7.823376612820884812e-01 3.550519546706313090e+00 5.064576678122779008e+00
3.263961150339823547e+01 7.155875777751288069e+01 8.723469190756553360e+01 8.821033564088179846e-01 3.335178670774131771e+00 4.589761636907370601e+00
3.301676702432239097e+01 7.172621833269325009e+01 8.770557188106062085e+01 9.515010886342446517e-01 3.101058786758840391e+00 4.118270825110224465e+00
3.341435168488040119e+01 7.186607671984981494e+01 8.812608854537079139e+01 9.854157403506259572e-01 2.844831022175558832e+00 3.650110451053828253e+00
3.382078360263413686e+01 7.198655633744505167e+01 8.849736336048627550e+01 9.805476892056090854e-01 2.564323026397134608e+00 3.185210073554094024e+00
3.421710577663690600e+01 7.208566867526964472e+01 8.881898370599249404e+01 9.356129563367338031e-01 2.258552911126477269e+00 2.723435414687179090e+00
3.458471445300111924e+01 7.216414772927568322e+01 8.908817707246055306e+01 8.514082985940572001e-01 1.927879224773784150e+00 2.264566744287531908e+00
3.491088326607941639e+01 7.222697466792142507e+01 8.930179266920129066e+01 7.307147276812054892e-01 1.573996684379791899e+00 1.808294843736593327e+00
3.518073785373881179e+01 7.227538950637548965e+01 8.947296259263150375e+01 5.782418557763813194e-01 1.199832885833706619e+00 1.354197805281673217e+00
3.538524986207670509e+01 7.230989062350555230e+01 8.959113166908696257e+01 4.003463831072489043e-01 8.094069518808069130e-01 9.018117232317167664e-01
3.550806401818905300e+01 7.234720109839314262e+01 8.963398628724060302e+01 2.047248909070131240e-01 4.076224514113076514e-01 4.506052311716680636e-01
2.661575149153523220e-11 1.992393658729549622e-11 2.082819688997683307e-11 2.935892599296327386e-15 4.501928063490702132e-15 1.739114859944574914e-15
2.661575149153523220e-11 1.992393658729549622e-11 2.082819688997683307e-11 2.935892599296327386e-15 4.501928063490702132e-15 1.739114859944574914e-15
5.561322586936842782e+01 5.249510129198227304e+01 9.575858368218968053e+01 2.570938441220152471e-01 3.109734518031830319e-01 3.204509954163182184e-01
5.237134045021009143e+01 5.424761296412239631e+01 9.620145019130787034e+01 5.110289638221734432e-01 6.171003818693501231e-01 6.411332164815485291e-01
5.216291786302812739e+01 5.376340221850859535e+01 9.625730872285461714e+01 7.592474347245853350e-01 9.139403477123773101e-01 9.623999824429417815e-01
5.188612523973209534e+01 5.334105729979930288e+01 9.624133920974377077e+01 9.998962356983289723e-01 1.197785145032803422e+00 1.284817445507534961e+00
5.156389975184291075e+01 5.289592727297571884e+01 9.620207178015496652e+01 1.232196310491638469e+00 1.465841345887994862e+00 1.609210304678570624e+00
5.121414267011216737e+01 5.241871556084089434e+01 9.614306382059254474e+01 1.455951577891212212e+00 1.716234993168966216e+00 1.936755071010435980e+00
5.085288364394594396e+01 5.191674042834977598e+01 9.607143836251893276e+01 1.671774282023805069e+00 1.947822737295106466e+00 2.268846109104409869e+00
5.050268269948977462e+01 5.140957534648201488e+01 9.599272527021133783e+01 1.880167547402048056e+00 2.159918607433190196e+00 2.607038981614997475e+00
5.018043396679500034e+01 5.091446413492104028e+01 9.590608744151117548e+01 2.081159924242053094e+00 2.351941475938981618e+00 2.952936537079386081e+00
4.989917293875836179e+01 5.044682299946722992e+01 9.580965534030616482e+01 2.273899976478381380e+00 2.523150482615765355e+00 3.307997625171714251e+00
4.966651647607568520e+01 5.001881407978378746e+01 9.569977803519904569e+01 2.456535520343670509e+00 2.672533851583905218e+00 3.673387566711920460e+00
4.948458164376699386e+01 4.963845659291299484e+01 9.557036473110693464e+01 2.626377589826628167e+00 2.798904218296285329e+00 4.049471946095583696e+00
4.934959872294782457e+01 4.930898130702480131e+01 9.541418182838953044e+01 2.780229966381755791e+00 2.901129772592974110e+00 4.436935158325646888e+00
4.925251799434053623e+01 4.902890387403378725e+01 9.522295331022914411e+01 2.915017772298869492e+00 2.978598106826539471e+00 4.834862789480035339e+00
4.918008130374686004e+01 4.879245342794321516e+01 9.498772864686803530e+01 3.028350441856700215e+00 3.031602780521803986e+00 5.241909843464352292e+00
4.911365295454857716e+01 4.858778784434505127e+01 9.469971866214325473e+01 3.118951279005635513e+00 3.061694747200374156e+00 5.656066560286705069e+00
4.840179390865088038e+01 4.903436018528454099e+01 9.435102515305754878e+01 3.071888945247225333e+00 3.186997640442144064e+00 6.074785494787603213e+00
4.821833825205264645e+01 4.892201808333863511e+01 9.393510132133845048e+01 3.066595032187212411e+00 3.234155908409971580e+00 6.495157431266809667e+00
4.802039933688626405e+01 4.875730158189539765e+01 9.344755642739639256e+01 3.051312340193403916e+00 3.263396681725406978e+00 6.914157597188800963e+00
4.779106077995734125e+01 4.852298562244938296e+01 9.288555313281909775e+01 3.032080752152859660e+00 3.278600136634201689e+00 7.328907964987790180e+00
4.751538427702558209e+01 4.820571124185292433e+01 9.225218882403139276e+01 3.014841318092122524e+00 3.284049992425846831e+00 7.736864720978569032e+00
4.718081669141812995e+01 4.779623836517335178e+01 9.155049974298749760e+01 3.004386899466201744e+00 3.283545459483086848e+00 8.136482246511855365e+00
4.677851165036920378e+01 4.729053949127334988e+01 9.078742486774486053e+01 3.004302951887702910e+00 3.280421623548493759e+00 8.526621706502492515e+00
4.630396675625053149e+01 4.669015631602505323e+01 8.997255009040088680e+01 3.016135501312915856e+00 3.276698198177331989e+00 8.907903701209979985e+00
4.575717389284169911e+01 4.600196922414254885e+01 8.911752088341211220e+01 3.039843496057661909e+00 3.273425153350843608e+00 9.281467488605571248e+00
4.514257975754270547e+01 4.523781922442742598e+01 8.823534181145551258e+01 3.073905438451520311e+00 3.270666093150561338e+00 9.649756500592868491e+00
4.446884343920984151e+01 4.441391805274155047e+01 8.733976956810779768e+01 3.115830780732901317e+00 3.267861924604459567e+00 1.001618727081149274e+01
4.374782967430670766e+01 4.354948389458613889e+01 8.644422973060170534e+01 3.162572195840264389e+00 3.264214442680053452e+00 1.038493656986542568e+01
4.299381289479526203e+01 4.266558450829153060e+01 8.556093458698006771e+01 3.210824288724934750e+00 3.258969145388830313e+00 1.076065846280048000e+01
4.222313395775662315e+01 4.178451521452225137e+01 8.470087561044054780e+01 3.257187855191256975e+00 3.251575388003137501e+00 1.114814214593278585e+01
4.145149137971947795e+01 4.092675934314160457e+01 8.387190435365265273e+01 3.298305623653968066e+00 3.241726248365022656e+00 1.155195798423622300e+01
4.069400363373493690e+01 4.011082784087044928e+01 8.307916626608839294e+01 3.331014985013633911e+00 3.229330395719677504e+00 1.197611082919817171e+01
3.996376364896393341e+01 3.935165890218232221e+01 8.232455033176725578e+01 3.352606374621022844e+00 3.214476596971967304e+00 1.242372848978572719e+01
3.865956671367462860e+01 3.927096241458359316e+01 8.160666122840349601e+01 3.197485473063051753e+00 3.361182396760196589e+00 1.289682020397202145e+01
3.803979984699890338e+01 3.862230813106328497e+01 8.092107613153709167e+01 3.179010108226114628e+00 3.356067044786549491e+00 1.339613492418594731e+01
3.749216290131080598e+01 3.802063893466775113e+01 8.026067052204976449e+01 3.160230147444309523e+00 3.338186532125335670e+00 1.392110832727143688e+01
3.701117082594316798e+01 3.746483090313736142e+01 7.961620621206257908e+01 3.142995071668068352e+00 3.310300786486201297e+00 1.446991188412596330e+01
3.658669177139413620e+01 3.695007498231124998e+01 7.897710702053365139e+01 3.129863500240337437e+00 3.276975041522576682e+00 1.503962512731148493e+01
3.620462145061662085e+01 3.646819773039553780e+01 7.833209790803603312e+01 3.124017986206529596e+00 3.244236254720929580e+00 1.562651293880296599e+01
3.584807200975666319e+01 3.600845776120364405e+01 7.767009965266798588e+01 3.128890817542198555e+00 3.218782635606098896e+00 1.622625536064018092e+01
3.549865097724813978e+01 3.555832221354906864e+01 7.698088751158009302e+01 3.147777959878221399e+00 3.206932313544408775e+00 1.683435193566061727e+01
3.513761862934370583e+01 3.510431866304648452e+01 7.625575834412472886e+01 3.183587140258504977e+00 3.213421325542756168e+00 1.744648411791872178e+01
3.474723605115467961e+01 3.463305543532684538e+01 7.548792282170016676e+01 3.239570594952507765e+00 3.240432702287006528e+00 1.805880729402507612e+01
3.431179911344741384e+01 3.413204591159819046e+01 7.467236346149310577e+01 3.325058625625488595e+00 3.287164536748316213e+00 1.866826687144497043e+01
3.381851225450007092e+01 3.359047906790338800e+01 7.379387430514043444e+01 3.528505200880253323e+00 3.350094337918767540e+00 1.927280875425798001e+01
3.325812000082918729e+01 3.299982185531856516e+01 3.159003680601243147e+00 3.423828837844274720e+00 7.287945943165311746e+01 1.987148970227217504e+01
3.262523552069524158e+01 3.235424757468027224e+01 3.395479281441948771e+00 3.502195614503944121e+00 7.194173082133929142e+01 2.046452217344619839e+01
3.191832737946839416e+01 3.165075202417969891e+01 3.500173257736393762e+00 3.579273192604338849e+00 7.094681113910202441e+01 2.105320168706982287e+01
3.113953990067917488e+01 3.088918370055798235e+01 3.581773059487153521e+00 3.650154574636226279e+00 6.991671695009461018e+01 2.163974488431572141e+01
3.029412537803254679e+01 3.007191684600041270e+01 3.649459894838614993e+00 3.711351883687625364e+00 6.885937963919346316e+01 2.222706053441143226e+01
2.920349863284326730e+01 2.938985532190133654e+01 3.760907884174346627e+00 3.704848722852212450e+00 6.778238809022001021e+01 2.281845994191374771e+01
2.829003609071699188e+01 2.843614237745999063e+01 3.798243188948590365e+00 3.748602704247302242e+00 6.669300470561401539e+01 2.341733484660081288e+01
2.733860892642929130e+01 2.744322200857006067e+01 3.823864719465813078e+00 3.781540246871608169e+00 6.559774734096218651e+01 2.402683519147963054e+01
2.635661121091327885e+01 2.642130576646290407e+01 3.838981366203409795e+00 3.804735374237825152e+00 6.450197151091741432e+01 2.464956116892786042e+01
2.535112806608923819e+01 2.537979405390821341e+01 3.845093822692274177e+00 3.819341755288183204e+00 6.340959328732959932e+01 2.528730226519883928e+01
2.432839281666025144e+01 2.432661422424466835e+01 3.843579323512688717e+00 3.826308663831808676e+00 6.232290266301606607e+01 2.594083287442248320e+01
2.329336269023643879e+01 2.326776986141728187e+01 3.835106774099892313e+00 3.825862162581562309e+00 6.124243705311545938e+01 2.660952488229553836e+01
2.224936672392700032e+01 2.220698253097978636e+01 3.820398806751248877e+00 3.818327305759831258e+00 6.016706476192072017e+01 2.729220669523366638e+01
2.119807756641547769e+01 2.114572800134203590e+01 3.798537641472601756e+00 3.802468498417391540e+00 5.909403803564529767e+01 2.798574979628527615e+01
2.013942298051616220e+01 2.008324596286091435e+01 3.767899231397130677e+00 3.776452938548305216e+00 5.801927911353611478e+01 2.868596087137174067e+01
1.907176815870812447e+01 1.901685225310809813e+01 3.725954653775559677e+00 3.737670962924394491e+00 5.693683478561624867e+01 2.938737430719061194e+01
1.799215984038695026e+01 1.794233980773748627e+01 3.669418024290753255e+00 3.682880252228653450e+00 5.583990238401348449e+01 3.008308620869457428e+01
1.689673003387533257e+01 1.685451726708920006e+01 3.594476588407273798e+00 3.608430538102425089e+00 5.472041046800618602e+01 3.076456651813486687e+01
1.578097538212484707e+01 1.574762233053292704e+01 3.497108306203240424e+00 3.510550590421571915e+00 5.356699053449921166e+01 3.142116771698503896e+01
1.464034738708426531e+01 1.461601648215509108e+01 3.373373328648390679e+00 3.385598858003304290e+00 5.236659886363055705e+01 3.203902882400144136e+01
1.347057537638758262e+01 1.345457842258853987e+01 3.219781530781250733e+00 3.230388789767367541e+00 5.110094662778752195e+01 3.259930624623272877e+01
1.226807968175147323e+01 1.225915250340215756e+01 3.033587007134219693e+00 3.042442504384592183e+00 4.974370739000163866e+01 3.307494579581207717e+01
1.102686189543116946e+01 1.103028787879663852e+01 2.820208176086206997e+00 2.813034181414990176e+00 4.825460316604987554e+01 3.342482666719404705e+01
9.756333461223887227e+00 9.755891316363834775e+00 2.563227069705997341e+00 2.557538134545761288e+00 4.656868890804118877e+01 3.358309455040936342e+01
8.447811824714177575e+00 8.445012308917071664e+00 2.272246575526806200e+00 2.267796328548742135e+00 4.457615312601431867e+01 3.343901631145087805e+01
7.103168957267310013e+00 7.099277313616293661e+00 1.949245088535507486e+00 1.945801026396157152e+00 4.208335434824541466e+01 3.279802641931173213e+01
5.725764835860250201e+00 5.721748791727323535e+00 1.597371488405816331e+00 1.594751999307719492e+00 3.873675952460254734e+01 3.130586568203336029e+01
4.320387913630334253e+00 4.316919834615506879e+00 1.220918051103472513e+00 1.219007249530516646e+00 3.388755618226932853e+01 2.831298119320096518e+01
2.893018092162785493e+00 2.890518440012598056e+00 8.250720865290682715e-01 8.238127163948052445e-01 2.643219504054429692e+01 2.271498081848988804e+01
1.450388412931873816e+00 1.449089125115301968e+00 4.159384699465030755e-01 4.153103168227584852e-01 1.505516368067974753e+01 1.319636765847133297e+01
9.745513211231193637e-15 7.124987274663712871e-15 1.677099123258432782e-14 1.923684510271792744e-14 1.777560616099169601e-14 1.896300450020603535e-14
9.745513211231193637e-15 7.124987274663712871e-15 1.677099123258432782e-14 1.923684510271792744e-14 1.777560616099169601e-14 1.896300450020603535e-14
5.065858724578548022e-01 1.903745791016476119e+00 6.430960657516184842e-01 2.519849430825017222e+00 1.668916062948862189e+00 6.654989145669475414e-01
1.011826896163189993e+00 3.798934784042953705e+00 1.286460926818313810e+00 5.021947421940033962e+00 3.333473193595810180e+00 1.330363052991729411e+00
1.514674116694425976e+00 5.677131798445237187e+00 1.930396252824386316e+00 7.489076489683427873e+00 4.989335678281697994e+00 1.993968636875004474e+00
2.014074971571646167e+00 7.529685621531402084e+00 2.575167328098227237e+00 9.903991941220875006e+00 6.632214059918169369e+00 2.655714586182835291e+00
2.508946351034082589e+00 9.348662587185808448e+00 3.220717896633396915e+00 1.225078391387596177e+01 8.257839725922249130e+00 3.314968264228174366e+00
2.998612893007512881e+00 1.112649534749955293e+01 3.867168814099258611e+00 1.451465942445461010e+01 9.862166175072113461e+00 3.971326056108253955e+00
3.482580014896685672e+00 1.285608773847339492e+01 4.514452460105883524e+00 1.668209358295043288e+01 1.144111208971367866e+01 4.624243871034930287e+00
3.960607193964190476e+00 1.453087057329936371e+01 5.162364928522838348e+00 1.874099882853670707e+01 1.299075641979382212e+01 5.273291434405058986e+00
4.432733457691938384e+00 1.614487427641029171e+01 5.810571346790912806e+00 2.068084688286280226e+01 1.450729821964829291e+01 5.918092640460984377e+00
4.899342879141642015e+00 1.769276423919933094e+01 6.458660490307281066e+00 2.249270529626409143e+01 1.598706313925945288e+01 6.558325392322489122e+00
5.360937305893452631e+00 1.916985764809285087e+01 7.105900373096385003e+00 2.416926663811551279e+01 1.742650371316569746e+01 7.193720661884670520e+00
5.818447240235529172e+00 2.057213791168811312e+01 7.751617549992533718e+00 2.570475902094731779e+01 1.882217877935064720e+01 7.824053690810307771e+00
6.272982727285871363e+00 2.189624046484881603e+01 8.394955600966405029e+00 2.709490996774997384e+01 2.017075559613678948e+01 8.449142131177396209e+00
6.725851700843441527e+00 2.313965015518710544e+01 9.034955169298132915e+00 2.833703489998553593e+01 2.146895963832395537e+01 9.068829751740713263e+00
7.178498626248496883e+00 2.429979516684804253e+01 9.670563408434171393e+00 2.942890766577487582e+01 2.271355813397413925e+01 9.682989820346529442e+00
7.632474904049433739e+00 2.537536087386524031e+01 1.030064858794912652e+01 3.037017637961562500e+01 2.390136258655867962e+01 1.029148894619806320e+01
8.089342512726604539e+00 2.636527218884030432e+01 1.092403811290080640e+01 3.116087954880567779e+01 2.502899194415769557e+01 1.089418884135238841e+01
8.550688443571727859e+00 2.726912985038324067e+01 1.153951957280140483e+01 3.180197872913631585e+01 2.609297388877666179e+01 1.149087044968658766e+01
9.018014182779394261e+00 2.808681624145329891e+01 1.214585121032234127e+01 3.229436010193798268e+01 2.708949614156492913e+01 1.208144384705576435e+01
9.492604962761339138e+00 2.881826309625011362e+01 1.274178868083895111e+01 3.263882516794723188e+01 2.801427913582190854e+01 1.266560952330224232e+01
9.975671906466301309e+00 2.946424561569525835e+01 1.332611844172416582e+01 3.283613021296808654e+01 2.886223294167350062e+01 1.324302705129981739e+01
1.046818630942559025e+01 3.002561592554945946e+01 1.389763910250096757e+01 3.288596562206534912e+01 2.962717221350911245e+01 1.381327910830092520e+01
1.097087368028923393e+01 3.050345027988684876e+01 1.445518881663409871e+01 3.278645917609418348e+01 3.030122945673250001e+01 1.437584951872329242e+01
1.148420594769226888e+01 3.089901463768047307e+01 1.499763971712285660e+01 3.253324035783435875e+01 3.087403684627900446e+01 1.493010475952123173e+01
1.200845628338923099e+01 3.121377058260405235e+01 1.552398108930828435e+01 3.211811871801969431e+01 3.133141642043839425e+01 1.547527979596267222e+01
1.254362411812445366e+01 3.144918609785827002e+01 1.603328274263245845e+01 3.152703245631274598e+01 3.165351090957026514e+01 1.601045175285605637e+01
1.308902351787371821e+01 3.160676245858352118e+01 1.652410370214579771e+01 3.073648135328069841e+01 3.181143419811490247e+01 1.653467994472724101e+01
1.364429956822841383e+01 3.168818197557965632e+01 1.699573349057250482e+01 2.970856228530970000e+01 3.176181050893064395e+01 1.704672844523545550e+01
1.420865705189408956e+01 3.169508622510041462e+01 1.744723183607715811e+01 2.838135218238250346e+01 3.143763855065760993e+01 1.754526760716418465e+01
1.478110647118618104e+01 3.162908862496198026e+01 1.787766777049416689e+01 2.665268364734735229e+01 3.073197040900416255e+01 1.802880138273166466e+01
1.536049842868660065e+01 3.149178000240101838e+01 1.828610743412854234e+01 2.435172685773827084e+01 2.946948726299710941e+01 1.849567778104512428e+01
1.594555070575652600e+01 3.128469482405410318e+01 1.867160025418518998e+01 2.119094639488735154e+01 2.735845681570031829e+01 1.894407702575477259e+01
1.653488162683671092e+01 3.100930908088817262e+01 1.903315127899086789e+01 1.669993909375481778e+01 2.392455764752242686e+01 1.937201119668531391e+01
1.712704376211096857e+01 3.066702751733921772e+01 1.936970061835257795e+01 1.020548184751048382e+01 1.849089915787344651e+01 1.977731228696414689e+01
1.772057702145897551e+01 3.025947386113120174e+01 1.968009754631426844e+01 1.144068335256089863e+00 1.048977492245730403e+01 2.015756748348949046e+01
1.831388002835256046e+01 2.978732496693718090e+01 1.996303438581233891e+01 9.881589071340913577e+00 5.262334544032233330e-01 2.051032730224314093e+01
1.890551664868599957e+01 2.925219908977907224e+01 2.021707911468453389e+01 2.041910670471715150e+01 8.963384525914664280e+00 2.083267714697677775e+01
1.949377916623815210e+01 2.865489791320858615e+01 2.044037503301450087e+01 2.821800342084291202e+01 1.571921320851348547e+01 2.112172893589431766e+01
2.007712953901415176e+01 2.799667865775650810e+01 2.063094878760265871e+01 3.309500476753031961e+01 1.956515969462495619e+01 2.137407445849245846e+01
2.065388718890746844e+01 2.727863090852337180e+01 2.078639709776309630e+01 3.594071796824217557e+01 2.139474488400542640e+01 2.158603340775673729e+01
2.122225672218983306e+01 2.650183494332485523e+01 2.090380093073467549e+01 3.757246323480430306e+01 2.202827667147742119e+01 2.175352379657383395e+01
2.178023965225532876e+01 2.566742011867875206e+01 2.097965033084035014e+01 3.849568575793174574e+01 2.197438128553989856e+01 2.187197711862331673e+01
2.232554320505659362e+01 2.477659523503898598e+01 2.100968557350261534e+01 3.899128587076554453e+01 2.151743382767332946e+01 2.193623276487182494e+01
2.285543943727187965e+01 2.383068001860286600e+01 2.098864452966138217e+01 3.921271339037753023e+01 2.081493469332747992e+01 2.194044857985673502e+01
2.336659640521613923e+01 2.283114807797408119e+01 2.090566495272342706e+01 3.923972176996084471e+01 1.995632322835303540e+01 2.187784315389611578e+01
2.385468510287068256e+01 2.177961050656474740e+01 3.913456224756244239e+01 2.076679970246153673e+01 1.899427368465578780e+01 2.174090648205581644e+01
2.431423634486049323e+01 2.067791562101333014e+01 3.891321066521070549e+01 2.055460598512683745e+01 1.796107296384592189e+01 2.152069752998523100e+01
2.473808232659064643e+01 1.952817788632849272e+01 3.858645803142454866e+01 2.025710168042468595e+01 1.687734257739453625e+01 2.120704448705543754e+01
2.511631665849850137e+01 1.833254921934288717e+01 3.815987267656841908e+01 1.986435095534752193e+01 1.575661543441292345e+01 2.078827071954910721e+01
2.543578674739537249e+01 1.709359287229891677e+01 3.762927842730868377e+01 1.936285324893342619e+01 1.460825081079119769e+01 2.025107958103536632e+01
2.567819390093792720e+01 1.581403464104121959e+01 3.698282764601449912e+01 1.873708443938471291e+01 1.343883979552162877e+01 1.958051212837161614e+01
2.581786694610162058e+01 1.449679483350811893e+01 3.619972319330176447e+01 1.796990315430444340e+01 1.225317038811441073e+01 1.876013873867145776e+01
2.581825919729104868e+01 1.314498446816734045e+01 3.524734290249349300e+01 1.704293948943687198e+01 1.105481501657046728e+01 1.777242039599740764e+01
2.562653394002630236e+01 1.176186149508193246e+01 3.407619793521325846e+01 1.593753393051246370e+01 9.846495702846979725e+00 1.659959684249037082e+01
2.516538472324657860e+01 1.035091149317764803e+01 3.261194180264212150e+01 1.463617885189403722e+01 8.630434759428400326e+00 1.522504961995003825e+01
2.432119632310460133e+01 8.915397090880672337e+00 3.074395913338769759e+01 1.312457406944541383e+01 7.408136924165095394e+00 1.363555586777328443e+01
2.292848015080500446e+01 7.458959284880844365e+00 2.830950291615322101e+01 1.139468866498297750e+01 6.181186030026289302e+00 1.182401944246766412e+01
2.075567546744766645e+01 5.985165463176439715e+00 2.507982728750767265e+01 9.448051010954184648e+00 4.951253640280000923e+00 9.793147424405097112e+00
1.751180429670532135e+01 4.497671630375215557e+00 2.076681844483466932e+01 7.299212028801488117e+00 3.722480860202569630e+00 7.559953055283719081e+00
1.292261744245394084e+01 3.002505213237382176e+00 1.509955055949027525e+01 4.978134068704704873e+00 2.527897820293354858e+00 5.171219178552096452e+00
6.937408534893264367e+00 1.723984596572855077e+00 8.073412608099921783e+00 2.530482965675131979e+00 2.420718315369908780e+00 3.342923883395003681e+00
3.492377383253868206e-02 9.900941666730942003e+00 9.923548868843360182e+00 3.494168659553490569e-02 7.600705330719764063e+00 7.617930958071903902e+00
3.492377383253868206e-02 9.900941666730942003e+00 9.923548868843360182e+00 3.494168659553490569e-02 7.600705330719764063e+00 7.617930958071903902e+00
9.681156339850369719e-01 2.653106349827589483e+01 2.545748534596984669e+01 2.492469058238216684e-01 2.000052081146115057e+01 1.997033756343698130e+01
1.925418440208042758e+00 2.705265521083603986e+01 2.488899047500267159e+01 4.988444003060063525e-01 1.996751766664386452e+01 1.992347602021924757e+01
2.864372401612389485e+00 2.755317658569862616e+01 2.431127189851738635e+01 7.557167469854060293e-01 1.990645006182289833e+01 1.984685693290950681e+01
3.776971002598661364e+00 2.803045744810918194e+01 2.372724373426434497e+01 1.021363678430823985e+00 1.981768824664704809e+01 1.974065951989087608e+01
4.656244519433626827e+00 2.848170226827663498e+01 2.313900829195536701e+01 1.297068875896367990e+00 1.970132962877581662e+01 1.960483170672363329e+01
5.496286477483424804e+00 2.890407485134834076e+01 2.254824948452699473e+01 1.583405185231030465e+00 1.955738411594117920e+01 1.943945373938753818e+01
6.291856302484472252e+00 2.929477042479166826e+01 2.195630265591798391e+01 1.879873264769297503e+00 1.938579555782552077e+01 1.924483328770674007e+01
7.040043468894693568e+00 2.965104566541486264e+01 2.136406500325806235e+01 2.186032756954548351e+00 1.918653133875094241e+01 1.902129464632761113e+01
7.737688373612091830e+00 2.997014864315937999e+01 2.077217576827499812e+01 2.499925083616644006e+00 1.895955133567208151e+01 1.876951905079132743e+01
8.382874790406642518e+00 3.024931780176665796e+01 2.018093263535601167e+01 2.819289722467232640e+00 1.870489768236923211e+01 1.849031995612100232e+01
8.974369293094838440e+00 3.048578738652070186e+01 1.959039629308673724e+01 3.141422716223430722e+00 1.842271104169160623e+01 1.818466082734839517e+01
9.511160140587962886e+00 3.067655393959535459e+01 1.900044609887358504e+01 3.463178442906783783e+00 1.811323847547909693e+01 1.785369541955329353e+01
9.993485179382439298e+00 3.081897663789725073e+01 1.841074781507948899e+01 3.781616416315473295e+00 1.777703986698029226e+01 1.749853838189427080e+01
1.042090974915562285e+01 3.090983269101439745e+01 1.782097651887676903e+01 4.093306265280006073e+00 1.741473461832786995e+01 1.712050965039178152e+01
1.079340357642815285e+01 3.094592766116833360e+01 1.723088464924346752e+01 4.394928831699183469e+00 1.702715491203799658e+01 1.672101967703839875e+01
1.111098674779154827e+01 3.092391904918539325e+01 1.663990100216834378e+01 4.683297850088310454e+00 1.661543448388976429e+01 1.630115419502566354e+01
1.137365059793380517e+01 3.084035773875246278e+01 1.604788987923680210e+01 4.955247037865058601e+00 1.618079609012739795e+01 1.586228856381897323e+01
1.158136347685119105e+01 3.069169914501351926e+01 1.545469827627079695e+01 5.207752110769622078e+00 1.572465043825533648e+01 1.540563229311212723e+01
1.173406947549720769e+01 3.047438530588297922e+01 1.486028391672088844e+01 5.437914691494694530e+00 1.524851486002795120e+01 1.493233118480900679e+01
1.183171163890733979e+01 3.018489817391758478e+01 1.426473493842068052e+01 5.642964891019139451e+00 1.475398069517211397e+01 1.444344013282315764e+01
1.187426687414172299e+01 2.981987608652977784e+01 1.366823047238020195e+01 5.820262876470700952e+00 1.424264393149779906e+01 1.393994121484330861e+01
1.186177788912070774e+01 2.937616907450637527e+01 1.307103606974169629e+01 5.967302431884699665e+00 1.371607068211754488e+01 1.342273674006568740e+01
1.179439393037071326e+01 2.885096438654416318e+01 1.247347900803298693e+01 6.081725107269521757e+00 1.317574616744754223e+01 1.289265405605222448e+01
1.167240375266555574e+01 2.824185634881869689e+01 1.187589238287569238e+01 6.161339815785375151e+00 1.262303434217639087e+01 1.235047698737670885e+01
1.149625416194267302e+01 2.754693105983799484e+01 1.127861633636838512e+01 6.204155134371527325e+00 1.205915227055188410e+01 1.179693161344488850e+01
1.126653943020904691e+01 2.676482363724594293e+01 1.068193270394297478e+01 6.208103632498586322e+00 1.148515568074611970e+01 1.123273760341937511e+01
1.098417953710070982e+01 2.589477800878435687e+01 1.008608090108312361e+01 6.172353758799884460e+00 1.090192265214564848e+01 1.065855254689054377e+01
1.065016588858579638e+01 2.493666293036773496e+01 9.491188471629168788e+00 6.095439474215702091e+00 1.031017100814669440e+01 1.007507562793219513e+01
1.026572207406354131e+01 2.389097392901777539e+01 8.897323970098664603e+00 5.976360083299430137e+00 9.710215898163170323e+00 9.482985548212015559e+00
9.832372407355908450e+00 2.275894794432886670e+01 8.304435436640298818e+00 5.815244536001790365e+00 9.102981673860242040e+00 8.882937884323665045e+00
9.351772190082355607e+00 2.154238478476020546e+01 7.712398796288217895e+00 5.611975591653370898e+00 8.488571274056111449e+00 8.275625195500630582e+00
8.825827204115791247e+00 2.024375311562350177e+01 7.121015997929718289e+00 5.367140702042489941e+00 7.867262168184288029e+00 7.661722132768535864e+00
8.256678403411585876e+00 1.886620754900992125e+01 6.530045668802629599e+00 5.081814258222356884e+00 7.239283868035622405e+00 7.041893908247472744e+00
7.646663043186964437e+00 1.741338630084032602e+01 5.939215876180557352e+00 4.757547876867953107e+00 6.604903065192449851e+00 6.416792690164948354e+00
6.998394983242273604e+00 1.588966852826714238e+01 5.348247048918294055e+00 4.396358901195525526e+00 5.964379736749029881e+00 5.787054997552163904e+00
6.314734619700727691e+00 1.429997574660459847e+01 4.756881036758025871e+00 4.000698415082019288e+00 5.318035515207665043e+00 5.153288565949522670e+00
5.598839247712742662e+00 1.264979914070511313e+01 4.164905457661980392e+00 3.573417810137884842e+00 4.666255890018476293e+00 4.516069142602614939e+00
4.854091251353226610e+00 1.094482688137945914e+01 3.572249498617257935e+00 3.117699647382526695e+00 4.009455460060947551e+00 3.876034510504394959e+00
4.085046619612304752e+00 9.192226975106688514e+00 2.978655831769289719e+00 2.637127383645881729e+00 3.348294535244058956e+00 3.233499813943701451e+00
3.297599515517174673e+00 7.398715690401264311e+00 2.384192623152476376e+00 2.135515199300337841e+00 2.683386966219988512e+00 2.589028324057834674e+00
2.505256325180314381e+00 5.572281478826486278e+00 1.788943993408940614e+00 1.617098759139608655e+00 2.015638802567801591e+00 1.943045643627975272e+00
1.779462098626857669e+00 3.729536533126599718e+00 1.193029160308061831e+00 1.087869868270496587e+00 1.347188073705381850e+00 1.295962925777364605e+00
1.667809223524805207e+00 1.977385532703993754e+00 5.966386141287830513e-01 5.710300994742485425e-01 6.935948958963139566e-01 6.481595711284574568e-01
8.497499596449905639e-15 1.840868748964998736e-14 9.946400329060331771e-15 1.211114280227860510e-14 1.297103621371326860e-15 9.446539418413458695e-15
