0.000000000000000000e+00 0.000000000000000000e+00 0.000000000000000000e+00 0.000000000000000000e+00 0.000000000000000000e+00 0.000000000000000000e+00
-1.468504410904650226e-01 -2.772127917468482708e-02 1.267006029410442935e-01 2.063900661982052964e-01 -6.735642395382596126e-01 4.619938035199450677e-01
-7.565777419264138604e-02 7.402766732495408807e-03 7.634976458836269242e-02 1.394515086667500181e-01 -3.674492238253818099e-01 2.180724801356971054e-01
-5.392048005879876427e-02 5.611629641353126779e-03 6.665165503343643827e-02 9.936827345973392456e-02 -2.507406583503667408e-01 1.374895048465387681e-01
-2.389550055845151427e-02 -1.699588292215620938e-02 6.297960975059814503e-02 7.652830150847106383e-02 -1.909120852267758295e-01 9.753594556100905755e-02
1.765539028987691411e-02 -5.433163667360411953e-02 6.100142871596945376e-02 6.220265851664364548e-02 -1.544362757260613617e-01 7.344696057007402135e-02
2.952202043247106542e-02 -6.280702138599299211e-02 5.965233729056662604e-02 5.251054298627157862e-02 -1.297194671395060783e-01 5.738714644903270684e-02
3.077405093518279650e-02 -6.070667774122501248e-02 5.857416361241255670e-02 4.557144603926455151e-02 -1.118619747604552989e-01 4.611076372520386130e-02
3.083431338612697276e-02 -5.724058559923681649e-02 5.762261471098895776e-02 4.037711284908222092e-02 -9.851910733902551065e-02 3.802251130495959419e-02
3.106305448124050544e-02 -5.382684376364017809e-02 5.673237499964047664e-02 3.634501964274697294e-02 -8.844011095350358398e-02 3.223454206646708675e-02
3.160606056702635475e-02 -5.079739710306298978e-02 5.587115059628203900e-02 3.312376493936027011e-02 -8.085558011699968406e-02 2.820060462196133724e-02
3.237809413174561057e-02 -4.828235412238525426e-02 5.502155165778586238e-02 3.049833526909738468e-02 -7.520115312966711707e-02 2.555452322002257567e-02
3.324663522052096615e-02 -4.631768488972332065e-02 5.417322332588928036e-02 2.833785365494055630e-02 -7.100193943113110306e-02 2.403200547546753205e-02
3.409253015525340325e-02 -4.485651041686871537e-02 5.331922595454348379e-02 2.656287113384033297e-02 -6.784178266038652649e-02 2.343009909020660544e-02
3.484024194243290351e-02 -4.378295302379676263e-02 5.245433373825891810e-02 2.512283162750655538e-02 -6.537391872237788282e-02 2.358501151223007380e-02
3.546892346533116885e-02 -4.294069752596055972e-02 5.157424798031979424e-02 2.397999692861682922e-02 -6.334286709929225212e-02 2.435943017140880518e-02
3.600398047641913124e-02 -4.216903811789401296e-02 5.067525656933203476e-02 2.309858254699376223e-02 -6.159690903874746187e-02 2.563499999269185439e-02
3.649230173818961837e-02 -4.133595542079510077e-02 4.975410797648814609e-02 2.243887716393691556e-02 -6.008052641283229828e-02 2.730772228062740628e-02
3.697070009548144437e-02 -4.036087786496036361e-02 4.880798149224910981e-02 2.195625214655747351e-02 -5.880635640495857769e-02 2.928507862568598130e-02
3.744014485182085850e-02 -3.922415628576247926e-02 4.783449367619194148e-02 2.160442127135952031e-02 -5.781453175612458195e-02 3.148421805427243508e-02
3.785567908536113801e-02 -3.796321104069856622e-02 4.683171260455740170e-02 2.134141790556730658e-02 -5.713181182996428242e-02 3.383082849412475529e-02
3.813517882941416803e-02 -3.665689566299289159e-02 4.579816905709228197e-02 2.113605521648683969e-02 -5.674287266661062756e-02 3.625846604843925569e-02
3.818303946011138150e-02 -3.540123138375224354e-02 4.473286313284518395e-02 2.097260246384468133e-02 -5.658205753045571912e-02 3.870819903161900472e-02
3.792039700190018986e-02 -3.428180450508163529e-02 4.363526889422939675e-02 2.085215027845633076e-02 -5.654734644001820770e-02 4.112847098081228586e-02
3.731240987221404876e-02 -3.334976237575712488e-02 4.250534032758584990e-02 2.079033520025449361e-02 -5.653134639186205984e-02 4.347511606822809793e-02
3.638469021345991372e-02 -3.260802655699338026e-02 4.134352057070874581e-02 2.081227116588214160e-02 -5.645882125699875492e-02 4.571148165800351104e-02
3.522413794677573678e-02 -3.201158989851310421e-02 4.015075419152475816e-02 2.094633934575174106e-02 -5.631828790383885952e-02 4.780863165511964330e-02
3.396348119822496098e-02 -3.148154972345158786e-02 3.892850028688736586e-02 2.121877193844765724e-02 -5.617714825510815996e-02 4.974562345398166052e-02
3.275313608098043977e-02 -3.092854397313511694e-02 3.767874293956328252e-02 2.165071033198569944e-02 -5.617508826041080899e-02 5.150987192429520856e-02
3.172759816710191139e-02 -3.027883326876394318e-02 3.640399533066435156e-02 2.225867481428996444e-02 -5.649733930825252132e-02 5.309763698119538550e-02
3.097526618851458372e-02 -2.949584866611313153e-02 3.510729432126781513e-02 2.305833273913241582e-02 -5.733568338970394807e-02 5.451469907154635891e-02
3.051960999949255085e-02 -2.859136534184524708e-02 3.379218302086680475e-02 2.407045898768788231e-02 -5.884893514086490113e-02 5.577732449517491115e-02
3.031620741483041087e-02 -2.762312854388220690e-02 3.246267897614969061e-02 2.532748817359660454e-02 -6.113509537156217033e-02 5.691368045028245837e-02
3.026565879289358843e-02 -2.667928195297765773e-02 3.112322424068565685e-02 2.687934402013620119e-02 -6.422455868078172370e-02 5.796595839925251098e-02
3.023831116538756164e-02 -2.585364290327723732e-02 2.977860956071197440e-02 2.879826802828663185e-02 -6.809874016080996739e-02 5.899364245657396505e-02
3.010417974559519497e-02 -2.521869970799681115e-02 2.843385624170904555e-02 3.118391995194255348e-02 -7.273304398024936501e-02 6.007869251502696850e-02
2.976077529408959615e-02 -2.480409365808385058e-02 2.709402174891444720e-02 3.417194556101812997e-02 -7.815944974012532798e-02 6.133405501510577618e-02
2.915253319378073582e-02 -2.458677511968986387e-02 2.576385932149440408e-02 3.795179407514475550e-02 -8.454455884198681936e-02 6.291820771808631640e-02
2.827782823593019690e-02 -2.449545744126056801e-02 2.444718666888302805e-02 4.280396629911065870e-02 -9.228650035016590369e-02 6.506118770827354347e-02
2.718272566845320731e-02 -2.442773471416831085e-02 2.314565689032110213e-02 4.917625076650834065e-02 -1.021534801747065041e-01 6.811377619364178404e-02
2.594404323695861936e-02 -2.427476408819808501e-02 2.185627209240907989e-02 5.784207846496695199e-02 -1.155314175929708087e-01 7.264689073593438851e-02
2.464707898393116853e-02 -2.394672279245367574e-02 2.056621930362695361e-02 7.025201904723230029e-02 -1.349638060319389155e-01 7.967052743293147332e-02
2.336455621275104408e-02 -2.339253300909762898e-02 1.924206388760681813e-02 8.941606524173863202e-02 -1.655304224260457924e-01 9.117539983618470900e-02
2.214246214701642845e-02 -2.260920914296181763e-02 1.780786911732903585e-02 1.225805476283471085e-01 -2.190502581035214669e-01 1.117137672628087525e-01
2.099582918444587928e-02 -2.163899794222321968e-02 1.610692485255070874e-02 1.921704636717701808e-01 -3.309230363165350242e-01 1.543594343557385673e-01
1.991415547441975284e-02 -2.055560974998208584e-02 1.386796322751794250e-02 4.148845327813266981e-01 -6.746068180609261500e-01 2.761313862747605263e-01
1.887331320638298282e-02 -1.944361586490677557e-02 1.082005699817972615e-02 1.205871495179860586e+00 -2.233516359285189878e+00 1.045593302881940190e+00
1.784931248053545083e-02 -1.837681806783163924e-02 7.219638844775987455e-03 -2.759228403415877606e-01 -4.256651886975383881e-01 7.216038023291505565e-01
1.682940269271149952e-02 -1.740151950959396149e-02 4.212067095722457633e-03 -1.611321835461775320e-01 -2.678198044256194232e-01 4.504651379862693594e-01
1.581738206505374153e-02 -1.652899814435637715e-02 2.715880418016664629e-03 -1.421230512135962243e-01 -2.593826386729875533e-01 4.230591929817307806e-01
1.483205562496537483e-02 -1.573856104922940341e-02 2.535543189458402003e-03 -9.721276112034883676e-02 -6.367793851418982465e-01 7.543333503861837652e-01
1.389990529048955661e-02 -1.498929176170504980e-02 3.044899317249429634e-03 1.109212443065854814e-01 -2.602182984971354585e-01 1.677891638935972984e-01
1.304467849847737622e-02 -1.423607933906674908e-02 3.786662507870822755e-03 1.956391088024507161e-02 -5.837313411300049104e-02 5.525406969091270493e-02
1.227738258722673934e-02 -1.344453606639807279e-02 4.525652132974026555e-03 -1.110067322806049207e-03 -1.434755807217920343e-02 2.987782541237208808e-02
1.158991811614845310e-02 -1.260020396762972887e-02 5.156065353274424945e-03 -7.888836837413423092e-03 7.813570592987937333e-04 1.963003070844478865e-02
1.095438430213406880e-02 -1.170964809958234022e-02 5.632385887033808554e-03 -1.016876384901760182e-02 6.722157857418389199e-03 1.425642887992021636e-02
1.032829814171855494e-02 -1.079383841166380899e-02 5.934885771151248747e-03 -1.066678346710006609e-02 9.030983182987391972e-03 1.095612982155663370e-02
9.664125625973511713e-03 -9.876700396686708197e-03 6.054916330665570910e-03 -1.038818273901863896e-02 9.766098054333819528e-03 8.696258530445769019e-03
8.920202149813150072e-03 -8.973111356710137751e-03 5.989532398837679565e-03 -9.747653623667931755e-03 9.792261719664133862e-03 7.020363173712356950e-03
8.069747077611122768e-03 -8.080575580651292236e-03 5.740144467716977103e-03 -8.916613182452222050e-03 9.470067896832069093e-03 5.699590231530094614e-03
7.105383916084926504e-03 -7.177440980662439483e-03 5.312703728239240829e-03 -7.957307358327454783e-03 8.916583778829808432e-03 4.607529769762677176e-03
6.038124883612027913e-03 -6.228318991460900407e-03 4.718258667717022646e-03 -6.884504766084038711e-03 8.130379459760750382e-03 3.668582627851074609e-03
4.891621191938417927e-03 -5.195031028888435175e-03 3.973348489788489958e-03 -5.697576497423396079e-03 7.067014840224044789e-03 2.834327628610915691e-03
3.693959890999918508e-03 -4.049612533588388928e-03 3.100008024194312803e-03 -4.397813120111286785e-03 5.690414832739442048e-03 2.071759465523780822e-03
2.469897469769830652e-03 -2.785176248469488792e-03 2.125323135025502207e-03 -2.996869611612422695e-03 4.005558792042021587e-03 1.356975772343975298e-03
1.236005847032569174e-03 -1.421006277119118717e-03 1.080567278838262318e-03 -1.519164947053886416e-03 2.072226589610569499e-03 6.715114876931893963e-04
3.728643943170826887e-17 -6.716716467872179750e-17 2.376227969809673396e-17 -7.527885704650813157e-17 2.920053673471607701e-17 9.150503016942586793e-18
3.728643943170826887e-17 -6.716716467872179750e-17 2.376227969809673396e-17 -7.527885704650813157e-17 2.920053673471607701e-17 9.150503016942586793e-18
3.789735375966682973e-01 1.867226201569231137e+00 -3.333636640588562017e-01 2.947073539887481441e-01 -3.437662075860825062e-01 -7.539100174058163684e-02
8.348738113651138493e-01 3.634490658633597437e+00 -6.665484228317283266e-01 -6.255453878505585763e-01 5.206275130446591515e-01 -1.506430018010687932e-01
1.331618433915268351e+00 5.315807961984122088e+00 -9.993754556594840466e-01 -1.100074402451482580e+00 9.259118507601462600e-01 -2.256169758421566474e-01
1.829874737695530884e+00 6.930267434642450652e+00 -1.331666074155635426e+00 -1.499522940007330218e+00 1.236552224276000977e+00 -3.001740486277794107e-01
2.319080212863164903e+00 8.470676199121079719e+00 -1.663241726476699212e+00 -1.887157403568119118e+00 1.510202092415554143e+00 -3.741759741845178122e-01
2.796887481965281808e+00 9.924542698252581729e+00 -1.993923986087829947e+00 -2.270270195497702925e+00 1.749224686778588556e+00 -4.474859064561858557e-01
3.262414030890690153e+00 1.128102266938320852e+01 -2.323534561402924137e+00 -2.650704978392031119e+00 1.951306097103685078e+00 -5.199693096084974098e-01
3.714856291046117587e+00 1.253230092117622796e+01 -2.651895339581907152e+00 -3.028919654758980062e+00 2.113586851636303887e+00 -5.914947792585676378e-01
4.153292743293131473e+00 1.367362869120972668e+01 -2.978828444883339976e+00 -3.404793178442037771e+00 2.233528656984193450e+00 -6.619345636166148461e-01
4.576748086488490408e+00 1.470298424089866351e+01 -3.304156277920901275e+00 -3.777956614870160656e+00 2.309302196416032071e+00 -7.311646913432655603e-01
4.984307026615631742e+00 1.562059671927340787e+01 -3.627701516144473448e+00 -4.148014553838883955e+00 2.340061285433045146e+00 -7.990647898796836568e-01
5.375205810300901277e+00 1.642842726283356569e+01 -3.949287078887085745e+00 -4.514678320321010574e+00 2.326118031787777429e+00 -8.655178374880877490e-01
5.748863586151741423e+00 1.712967120078451444e+01 -4.268736059264464977e+00 -4.877787142265655795e+00 2.268983321243327023e+00 -9.304101519113991969e-01
6.104842025672139627e+00 1.772833011512295087e+01 -4.585871572561518228e+00 -5.237226002413891912e+00 2.171266751819489915e+00 -9.936318306058131711e-01
6.442752785604282550e+00 1.822887970337915320e+01 -4.900516343166456679e+00 -5.592793982483972748e+00 2.036477669798162804e+00 -1.055077640975299769e+00
6.762157276317931398e+00 1.863602856049705991e+01 -5.212491579400041708e+00 -5.944098230474414102e+00 1.868801307611903884e+00 -1.114648105080048301e+00
7.062507724572298251e+00 1.895453312683565628e+01 -5.521613981315869779e+00 -6.290531305115681704e+00 1.672926806379922748e+00 -1.172250362968701332e+00
7.343157393780439079e+00 1.918901565043049118e+01 -5.827687458517487151e+00 -6.631341745151599909e+00 1.453980085637184505e+00 -1.227798440558602655e+00
7.603429804089611999e+00 1.934372699989402378e+01 -6.130477229069362544e+00 -6.965754382411493140e+00 1.217578432292909296e+00 -1.281212810137315916e+00
7.842701443251709037e+00 1.942217258219196196e+01 -6.429608959849138827e+00 -7.293066292330704137e+00 9.699917926802261725e-01 -1.332419505369164980e+00
8.060439827672558621e+00 1.942620504956201799e+01 -6.723993962108899325e+00 -7.612652491999073234e+00 7.183790613591515273e-01 -1.381349327978187880e+00
8.256157563916652009e+00 1.934811420463485021e+01 -7.004291217608800579e+00 -7.923858233295257847e+00 4.710689351359280130e-01 -1.427937646760719215e+00
8.429284375423948816e+00 -6.789717576847428937e+00 1.870704068498482187e+01 -8.225809471898816838e+00 2.378705250772761015e-01 -1.472124869724454665e+00
-8.442967027006048397e+00 7.055975399818966487e+00 -1.893919799949409111e+01 8.212813036546478429e+00 -2.042205858910362826e-01 1.524594803192788506e+00
-8.590866331768916453e+00 7.599710265390807962e+00 -1.899109460322987886e+01 8.498395633329268506e+00 6.713590282888964606e-04 1.567028425581883377e+00
-8.714774992415032173e+00 7.878135699730736796e+00 -1.870477028359811200e+01 8.771225046154963678e+00 1.668751534092178801e-01 1.606939310669336152e+00
-8.813107543942477307e+00 8.151461381816034191e+00 -1.833280780057580017e+01 9.029410999219546596e+00 2.788955828145635585e-01 1.644248015984562272e+00
-8.883802527517570269e+00 8.420361910981377207e+00 -1.786428370871541915e+01 9.270439956483572885e+00 3.179679610417547320e-01 1.678852292692879944e+00
-8.924226812116504703e+00 8.684817419430684637e+00 -1.728256469546745322e+01 9.490831582696937829e+00 2.611771493523312726e-01 1.710606333935241086e+00
-8.931007038930545150e+00 8.944724761330512308e+00 -1.656472118022208662e+01 9.685525533536573306e+00 8.072367039262844102e-02 1.739245941809802520e+00
-8.899738424385290614e+00 9.199952037117945736e+00 -1.568001303903260713e+01 9.846300254600196311e+00 -2.559965126585640460e-01 1.764064123111277471e+00
-8.824527700215547554e+00 9.450322857769140938e+00 -1.458489232522883761e+01 9.955295736475196833e+00 -7.831916271763901261e-01 1.781873851216497995e+00
-8.697289231507749463e+00 9.695506725884785126e+00 -1.316351322444582905e+01 9.921263655985626428e+00 -1.498754384043703203e+00 1.752934387829378826e+00
-8.506304253538820248e+00 9.934350815883597363e+00 1.056357600268755448e+01 -1.222025911245302154e+01 1.628476572245598275e+00 -2.383854825414880807e+00
-8.225429321343847633e+00 1.015507662693013025e+01 1.026033514452659290e+01 -1.014104776679724829e+01 1.832442767695221519e+00 -3.872325019322624406e+00
1.018916639077793462e+01 -7.666738452710395002e+00 1.010371422912360195e+01 -8.063648352062424252e+00 1.855282719855938289e+00 -5.430638050851487542e+00
1.062253386345909689e+01 -7.390224204584924017e+00 9.857352794302837395e+00 -5.844138408133876084e+00 1.867982467699030646e+00 -7.164328971579192462e+00
1.084846103268902873e+01 -6.755325137882138620e+00 9.469479450171286672e+00 -3.564037526080136242e+00 1.876564232444994484e+00 -8.979933143926665196e+00
1.106499973045102436e+01 -5.917876486020120730e+00 8.893204385292944991e+00 -1.327662616941126528e+00 1.882085168188690538e+00 -1.076844747766772237e+01
1.127547861572220178e+01 -4.833166236113385139e+00 8.078659064994914374e+00 7.761133753744648978e-01 1.884875959192743311e+00 -1.243747954968155689e+01
1.148038603884892872e+01 -3.456871369010599881e+00 6.980019144142320719e+00 2.693014272283313471e+00 1.885087806089468243e+00 -1.392896604702041863e+01
1.167983799282374413e+01 -1.766658187156191051e+00 5.573993376018702151e+00 4.404842876896736925e+00 1.882813824047103290e+00 -1.522012245556508425e+01
1.187386799367494028e+01 2.102711095166171495e-01 3.886854403107290690e+00 5.919858486665392938e+00 1.878126174257702008e+00 -1.631354930641019152e+01
1.206248856942246661e+01 2.377314039542306023e+00 2.014228766508757040e+00 7.260734214122405383e+00 1.871090408502444236e+00 -1.722505594233948756e+01
1.224570909152691023e+01 4.581011356910764221e+00 1.086409633478957054e-01 8.455186539149517344e+00 1.861771821964156359e+00 -1.797427017370239000e+01
1.242354206662345995e+01 6.661231482179716501e+00 -1.670563331023775966e+00 9.530401719152880702e+00 1.850238118040103075e+00 -1.857913104591054321e+01
1.259600563305695253e+01 8.505593832098176321e+00 -3.211661601663789334e+00 1.051048128357382438e+01 1.836559988469286919e+00 -1.905341589653199108e+01
1.276312456154300179e+01 1.007017830474495490e+01 -4.471619164189149842e+00 1.141590278227436350e+01 1.820810524521389917e+00 -1.940611789163038736e+01
1.292493055474770181e+01 1.136489110796436286e+01 -5.462742829645040210e+00 1.226474506541160459e+01 1.803064177292698078e+00 -1.964178199471161079e+01
1.308146217347576545e+01 1.242695644918477704e+01 -6.232438608902865163e+00 1.307928312392984971e+01 1.783395816788671651e+00 -1.976125936249700032e+01
1.323276456823488800e+01 1.330040635540617799e+01 -6.937586979060029968e+00 1.398140899463741782e+01 1.761880200176583644e+00 -1.976258168483507305e+01
1.337888914078221170e+01 1.402552057750817305e+01 1.436564815389265171e+01 -7.006345855344224383e+00 1.738591895799979969e+00 -1.964179422582797940e+01
1.351989321895335117e+01 1.463531931990352497e+01 1.512698508626619009e+01 -7.361787838904379377e+00 1.713605508078934303e+00 -1.939366603494918806e+01
1.365583977642218372e+01 1.515555130167859765e+01 1.581111292489626940e+01 -7.571544061930683078e+00 1.686995968819411384e+00 -1.901225248744525942e+01
1.378679717627914592e+01 1.560589740260924607e+01 1.646580436946386428e+01 -7.699979633349329333e+00 1.658838702954311239e+00 -1.849133079126818302e+01
1.391283888512217182e+01 1.600129813709292037e+01 1.709998941324494481e+01 -7.768442775102128550e+00 1.629209587813982951e+00 -1.782475919871713543e+01
1.403404310702985569e+01 1.635303007927537067e+01 1.771731215804470949e+01 -7.789941539312427388e+00 1.598184731036131900e+00 -1.700681723221956432e+01
1.415049231936970919e+01 1.666950935657012778e+01 1.831959109767648997e+01 -7.773527011301259115e+00 1.565840140349195941e+00 -1.603256554056163807e+01
1.426227273301540244e+01 1.695692698629617112e+01 1.890770469711061708e+01 -7.725861216760967487e+00 1.532251341961968549e+00 -1.489822916730158475e+01
1.436947372379141541e+01 1.721981539458699118e+01 1.948201762655448022e+01 -7.652083775173145419e+00 1.497492958908511085e+00 -1.360157409268318673e+01
1.447218727860555632e+01 1.746157836741527447e+01 2.004266850763761809e+01 -7.556329304567801053e+00 1.461638235916368656e+00 -1.214223073833575839e+01
1.457050747668292345e+01 1.768494715600870038e+01 2.058975711206758064e+01 -7.441997040408142361e+00 1.424758521073362205e+00 -1.052192763075183812e+01
1.466453000288616870e+01 1.789229559071731757e+01 2.112342476408747061e+01 -7.311851536132048857e+00 1.386922773406873421e+00 -8.744628325710023020e+00
1.475435168182012191e+01 1.808577088917721198e+01 2.164383809378918855e+01 -7.168046657281204048e+00 1.348197213450813337e+00 -6.816599114620378153e+00
1.484007002901888228e+01 1.826725793735723968e+01 2.215111367087704153e+01 -7.012160756878348167e+00 1.308645223871985896e+00 -4.746455753492633711e+00
1.492178282608003492e+01 1.843825728614788062e+01 2.264523600523931535e+01 -6.845296471318242482e+00 1.268327525454798765e+00 -2.545233546528225421e+00
1.499958772552363406e+01 1.859978548216099625e+01 2.312601479879708322e+01 -6.668246384251952819e+00 1.227302534075743523e+00 -2.264987285926576555e-01
1.507358187525540671e+01 1.875238422481726630e+01 2.359310268026563406e+01 -6.481680353738504152e+00 1.185626712035087849e+00 2.193515687828291760e+00
1.514386153391945555e+01 1.889626271210289943e+01 2.404606416836811533e+01 -6.286292858195467126e+00 1.143354720687250747e+00 4.695791075722619112e+00
1.521052164555706732e+01 1.903152634085842720e+01 2.448446438687009064e+01 -6.082865425003289417e+00 1.100539274990354643e+00 7.258464251804447542e+00
1.527365536411306302e+01 1.915839932218988295e+01 2.490794112996088927e+01 -5.872238344637980667e+00 1.057230751586034190e+00 9.856848850340659496e+00
1.533335355554504886e+01 1.927734950445917406e+01 2.531623628815515303e+01 -5.655225192484294006e+00 1.013476731412732867e+00 1.246352328577770407e+01
1.538970433226986323e+01 1.938906819108242274e+01 2.570918415682995573e+01 -5.432522996166957441e+00 9.693216946017337854e-01 1.504844433437869355e+01
1.544279266691460961e+01 1.949432294540638111e+01 2.608667299623096980e+01 -5.204662583559990452e+00 9.248070079572168201e-01 1.757904016435323413e+01
1.549270008418548628e+01 1.959375620658666861e+01 2.644860332309131223e+01 -4.972015450045480733e+00 8.799711958145602919e-01 2.002025721509322054e+01
1.553950436132222102e+01 1.968772290921989665e+01 2.679485988603324742e+01 -4.734842643040254373e+00 8.348503466616642443e-01 2.233457219439868169e+01
1.558327911454048831e+01 1.977623940118203905e+01 2.712529981527896439e+01 -4.493354048726448724e+00 7.894784579838769467e-01 2.448201628262708596e+01
1.562409313857603266e+01 1.985906566263357931e+01 2.743974667797064981e+01 -4.247749756664742193e+00 7.438875884321757281e-01 2.642027776987171706e+01
1.566200939630978262e+01 1.993588660566708270e+01 2.773797701264435034e+01 -3.998233355073399053e+00 6.981078336487137603e-01 2.810494651396195565e+01
1.569708358546922078e+01 2.000651978342846249e+01 2.801969402286471578e+01 -3.745006950582789429e+00 6.521672928062778318e-01 2.948994676764898770e+01
1.572936217300500950e+01 2.007107014592932970e+01 2.828449701540787942e+01 -3.488267075354631874e+00 6.060922772753701837e-01 3.052819075367574797e+01
1.575887960920176845e+01 2.012997739408784525e+01 2.853186543908705630e+01 -3.228214952861970133e+00 5.599080172776271791e-01 3.117248933236836805e+01
1.578565402621188518e+01 2.018394576452901035e+01 2.876117507663431283e+01 -2.965079029904469365e+00 5.136401187811439062e-01 3.137678227273967480e+01
1.580967993579377406e+01 2.023379190975567354e+01 2.897174934231263776e+01 -2.699133154748778907e+00 4.673171815432999865e-01 3.109778648016719416e+01
1.583091487263934383e+01 2.028027828662883891e+01 2.916292643073224866e+01 -2.430689960299935670e+00 4.209756305069233262e-01 3.029717956503866105e+01
1.584925347193650857e+01 2.032401017216776395e+01 2.933410282882586628e+01 -2.160058649868260794e+00 3.746696754041733413e-01 2.894440725524431102e+01
1.586447390512812383e+01 2.036547069261259679e+01 2.948470131095031022e+01 -1.887474353178506536e+00 3.284946662323978139e-01 2.702010233402974038e+01
1.587611788022263681e+01 2.040527794397714345e+01 2.961399742891368803e+01 -1.613025260179335563e+00 2.826494985489934053e-01 2.451992123360175668e+01
1.588319104178092545e+01 2.044485237059975091e+01 2.972067105272263987e+01 -1.336635024669983185e+00 2.376320448316920630e-01 2.145834511169459446e+01
1.588329694976741102e+01 2.048818182533873511e+01 2.980161958863221727e+01 -1.058353794280116000e+00 1.950118718414154129e-01 1.787162695006379565e+01
1.586956274438807313e+01 2.054784211562956742e+01 2.984787735645955209e+01 -7.812548575289340880e-01 1.619269922790000371e-01 1.381827274583427823e+01
1.581580650462575122e+01 2.067522901797799051e+01 2.982356721941529187e+01 -2.970979259432647845e-01 -5.573139183994898355e-02 9.371503408290045911e+00
1.557453445469425901e+01 2.124866399571552478e+01 2.943842514595754878e+01 4.100557628736723609e-02 -2.817580821690342588e-02 4.564125399835989860e+00
0.000000000000000000e+00 0.000000000000000000e+00 0.000000000000000000e+00 0.000000000000000000e+00 0.000000000000000000e+00 0.000000000000000000e+00
0.000000000000000000e+00 0.000000000000000000e+00 0.000000000000000000e+00 0.000000000000000000e+00 0.000000000000000000e+00 0.000000000000000000e+00
1.875833350355933860e+01 1.315869671055671830e+01 2.308988555344523519e+01 -1.028872032986740903e+00 4.797650872655218612e-01 4.293437356438646546e+00
1.801084233719965866e+01 1.330221695955438399e+01 2.355622271627371944e+01 -9.639958626720445123e-01 1.645935099462862705e-01 8.177641481880819185e+00
1.772863397753983605e+01 1.344052229257804676e+01 2.362093794693001669e+01 -1.144349834919806241e+00 1.458435768221862383e-01 1.179685040669419926e+01
1.730870115087839878e+01 1.377107852175212166e+01 2.361921509095381921e+01 -1.392555893222967356e+00 1.618104564512725385e-01 1.514528557573656897e+01
1.669954877429576001e+01 1.430025757728721203e+01 2.359112022025495392e+01 -1.665966660912522546e+00 1.859457005566356735e-01 1.813470064914951863e+01
1.599702910551622459e+01 1.492229830839329630e+01 2.354653049845785517e+01 -1.951984395651244153e+00 2.126324722960437896e-01 2.070647921015610393e+01
1.535465012304743482e+01 1.548026946688187167e+01 2.348896775195752085e+01 -2.245371285536225336e+00 2.400143847449527079e-01 2.282634526757474092e+01
1.487533607348448861e+01 1.586911365560377085e+01 2.341995021065076088e+01 -2.543312788636446609e+00 2.673159275434808246e-01 2.448031002495594421e+01
1.457885268588905703e+01 1.606720939690033134e+01 2.334012948192177817e+01 -2.844053219954998823e+00 2.941335566132207147e-01 2.567091730648575876e+01
1.444037070754637675e+01 1.609781360589387944e+01 2.324979321764415374e+01 -3.146442689978155016e+00 3.201442538974680341e-01 2.641354511946923012e+01
1.442474328986358856e+01 1.599497004984344350e+01 2.314923582724335915e+01 -3.449646163715026859e+00 3.449459624755537579e-01 2.673297149667023831e+01
1.449488125208848466e+01 1.579523229279506324e+01 2.303899514449656394e+01 -3.752863235663215224e+00 3.679751879306561446e-01 2.666039674231279477e+01
1.460792128400048462e+01 1.554145235335832886e+01 2.291986244027620856e+01 -4.055173982443835534e+00 3.885073556854953258e-01 2.623099987575346148e+01
1.471506298789459244e+01 1.528278725702851659e+01 2.279266183201864138e+01 -4.355622180990807557e+00 4.057344180283534718e-01 2.548202892391925545e+01
1.477207052755401406e+01 1.506397742568138121e+01 2.265792407329030667e+01 -4.653440541260830621e+00 4.188557557297447609e-01 2.445139786437661300e+01
1.475468925470512360e+01 1.490970675712074645e+01 2.251563867119795148e+01 -4.948161977796562638e+00 4.271040152556241365e-01 2.317674970387592381e+01
1.466713625805432386e+01 1.481596101230350548e+01 2.236521610258586534e+01 -5.239449992593313787e+00 4.297067901870563755e-01 2.169491065021730591e+01
1.453696441965583652e+01 1.475515660506211368e+01 2.220566896317011185e+01 -5.526752260048902521e+00 4.258730619935527928e-01 2.004160754841541703e+01
1.439844896094136040e+01 1.469290765240831398e+01 2.203590913073189483e+01 -5.809078784855437938e+00 4.148793275193912722e-01 1.825128781997974770e+01
1.427361025956181173e+01 1.460723628291687071e+01 2.185501978812677137e+01 -6.085116674978857887e+00 3.961935546134756070e-01 1.635690737171591636e+01
1.416197401462383887e+01 1.449896494706507788e+01 2.166240203769984518e+01 -6.353577436395833722e+00 3.694480906964482947e-01 1.438964004069915426e+01
1.404474591074046863e+01 1.438747067312188044e+01 2.145777315041447153e+01 -6.613489492537156345e+00 3.341906249978299215e-01 1.237856727135993395e+01
1.389988953731403853e+01 1.429530516021445763e+01 2.124105563302765276e+01 -6.864296327690659005e+00 2.896655976495765561e-01 1.035046344951960151e+01
1.371794838207304501e+01 1.423201220591325900e+01 2.101221871691210197e+01 -7.105848018404288702e+00 2.349930281973648116e-01 8.329761629777173937e+00
1.350847095698835076e+01 1.418754469958458131e+01 2.077112605795102240e+01 -7.338442132465705647e+00 1.698333950778619372e-01 6.338685613280524933e+00
1.329350168534362098e+01 1.413898379910708591e+01 2.051742838271559677e+01 -7.562928069545783671e+00 9.515260734244211649e-02 4.397435937290703478e+00
1.309330359752299167e+01 1.406531488970846766e+01 2.025052909685681612e+01 -7.780555184248079570e+00 1.330631184233707458e-02 2.524290491735408981e+00
1.291425184746348798e+01 1.396001219622679379e+01 1.996963790909688896e+01 -7.992226067399535339e+00 -7.308057265141491843e-02 7.355476898574370148e-01
1.274632973666692415e+01 1.383365565346569070e+01 1.967390178624770058e+01 -8.197607334434895421e+00 -1.627485159158547079e-01 -9.546431865943246775e-01
1.257063528805668362e+01 1.370604070140089092e+01 1.936256750093349055e+01 -8.395135925675432986e+00 -2.564113683871838689e-01 -2.534435400853316533e+00
1.237114986079458134e+01 1.359373170732897051e+01 1.903510581841243621e+01 -8.583133397541205412e+00 -3.557118840203879473e-01 -3.994300925673091474e+00
1.214304529195015192e+01 1.350120410462188048e+01 1.869123535390133739e+01 -8.761091768580101302e+00 -4.614260197636684824e-01 -5.326882749230746228e+00
1.189284609731617870e+01 1.342061548529929738e+01 1.833082728495566371e+01 -8.930143581904289363e+00 -5.722580374151008398e-01 -6.526767847843518489e+00
1.163162777349594101e+01 1.333906137879774967e+01 1.795372858001034899e+01 -9.092356608636272597e+00 -6.850633704726957207e-01 -7.590310533774956347e+00
1.136683631919876625e+01 1.324741083470178005e+01 1.755957744658048370e+01 -9.249184848402263626e+00 -7.964262150719753075e-01 -8.515580617321480972e+00
1.109827051912858842e+01 1.314471986081487920e+01 1.714767725823041999e+01 -9.400115453693024037e+00 -9.044267578966419530e-01 -9.302395420654693936e+00
1.081995836081791751e+01 1.303620586444947094e+01 1.671694615314845578e+01 -9.542622128022262729e+00 -1.009093930471632872e+00 -9.952305551543458861e+00
1.052541421691998202e+01 1.292737414412539465e+01 1.626588796777035029e+01 -9.673421368306087231e+00 -1.111168054686272555e+00 -1.046841008179905153e+01
1.021195696407844977e+01 1.281898603821977112e+01 1.579243815680805163e+01 -9.789773647243334764e+00 -1.210265067821879814e+00 -1.085497630649798850e+01
9.881136281147183453e+00 1.270621244569391628e+01 1.529331040431008581e+01 -9.889363429632314961e+00 -1.303800468797232437e+00 -1.111696141228971157e+01
9.535524345850237893e+00 1.258185863400753846e+01 1.476126747169793596e+01 -9.967374879622113326e+00 -1.386811082038713172e+00 -1.125958903402243827e+01
9.174710758550292056e+00 1.244063987319872666e+01 1.416699575773585806e+01 -1.000329213371093218e+01 -1.446979333724331074e+00 -1.128808179670636136e+01
8.793513499237022302e+00 1.228113730343080334e+01 1.227639743129154759e+01 -9.524415809256012722e+00 -7.185714256357328411e-01 -1.120752919456934826e+01
8.383481938204768724e+00 1.210407387052909911e+01 -1.027731119421255457e+01 -1.591381214591528925e+00 1.323087648445443421e+01 -1.102276749238240505e+01
7.936444275938317361e+00 1.190810844501655730e+01 -1.019181762231329991e+01 -1.641234519060279951e+00 1.254203872703778089e+01 -1.073814029487079047e+01
7.447693547774847822e+00 1.168571536723139026e+01 -1.009550196211854534e+01 -1.672372791218171617e+00 1.184908639104630090e+01 -1.035710353984594256e+01
6.916965321252842358e+00 1.142121534205379874e+01 -9.940363567508672560e+00 -1.689388424529423505e+00 1.111832338037030254e+01 -9.881775038098947306e+00
6.347086734657481522e+00 1.109122158540278313e+01 -9.704792428892899281e+00 -1.687509910946585645e+00 1.033646053884938354e+01 -9.312621467190119517e+00
5.741734948771016533e+00 1.066614174869226694e+01 -9.367425328754741543e+00 -1.660269732782225782e+00 9.493291647944101186e+00 -8.648477722423772107e+00
5.103987614637448544e+00 1.011123734040259592e+01 -8.902574642088270096e+00 -1.600884090181762476e+00 8.579555307927000385e+00 -7.887022460474566898e+00
4.436314959979656969e+00 9.387130025349609497e+00 -8.279098266461916822e+00 -1.503108576347252257e+00 7.587128940324973314e+00 -7.025746378494106992e+00
3.741416072946133209e+00 8.451444536749333380e+00 -7.462069667869629441e+00 -1.361753089610273859e+00 6.510068818427816595e+00 -6.063384588525461361e+00
3.022841878274054039e+00 7.264246948340780108e+00 -6.418205524965932440e+00 -1.173207022589825455e+00 5.346180561391514985e+00 -5.001719576317938731e+00
2.284865708231945014e+00 5.799258488322744043e+00 -5.125953459937996115e+00 -9.364576810475221391e-01 4.098850583855778495e+00 -3.847531603481487039e+00
1.531971815395337222e+00 4.059944752907830079e+00 -3.589516303255133600e+00 -6.547625878942058275e-01 2.778644318896973164e+00 -2.614251546323241193e+00
7.687050000482118506e-01 2.094592154956973040e+00 -1.852186477322113722e+00 -3.373808524913113338e-01 1.403951410024308455e+00 -1.322659357727999252e+00
8.490771273911004226e-16 6.087474805009996657e-15 -3.087902778383548509e-15 -3.674621028666920575e-16 3.788625760682427169e-15 -3.589408262464265390e-15
8.490771273911004226e-16 6.087474805009996657e-15 -3.087902778383548509e-15 -3.674621028666920575e-16 3.788625760682427169e-15 -3.589408262464265390e-15
-9.208258028872374767e-01 9.156272228843552741e-01 4.142278436835249433e-01 -4.083145043049152823e-01 7.194112478711527352e-04 2.775117887134559511e-03
-7.399252055878875467e-01 7.297109279046002372e-01 1.257757623433413130e+00 -1.246132499057161835e+00 1.456922894084481616e-03 5.528640560736628601e-03
-4.451978465796626039e-01 4.303198305420516956e-01 1.324130911139477229e+00 -1.307181850400870537e+00 2.230521331497644071e-03 8.239315562963934678e-03
-3.345011862092375776e-01 3.154547333598954340e-01 6.985665613382703309e-01 -6.768392248626292629e-01 3.057944068795326147e-03 1.088656535000632336e-02
-2.794731985019899834e-01 2.568626074844269636e-01 4.395198529248084407e-01 -4.136796302024243199e-01 3.956505528257732614e-03 1.345079711138109056e-02
-2.481165341294586102e-01 2.226162094206059483e-01 3.029306422710117963e-01 -2.737194329699082496e-01 4.942869888333352967e-03 1.591367659353133679e-02
-2.290011330847942228e-01 2.013162305489060722e-01 2.178069766419629405e-01 -1.859993655617756814e-01 6.032764410347430870e-03 1.825835026440264172e-02
-2.170224934601302780e-01 1.878526380067885304e-01 1.597201098537444075e-01 -1.260829032069377409e-01 7.240635598788912157e-03 2.046959892860114941e-02
-2.095669947786760745e-01 1.795757231161437539e-01 1.179513821543135138e-01 -8.320952110867296803e-02 8.579260452345234197e-03 2.253390635915459433e-02
-2.051744450504520700e-01 1.749660136336274874e-01 8.691136108102899549e-02 -5.172210143116179326e-02 1.005933463190836208e-02 2.443942942143979488e-02
-2.029826305451475355e-01 1.730868241514157968e-01 6.330791737262185526e-02 -2.824401732196546444e-02 1.168906684731378480e-02 2.617586200873615182e-02
-2.024660729820821348e-01 1.733307436587344097e-01 4.503023757868346993e-02 -1.057183948025685466e-02 1.347381226614271892e-02 2.773419397188700911e-02
-2.033013749250292268e-01 1.752917080096699776e-01 3.064449000464462142e-02 2.821489654761410396e-03 1.541577573448253864e-02 2.910637774297012911e-02
-2.052929695019236889e-01 1.786959793370622440e-01 1.913877160609451719e-02 1.303598925001181290e-02 1.751380736332900159e-02 3.028492876710295670e-02
-2.083301906835939576e-01 1.833627353474608923e-01 9.781223364432087286e-03 2.088287187012105930e-02 1.976329905729927797e-02 3.126250013294985114e-02
-2.123617513530451639e-01 1.891804164664619980e-01 2.034525151230063764e-03 2.696841525581385526e-02 2.215617252350541438e-02 3.203148586163849509e-02
-2.173805106501302264e-01 1.960919848353137596e-01 -4.499087996349687354e-03 3.174901865682066421e-02 2.468092964868667805e-02 3.258372036087468782e-02
-2.234147015297272831e-01 2.040856511312467148e-01 -1.011501501355439522e-02 3.556969352638388038e-02 2.732271737249373361e-02 3.291035336113422305e-02
-2.305234997895629634e-01 2.131893450644114507e-01 -1.503241572258676682e-02 3.869219161750762220e-02 3.006334301901485845e-02 3.300199094119380533e-02
-2.387957717280347891e-01 2.234680942626501576e-01 -1.941308436805782786e-02 4.131608613155633020e-02 3.288116274512366266e-02 3.284920591540024110e-02
-2.483514193597247677e-01 2.350239550621963658e-01 -2.337536098828543046e-02 4.359468953913872569e-02 3.575075382747727737e-02 3.244353803371172879e-02
-2.593451395294317230e-01 2.479984352011175841e-01 -2.700453624268224842e-02 4.564695296571900235e-02 3.864226769608852807e-02 3.177913022705262241e-02
-2.719727316067479528e-01 2.625775923586260996e-01 -3.036071961735498786e-02 4.756608845542954073e-02 4.152034002293859827e-02 3.085518575164403893e-02
-2.864803969770341463e-01 2.790002616901698373e-01 -3.348484459819996151e-02 4.942541724605280934e-02 4.434240007280161600e-02 2.967948540053227599e-02
-3.031778305055929934e-01 2.975702140266560658e-01 -3.640329568824339501e-02 5.128180072087597935e-02 4.705616461278872009e-02 2.827327323481969648e-02
-3.224563742134864408e-01 3.186735274956535857e-01 -3.913151723668865239e-02 5.317693682469620819e-02 4.959600806469995071e-02 2.667789731856510388e-02
-3.448141742759583961e-01 3.428031433461344868e-01 -4.167687819053585846e-02 5.513681843818173806e-02 5.187774779915305806e-02 2.496366832294920346e-02
-3.708912881256041794e-01 3.705935942409650519e-01 -4.404100527470786175e-02 5.716978451356365815e-02 5.379113274164025460e-02 2.324147084714308156e-02
-4.015192466488986534e-01 4.028704505312829531e-01 -4.622175032815283025e-02 5.926387457676036280e-02 5.518890468725529824e-02 2.167776992864620111e-02
-4.377920545199500135e-01 4.407214917014815603e-01 -4.821491906392716409e-02 6.138459195540287017e-02 5.587058326784751644e-02 2.051395604067809270e-02
-4.811696474602592533e-01 4.856006158817311458e-01 -5.001585361420326364e-02 6.347454378679706632e-02 5.555785076364890690e-02 2.009186460168417912e-02
-5.336315543360253821e-01 5.394821908634472862e-01 -5.162092624690564624e-02 6.545646742896547854e-02 5.385606059941245444e-02 2.088959590644587708e-02
-5.979100067635368942e-01 6.050950046370840996e-01 -5.302896411240088509e-02 6.724054300706146237e-02 5.019185338538664082e-02 2.357688427741681803e-02
-6.778518692719744942e-01 6.862850692762368920e-01 -5.424258365524002590e-02 6.873553304040085077e-02 4.370763972514898205e-02 2.910981262578924908e-02
-7.789949084487117759e-01 7.885926544678663053e-01 -5.526936918191936027e-02 6.986161160548649829e-02 3.307380823815100207e-02 3.890620235516083908e-02
-9.095103525048235937e-01 9.201953529324543579e-01 -5.612278636811413729e-02 7.056165140343320652e-02 1.613341678048453229e-02 5.519015083799251598e-02
-1.081787965232272830e+00 1.093493263515007419e+00 -5.682268479604216799e-02 7.080801365921755852e-02 -1.082229703992747261e-02 8.171028104969312034e-02
-1.315172825711704574e+00 1.327845375299359754e+00 -5.739522402652997429e-02 7.060349368562590655e-02 -5.467643945786642562e-02 1.253618044353639327e-01
-1.640782224366912123e+00 1.654385505674355272e+00 -5.787206811780114257e-02 6.997708946945019326e-02 -1.295882554992780211e-01 2.002928397745477596e-01
-2.109953822505340693e+00 2.124468953440740826e+00 -5.828874699052521285e-02 6.897660459490817519e-02 -2.691714050496016863e-01 3.400900575694811301e-01
-2.807979847904004789e+00 2.823404745725610621e+00 -5.868218780767219672e-02 6.766032098010349438e-02 -5.709176083606000152e-01 6.422102025491357447e-01
-3.869069605322954963e+00 3.885415969686138116e+00 -5.908757117308296308e-02 6.608937645459614374e-02 -1.363424758435850759e+00 1.435214914371264694e+00
-5.451553073415590589e+00 5.468841272850378132e+00 -5.953484082421875434e-02 6.432164766482710572e-02 -2.144864103525064181e+00 2.217242686050801215e+00
-7.516010124883454324e+00 7.534262442270615701e+00 -6.004534467697777295e-02 6.240730127061359933e-02 -1.500321315606969019e+00 1.573352735903398525e+00
-9.368207595357048945e+00 9.387440642796583745e+00 -6.062915065495311229e-02 6.038586578099228164e-02 -1.205821824673201315e+00 1.279551518445023905e+00
-1.001184534492492517e+01 1.003206268948939872e+01 -6.128351675533763587e-02 5.828461903001462552e-02 -1.144774594216736885e+00 1.219236498978820693e+00
-1.001184534492492517e+01 1.003206268948939872e+01 -6.128351675533763587e-02 5.828461903001462552e-02 -1.144774594216736885e+00 1.219236498978820693e+00
1.331398176543287093e+01 -1.287223613111573783e+01 3.935786473061948065e+00 -2.703638853021506971e+00 2.257221465301894714e+00 -2.164138547729243189e+00
1.350441561921228661e+01 -1.264416515655945084e+01 7.658302210592647263e+00 -5.196069703582557153e+00 2.419716541634214124e+00 -2.308350040298050576e+00
1.365588393327330152e+01 -1.238311929704884307e+01 1.091758811752601588e+01 -7.235119406945121234e+00 2.441340722772338268e+00 -2.312197860041325992e+00
1.377797319718576041e+01 -1.210161907162716588e+01 1.364522635902696912e+01 -8.757226915575980541e+00 2.439526762339761401e+00 -2.293281208155511841e+00
1.387030977783723351e+01 -1.180212350690854350e+01 1.586351759604256273e+01 -9.789778149918021199e+00 2.427163681757797509e+00 -2.264650577203425996e+00
1.393150561320369540e+01 -1.148557512636190125e+01 1.763838655728347504e+01 -1.040453913536293662e+01 2.407216472234318783e+00 -2.229425926983420236e+00
1.395993943751684974e+01 -1.114514478342431936e+01 1.903776819763710293e+01 -1.068322957045990407e+01 2.380657215133485050e+00 -2.188726403030990753e+00
1.395391039041392567e+01 2.011665406158245872e+01 -1.076871335078439529e+01 -1.070039537001135344e+01 2.347888008808701521e+00 -2.143091967037364487e+00
1.391168886528744686e+01 2.102579321480274643e+01 -1.045321273629795122e+01 -1.051795194907701614e+01 2.309113593533513420e+00 -2.092854788253181386e+00
1.383154446256434333e+01 2.169372158881382617e+01 -1.008662928325043318e+01 -1.018532542813292530e+01 2.264464814740877685e+00 -2.038261496363213077e+00
1.371176906828711850e+01 2.218866151088938921e+01 -9.707881520410216680e+00 -9.741522640721845150e+00 2.214046884667811188e+00 -1.979520248205831612e+00
1.355070038240734043e+01 2.253307612533726711e+01 -9.319041750473772368e+00 -9.217443244996173846e+00 2.157960749790434729e+00 -1.916820960364874704e+00
1.334674786825514303e+01 2.274153252565557892e+01 -8.921161868262570849e+00 -8.637832367911453701e+00 2.096313467473763570e+00 -1.850344710494261635e+00
1.309842201147682061e+01 2.282313967929268372e+01 -8.515100654228659138e+00 -8.022754672753364957e+00 2.029223508460716641e+00 -1.780268360010630824e+00
1.280436733632231849e+01 2.278288269051777348e+01 -8.101631549410202027e+00 -7.388647932312119693e+00 1.956823387456739782e+00 -1.706766940467705274e+00
1.246339937760970429e+01 2.262257834837902593e+01 -7.681467725545633840e+00 -6.749058335554363630e+00 1.879260656848251498e+00 -1.630014950836860210e+00
1.207454560438352864e+01 2.234160566220369759e+01 -7.255270665498045446e+00 -6.115153055595298426e+00 1.796697719596283438e+00 -1.550187094399744669e+00
1.163709009195345701e+01 2.193749781204340010e+01 -6.823654319714164806e+00 -5.496083531773690467e+00 1.709310634914950944e+00 -1.467458689630864566e+00
1.115062154536419214e+01 2.140645899731964974e+01 -6.387187874068753324e+00 -4.899249762239754169e+00 1.617286886150062220e+00 -1.382005856079040695e+00
1.061508413521424998e+01 2.074385530236272146e+01 -5.946398086075079803e+00 -4.330496917933336576e+00 1.520821810233287996e+00 -1.294005534605032759e+00
1.003083062960463856e+01 1.994471640126997869e+01 -5.501771539595218918e+00 -3.794262111208445365e+00 1.420112882777618379e+00 -1.203635407438239158e+00
9.398677742661043055e+00 1.900427172332456749e+01 -5.053756948048921949e+00 -3.293680588585806479e+00 1.315349998747672888e+00 -1.111073799296678599e+00
8.719965024054422642e+00 1.791852863765704740e+01 -4.602767542136268375e+00 -2.830655070225007730e+00 1.206697555489247176e+00 -1.016499636752033808e+00
7.996622287331872414e+00 1.668487978749570644e+01 -4.149183539892326245e+00 -2.405885958321812179e+00 1.094258612350812454e+00 -9.200925072971766205e-01
7.231259799318784154e+00 1.530269958334725899e+01 -3.693354690772224114e+00 -2.018846593425491776e+00 9.779971347376944513e-01 -8.220328022219224318e-01
6.427319091136947549e+00 1.377384909308192107e+01 -3.235602896667964412e+00 -1.667647935815468330e+00 8.575538754017282272e-01 -7.225018740229616210e-01
5.589385659695102149e+00 1.210293130198292388e+01 -2.776224927199682391e+00 -1.348609843478910886e+00 7.317644353937727830e-01 -6.216821163671335526e-01
4.723941605014997158e+00 1.029695406195795293e+01 -2.315495252477457466e+00 -1.054918577141960245e+00 5.972517966278413359e-01 -5.197568955669904511e-01
3.841302809350774616e+00 8.363592021109630181e+00 -1.853669008190548917e+00 -7.723053111170923302e-01 4.440229549933767395e-01 -4.169103191739705339e-01
2.959974484324211286e+00 6.306760196906580518e+00 -1.390985088023288574e+00 -4.697666991362905997e-01 2.460881794171521642e-01 -3.133268945919888138e-01
2.103959821490048565e+00 4.128931915415872567e+00 -9.276693362578347646e-01 -1.514863934435947412e-01 1.326182024472789996e-02 -2.091911784468550028e-01
1.195913991499251594e+00 1.937306143847523865e+00 -4.639377997762464956e-01 1.944994799212481371e-04 -6.600524807969515573e-02 -1.046875244372866276e-01
3.728643943170826887e-17 -6.716716467872179750e-17 2.376227969809673396e-17 -7.527885704650813157e-17 2.920053673471607701e-17 9.150503016942586793e-18
