0.000000000000000000e+00 0.000000000000000000e+00 0.000000000000000000e+00 0.000000000000000000e+00 0.000000000000000000e+00 0.000000000000000000e+00
2.325774481007035988e+01 2.167883437125468760e+01 4.599044280095115766e+01 6.950411103622955444e-01 7.135733831007360362e-01 6.306280453928435392e+00
2.270830907157815659e+01 2.226399714893994641e+01 4.608603763467471026e+01 4.705564820208287258e-01 4.099112981096678099e-01 1.245169994907939959e+01
2.255773281230507976e+01 2.234348774146613437e+01 4.603649113862192621e+01 3.747085554477438407e-01 3.293305826371523692e-01 1.821087299270586612e+01
2.242769977534774384e+01 2.234725918470226702e+01 4.593997850662593407e+01 3.577947911635304123e-01 3.296115740493800739e-01 2.343915508810833970e+01
2.227586802939571697e+01 2.233050138435024579e+01 4.580890509241680064e+01 3.805740905627688631e-01 3.641887660007485650e-01 2.801228650026470746e+01
2.215406722882673662e+01 2.224549743937646085e+01 4.564662098454720507e+01 4.220334184792738919e-01 4.130261425135007269e-01 3.184013359183986935e+01
2.203295615679994768e+01 2.212362473705076837e+01 4.545454921698810580e+01 4.718018644313166088e-01 4.673634423398706494e-01 3.486728368598935646e+01
2.189671762967500968e+01 2.198194921034209770e+01 4.523353927099525151e+01 5.249262181347131850e-01 5.231604031349101902e-01 3.707028649644617246e+01
2.174307818327003616e+01 2.182350578366693483e+01 4.498423029168036891e+01 5.789573518225842319e-01 5.783963863939166616e-01 3.845308679471613544e+01
2.157193874313508530e+01 2.164889851178885394e+01 4.470717140411993995e+01 6.326062403135485068e-01 6.320372177369442124e-01 3.904171681629828328e+01
2.138359987967977105e+01 2.145823810602054138e+01 4.440286745671049573e+01 6.851488510977266078e-01 6.836117524688485325e-01 3.887903182495600873e+01
2.117847640532366782e+01 2.125156504091987131e+01 4.407179767534089621e+01 7.361505605389169204e-01 7.329918134947582820e-01 3.801997575500353577e+01
2.095705088995870113e+01 2.102900023431180188e+01 4.371442288166250734e+01 7.853268725810594875e-01 7.802367987750125078e-01 3.652760745474259352e+01
2.071986670999082847e+01 2.079080713409387116e+01 4.333118714990803966e+01 8.324660602551776645e-01 8.254670519298710207e-01 3.446993345797933728e+01
2.046751927468368137e+01 2.053739961134284897e+01 4.292251642953270618e+01 8.773839716243846398e-01 8.687671461434862685e-01 3.191748200337193353e+01
2.020063554000863348e+01 2.026931214731517628e+01 4.248881539946356867e+01 9.198994562480162784e-01 9.101283651282244813e-01 2.894150031416820568e+01
1.991984360018549083e+01 1.998714954603806149e+01 4.203046327891225786e+01 9.598259946368600248e-01 9.494345526517117273e-01 2.561264370567102233e+01
1.962574161221121116e+01 1.969153305106749841e+01 4.154780903687073845e+01 9.969769470393916588e-01 9.864858325663616867e-01 2.200003405649169963e+01
1.931887806948690667e+01 1.938305665455302318e+01 4.104116625311034738e+01 1.031180865176301031e+00 1.021046000800089892e+00 1.817058447296749790e+01
1.899975204314007726e+01 1.906226321024375636e+01 4.051080772592502655e+01 1.062301318165940867e+00 1.052894944518640186e+00 1.418850927371191695e+01
1.866883424855580742e+01 1.872964521641095814e+01 3.995695976895620305e+01 1.090254393131861788e+00 1.081868538128762713e+00 1.011496094016382408e+01
1.832660187162985821e+01 1.838566928686671886e+01 3.937979597466166126e+01 1.115017649032283620e+00 1.107874552858182371e+00 6.007767352792224180e+00
1.797357559879181110e+01 1.803081671919271400e+01 3.877943003010413037e+01 1.136626948538886461e+00 1.130882165939695705e+00 1.921540546952160256e+00
1.761034726768376402e+01 1.766562725738289075e+01 3.815590693322107541e+01 1.155161346419429469e+00 1.150891788744535793e+00 2.096149314660450624e+00
1.723758987261954445e+01 1.729073165049907956e+01 3.750919164882471080e+01 1.170719777787059490e+00 1.167898288342974489e+00 5.994335653067446756e+00
1.685604666319963130e+01 1.690686193720252106e+01 3.683915382451099418e+01 1.183395664217563592e+00 1.181862332207098021e+00 9.733450518366687731e+00
1.646650156262068876e+01 1.651483525420895759e+01 3.614554659663961189e+01 1.193256234913040004e+00 1.192701222129858518e+00 1.327520746872166058e+01
1.606973817422707640e+01 1.611551471343109654e+01 3.542797665795919215e+01 1.200332197821882829e+00 1.200303546031331381e+00 1.658608364189789341e+01
1.566649806479190588e+01 1.570975704449410948e+01 3.468586147185292390e+01 1.204620555059599196e+00 1.204563695843796411e+00 1.963713653955130312e+01
1.525744951950233208e+01 1.529835989264745777e+01 3.391836753914016356e+01 1.206099480403569402e+00 1.205425408061349790e+00 2.240404540446905557e+01
1.484317498101258970e+01 1.488202155136213101e+01 3.312432050550298612e+01 1.204750457421849497e+00 1.202920039416068176e+00 2.486711411749766754e+01
1.442417974810880921e+01 1.446132268550682021e+01 3.230207287207968392e+01 1.200580689147507929e+00 1.197186311478094956e+00 2.701119730379742379e+01
1.400091823928295653e+01 1.403673386452346250e+01 3.144930678456087847e+01 1.193638999505679532e+00 1.188463518402852470e+00 2.882551454685658143e+01
1.357382937736976380e+01 1.360864574849763464e+01 3.056273538584128602e+01 1.184020946072984248e+00 1.177058195415644715e+00 3.030330447133367144e+01
1.314337067991752583e+01 1.317741255429478109e+01 2.963764201417594180e+01 1.171862739438700451e+00 1.163292458653953920e+00 3.144124600329925201e+01
1.271004152930700037e+01 1.274339607964389565e+01 2.866715358066843677e+01 1.157327727765548042e+00 1.147447773777217073e+00 3.223853103012999100e+01
1.227438920243968923e+01 1.230699825721528917e+01 2.764106626117563437e+01 1.140593001907203252e+00 1.129718704982533239e+00 3.269539456821039636e+01
1.183699573621288614e+01 1.186867452705652681e+01 2.654389569585234909e+01 1.121847307586343323e+00 1.110186987280559645e+00 3.281076232370946855e+01
1.139844873190176955e+01 1.142892646769536036e+01 2.535154586531703202e+01 1.101316893665428065e+00 1.088818896894684807e+00 3.257839462186091595e+01
1.095930369123666281e+01 1.098827792148047955e+01 2.402545616306510823e+01 1.079350710441151717e+00 1.065481823797952865e+00 3.198035812298038039e+01
1.052004813118323945e+01 1.054724267680696670e+01 2.250207761629323144e+01 1.056649227382513878e+00 1.039975676104576641e+00 3.097559897880912061e+01
1.008107745199128935e+01 1.010629300653973139e+01 2.067381155392313374e+01 1.034937916725293450e+00 1.012110825700010874e+00 2.947947974499515311e+01
9.642689130760752292e+00 9.665837160526189464e+00 1.835574135883820901e+01 1.019470253484473954e+00 9.821816636700803071e-01 2.732744278611798805e+01
9.205096317658421512e+00 9.226210798296763826e+00 1.523712506778713482e+01 1.032394749295515446e+00 9.558759319001757238e-01 2.421495032852691409e+01
8.768456239985424006e+00 8.787683067898344191e+00 1.085998647733904399e+01 1.248489981760698919e+00 1.046563572212884097e+00 1.958599865526803541e+01
8.332904874906477133e+00 8.350473619889378085e+00 4.828562923558371800e+00 4.953067174106890569e+00 4.065165185183073682e+00 1.006861833599749367e+01
7.898588204859563255e+00 7.914773580556190957e+00 2.441460213439651916e+00 5.764398985457281910e+00 1.192664391014660819e+00 8.001650131651545372e-01
7.465681987210706083e+00 7.480762555737578978e+00 9.236233375174972338e+00 1.093667950470258443e+00 9.809260756926593272e-01 8.530429893045925471e-01
7.034395510990804290e+00 7.048615547894163669e+00 1.399858309393628275e+01 5.857630212380767531e+00 9.635737561205514057e-01 9.152596681706679504e-01
6.604959134325599557e+00 6.618497637769886310e+00 1.661548885959505739e+01 7.439673148550196125e+00 1.677149009244496725e+00 2.068760667171336110e+00
6.177599416909013819e+00 6.190548923093416533e+00 1.772008017349946130e+01 8.546807581667349440e-01 9.423730616912451286e-01 9.954020218932134512e+00
5.752508521171156630e+00 5.764865787183360624e+00 1.790056957102968838e+01 6.738631691799481516e-01 6.878581758879382946e-01 1.070643014691226647e+01
5.329815672557660200e+00 5.341485830083354536e+00 1.752978647171944360e+01 6.165557933304409710e-01 6.171151768408950078e-01 1.071320650430871346e+01
4.909567626957739961e+00 4.920382399050804878e+00 1.682052246251345551e+01 5.694425959017794803e-01 5.657301136941692565e-01 1.037115195074468055e+01
4.491722528313907503e+00 4.501471227570628564e+00 1.589185413637739153e+01 5.237411578093400522e-01 5.186351270479543363e-01 9.820082641534432000e+00
4.076157938130329228e+00 4.084627502001525023e+00 1.481089315091308656e+01 4.779227708036363764e-01 4.728267434264649682e-01 9.135521292803202797e+00
3.662690165022634226e+00 3.669708155511651526e+00 1.361606021287389368e+01 4.316537972727250150e-01 4.274204732302175902e-01 8.362165637640279314e+00
3.251099331530977299e+00 3.256572461864434498e+00 1.232992984012418880e+01 3.848985112950427667e-01 3.820373934953419370e-01 7.527858563404927317e+00
2.841153636463975118e+00 2.845094547296725285e+00 1.096651142959945702e+01 3.377077740850503162e-01 3.364288363200907406e-01 6.650673953690277251e+00
2.432627246034094082e+00 2.435163999151591874e+00 9.535522004506704619e+00 2.901502040044338093e-01 2.903838889764619458e-01 5.742786547496663729e+00
2.025308799166642082e+00 2.026674475501101469e+00 8.044953355559059105e+00 2.422872183595136952e-01 2.437230322605277999e-01 4.812689420989935130e+00
1.619000735472813091e+00 1.619503976522157496e+00 6.502603661957189196e+00 1.941678115501990765e-01 1.963211616365374834e-01 3.866517332947854602e+00
1.213512424629374697e+00 1.213493138552804940e+00 4.916930083506890092e+00 1.458334154805894789e-01 1.481361336287319030e-01 2.908867845289032417e+00
8.086514881515841635e-01 8.084287742854354697e-01 3.297425179641917392e+00 9.732616858545548033e-02 9.922880938332868939e-02 1.943332291578352855e+00
4.042174251457546497e-01 4.040386055408600186e-01 1.654646952131699322e+00 4.869548591919894975e-02 4.976564298961139166e-02 9.728562278567545185e-01
1.043742769195605211e-15 1.043220610290591023e-15 4.262504165185064580e-15 1.510033187074814891e-16 1.402650658445743896e-16 2.504012407959795662e-15
1.043742769195605211e-15 1.043220610290591023e-15 4.262504165185064580e-15 1.510033187074814891e-16 1.402650658445743896e-16 2.504012407959795662e-15
7.761508628844953073e-01 2.441499697676730918e+00 4.710573678862153835e-01 3.302074879643218663e-01 3.967869360219519748e-01 1.068624979108910855e-01
1.435219913789462565e+00 4.915975455286872631e+00 9.418630287129268197e-01 1.007304935901514265e+00 8.599423915642734340e-01 2.135281842496744853e-01
2.093790075485117086e+00 7.327860758114275619e+00 1.412165348719848001e+00 1.615284503499567759e+00 1.369083583333032816e+00 3.198003360017540042e-01
2.759645498662406382e+00 9.646600294776112250e+00 1.881712815990680632e+00 2.162647922214000928e+00 1.790905508240071553e+00 4.254826306265684921e-01
3.422848908613274510e+00 1.185353542171803376e+01 2.350254065528128322e+00 2.702695533017396290e+00 2.169983196386691127e+00 5.303798121647483876e-01
4.077591229145566487e+00 1.393175884017966126e+01 2.817537907485274218e+00 3.239863966711158838e+00 2.503686612241998510e+00 6.342986883454577729e-01
4.720319244110565471e+00 1.586755398075318801e+01 3.283313382883802589e+00 3.774990163616507299e+00 2.786893019944399530e+00 7.370492769540211153e-01
5.348328353154926162e+00 1.765114064742481048e+01 3.747329841057088107e+00 4.308012135510714380e+00 3.014756296635461297e+00 8.384458250765531862e-01
5.959254023079197715e+00 1.927669734007240976e+01 4.209337002758093860e+00 4.838416788697958104e+00 3.183248274612034745e+00 9.383074483216460315e-01
6.550956710400074989e+00 2.074199520357407422e+01 4.669084971464043221e+00 5.365485812030750701e+00 3.289501578395154446e+00 1.036458289117021092e+00
7.121566141776860093e+00 2.204781842213915866e+01 5.126324184583861410e+00 5.888524691905906217e+00 3.332130338033991279e+00 1.132727322526863256e+00
7.669557824028253812e+00 2.319728788691971033e+01 5.580805324937303524e+00 6.407019355046991826e+00 3.311458191896016867e+00 1.226948141806986747e+00
8.193778723321406332e+00 2.419518695499172622e+01 6.032279198209209881e+00 6.920656730257305433e+00 3.229569105098998971e+00 1.318959120685721631e+00
8.693382770528838677e+00 2.504736985782843561e+01 6.480496493074137554e+00 7.429207952175529428e+00 3.090157861950062479e+00 1.408604209988558287e+00
9.167688993859611557e+00 2.576029988300103213e+01 6.925207149681233076e+00 7.932343304949018403e+00 2.898234387454750038e+00 1.495734313825857864e+00
9.616019008030672666e+00 2.634071776581723867e+01 7.366158667790095649e+00 8.429481933348270672e+00 2.659787965249284625e+00 1.580208839610633076e+00
1.003758499538723115e+01 2.679539425823156762e+01 7.803091670234119981e+00 8.919757392368108384e+00 2.381524207349056788e+00 1.661896815449600329e+00
1.043147477731201178e+01 2.713089059580388707e+01 8.235727766947924522e+00 9.402114017363063070e+00 2.070754301975298084e+00 1.740677067528970001e+00
1.079672799113869175e+01 2.735324039035288735e+01 8.663731970092062085e+00 9.875474127857140516e+00 1.735464466594930810e+00 1.816437360933546241e+00
1.113244434992177645e+01 2.746743096936929973e+01 9.086567591621895090e+00 1.033887211823482843e+01 1.384549114361951050e+00 1.889072955104712737e+00
1.143784149670875827e+01 2.747610990672950138e+01 9.502676268699959294e+00 1.079146220734618389e+01 1.028175040676748697e+00 1.958485394619167153e+00
1.171220117740734601e+01 2.736827150866140101e+01 9.898827241088799411e+00 1.123236694073266584e+01 6.782901346167059531e-01 2.024582245588997242e+00
1.195469833400545845e+01 9.612274744635056933e+00 2.647507641422591718e+01 1.166041206051115964e+01 3.496952293275203405e-01 2.087277827032670174e+00
1.196325007484555769e+01 9.985317203600475366e+00 2.683184370949169306e+01 1.167072060593281080e+01 3.536339634724844916e-01 2.158397875151545353e+00
1.217068859457310559e+01 1.074153322383868847e+01 2.690452204284264326e+01 1.207745169142716790e+01 1.830483276010364257e-01 2.219054293475160033e+00
1.234429508081069926e+01 1.113497730284023746e+01 2.650465736953081120e+01 1.246682381471340051e+01 2.923065713868076010e-01 2.276395501833920143e+00
1.248182376473945965e+01 1.152134111184992626e+01 2.598449030267693871e+01 1.283642823635824470e+01 4.337556137022057778e-01 2.330434907982890991e+00
1.258035337785094221e+01 1.190148831043116751e+01 2.532900391794147410e+01 1.318315034102611527e+01 4.975528474318404171e-01 2.381265962296065464e+00
1.263614850076662677e+01 1.227537330534462434e+01 2.451557417041192011e+01 1.350290904929509317e+01 4.580912371900793811e-01 2.429192763414303347e+00
1.264441977113250459e+01 1.264284383464994832e+01 2.351365885859372185e+01 1.379036119852513487e+01 3.739942055354969486e-01 2.475113609276552662e+00
1.259891278634514222e+01 1.300370931117155138e+01 2.228445224164575222e+01 1.403849045418560060e+01 6.020508620374865894e-01 2.521980041008279105e+00
1.249126394024545306e+01 1.335771551875122398e+01 2.078217416242776849e+01 1.423784770678017431e+01 1.312004229162979208e+00 2.583372155030914108e+00
1.231000616995211061e+01 1.370438571346837975e+01 1.895478227671678084e+01 1.437166990408467804e+01 2.571934448614094038e+00 2.812300729806884281e+00
1.203852146272466328e+01 1.404206128440307211e+01 1.441168632146007766e+01 1.675359984486691189e+01 3.257514065155501903e+00 4.052592541778345492e+00
1.163965935600363366e+01 1.435391488485244160e+01 1.440493013397799160e+01 1.423826928917987011e+01 2.658934433511570550e+00 5.522398403501179054e+00
1.440442430822938746e+01 1.085044396085346996e+01 1.424608948638199735e+01 1.136465102141673889e+01 2.642114654632191417e+00 7.705151757034553128e+00
1.501589110154008289e+01 1.045653973700072825e+01 1.392308441611175596e+01 8.252681194415909971e+00 2.648500149843875828e+00 1.015330933626492538e+01
1.533528693130658382e+01 9.557056895524821627e+00 1.338844777872568770e+01 5.043342345743414334e+00 2.656315239601938494e+00 1.271967226151138419e+01
1.564150984456677129e+01 8.371203810811982393e+00 1.258237333404928293e+01 1.890692723364405303e+00 2.662061222846966668e+00 1.524832362130994845e+01
1.593920095299849393e+01 6.835689745811328599e+00 1.143676064968549255e+01 1.078151542346165392e+00 2.664847498740919196e+00 1.760823297660549969e+01
1.622903471628107042e+01 4.887818492701283546e+00 9.887916816282798393e+00 3.783507856013587745e+00 2.664406329237283266e+00 1.971715677487000562e+01
1.651116884714746647e+01 2.496019629595024547e+00 7.903478497655932244e+00 6.200264715007299365e+00 2.660667949999020898e+00 2.154280411736103318e+01
1.678564741117856940e+01 3.028477874467828124e-01 5.520932072421212311e+00 8.339443984182414837e+00 2.653640053503408147e+00 2.308881553904446449e+01
1.705248593087879172e+01 3.368058540361086095e+00 2.875787349216220701e+00 1.023272436222167769e+01 2.643367292551177083e+00 2.437753886296465566e+01
1.731169595931293514e+01 6.486317423492534040e+00 1.865856376753337875e-01 1.191890697327904824e+01 2.629915844460779084e+00 2.543674689888828766e+01
1.756329372282008094e+01 9.430030581640036047e+00 2.329391338714164039e+00 1.343593176405249423e+01 2.613366400545872104e+00 2.629184397491945901e+01
1.780730355200828541e+01 1.204015630400913395e+01 4.504236820606987379e+00 1.481709010140221316e+01 2.593809921984670197e+00 2.696235989418889289e+01
1.804375927204475261e+01 1.425449443199728172e+01 6.278816783458589512e+00 1.608978075916605022e+01 2.571344321050124559e+00 2.746105790932629276e+01
1.827270463938998191e+01 1.608699811843291982e+01 7.666315038239200241e+00 1.727547810436488263e+01 2.546071701114665853e+00 2.779439772529266151e+01
1.849419326372491668e+01 1.759028833097832134e+01 8.717041185879581988e+00 1.838896873438205049e+01 2.518096278010875544e+00 2.796359355247072642e+01
1.870828824806189061e+01 1.882664011287302230e+01 9.398662684559299763e+00 1.934437854458393602e+01 2.487523114138831648e+00 2.796584835284669524e+01
1.891506171006794546e+01 1.985303796372364715e+01 2.045271792300581382e+01 1.005701582620028134e+01 2.454457610181068006e+00 2.779553735003347370e+01
1.911459429937804444e+01 2.071620837904588797e+01 2.144050056426184980e+01 1.047020355584805351e+01 2.419005514239754628e+00 2.744522362679706617e+01
1.930697476340865393e+01 2.145259899596053543e+01 2.238486053493694072e+01 1.074336351672673473e+01 2.381273135346241965e+00 2.690646645236873979e+01
1.949229954628651029e+01 2.209007773253415863e+01 2.330047955100886625e+01 1.091429765214710201e+01 2.341367504129128196e+00 2.617044676570466066e+01
1.967067235945308212e+01 2.264980503559401015e+01 2.419182896452302600e+01 1.100508737553879257e+01 2.299396350900392516e+00 2.522847841689274162e+01
1.984220365900307925e+01 2.314774829333285666e+01 2.506160325562005298e+01 1.103175218459497309e+01 2.255467887985119102e+00 2.407248606538798441e+01
2.000701000088358228e+01 2.359580986820119364e+01 2.591138903470540811e+01 1.100618491365140805e+01 2.209690433226392692e+00 2.269550714003524305e+01
2.016521329506439741e+01 2.400272160057679471e+01 2.674196694725003809e+01 1.093740136831962140e+01 2.162171896018713291e+00 2.109222740693913778e+01
2.031694001266037830e+01 2.437485069081980171e+01 2.755360804120283902e+01 1.083244986445596325e+01 2.113019114498134510e+00 1.925951085043854505e+01
2.046232039975799211e+01 2.471696376760922220e+01 2.834635640669960566e+01 1.069701432937447372e+01 2.062337039809304162e+00 1.719685901651643078e+01
2.060148772631022496e+01 2.503289259263111077e+01 2.912023925930287760e+01 1.053574127717247144e+01 2.010227832506084056e+00 1.490674542289320570e+01
2.073457757112300825e+01 2.532599827702316020e+01 2.987536168764768618e+01 1.035236844221196506e+01 1.956790033756444114e+00 1.239481149467240861e+01
2.086172713420773306e+01 2.559936361491631729e+01 3.061188534994627020e+01 1.014977092821343163e+01 1.902118030015179651e+00 9.669960835657423814e+00
2.098307457702447110e+01 2.585573307807895915e+01 3.132993237261086250e+01 9.930037124562520745e+00 1.846301983930762391e+00 6.744425772060595570e+00
2.109875840332318120e+01 2.609731516330505485e+01 3.202947753636240691e+01 9.694636913356012187e+00 1.789428251371411038e+00 3.633923015612789076e+00
2.120891688975186895e+01 2.632560899093095941e+01 3.271028531112204263e+01 9.444671692114333439e+00 1.731580108334018542e+00 3.617847007546471927e-01
2.131368755196921683e+01 2.654138989660606995e+01 3.337191913276478061e+01 9.181135835665687139e+00 1.672838474872404335e+00 3.063635850238168423e+00
2.141320660448748470e+01 2.674490007511823109e+01 3.401381399183014054e+01 8.905101832271961726e+00 1.613282329764354373e+00 6.599356408218540082e+00
2.150760836562877998e+01 2.693618387315126839e+01 3.463537694857331672e+01 8.617772815567953160e+00 1.552988671978439816e+00 1.022074748089934104e+01
2.159702458645296730e+01 2.711543429140756700e+01 3.523607400075859175e+01 8.320406888221015151e+00 1.492032130621955055e+00 1.389281426169088718e+01
2.168158373310072307e+01 2.728321062199247393e+01 3.581547535234496138e+01 8.014173459646517728e+00 1.430484531968795325e+00 1.757680326234911306e+01
2.176141029330057819e+01 2.744044660667188040e+01 3.637325465235679900e+01 7.700023822941165719e+00 1.368414795927182626e+00 2.123024166627492093e+01
2.183662417638168307e+01 2.758826265382944953e+01 3.690915782673389600e+01 7.378637953295968721e+00 1.305889428852090139e+00 2.480706382055436521e+01
2.190734022100582123e+01 2.772767908065427989e+01 3.742296418372460920e+01 7.050461964914805257e+00 1.242973676229360613e+00 2.825769404515886407e+01
2.197366773772352389e+01 2.785936302398301834e+01 3.791445554324228340e+01 6.715803745552168635e+00 1.179733231334617827e+00 3.152908470589097689e+01
2.203570993727669247e+01 2.798351729768070228e+01 3.838339542772008173e+01 6.374932450079125346e+00 1.116236393006675653e+00 3.456476588443545950e+01
2.209356306616684407e+01 2.809995064313579505e+01 3.882951028679543271e+01 6.028138782246537097e+00 1.052556790848040880e+00 3.730499439994963495e+01
2.214731508897473589e+01 2.820828904712870155e+01 3.925246536420478805e+01 5.675746071702377549e+00 9.887772367630983661e-01 3.968709165540884243e+01
2.219704377647660465e+01 2.830823191681227513e+01 3.965183844795759427e+01 5.318094653543216310e+00 9.249958825066532109e-01 4.164604132612019072e+01
2.224281399787500035e+01 2.839974603310271561e+01 4.002710727253273859e+01 4.955534260297109306e+00 8.613367187165601457e-01 4.311540055676991301e+01
2.228467377413527828e+01 2.848312459028888810e+01 4.037767020877693369e+01 4.588445359655038303e+00 7.979678485246470832e-01 4.402858283033578601e+01
2.232264810102664399e+01 2.855890000643555027e+01 4.070290885423536764e+01 4.217281394349408963e+00 7.351337093248399013e-01 4.432060355733646162e+01
2.235672846233367039e+01 2.862766030906399450e+01 4.100227804185178115e+01 3.842599565352952773e+00 6.732132646448339974e-01 4.393042547239379303e+01
2.238685374227544855e+01 2.868985539487372094e+01 4.127538517054129130e+01 3.465044739920335459e+00 6.128289539614442116e-01 4.280406582296961915e+01
2.241287330892734531e+01 2.874567919939136473e+01 4.152201122366363251e+01 3.085272503656760090e+00 5.550591795169868004e-01 4.089858986276819053e+01
2.243447076298571830e+01 2.879508079579165880e+01 4.174203958008474302e+01 2.703830684393670580e+00 5.018676513411339801e-01 3.818698360378538581e+01
2.245099278890943140e+01 2.883791038710746690e+01 4.193529244994846295e+01 2.321039766718728359e+00 4.569843825360999090e-01 3.466366548756803212e+01
2.246102039552608431e+01 2.887417643761123642e+01 4.210130930516005066e+01 1.936881392757100251e+00 4.276598704385958238e-01 3.035008588885716918e+01
2.246112291033289310e+01 2.890443765730319114e+01 4.223909513282092121e+01 1.550617957891926135e+00 4.278033568634695971e-01 2.529952563277927169e+01
2.244139032019843683e+01 2.893071160256613794e+01 4.234668106958027778e+01 1.155889498909108859e+00 4.827808832546839901e-01 1.959985171634972190e+01
2.236331510523356769e+01 2.896073809592689230e+01 4.241890022378885305e+01 4.329144991478500737e-01 6.247122767109783981e-01 1.337200243483314566e+01
2.197800799054170184e+01 2.904582887457459606e+01 4.241506074473370802e+01 9.225417802672797318e-01 4.936012375951256970e-01 6.751256841947054887e+00
0.000000000000000000e+00 0.000000000000000000e+00 0.000000000000000000e+00 0.000000000000000000e+00 0.000000000000000000e+00 0.000000000000000000e+00
0.000000000000000000e+00 0.000000000000000000e+00 0.000000000000000000e+00 0.000000000000000000e+00 0.000000000000000000e+00 0.000000000000000000e+00
2.775886125907484114e+01 2.683568035371985516e+01 4.122343997465335264e+01 1.335563342617695604e+00 1.319506857324452609e+00 6.702009075006234440e+00
2.759748793453374560e+01 2.738954521997488811e+01 4.115482677370073361e+01 9.736483053605465843e-01 1.038971025963115968e+00 1.369954859724223439e+01
2.754323151236465250e+01 2.746325772038233026e+01 4.109679311795848378e+01 1.153762668576479467e+00 1.146946870183770839e+00 2.011606538994949034e+01
2.749359302636471725e+01 2.745797913225728237e+01 4.102598286871962330e+01 1.415254739060943789e+00 1.390107524985117138e+00 2.599142012461125262e+01
2.744199569269624206e+01 2.742700526232600211e+01 4.093987606414631841e+01 1.702711002837315801e+00 1.674452693350226395e+00 3.121432717661328482e+01
2.738755008866694851e+01 2.738455385572676448e+01 4.083891589023809132e+01 2.002152491720680327e+00 1.974250501203535624e+00 3.569858764540791896e+01
2.732886095372666446e+01 2.733439033630058290e+01 4.072387600146826259e+01 2.308249996807863802e+00 2.280846491248584407e+00 3.939167860153165179e+01
2.726398153404760905e+01 2.727562722229433234e+01 4.059506703252630189e+01 2.618138798313820015e+00 2.590697846401622595e+00 4.227283481667222986e+01
2.719150983169628688e+01 2.720624897433748757e+01 4.045215708473109828e+01 2.929974052075652757e+00 2.902098913498725619e+00 4.434834557864035531e+01
2.711062082291315178e+01 2.712509241332524823e+01 4.029442174585456371e+01 3.242597876445817651e+00 3.214116897662587125e+00 4.564591906203509097e+01
2.702067275334890795e+01 2.703240181640848760e+01 4.012121409538947603e+01 3.555339542601748448e+00 3.526206754304153534e+00 4.620910110898081768e+01
2.692117859664654844e+01 2.692957295843214283e+01 3.993236172237843817e+01 3.867747311882796524e+00 3.838055999537234975e+00 4.609229243472069015e+01
2.681206250153199377e+01 2.681842214321325102e+01 3.972825757257657386e+01 4.179385353129492664e+00 4.149488926946673928e+00 4.535660213873620705e+01
2.669383006771490585e+01 2.670034277800027311e+01 3.950960215286978183e+01 4.489850900756102270e+00 4.460371772220296904e+00 4.406660191443630481e+01
2.656738996613444925e+01 2.657580792806949432e+01 3.927695580024013822e+01 4.798974439027989369e+00 4.770533301285367678e+00 4.228796428012800845e+01
2.643358245359305414e+01 2.644443460090212739e+01 3.903034823348424709e+01 5.106972262433438381e+00 5.079740701692111671e+00 4.008590917473829052e+01
2.629276747547990922e+01 2.630539649777503541e+01 3.876913009585135939e+01 5.414324771755859800e+00 5.387743345359959690e+00 3.752430242350138201e+01
2.614477178618445663e+01 2.615787387968240552e+01 3.849209962956856401e+01 5.721379673303394142e+00 5.694354026460705320e+00 3.466516351355154058e+01
2.598916703576856690e+01 2.600142868725636802e+01 3.819780191444719009e+01 6.027941983719251162e+00 5.999506874706300508e+00 3.156830891905847736e+01
2.582563850482235068e+01 2.583624782648977813e+01 3.788484896788045120e+01 6.333179865413876897e+00 6.303226621237700833e+00 2.829092884034802680e+01
2.565423271698054108e+01 2.566310589432796618e+01 3.755214520359740504e+01 6.635985974466746207e+00 6.605501362149563072e+00 2.488705440745791364e+01
2.547536101612417880e+01 2.548298907439675531e+01 3.719897232556084532e+01 6.935621294491304489e+00 6.906155707293624602e+00 2.140703585590753022e+01
2.528951985226833798e+01 2.529658722216320754e+01 3.682494022036110692e+01 7.232220990165275865e+00 7.204843845862849427e+00 1.789721910343678957e+01
2.509688054214186792e+01 2.510395452147213646e+01 3.642983323586403088e+01 7.526752021449603980e+00 7.501173120144978057e+00 1.439993256657856868e+01
2.489708357543627670e+01 2.490448212684222185e+01 3.601339427525538639e+01 7.820360192951103073e+00 7.794862124764351030e+00 1.095372686901494141e+01
2.468944024340063592e+01 2.469718452259678543e+01 3.557511050535673292e+01 8.113489757096521870e+00 8.085813878776193064e+00 7.593664589064240467e+00
2.447338599413000537e+01 2.448121266927264372e+01 3.511408427159358325e+01 8.405335245164744506e+00 8.374020667957216446e+00 4.351442624942900572e+00
2.424885436078338330e+01 2.425632123324043832e+01 3.462906079904252721e+01 8.694001065532320993e+00 8.659335723972752419e+00 1.255293917879197529e+00
2.401633128819065277e+01 2.402293320643949315e+01 3.411862350164365409e+01 8.977337396318906926e+00 8.941295426746769692e+00 1.670662311761699437e+00
2.377650795891072022e+01 2.378172842951339305e+01 3.358148051360892339e+01 9.253952757722442968e+00 9.219144873227621773e+00 4.405625185314512748e+00
2.352966328968717491e+01 2.353306198640126112e+01 3.301670531779588913e+01 9.523693215381388910e+00 9.492011091456850735e+00 6.933418536814514255e+00
2.327516734648908070e+01 2.327657033542798359e+01 3.242380545393024249e+01 9.787235009094045424e+00 9.759054792588488070e+00 9.241282903705375418e+00
2.301149934922388951e+01 2.301112538962198784e+01 3.180257756907692368e+01 1.004510858809268292e+01 1.001949096452839605e+01 1.131976506709603214e+01
2.273677279235656812e+01 2.273513110661911796e+01 3.115281664216145785e+01 1.029684778403564316e+01 1.027246589429486257e+01 1.316243103505252243e+01
2.244934904015421395e+01 2.244700548463508127e+01 3.047401604851404855e+01 1.054078278931996593e+01 1.051686231548600325e+01 1.476582773400833659e+01
2.214810364945999765e+01 2.214552288443598016e+01 2.976518356853131664e+01 1.077449240280738607e+01 1.075116344868648532e+01 1.612957379312613782e+01
2.183219792347571442e+01 2.182972836338396405e+01 2.902481807638448430e+01 1.099547060680804300e+01 1.097346843094304170e+01 1.725633655146315348e+01
2.150051498629353830e+01 2.149843786211677710e+01 2.825099237006775255e+01 1.120143914166828836e+01 1.118162525622399706e+01 1.815148507816859791e+01
2.115109565671152581e+01 2.114961932343244300e+01 2.744141519505709681e+01 1.139002525853307368e+01 1.137336924530181825e+01 1.882239644724008798e+01
2.078086374555520166e+01 2.077998907373737936e+01 2.659327830221952027e+01 1.155794567775522452e+01 1.154641830181405027e+01 1.927760458607863114e+01
2.038566163862416047e+01 2.038499467164324486e+01 2.570227869826019429e+01 1.169980904238305008e+01 1.169873989847178031e+01 1.952606614630875370e+01
1.996035168424504747e+01 1.995909363594729058e+01 2.475442306462951336e+01 1.180403991289128385e+01 1.182945477259955602e+01 1.957671434542942990e+01
1.949871785844392136e+01 1.949599843859375170e+01 2.251084904037513112e+01 1.169797853520702091e+01 1.124166361555488258e+01 1.943825343955667506e+01
1.899308656173307597e+01 1.898852059052847707e+01 1.199148064754581000e+01 1.179561898387131258e+01 2.272156587772811775e+01 1.911896982139215240e+01
1.843375890156731600e+01 1.842786783573505716e+01 1.195530410195907756e+01 1.185116648907616721e+01 2.165719979734382150e+01 1.862632768729507404e+01
1.780837767824927553e+01 1.780255292106250664e+01 1.186844306339891197e+01 1.178802645236357982e+01 2.049489096401943300e+01 1.796628688749197167e+01
1.710126045544004469e+01 1.709723867178742296e+01 1.170397958196068799e+01 1.163347803155960491e+01 1.924684281301585287e+01 1.714251802082296550e+01
1.629263806448219043e+01 1.629180248444178858e+01 1.143982972427746780e+01 1.137390773198567473e+01 1.790240593124060098e+01 1.615584962133970848e+01
1.535780169079953161e+01 1.536075074638708138e+01 1.104997044957886132e+01 1.098641307493915065e+01 1.644779338432742577e+01 1.500428593821152390e+01
1.426645268973913616e+01 1.427305722235791130e+01 1.050313306711954020e+01 1.044144809198581214e+01 1.486853959528099267e+01 1.368381348018736610e+01
1.298299396471254497e+01 1.299275852244952034e+01 9.763128745461298053e+00 9.703866679604834289e+00 1.315130212441933999e+01 1.219006671332784997e+01
1.146896280884029196e+01 1.148126561670308021e+01 8.791175184407055809e+00 8.735585194184739777e+00 1.128615826278377021e+01 1.052081088331610736e+01
9.689106344633255929e+00 9.703043111428081957e+00 7.551691132417518659e+00 7.501673487950180075e+00 9.269538105207104195e+00 8.679083135017155115e+00
7.622288195804579836e+00 7.636279050361785004e+00 6.023031139110293530e+00 5.981192433557504629e+00 7.107499096005166273e+00 6.676600793509123832e+00
5.276508335818907547e+00 5.288173165783431884e+00 4.212699646153227562e+00 4.182173133347054872e+00 4.818539685513258064e+00 4.536654549392571845e+00
2.703038031418191878e+00 2.709753910953220490e+00 2.171995135927402565e+00 2.155787198001118732e+00 2.434729726866583288e+00 2.295335615334931134e+00
3.489425179820440727e-15 7.677852264658801386e-15 3.194463339205873088e-15 2.649894192707620881e-15 6.429144616264532334e-15 6.426594158856849247e-15
3.489425179820440727e-15 7.677852264658801386e-15 3.194463339205873088e-15 2.649894192707620881e-15 6.429144616264532334e-15 6.426594158856849247e-15
1.138617340402360067e+00 1.132288914773776023e+00 8.333822553527243659e-01 6.840662933887382557e-01 2.452051579617215704e-01 1.112444338429750879e+00
1.133050274296980797e+00 1.133401862201514732e+00 2.113756293062410307e+00 1.985771102318768744e+00 4.915964720565752510e-01 2.216883557219464951e+00
1.194467864760863529e+00 1.200269911206546469e+00 2.186895603000434285e+00 2.567405398580859366e+00 7.402667284772928014e-01 3.305390796090272421e+00
1.440359654654404853e+00 1.438378342937643106e+00 1.530639523915130695e+00 2.607155431071836116e+00 9.921241914224070424e-01 4.370194555143036119e+00
1.690947352618747512e+00 1.666935165691161291e+00 1.458433777335066184e+00 3.113211913828390909e+00 1.247806266612792259e+00 5.403753434963566527e+00
1.910353302733915459e+00 1.848926118207797176e+00 1.510926341017969854e+00 3.718158476994396722e+00 1.507601244158194742e+00 6.398827229880145850e+00
2.087214030385731611e+00 1.972372348411142617e+00 1.564219202031779554e+00 4.352581561230293161e+00 1.771382155651331392e+00 7.348542976090167045e+00
2.217050629248382254e+00 2.033390584964667624e+00 1.582999218349797621e+00 4.996481795837608431e+00 2.038557404000114648e+00 8.246454430148244086e+00
2.298480399153463249e+00 2.032696852264246345e+00 1.556196113111673496e+00 5.638480349831294980e+00 2.308043012192946275e+00 9.086593333113086146e+00
2.331985131909848796e+00 1.974392968515805036e+00 1.481325096661533003e+00 6.268382070085084301e+00 2.578260822671581742e+00 9.863510725936228241e+00
2.319319771518588258e+00 1.865156355266086141e+00 1.359799317237842642e+00 6.875679459482409328e+00 2.847165594898349639e+00 1.057230655116262952e+01
2.263139945866243785e+00 1.713461337568774168e+00 1.195153539180380475e+00 7.449525877018927211e+00 3.112301703640063533e+00 1.120864583749816568e+01
2.166736944528444120e+00 1.528802459105926159e+00 9.921885324695193242e-01 7.979146746081970498e+00 3.370887267008620736e+00 1.176875995434084921e+01
2.033845005466016431e+00 1.320989072001216957e+00 7.564660998237066059e-01 8.454344910649764344e+00 3.619920476609960414e+00 1.224943178525853682e+01
1.868507753923738912e+00 1.099614776047317166e+00 4.939919747398210936e-01 8.865943162137611466e+00 3.856300234576593322e+00 1.264796425256921886e+01
1.675001197930435337e+00 8.738510557337501039e-01 2.113350616343704913e-01 9.206086911456036859e+00 4.076951478118209238e+00 1.296213249186251559e+01
1.457825425848551015e+00 6.529202390122790245e-01 9.217371138899274619e-02 9.468381888148313053e+00 4.278945168490600359e+00 1.319012120758385542e+01
1.221815279249117259e+00 4.486180085710172460e-01 3.970220618246912969e-01 9.647879233433567236e+00 4.459603923322790209e+00 1.333045045128427297e+01
9.725466556986012145e-01 2.864053575158017062e-01 7.081127782082804467e-01 9.740944315152255228e+00 4.616586449279700410e+00 1.338189540805105793e+01
7.177395408657449849e-01 2.351716778506340588e-01 1.018372380877621497e+00 9.745057081540709376e+00 4.747946816848884311e+00 1.334340895964253271e+01
4.732159180998098402e-01 3.227337164785484824e-01 1.323220722026841045e+00 9.658594109693659391e+00 4.852167644289531623e+00 1.321406006036622927e+01
2.951628661738379122e-01 4.588648653636004382e-01 1.618665496372009294e+00 9.480640143921664986e+00 4.928168912688779990e+00 1.299300653982037446e+01
3.333810740381888404e-01 5.976221242060004712e-01 1.901186960681843230e+00 9.210873800682874091e+00 4.975296074174356598e+00 1.267952787944517290e+01
5.422581875343063240e-01 7.268651761660132049e-01 2.167678690274378539e+00 8.849570476698133348e+00 4.993292204604143691e+00 1.227315130668656806e+01
7.911344604593169016e-01 8.430683573956883059e-01 2.415387150260629667e+00 8.397765086863321571e+00 4.982259240271026179e+00 1.177391153726449957e+01
1.043769914063338300e+00 9.452739138383143835e-01 2.641846865176978643e+00 7.857614646910989542e+00 4.942612998344666053e+00 1.118278682598167784e+01
1.288830447666463597e+00 1.033504652323184336e+00 2.844813987818676004e+00 7.232988597812354037e+00 4.875035936625211619e+00 1.050234454590434119e+01
1.520468810130644499e+00 1.108241939244887675e+00 3.022201589198931782e+00 6.530282041948231253e+00 4.780430674255710777e+00 9.737597657199390966e+00
1.734564945810788350e+00 1.170241856834865146e+00 3.172019659693083860e+00 5.759381708176001702e+00 4.659876340062262479e+00 8.897007629822557107e+00
1.927765849638545248e+00 1.220504743488767918e+00 3.292322534814082768e+00 4.934612220392719628e+00 4.514588948549173253e+00 7.993465791534238640e+00
2.097211007570795704e+00 1.260353905614383097e+00 3.381166507953370814e+00 4.075370102660210492e+00 4.345886279406959929e+00 7.044962873390638869e+00
2.240506737610811427e+00 1.291632337951801768e+00 3.436580866409630897e+00 3.206072288703238016e+00 4.155157170597879812e+00 6.074572747401824735e+00
2.355864022028832494e+00 1.317062450258075668e+00 3.456556503757787002e+00 2.355095471031332988e+00 3.943834740243155945e+00 5.109419176985927180e+00
2.442436491092190742e+00 1.340854027149449790e+00 3.439057557043203150e+00 1.552647040535370948e+00 3.713372929668826927e+00 4.178532274010530401e+00
2.500996544695686108e+00 1.369694670028621442e+00 3.382063003269559331e+00 8.281071543064744134e-01 3.465226414953975542e+00 3.309901894731786864e+00
2.535251281158766634e+00 1.414300207912212670e+00 3.283646438002761236e+00 2.126857589461688680e-01 3.200837539226973671e+00 2.527436344035612681e+00
2.554414288545584721e+00 1.491694726705917740e+00 3.142102666914595499e+00 3.134635795676230519e-01 2.921649900568894065e+00 1.848780664959188469e+00
2.578211794556559244e+00 1.628302232946397421e+00 2.956128223120751741e+00 6.867686843369230631e-01 2.629241308227926677e+00 1.285327546744607696e+00
2.646172432633935312e+00 1.864004620892817599e+00 2.725058127774289574e+00 9.345145287366798392e-01 2.326044615017764272e+00 8.487600880013119742e-01
2.832442386189522932e+00 2.258283117728011824e+00 2.449151834428133778e+00 1.059893743621211470e+00 2.019465747879456874e+00 5.877262366779945069e-01
3.261758621218602716e+00 2.901119656840526417e+00 2.129906963659608188e+00 1.074012506108891651e+00 1.751109377278942114e+00 6.886234225551697286e-01
4.110706176411222934e+00 3.926587907107711661e+00 1.770362429770435675e+00 9.920571224234456809e-01 1.825690551016010854e+00 1.463851340297623649e+00
5.557605667978969599e+00 5.488894951948015688e+00 1.375341778292658246e+00 8.316893877948023928e-01 2.201457685592483227e+00 2.329180695462811812e+00
7.552404162989536651e+00 7.542746929884430074e+00 9.516178455106866219e-01 6.120792735061492129e-01 1.511015153194784855e+00 1.697535635469423099e+00
9.375850926301954047e+00 9.389444341450543519e+00 5.083504092988182510e-01 3.539587923804686787e-01 1.208579068447511506e+00 1.325011599235155435e+00
1.001189027854304214e+01 1.003224077989120566e+01 7.985097730690214612e-02 9.429950706816384032e-02 1.145107812117787338e+00 1.219440141882377704e+00
1.001189027854304214e+01 1.003224077989120566e+01 7.985097730690214612e-02 9.429950706816384032e-02 1.145107812117787338e+00 1.219440141882377704e+00
1.331407674705343247e+01 1.287229378419028514e+01 3.936149673444627517e+00 2.704578606444099975e+00 2.257603735347847085e+00 2.164179552481846791e+00
1.350452533613553996e+01 1.264421184591576264e+01 7.658510851795806929e+00 5.196516426335533900e+00 2.420090710921016797e+00 2.308380045795924040e+00
1.365600907381975304e+01 1.238315717053660059e+01 1.091775280333972376e+01 7.235411315477632499e+00 2.441747221063304440e+00 2.312220732843512483e+00
1.377811596585736353e+01 1.210164918287059876e+01 1.364537457100122353e+01 8.757447639896788871e+00 2.439981957448428940e+00 2.293299065931202474e+00
1.387047305150961485e+01 1.180214640192077802e+01 1.586366087325714602e+01 9.789961509662024497e+00 2.427682291828175742e+00 2.264665120203614546e+00
1.393169289839118186e+01 1.148559087966401471e+01 1.763853208423778796e+01 1.040470281217937121e+01 2.407815053306353370e+00 2.229438507052383223e+00
1.396015496557714819e+01 1.114516022854141930e+01 1.903793120483597789e+01 1.068338490408956254e+01 2.381355738518343923e+00 2.188738075876043965e+00
1.395415928011656881e+01 2.011687285893793486e+01 1.076889821426853189e+01 1.070055137116458965e+01 2.348711236609729802e+00 2.143103542356509905e+00
1.391197734947323816e+01 2.102596873317139270e+01 1.045324957322841541e+01 1.051811753157632623e+01 2.310092672403284642e+00 2.092866872487471941e+00
1.383188019376038902e+01 2.169391102053365117e+01 1.008665225919283159e+01 1.018551106185339528e+01 2.265639314606143540e+00 2.038274527361453980e+00
1.371216152988631976e+01 2.218887158920503211e+01 9.707898696058332888e+00 9.741741873103626048e+00 2.215467510190061606e+00 1.979534522975648914e+00
1.355116144570688519e+01 2.253331283466168955e+01 9.319055541306939361e+00 9.217714328338544760e+00 2.159693025132335187e+00 1.916836657376674857e+00
1.334729255521077818e+01 2.274180278522456788e+01 8.921173467410598690e+00 8.638180233404680664e+00 2.098442829429330470e+00 1.850361907752384516e+00
1.309906955280759888e+01 2.282345198687593779e+01 8.515110818211738319e+00 8.023213624055706816e+00 2.031862462313839046e+00 1.780287049796919652e+00
1.280514266129575418e+01 2.278324781359682660e+01 8.101640823519622003e+00 7.389265672942119778e+00 1.960121734091128554e+00 1.706787041477315414e+00
1.246433524681178895e+01 2.262301029282383169e+01 7.681476526068370170e+00 6.749902321502362135e+00 1.883420379303530900e+00 1.630036318368555115e+00
1.207568572007756025e+01 2.234212309884146563e+01 7.255279313652938100e+00 6.116320768249956075e+00 1.801995086288988634e+00 1.550209529249993556e+00
1.163849372873728605e+01 2.193812620369143218e+01 6.823663056203662869e+00 5.497719298220989259e+00 1.716129738480332678e+00 1.467481946284926675e+00
1.115237060524882828e+01 2.140723381186380081e+01 6.387196865100496446e+00 4.901572614131975314e+00 1.626171770518183957e+00 1.382029650661277032e+00
1.061729417900883732e+01 2.074482697303579926e+01 5.946407425763625021e+00 4.333847484295175079e+00 1.532559687391651160e+00 1.294029552883841916e+00
1.003366863874928505e+01 1.994595822402481744e+01 5.501781251415927443e+00 3.799183368576892317e+00 1.435871041159040518e+00 1.203659313049725954e+00
9.402391685359678064e+00 1.900589291893674826e+01 5.053766987032692448e+00 3.301061148237212084e+00 1.336908803698551917e+00 1.111097242296305909e+00
8.724934972668179967e+00 1.792069691448139679e+01 4.602777798930254960e+00 2.841993182606900703e+00 1.236862263926661765e+00 1.016522262592761239e+00
8.003452707955332812e+00 1.668786221933079617e+01 4.149193847369375909e+00 2.423798730460744455e+00 1.137617856401785144e+00 9.201139662740888125e-01
7.240954605547091028e+00 1.530694065962500261e+01 3.693364833465063501e+00 2.048106815257736635e+00 1.042380426380023151e+00 8.220527592325146404e-01
6.441632612989841355e+00 1.378012874068835103e+01 3.235612622934840310e+00 1.717426967088315104e+00 9.569389321390339154e-01 7.225200181691586732e-01
5.611569288477208595e+00 1.211270641742685683e+01 2.776233963718028441e+00 1.437617581271285694e+00 8.921710607821002892e-01 6.216981695861015789e-01
4.760418166672051754e+00 1.031314836226328957e+01 2.315503320418141442e+00 1.223414599318066953e+00 8.681343501300442522e-01 5.197706193107831663e-01
3.905431270417038636e+00 8.392509275121110335e+00 1.853675840232553051e+00 1.105808846365476938e+00 9.148144443166056350e-01 4.169215183201344099e-01
3.078380714137666008e+00 6.362290622462614564e+00 1.390990445208137860e+00 1.095679568773215928e+00 1.026117935458955133e+00 3.133354182836787793e-01
2.303714570372896731e+00 4.233177941384893117e+00 9.276730235557978377e-01 9.486527024659476837e-01 9.407711559659450717e-01 2.091969182882789935e-01
1.385454567540622461e+00 2.058910183205397093e+00 4.639396791764883732e-01 4.748468200481503754e-01 4.814877355785384117e-01 1.046904111484023847e-01
1.043742769195605211e-15 1.043220610290591023e-15 4.262504165185064580e-15 1.510033187074814891e-16 1.402650658445743896e-16 2.504012407959795662e-15
