0.000000000000000000e+00 0.000000000000000000e+00 0.000000000000000000e+00 0.000000000000000000e+00 0.000000000000000000e+00 0.000000000000000000e+00
3.908934429256028409e+01 5.441475810392297063e+01 3.710478647733809510e+01 2.128811084334973902e+00 2.149522263739880312e+00 1.593309434390642654e+00
3.855423449800166935e+01 5.405214169389468282e+01 3.650154001125817871e+01 4.137646100090019985e+00 4.204770217890586359e+00 3.069713420959143679e+00
3.808018623668036184e+01 5.346305097346571245e+01 3.534071218197320974e+01 5.927554141883641492e+00 6.080852551814569296e+00 4.325561948929032674e+00
3.748846959700721015e+01 5.267079685532940658e+01 3.380032552956836867e+01 7.436731462232641476e+00 7.713061384238169005e+00 5.281939683912067807e+00
3.677146534558216473e+01 5.170828322201359839e+01 3.201862263169103784e+01 8.651269617593985828e+00 9.062898915246504927e+00 5.892812125204853757e+00
3.594161478488609873e+01 3.016457201032078217e+01 5.061722541583075952e+01 9.605490432942492163e+00 1.012139996390281027e+01 6.148725264167666182e+00
3.501584408440438523e+01 2.842454195045868914e+01 4.944614466429155897e+01 1.037060518387730745e+01 1.090826483745395059e+01 6.075601883224974742e+00
3.401133432177641680e+01 2.696669450250692179e+01 4.824709462391049897e+01 1.103310338287259995e+01 1.146660280173201407e+01 5.728989013443950284e+00
3.294349486850985187e+01 2.590041774310983413e+01 4.707153374701891835e+01 1.166787645599043799e+01 1.185415226584197157e+01 5.184948355938863607e+00
3.182488226984121837e+01 2.525270700590958839e+01 4.596612632053292202e+01 1.230350538195809840e+01 1.214113895658222830e+01 4.529445871574751870e+00
3.066482854515206924e+01 2.497157220188391946e+01 4.496935631292379298e+01 1.241738686221398069e+01 1.288676711045571821e+01 3.848334869403800429e+00
2.946959400407194352e+01 2.494230235115770355e+01 4.410960321869975331e+01 1.251965448186946794e+01 1.360107743140512504e+01 3.219501584139076833e+00
2.824267058405806097e+01 2.500087234128430680e+01 4.340485580785081510e+01 1.266243708731851925e+01 1.411365614551932701e+01 2.706964158829299638e+00
2.495471811443014332e+01 2.698430580269917556e+01 4.286374549340569473e+01 1.439948485171812465e+01 1.277421773440919317e+01 2.353820074337725110e+00
2.462790575626138434e+01 2.568656856832875590e+01 4.248727528619058091e+01 1.437630362394301287e+01 1.283046032829323124e+01 2.171535837092345655e+00
2.391735368214794022e+01 2.430886763753328950e+01 4.227059002738766225e+01 1.399821470746615759e+01 1.280562504933554635e+01 2.134489358244369139e+00
2.283512589890500166e+01 2.277740116248026681e+01 4.220432428901335697e+01 1.327959544335082498e+01 1.267735114618166570e+01 2.193334829398660979e+00
2.154657184526735492e+01 2.116130153847635142e+01 4.227534935385907744e+01 1.230289614856087432e+01 1.243036047459734306e+01 2.296571617018968059e+00
2.017191271813230813e+01 1.954568595618755111e+01 4.246700472019897887e+01 1.120594763902473012e+01 1.205828355266600838e+01 2.400982415127455027e+00
1.875343411288032058e+01 1.809184707043707974e+01 4.275907678993286964e+01 1.014878849501469382e+01 1.156281540527529472e+01 2.473407933297988137e+00
1.735657961302951335e+01 1.697094706149931653e+01 4.312785379803170116e+01 9.276226234778944146e+00 1.094733321551202643e+01 2.496359188832220966e+00
1.615082639763893724e+01 1.619453031830256862e+01 4.354654081027366885e+01 8.720179024278435165e+00 1.019154879643647504e+01 2.485763207064386471e+00
1.541612314161286257e+01 1.556094140509272172e+01 4.398617971982266539e+01 8.682358795086740244e+00 9.193290707616357693e+00 2.521112009400818810e+00
1.533079304263885412e+01 1.485510539103402294e+01 4.441703001638290260e+01 8.883979621885840672e+00 8.345337641327160938e+00 2.757641798558462476e+00
1.578147245773274143e+01 1.403999123233193025e+01 4.481019343069684169e+01 8.556751705477283920e+00 8.463577781359113317e+00 3.347831975230376678e+00
1.645074638649514398e+01 1.318313189320555168e+01 4.513917645605351936e+01 8.111928311315370621e+00 9.114387971215229811e+00 4.323285513071563280e+00
1.234871943236716696e+01 1.697158261724448636e+01 4.538111298251875070e+01 9.932112145783507984e+00 7.749957744398056292e+00 5.605732456785413653e+00
1.157174886279140225e+01 1.702458149474358606e+01 4.551749572328787252e+01 1.062154502857994132e+01 7.514893334739380926e+00 7.080602036384177289e+00
1.086394061516219445e+01 1.640230058028736693e+01 4.553442842103498833e+01 1.093269680921920717e+01 7.406064715637771023e+00 8.630770166303843638e+00
1.022218696141890781e+01 1.505238068641752314e+01 4.542254109022520936e+01 1.070645570839467453e+01 7.396332987241517998e+00 1.014592251703243520e+01
9.635061900465126783e+00 1.310070302578995616e+01 4.517676299053844957e+01 9.909045996600070794e+00 7.440907892618596975e+00 1.152904382891207469e+01
9.088116136181700000e+00 1.085407014858671459e+01 4.479611788451165921e+01 8.644600285753973878e+00 7.487600850643837624e+00 1.270376840521239536e+01
8.568075359317708362e+00 8.763872028424525951e+00 4.428362202674943404e+01 7.139832227171039492e+00 7.487149080971344794e+00 1.362100057524755847e+01
8.065606809487004369e+00 7.270415230541984464e+00 4.364627042944143653e+01 5.693967154841093503e+00 7.401466058517199187e+00 1.426283826668771582e+01
7.576403993476618304e+00 6.453055508885941371e+00 4.289502930041787465e+01 4.583633515638909195e+00 7.208937774182422764e+00 1.464245977547961886e+01
7.100690389963315141e+00 5.876602794185827427e+00 4.204473151210861914e+01 3.931453329298705945e+00 6.906706949305069898e+00 1.479949705058575837e+01
6.641577175177084236e+00 5.054905703269668926e+00 4.111379355711846983e+01 3.668362574070026749e+00 6.510108375170782224e+00 1.479141356048692302e+01
6.202871848221408690e+00 3.972368955721424122e+00 4.012371462698437341e+01 3.703387809610457104e+00 6.049459210754843497e+00 1.468243984237522781e+01
5.786746554898887673e+00 3.407711180440202270e+00 3.909835478177944168e+01 4.026397739455164881e+00 5.564578596628081186e+00 1.453245540068804864e+01
4.223243926061212683e+00 5.390412536449484371e+00 3.806300481631927823e+01 5.098552578702761906e+00 4.569676545105231469e+00 1.438842697938152071e+01
5.534558626932096992e+00 4.995205181221560764e+00 3.704326057104288594e+01 4.706219072404035586e+00 5.090753187062228236e+00 1.428024565831891657e+01
5.551554150232847817e+00 4.699595103092257808e+00 3.606371868763471156e+01 4.936176219113176167e+00 4.670345414186156674e+00 1.422118436736680991e+01
4.231185747254329499e+00 6.235733609439935599e+00 3.514653714431795350e+01 5.310599303686710293e+00 4.045704036627660649e+00 1.421158690178308959e+01
4.011303260565711071e+00 6.095867331627296437e+00 3.430995455204893574e+01 4.783131316099312080e+00 3.763095390846630472e+00 1.424378370612673095e+01
3.773638254631467071e+00 4.709542669437907669e+00 3.356692185308016718e+01 3.792727819847177440e+00 3.515311880439453862e+00 1.430677215723478390e+01
3.520117977796481057e+00 3.001791754437989290e+00 3.292404564256489152e+01 2.595863737915619751e+00 3.260971189676372450e+00 1.439015050294333875e+01
3.253014772924860409e+00 2.121874811562822760e+00 3.238105407173458161e+01 1.579888414301156230e+00 2.978997008502044075e+00 1.448734111884786024e+01
2.955092376407423060e+00 2.590556024479160779e+00 3.193096204622359480e+01 1.215732092733401881e+00 2.658838446002497413e+00 1.459809586824627026e+01
2.465288601338868624e+00 2.778435815012225252e+00 3.156102691148721107e+01 1.267757146680557057e+00 2.296556474912470058e+00 1.472999666799416651e+01
2.396835410495224750e+00 2.248073006675721519e+00 3.125445262362038079e+01 1.126742315715503873e+00 1.811327578377520453e+00 1.489854816589896203e+01
1.333240133904298075e+00 1.994726521363823002e+00 3.099263927797670348e+01 1.512564144748895245e+01 1.496345247715342941e+00 8.348991261550898768e-01
1.558851432851708019e+00 1.712072702740690566e+00 3.075762592401286000e+01 1.543652819170028856e+01 1.131019272866497394e+00 1.379762446914956087e+00
1.573770288744988699e+00 3.502126456010493882e+00 3.053428940335678732e+01 1.585578200874835098e+01 2.506933134240350913e+00 8.548958263647148392e-01
1.676550632869716173e+00 5.152771187664185071e+00 3.031188165740842066e+01 1.640291079014565057e+01 3.578714254432940223e+00 8.236658850974845070e-01
1.992162936509799254e+00 5.892435527952306629e+00 3.008462065518128981e+01 1.708832412104444032e+01 4.254765031854538471e+00 1.055688963742515085e+00
2.405005369343387045e+00 5.475100648023541794e+00 2.985126177865245012e+01 1.791032683926817271e+01 4.320949970672956830e+00 1.400092874442133484e+00
2.808844194998822541e+00 4.113161039032838140e+00 2.961380184926368031e+01 1.885373282997720779e+01 3.702234636092530007e+00 1.748724046753891592e+00
3.128164748426995434e+00 3.170192886932935217e+00 2.937563653659603702e+01 1.989051396662137350e+01 2.492725813955363634e+00 2.043753343453287741e+00
3.311030840603741421e+00 4.832981846403738402e+00 2.913955771826343266e+01 2.098255936216267870e+01 1.043316284268229310e+00 2.246136357877687839e+00
3.324153477766115916e+00 7.632467080319683461e+00 2.890593807850164865e+01 2.208616844171251614e+01 1.187120190217780147e+00 2.326318391825424658e+00
3.151280284892234995e+00 9.962552974909689496e+00 2.867134555566763865e+01 2.315748663520360040e+01 2.453090828346855545e+00 2.264062880885592932e+00
2.792549942744241509e+00 1.104633864202882521e+01 2.842771992497374356e+01 2.415786462276016522e+01 3.252099154610196940e+00 2.050737449116560640e+00
2.263537001421789263e+00 1.047886713404214021e+01 2.816217615344493552e+01 2.505815384672625967e+01 3.342996392348058787e+00 1.691484874498754731e+00
1.593521908215708383e+00 8.198354810668616821e+00 2.785748667997131278e+01 2.584122572281661334e+01 2.715549499125677002e+00 1.206048756171323566e+00
8.229210783722559208e-01 4.501043484481948020e+00 2.749330865235371846e+01 2.650243451373992443e+01 1.515461080742300792e+00 6.276733954959706763e-01
4.553315414416707844e-14 2.500413231785521724e-15 3.791521856996305038e-03 3.791521856998181575e-03 1.603409797721426031e-14 4.166868809871826689e-15
4.553315414416707844e-14 2.500413231785521724e-15 3.791521856996305038e-03 3.791521856998181575e-03 1.603409797721426031e-14 4.166868809871826689e-15
4.188203181184380064e+00 4.962241395529223276e+00 2.739674110062059853e+01 2.666167537732381732e+01 1.195628462927274871e+00 1.115678539019176574e+00
8.429636572557384966e+00 9.017737985560900782e+00 2.769779333695807111e+01 2.634942408410286063e+01 2.239557330113227440e+00 2.064695668181393717e+00
1.271613982048913094e+01 1.149962033887213586e+01 2.802045317276126113e+01 2.628955417005253281e+01 2.999531008673850252e+00 2.743524612516452521e+00
1.212570151940043495e+01 1.693380056169097259e+01 2.838176567912391235e+01 2.652224279277463737e+01 3.380345895195130179e+00 3.159123573941709395e+00
1.101426374192922530e+01 2.085557788037288418e+01 2.804052390061771405e+01 2.601226599946544127e+01 3.337893141247108009e+00 3.440294724762967160e+00
8.602670509873835414e+00 2.418225356940442694e+01 2.399720367149989286e+01 2.063219593644346972e+01 2.888363157182832541e+00 3.790241380214495859e+00
5.533899845599671075e+00 2.662150317305616554e+01 2.001689880524035203e+01 1.338578446869350280e+01 2.114645381665603452e+00 4.384393746394628089e+00
2.658438357965143606e+00 2.797552465573125602e+01 2.109985185404591590e+01 1.269266798548264141e+01 1.201390481019205092e+00 5.284983156837472329e+00
1.925893297850598262e+00 2.820445956152632760e+01 2.257418327664695212e+01 1.403041732313072920e+01 8.117569669139651500e-01 6.432244441486679065e+00
3.232670109202306463e+00 2.744498128312013563e+01 2.296816542454740429e+01 1.539923708031090577e+01 1.533780844698747092e+00 7.680723235029576657e+00
4.058705482441013146e+00 2.598188030527966674e+01 2.228086482311209338e+01 1.664359872043969446e+01 2.364377403693191049e+00 8.847959458168315194e+00
4.126507985378987442e+00 2.418501607700577338e+01 2.085247099697280859e+01 1.769425965361811492e+01 2.972701233800233211e+00 9.761909231021709488e+00
3.685449602032617733e+00 2.243007336833205301e+01 1.911405650669580325e+01 1.843182108046189427e+01 3.272379054394789488e+00 1.028971090203292249e+01
3.090498841465380231e+00 2.102143169743904849e+01 1.739266307091265418e+01 1.876148876743079086e+01 3.244616584078088284e+00 1.034607315705867414e+01
2.575906904073553161e+00 2.013275492666048194e+01 1.578702306218077034e+01 1.866109393707149167e+01 2.913931488587876650e+00 9.895910580095408804e+00
2.131448751565609534e+00 1.977525393664632603e+01 1.421100579846576828e+01 1.818807620049994966e+01 2.339068878822757380e+00 8.962910630315022331e+00
1.650483413699266100e+00 1.979707624833350721e+01 1.258057645335362551e+01 1.748235519356489931e+01 1.611693414715051009e+00 7.641189894881918576e+00
1.174298589356051803e+00 1.991706535401974065e+01 1.106300574586650676e+01 1.680730693779185714e+01 8.933040631813895516e-01 6.096183845651697020e+00
1.006267380839487080e+00 1.979539338536583060e+01 1.034032854437338145e+01 1.660601658173819573e+01 6.828721737707640349e-01 4.542089124605503514e+00
1.359735909247900221e+00 1.912908900484880803e+01 1.167061116548777910e+01 1.747888932210712554e+01 1.169403508623862553e+00 3.195481103744289175e+00
2.023047053751084956e+00 1.774294452495880492e+01 1.745078326203088182e+01 2.041429328764406037e+01 1.676021877471102872e+00 2.220391197358811741e+00
2.893575637721864435e+00 1.564343739573556924e+01 2.036845895931285355e+01 1.432523455577911520e+01 1.999462448433126927e+00 1.693316308087678301e+00
3.895270511814127978e+00 1.301557875929577790e+01 1.794651743177448466e+01 2.920415582606960214e+00 2.102109555800022012e+00 1.611913643652046035e+00
6.082819393056629664e+00 1.209682023294201869e+01 1.858152692916039328e+01 7.798485494960332165e-01 2.615939092304927271e+00 1.537871133727131134e+00
5.327163456162408828e+00 1.077272919384969185e+01 1.852893533281312699e+01 2.087195326729467393e+00 2.393727612022616302e+00 1.776905199189994011e+00
4.126823901320190835e+00 9.279611139597191638e+00 1.848280459487978078e+01 3.669372306094321079e+00 2.356870606846745098e+00 2.319019906432314038e+00
2.680474762910286302e+00 7.553729000040233288e+00 1.854883939096209033e+01 5.231683884540145435e+00 2.674199776833480868e+00 3.005888361959065058e+00
1.199784559063866274e+00 5.629779325701498749e+00 1.878041871434701804e+01 6.697324456231505074e+00 3.167941200954734082e+00 3.664396172154553266e+00
3.279143386537187732e-01 3.632596949458067659e+00 1.916954822299883077e+01 7.978557286145397498e+00 3.590273862132399518e+00 4.155879381082143276e+00
1.340816257767653452e+00 1.736502736677631997e+00 1.966955934919901949e+01 9.013250438553443544e+00 3.812848706036366053e+00 4.407775372754527687e+00
2.136013678710635411e+00 3.053130823654575665e-01 2.022282920604734358e+01 9.797579339759154848e+00 3.824660442184079301e+00 4.425814050757376883e+00
2.622392657753894518e+00 1.322308823219773721e+00 2.077618763486193387e+01 1.039205095092929909e+01 3.691215515364986821e+00 4.280386467804143891e+00
2.838125616633694115e+00 2.299771433188087411e+00 2.128612660140088053e+01 1.090395995640337290e+01 3.511216775096965392e+00 4.070044357930039602e+00
2.854684309306323442e+00 3.027161856834263531e+00 2.172311845936689423e+01 1.145876904644562977e+01 3.378716563875138412e+00 3.882884666707199006e+00
2.763249274958699431e+00 3.639521582081253648e+00 2.207940194185377081e+01 1.217045471315443805e+01 3.357062934964096801e+00 3.785482403266753781e+00
2.672677089800751471e+00 4.313347524765224428e+00 2.237625856244010691e+01 1.311436928369440658e+01 3.464200420875776842e+00 3.836400004132917818e+00
2.699425652783834728e+00 5.216404843568217764e+00 2.266193632679414804e+01 1.430358970504949134e+01 3.668413999168663508e+00 4.072542297836166725e+00
2.919250443770113002e+00 6.439515387817071002e+00 2.299435785161052692e+01 1.567373081629721554e+01 3.901189335477739384e+00 4.455112858515699159e+00
3.314296471868096727e+00 7.943734546689351639e+00 2.341382357731067643e+01 1.708720705500699566e+01 4.087233092059546102e+00 4.852110059395863928e+00
3.793093889619081782e+00 9.570840155247093861e+00 2.392182619318416315e+01 1.836608686531809909e+01 4.176766421439679355e+00 5.091696869471200593e+00
4.251899479053113495e+00 1.110705700597119261e+01 2.448024467305092600e+01 1.934763500586904073e+01 4.163159034428692173e+00 5.032677593539737870e+00
4.613731230101889125e+00 1.235747848459239862e+01 2.503008877768292351e+01 1.993848920854380680e+01 4.076684421966291438e+00 4.612826220710084080e+00
4.844755582532465077e+00 1.320092573362749988e+01 2.551610405443530283e+01 2.014079328028396176e+01 3.960248800702328875e+00 3.869911976524903707e+00
4.962666337808875561e+00 1.361442280828442541e+01 2.590428781451622697e+01 2.004087823157417247e+01 3.857521728097594860e+00 2.936669121903045632e+00
5.039360131513429764e+00 1.366954760839792549e+01 2.618866232768532498e+01 1.977228335814565696e+01 3.850672900537655874e+00 2.010628570549072958e+00
5.188764441900773683e+00 1.350897420449004649e+01 2.639077120918669905e+01 1.947338626155901053e+01 4.118173537192057587e+00 1.301232611942681805e+00
5.525858736085104361e+00 1.331287801128590509e+01 2.655571460212256696e+01 1.925412491484297917e+01 4.864204319005751564e+00 9.606538778016310287e-01
6.104940016672147252e+00 1.326253001582907309e+01 2.674445422194541067e+01 1.917557509444687724e+01 6.107741223654913121e+00 1.057375135442225389e+00
6.884501284851281433e+00 1.350193148682484079e+01 2.701901110801820494e+01 1.923963156119310014e+01 7.637903557803271681e+00 1.594345737589447642e+00
7.747191137727456045e+00 1.409630308747603600e+01 2.741982779707128870e+01 1.938726054978479851e+01 9.144733503521333517e+00 2.437273986101981205e+00
8.546460903090199679e+00 1.500184444644118287e+01 2.794282432926747717e+01 1.950979727779165884e+01 1.032484776922968805e+01 3.359834862110597786e+00
9.149351970514324250e+00 1.607459096423496803e+01 2.852991124601931716e+01 1.948007344143010044e+01 1.094318384038840897e+01 4.122461708563066374e+00
9.468959358415833805e+00 1.712303654906967409e+01 2.908222939870984547e+01 1.920117254012797758e+01 1.087590663975937311e+01 4.527013833925321862e+00
9.486652244932013645e+00 1.797571572444557830e+01 2.949190034854891707e+01 1.865459816685811845e+01 1.013547637136705504e+01 4.459675074388279370e+00
9.261828063251225984e+00 1.853296910660579400e+01 2.967722883453787830e+01 1.792260375233736980e+01 8.873870941769249399e+00 3.917480032773793308e+00
8.924303298897173775e+00 1.878935573984142948e+01 2.960658116504035320e+01 1.717117088195456276e+01 7.363839720947509271e+00 3.016290463908000152e+00
8.641551908228036538e+00 1.882624007932247068e+01 2.930536538914427425e+01 1.660171829111590114e+01 5.955599919009967103e+00 1.986742087779440169e+00
8.558707332271110246e+00 1.878241353911334954e+01 2.885005393527301720e+01 1.639383254215844588e+01 4.980165682498213009e+00 1.190704379929862000e+00
8.740171866659878219e+00 1.881777541381565655e+01 2.835600370696815986e+01 1.665950014321401440e+01 4.567001217435787908e+00 1.011486825344469542e+00
9.168070261508640684e+00 1.908307672734162352e+01 2.796129897711810486e+01 1.741652536839061938e+01 4.567781902154868234e+00 1.105489428684940378e+00
9.802050334165839374e+00 1.969214802584656709e+01 2.780312381702342250e+01 1.857863813575039202e+01 4.797909346076687953e+00 1.049212567129466755e+00
1.063141128711776062e+01 2.068473960722477045e+01 2.798498200738258390e+01 1.996125790271555900e+01 5.220866299999490145e+00 1.075989309819169959e+00
1.166985866754156831e+01 2.199268205270317722e+01 2.854389795689064968e+01 2.130810826041693673e+01 5.850042644419168880e+00 1.586312001287716322e+00
1.291317020649649727e+01 2.344373532950225680e+01 2.943477666136307036e+01 2.234273368804605298e+01 6.609830116663875543e+00 2.344482041349090551e+00
1.430896747659402735e+01 2.481011011501042418e+01 3.054289488443840028e+01 2.283818169137167331e+01 7.341203634455477633e+00 3.005945876105050374e+00
1.576108121292034525e+01 2.587213921509997405e+01 3.172033022440504269e+01 2.268404918763933154e+01 7.891953769730991830e+00 3.384547968422916053e+00
1.715518302132079498e+01 2.647141648357077059e+01 3.283056260414461747e+01 2.192290259084230541e+01 8.183708576317810568e+00 3.426358611007590760e+00
1.838578850201193404e+01 2.654784512994376300e+01 3.378368832987277415e+01 2.073598737706463879e+01 8.229497868773645308e+00 3.191679169232899405e+00
1.937675343886794366e+01 2.615897834438453273e+01 3.455251966193215907e+01 1.938043172070644005e+01 8.114052583491989878e+00 2.830242651760077166e+00
2.009528210884217003e+01 2.547429407115526701e+01 3.517076195792130733e+01 1.810608386729081687e+01 7.951231396181963618e+00 2.533297977278105684e+00
2.055897418757577100e+01 2.474100528602447824e+01 3.571989922060297573e+01 1.709176901119029068e+01 7.825168894096847794e+00 2.471052132611335050e+00
2.083168162397871725e+01 2.423237363346734696e+01 3.630934305153567010e+01 1.642255127557784533e+01 7.568439912198476449e+00 2.932541201772473016e+00
2.100255563360123290e+01 2.419190732633622076e+01 3.705006621889619822e+01 1.609349036997024740e+01 3.204413938175441512e+00 8.074322316216802520e+00
2.115130123659399075e+01 2.477253718805135208e+01 3.802202199625677537e+01 1.601461730684109597e+01 4.040773067510420091e+00 8.341253659579770385e+00
2.131786662036731528e+01 2.597979158209433947e+01 3.924218551661977727e+01 1.601963558631685558e+01 5.194871096589482207e+00 8.413674276095441940e+00
2.149568241873754459e+01 2.765841161107662316e+01 4.064734487417756981e+01 1.589864508371780438e+01 6.305814673459485320e+00 8.308456982669836677e+00
2.164984445114727407e+01 2.953644911866079426e+01 4.210492986512895186e+01 1.545513080553568663e+01 7.132569139785836398e+00 7.975175814379281469e+00
2.174398174507314252e+01 3.128479282072638057e+01 4.345351921734895484e+01 1.456472482105949595e+01 7.528969526151564118e+00 7.434272394926899175e+00
2.175383170843500480e+01 3.256212447619369499e+01 4.455754124123649262e+01 1.321138676428596526e+01 7.487790232404389457e+00 6.771901851368108183e+00
2.165536289491632260e+01 3.307243543913514117e+01 4.534866493060671644e+01 9.493685819539228632e+00 9.131273046336225718e+00 6.105820537452435026e+00
2.140498741006971173e+01 3.267058096541794043e+01 4.583265759714365828e+01 6.548845222870194327e+00 9.732029243929984474e+00 5.540321941916926285e+00
2.097087867633157288e+01 3.147587139655117028e+01 4.606553097169970101e+01 6.095591144168450271e+00 8.050362820900957672e+00 5.139966556710739987e+00
2.047411080275102790e+01 2.987697888566606252e+01 4.612358051349215060e+01 5.865202669088461995e+00 6.754511085065461273e+00 4.925014746874770033e+00
2.034530026912541700e+01 2.842240950967981306e+01 4.608923381490437521e+01 5.963216535856387779e+00 5.969961360078701595e+00 4.898543158805252595e+00
2.122878939620835226e+01 2.779260373172519394e+01 4.605818773175013092e+01 6.414061422949386859e+00 5.783985617988732564e+00 5.327875112563244642e+00
2.368415642203234128e+01 2.870594114175581879e+01 4.615403314846035698e+01 7.116572937876248339e+00 6.132931183424783939e+00 6.206781142275263896e+00
2.790107592903715172e+01 3.135017344703906872e+01 4.650981282195571254e+01 7.854933802803082621e+00 6.726632337650195304e+00 7.122425397048782969e+00
3.355464676982840899e+01 3.497406330313785361e+01 4.719565782166206702e+01 8.378870415312130504e+00 7.326600161617228935e+00 7.827221391696890684e+00
3.997035199016358575e+01 3.849204232900036260e+01 4.818214735181470587e+01 8.465046893042941889e+00 7.625682707082617640e+00 8.063723592138739349e+00
4.637831982732155467e+01 4.130054099337591111e+01 4.937357701926561759e+01 7.949273019979879784e+00 7.359716475542423808e+00 7.655204746321190967e+00
5.206647389878501997e+01 4.333454911379875796e+01 5.061405449323548567e+01 6.757322565466545861e+00 6.390245052882172594e+00 6.541566816317047284e+00
5.644919829255787391e+01 4.472264735789990908e+01 5.169588592289819218e+01 4.925563567600987014e+00 4.726295675534869289e+00 4.779058663908628546e+00
5.905260882366079045e+01 4.558445726025421152e+01 5.238321472500322074e+01 2.597827374937827560e+00 2.511863292468640818e+00 2.523953394943975859e+00
0.000000000000000000e+00 0.000000000000000000e+00 0.000000000000000000e+00 0.000000000000000000e+00 0.000000000000000000e+00 0.000000000000000000e+00
0.000000000000000000e+00 0.000000000000000000e+00 0.000000000000000000e+00 0.000000000000000000e+00 0.000000000000000000e+00 0.000000000000000000e+00
7.003790737023498991e+01 5.594062684808710628e+01 3.193340557107802624e+01 2.780326684674775173e+00 3.057975662933851257e+00 3.224361299237306522e+00
6.419591990044906993e+01 5.568750364803292285e+01 3.086168459132894526e+01 5.199305601594526038e+00 5.585961751733813152e+00 5.938790849133424032e+00
5.527943636357884571e+01 5.403838456144772096e+01 3.023733729665505265e+01 6.946645483922953446e+00 7.246305346799625902e+00 7.667957870687457600e+00
4.444077518370243496e+01 2.766367985795670492e+01 5.396417204188312411e+01 7.806373643018332587e+00 7.885743307866280638e+00 8.188685520379767269e+00
3.314499184737373128e+01 2.420154717190365190e+01 5.440454545345987469e+01 7.725461337614382806e+00 7.562666878399060266e+00 7.595497734043680893e+00
2.300218663150936038e+01 2.159828796853712873e+01 5.406450910892296235e+01 6.858297001202360299e+00 6.513731768378781872e+00 6.302423664677363924e+00
1.553478202615432302e+01 1.956366014012384724e+01 5.372696691629483468e+01 5.560560910755537378e+00 5.184678146151185274e+00 4.866974437560769751e+00
1.184304137783327526e+01 1.849564558898769917e+01 5.338588093617932628e+01 4.315003693944003516e+00 4.175028933829037392e+00 3.763554744896814075e+00
1.226237916490758373e+01 1.862687281792632632e+01 5.296644429969200729e+01 3.588749375221492954e+00 3.934305069759491236e+00 3.131513861040693403e+00
1.607521478467132070e+01 1.981756164807320175e+01 5.237712985223550533e+01 3.632169463827759071e+00 4.245221030025478015e+00 2.994788245170373120e+00
2.147054327533111362e+01 2.151022432292344888e+01 5.154893428562635904e+01 5.530173429629085646e+00 4.422493726996194141e+00 4.348614286022713493e+00
2.311198667909359727e+01 2.586362527098889430e+01 5.047438780419209081e+01 6.808887549164584385e+00 6.041494726195229426e+00 5.658966060557194311e+00
2.695751822744685811e+01 2.472811974540040580e+01 4.923120974131501981e+01 7.770609147221815505e+00 7.100282408777179199e+00 7.535992077284547008e+00
2.842645720198055770e+01 2.330897798477371907e+01 4.797554993184009220e+01 8.051201485513812983e+00 8.264469764479786207e+00 8.974876346951210948e+00
2.597828271939773614e+01 2.153425946934562063e+01 4.690305846685279079e+01 7.621289389235039735e+00 8.455179351281559619e+00 9.033743838704998197e+00
2.140439418983500275e+01 1.906033494757204494e+01 4.619278426901184531e+01 7.226371348690063812e+00 7.075059363637071996e+00 7.725036912098858899e+00
1.599623008272918234e+01 1.622710419223291822e+01 4.595665030293930897e+01 6.354839579669300242e+00 5.396762092863019333e+00 5.295103719497778805e+00
1.101870730246771402e+01 1.350803968197951122e+01 4.621138427591637310e+01 4.796198711311346230e+00 3.962023774230519102e+00 2.894437623559466211e+00
7.555042468337383355e+00 1.137375013087565101e+01 4.687696026483711620e+01 3.404018238634708649e+00 2.654664217095754619e+00 1.589394339629392805e+00
6.259369217709346067e+00 1.016434999436343567e+01 4.779639287220548027e+01 2.723092164169443219e+00 2.077328724916282177e+00 1.596827314366931150e+00
7.183751608537439992e+00 9.957926096037237329e+00 4.877028051423902610e+01 2.934646899485239491e+00 2.510735051276162366e+00 2.895284052352972370e+00
9.856059571143521936e+00 1.038216443901392694e+01 4.960074277454758374e+01 3.892797341853075022e+00 3.838634241497639987e+00 5.254180797207892439e+00
1.245508943838692240e+01 1.206676779946265654e+01 5.013705522627817857e+01 5.950074934796013792e+00 5.971731844671258393e+00 8.223715993872280805e+00
1.502883166762340572e+01 1.306378140494340201e+01 5.031026111560471037e+01 7.849045869496201533e+00 8.689214918202083027e+00 1.063882401621652463e+01
1.605961427616169246e+01 1.331645169597880063e+01 5.014303119475044923e+01 1.339632514417430897e+01 9.053400951193705026e+00 1.018768167962059756e+01
1.514727377563540678e+01 1.261178570115233732e+01 4.972870180286105324e+01 1.561400019598850086e+01 9.194986144455214117e+00 9.977073555382572678e+00
1.251273422470342567e+01 1.098743078763344805e+01 4.918706490314687585e+01 1.681654626553059018e+01 8.149489923423475446e+00 8.641203497366673147e+00
8.860480292273733127e+00 8.760831946551093097e+00 4.861565057148894198e+01 1.725633165176605743e+01 6.112094335801845801e+00 6.307331260117333471e+00
5.168161822560908725e+00 6.458480653708777552e+00 4.805628983534304410e+01 1.720222860914219964e+01 3.617425874016793497e+00 3.602157122168736958e+00
2.476084269868394472e+00 4.671343799369567229e+00 4.748719513213893606e+01 1.696898420818829933e+01 1.477332089083789324e+00 1.584716288351970759e+00
1.529226913573240587e+00 3.767519431056302270e+00 4.683791527037778479e+01 1.683708288927558172e+01 1.057327736962422771e+00 1.566010962085492286e+00
1.966445329759754168e+00 3.689041063987976266e+00 4.601707400870451892e+01 1.697950318018092375e+01 1.244415245580016371e+00 1.645832852714939509e+00
3.872391972909490221e+00 4.380896925286687171e+00 4.494357796286708151e+01 1.742409057878397860e+01 8.197781850619001442e-01 1.052357249711284082e+00
6.598303540770380060e+00 5.832510171123893805e+00 4.357620694144298312e+01 1.806356625295288509e+01 1.747941114277278052e+00 1.978872703718861592e+00
7.804884036528433100e+00 8.711077801593981818e+00 4.193753725555308876e+01 1.870906604392692429e+01 3.851534050878841153e+00 3.647267923263221689e+00
9.954733300374185134e+00 8.906242049125181026e+00 4.012488274012906686e+01 1.916764127148807617e+01 5.265806557340147798e+00 5.482731653726699683e+00
1.055014778646484253e+01 7.976696781666142044e+00 3.829916575237215426e+01 1.931537484951428496e+01 5.849532356454735016e+00 6.364852453119966391e+00
8.769675675398865167e+00 6.527489532203050615e+00 3.664865132024397099e+01 1.913968725402509463e+01 5.282426381774754098e+00 5.712879926647961959e+00
5.415552057185660573e+00 4.459886748545382140e+00 3.533738315187530787e+01 1.873748661807297111e+01 3.634866967046851194e+00 3.775193569106728653e+00
1.882748782587173819e+00 2.161898746548407857e+00 3.445875990029884406e+01 1.827476309602348792e+01 1.402183942938849848e+00 1.163091277809781277e+00
2.995817794153156299e+00 9.825809262002321853e-01 3.401323814932788281e+01 1.792767386347506431e+01 1.143908083634104900e+00 1.533923785303714205e+00
5.125013625251350291e+00 1.951080311469450601e+00 3.391552784846414426e+01 1.782760399195129608e+01 2.658488508386884774e+00 3.279948004999446276e+00
5.361686916754773158e+00 2.304654539520377909e+00 3.402184982730213392e+01 1.802565901013299410e+01 3.113676250724711103e+00 3.697864247781602387e+00
3.443627659625001503e+00 1.729961661399513906e+00 3.416352377695358911e+01 1.848364024245923076e+01 2.346267455891977605e+00 2.642544267240152678e+00
4.961994974990437401e-01 6.700840857425515162e-01 3.418022111594848411e+01 1.909279924557635510e+01 5.290743554453034569e-01 5.135281970918067485e-01
2.487599623202974897e+00 2.357768529425297466e+00 3.395400238574243446e+01 1.971658356291315783e+01 1.980183822755550382e+00 1.985469248315228308e+00
5.238199929795272602e+00 3.928151883067160899e+00 3.344261712902827810e+01 2.024592811478498433e+01 4.079585110442934592e+00 4.356827254489715529e+00
6.655851150540308403e+00 4.458382023181816756e+00 3.269860969343987733e+01 2.064617876003048025e+01 5.292077272976388969e+00 5.762071680387240491e+00
6.064888816966910845e+00 3.758644067608336581e+00 3.185363680603686731e+01 2.097053920992224008e+01 5.249820450340551226e+00 5.743889212648305431e+00
3.584659054969106862e+00 1.914861173456885668e+00 3.105802670732815685e+01 2.132447949705473533e+01 3.925505767193158579e+00 4.286835569096673737e+00
3.848194864659872927e-01 6.721639807840938952e-01 3.039025335129402450e+01 2.178777786706263342e+01 1.674963911236117431e+00 1.812600036149025318e+00
4.027721868253356874e+00 3.350138985048627394e+00 2.976771168514384769e+01 2.231941861327266707e+01 8.555332610399225546e-01 9.959485030939189132e-01
6.980579305680763014e+00 5.413792650705679499e+00 2.887381274410913434e+01 2.266192295438234794e+01 2.929581231173678191e+00 3.240391008182505139e+00
8.106565015532773089e+00 6.257843651332356316e+00 2.705327191789954355e+01 2.220767525797663211e+01 3.957934634647726657e+00 4.328146487675694765e+00
6.969235910081827967e+00 5.562878446319533765e+00 2.302805445629777381e+01 1.969364311973680515e+01 3.678641938095354558e+00 3.961848764261287847e+00
3.884120376012975662e+00 3.372350646308974742e+00 1.447289589133156440e+01 1.277139377017770627e+01 2.214915201767634123e+00 2.318124890115079051e+00
5.511927046236784954e-14 1.158101798707862813e-14 2.885501623002604418e-14 3.097882668772476653e-14 1.590925986019006116e-14 9.742608964829875193e-15
5.511927046236784954e-14 1.158101798707862813e-14 2.885501623002604418e-14 3.097882668772476653e-14 1.590925986019006116e-14 9.742608964829875193e-15
2.516001301765864895e+00 4.885617472255765037e+00 3.493311053124388277e+00 9.202038973977131331e-01 1.333369538433083479e+00 7.476408406473602497e-01
4.925741215557071229e+00 9.606381173783779204e+00 6.898349632388691255e+00 1.744462680656353681e+00 2.632243651773820137e+00 1.441671769428502392e+00
7.191358394740269055e+00 1.395853994575616674e+01 1.014252548168458823e+01 2.411646478962855333e+00 3.851014393540854286e+00 2.046308941396942860e+00
9.248238086171831185e+00 1.782078213163524438e+01 1.317323703138094793e+01 2.911673573479619748e+00 4.958455852613824710e+00 2.525511849742702708e+00
1.105095422298112773e+01 2.111894194380013090e+01 1.595128124705325590e+01 3.279917544245682048e+00 5.929961474246241870e+00 2.855755390134064875e+00
1.257230791742358633e+01 2.382697014102756938e+01 1.844184451253233803e+01 3.578275325473382562e+00 6.749092310949502682e+00 3.028075471296394205e+00
1.380302562286099111e+01 2.595852582714498524e+01 2.060945084700531993e+01 3.871719529853317798e+00 7.407602517804654063e+00 3.049408988837551071e+00
1.475026923452135286e+01 2.755516951115397006e+01 2.241784489254096613e+01 4.207004565810339436e+00 7.904596561121279841e+00 2.942362789361088637e+00
1.543511238874139835e+01 2.867440864384494148e+01 2.383290761605283947e+01 4.600807363727376753e+00 8.245144639449776491e+00 2.743146375234324363e+00
1.588932669034802103e+01 2.937940417245471991e+01 2.482652159522594104e+01 5.041542891076461252e+00 8.438669310924311162e+00 2.497764291613408183e+00
1.615179736076707684e+01 2.973109712843170271e+01 2.538009209921183640e+01 5.500706458010868438e+00 8.497372527164086975e+00 2.256942500604037782e+00
1.626484184229197538e+01 2.978290960991715153e+01 2.548715119266735130e+01 5.945462208640451607e+00 8.434893316132598073e+00 2.070545479549120493e+00
1.627068157206914378e+01 2.957789479539938426e+01 2.515489303596874748e+01 6.347487439723888514e+00 8.265298033697758839e+00 1.982285137524451235e+00
1.620831102777200172e+01 2.914808409340851014e+01 2.440468352792136386e+01 6.687463147787722662e+00 8.002429100777668225e+00 2.025313595724042681e+00
1.611099269531997535e+01 2.851568618975552027e+01 2.327165709012095363e+01 6.956400436029712253e+00 7.659584277151538778e+00 2.219107612952733621e+00
1.600455744118325185e+01 2.769568692442922142e+01 2.180351963429203366e+01 7.155057319819733586e+00 7.249466302302812970e+00 2.568044975907875394e+00
1.590660054835200121e+01 2.669928941585409277e+01 2.005865290091357167e+01 7.292340089572706852e+00 6.784326396102466461e+00 3.061729118427225060e+00
1.582654939643862413e+01 2.553755544439648162e+01 1.810358448625250816e+01 7.383260496073579482e+00 6.276218420539034781e+00 3.676560661219115733e+00
1.576646777819699885e+01 2.422460060582372776e+01 1.600987276998802855e+01 7.446780762901362039e+00 5.737279613932222411e+00 4.378065186709116041e+00
1.572238296888477471e+01 2.277978559191260644e+01 1.385047941416287109e+01 7.503705650586089071e+00 5.179958048558388484e+00 5.123767529262249099e+00
1.568589295589729460e+01 2.122854104123511831e+01 1.169577909593136233e+01 7.574672982247668607e+00 4.617118066837759827e+00 5.866487270709602520e+00
1.564583408490593897e+01 1.960173924610850804e+01 9.609482486434794524e+00 7.678253889428603429e+00 4.061975470043546643e+00 6.557905930640210102e+00
1.558984925538595157e+01 1.793382361609506503e+01 7.644897221920197161e+00 7.829194325357241802e+00 3.527845747432344137e+00 7.152230414905713651e+00
1.550576979503252772e+01 1.626014530363115185e+01 5.842097395612576349e+00 8.036889572209142685e+00 3.027730165113008631e+00 7.609746748590156429e+00
1.538278612386415389e+01 1.461406388342438412e+01 4.226797430879963180e+00 8.304253020411104913e+00 2.573810665870568393e+00 7.900015109941390001e+00
1.521241658728346557e+01 1.302431910921717062e+01 2.812734252983243532e+00 8.627185998488773322e+00 2.176960229739840269e+00 8.004417402257180569e+00
1.498928496192976212e+01 1.151301189440011719e+01 1.616633395021545683e+00 8.994848333373079541e+00 1.846360539824575930e+00 7.917762775471581804e+00
1.471169128982327123e+01 1.009433295228156879e+01 7.738066733484606496e-01 9.390851496432313539e+00 1.589164484379216091e+00 7.648716623783662349e+00
1.438192394420000042e+01 8.774041541149234291e+00 9.313129927023758858e-01 9.795345351088130315e+00 1.409759472302702932e+00 7.218957497051887273e+00
1.400623574603727306e+01 7.549677413858873365e+00 1.675102974125470157e+00 1.018776855276310300e+01 1.307855520399253679e+00 6.661150392556359101e+00
1.359441609018226060e+01 6.411571913378733001e+00 2.480492679389914468e+00 1.054983646374680006e+01 1.275363782265161117e+00 6.015950377237199831e+00
1.315894606265140787e+01 5.344845793374724430e+00 3.307319882500725949e+00 1.086822437921875384e+01 1.293947741689039033e+00 5.328159257877890909e+00
1.271381298434924112e+01 4.332722731675079153e+00 4.172982107098571092e+00 1.113642906161500079e+01 1.335304190499509325e+00 4.641788048180156778e+00
1.227314655316072844e+01 3.361948888754775044e+00 5.095727601344357538e+00 1.135546678954927380e+01 1.364296575181245030e+00 3.993596681103914747e+00
1.184987242960930764e+01 2.433639915407689092e+00 6.083932267562720320e+00 1.153333511624784613e+01 1.345667517236429411e+00 3.406144075664069959e+00
1.145453652573863934e+01 1.597731549546767438e+00 7.132744892491889921e+00 1.168343240672408889e+01 1.258794114578501766e+00 2.885774052948530954e+00
1.109436034259668524e+01 1.100007415722687787e+00 8.223701246356068140e+00 1.182230579279177896e+01 1.131548909907716727e+00 2.435540243671498128e+00
1.077250545186515751e+01 1.388690830046883873e+00 9.326468265934479973e+00 1.196714344569635280e+01 1.099690407670495196e+00 2.088569840552612522e+00
1.048749387527577781e+01 2.162829636803502709e+00 1.040230362229073613e+01 1.213335798364611584e+01 1.346182336716621242e+00 1.930851093015809372e+00
1.023271798659970599e+01 3.049311099670773739e+00 1.140872450232147806e+01 1.233248146619310859e+01 1.820133428588312841e+00 2.014196517770714845e+00
9.995860981882954022e+00 3.932195333514527213e+00 1.230471247980949911e+01 1.257047449863452471e+01 2.312620667285609333e+00 2.230466075464282660e+00
9.757612852691265104e+00 4.759764017857778029e+00 1.305568635954569601e+01 1.284648880798954096e+01 2.676694137891758363e+00 2.416805815569726512e+00
9.487739708287204365e+00 5.489872245995300659e+00 1.363751826072864404e+01 1.315212607186269977e+01 2.870214554696002285e+00 2.497567075374647505e+00
9.132486421300233914e+00 6.064345708043953564e+00 1.403904435926441074e+01 1.347127649681453221e+01 2.918099630907048603e+00 2.479585116266703082e+00
8.576536906432028928e+00 6.360842654799064633e+00 1.426264521959862108e+01 1.378052505526775384e+01 2.866447507027918284e+00 2.401984039551482208e+00
7.593601259997899255e+00 6.116193572687319779e+00 1.431874610633502343e+01 1.404619430049164563e+01 2.758922228768436291e+00 2.306790526405340103e+00
6.537021343768970816e+00 5.506198377869914395e+00 1.339314137071507460e+01 1.337665554791579936e+01 2.630065616679866380e+00 2.228435472470611245e+00
6.537021343768970816e+00 5.506198377869914395e+00 1.339314137071507460e+01 1.337665554791579936e+01 2.630065616679866380e+00 2.228435472470611245e+00
6.549753089926095839e+00 5.782411659705613438e+00 1.287417281909787725e+01 1.305634149512165365e+01 2.680179556698254917e+00 2.594325420187693965e+00
7.220692148894476858e+00 7.304631621330213598e+00 1.201734218329258397e+01 1.211774120730815518e+01 2.773376909685366876e+00 3.045749018539835262e+00
8.409840266826238420e+00 9.301842118738234078e+00 1.236510244089926225e+01 1.223512260971282473e+01 2.914083786265235787e+00 3.461987816109145744e+00
9.940333543488687695e+00 1.133230340360776367e+01 1.382976020537612882e+01 1.357242985228224441e+01 3.113382684985311233e+00 3.787636373429856373e+00
1.166424751529894266e+01 1.322689704117135712e+01 1.580293702210952844e+01 1.558859430296880255e+01 3.382053587545156503e+00 4.028299060918587138e+00
1.345742091034881760e+01 1.494325430145265976e+01 1.785446068363054550e+01 1.776608101159752451e+01 3.721811651639943097e+00 4.229161812520032093e+00
1.648988215841197302e+01 1.520156723221208672e+01 1.976999654097339132e+01 1.976268131036039222e+01 4.444099999400388690e+00 4.119713580495583116e+00
1.787632710594959562e+01 1.677368922482192914e+01 2.141786727321201056e+01 2.141852499170917312e+01 4.706721891111469880e+00 4.548757204043282876e+00
1.906808190447529938e+01 1.803143282704027328e+01 2.264196354346604778e+01 2.275899153436086664e+01 5.018985584444238590e+00 4.973458663506695743e+00
1.992726581915437123e+01 1.877250146379411788e+01 2.345864649166318827e+01 2.373549762336279301e+01 5.360147106176676779e+00 5.357157608340886945e+00
2.017769720620210450e+01 1.872174432789276111e+01 2.393543434835997274e+01 2.430890167479354602e+01 5.700159356233529095e+00 5.665170943297774819e+00
1.969754830339527629e+01 1.787022240684484942e+01 2.415518911892059606e+01 2.446152026208489261e+01 5.976000985294057877e+00 5.825864885434972607e+00
1.902706543512425341e+01 1.696007903248870718e+01 2.418430844480976205e+01 2.421406678750748398e+01 5.698766266944134351e+00 5.278689431982170888e+00
1.876231636384996904e+01 1.667394555952718704e+01 2.405442850561320611e+01 2.363740566895165074e+01 3.756821715589037769e+00 2.768256410487520469e+00
1.890874911428669947e+01 1.695809114077403024e+01 2.376494657681461575e+01 2.285450667616090215e+01 3.797449464602431046e+00 2.997179549360608153e+00
1.924632266926863977e+01 1.756855963307054580e+01 2.330616539069522730e+01 2.203070016500200268e+01 3.983427095577275701e+00 3.267840727739567352e+00
1.958954086297400821e+01 1.837217679965862160e+01 2.269280753051907240e+01 2.134711671776427266e+01 3.877577633768000354e+00 3.159809043183333443e+00
1.981072294100060915e+01 1.930898099010791569e+01 2.199519703617405497e+01 2.095462579831094985e+01 3.590704071306636713e+00 2.970261774119921316e+00
1.983629792250881607e+01 2.032523162798313265e+01 2.138452420326810710e+01 2.094428361081712353e+01 3.184222904476687432e+00 2.893833993609860933e+00
2.133715914705099692e+01 1.965053499539661530e+01 2.151554586639629818e+01 2.137972600422103397e+01 3.019409142205400798e+00 2.712791275665997759e+00
2.222050444566004401e+01 1.929359972183304350e+01 2.329546080223678572e+01 2.332232293067382756e+01 3.312534484986403793e+00 2.243700556532474799e+00
2.282036459905906511e+01 1.884690872023764285e+01 2.352646489612093816e+01 2.428710214268446776e+01 3.673686011210282043e+00 1.851784547699910188e+00
2.297644094243738522e+01 1.840636938884398432e+01 2.283862515515254543e+01 2.374273139694979662e+01 4.009637414544631184e+00 1.598408301102217877e+00
2.255647603695725323e+01 1.804595047551667619e+01 2.276367329621605506e+01 2.329100070621554153e+01 4.257497179563141110e+00 1.509361167387722080e+00
2.148804897698584782e+01 1.777599069329005133e+01 2.309364095994869359e+01 2.298075133295849071e+01 4.380709468668621653e+00 1.573822935249014288e+00
1.977825703629236642e+01 1.750927719982391650e+01 2.365022230518198754e+01 2.286410423067059128e+01 4.359482927479958470e+00 1.752860485271194424e+00
1.751364441065902611e+01 1.705564545386547337e+01 2.433334315567890016e+01 2.302212549306912592e+01 4.182821352366806522e+00 1.974094594083566800e+00
1.483887754847768470e+01 1.615739720404214808e+01 2.507396798926864534e+01 2.348753222982958988e+01 3.844097837367500770e+00 2.137249288829933480e+00
1.192018362658225072e+01 1.455751479251857639e+01 2.580632988386451743e+01 2.421247539304370378e+01 3.340943191375419730e+00 2.142209648423214041e+00
8.905507545650412027e+00 1.207945198559641575e+01 2.645372054362200132e+01 2.507882139313212377e+01 2.678845487933346536e+00 1.920253453658465448e+00
5.894773455505611714e+00 8.695285162867589790e+00 2.692841953339484462e+01 2.593302977989031177e+01 1.876097992903089207e+00 1.454421672834451451e+00
2.929167220790685366e+00 4.560654702601912192e+00 2.714592244640308749e+01 2.662637298721002210e+01 9.668703511407074069e-01 7.849323838982272816e-01
4.553315414416707844e-14 2.500413231785521724e-15 3.791521856996305038e-03 3.791521856998181575e-03 1.603409797721426031e-14 4.166868809871826689e-15
