-3.921764345475328472e-08 2.465228776727970727e-07 3.332167640958686476e-07 1.527709173909976492e+01 1.527709173910141516e+01 1.527709173910144891e+01
1.330996533446355268e-01 1.726377173281893607e-01 2.052471701647941016e-01 1.527499916075864483e+01 1.527611395085673784e+01 1.527661114234926387e+01
2.903414833939483297e-01 3.241731823773389976e-01 4.116896709450704184e-01 1.526885709921094580e+01 1.527298711258412034e+01 1.527517784394028943e+01
4.465425634456015591e-01 4.734807438699931703e-01 6.203916479265423334e-01 1.525867865141535340e+01 1.526753251099923148e+01 1.527281498431653617e+01
5.990889297903643218e-01 6.229125302545779341e-01 8.321723566800875993e-01 1.524454796533867196e+01 1.525941510977664706e+01 1.526955375308302010e+01
7.448199261374135460e-01 7.749491735257116876e-01 1.047524039422651265e+00 1.522658347619270280e+01 1.524821529158917244e+01 1.526542368097179825e+01
8.848443118167493848e-01 9.279060012108650835e-01 1.266569786191070079e+00 1.520493669828972827e+01 1.523347390511120025e+01 1.526044155187210016e+01
1.021426703552802628e+00 1.079117900984575273e+00 1.489063374402223694e+00 1.517979099878680671e+01 1.521474177620339319e+01 1.525460096904232721e+01
1.155880120074023854e+00 1.227045503428422224e+00 1.714427440879549680e+00 1.515135970001140642e+01 1.519162956216169924e+01 1.524786459515802228e+01
1.289059807686874670e+00 1.370750473721122020e+00 1.941822347036320728e+00 1.511988334033668302e+01 1.516385347704247444e+01 1.524016074601459358e+01
1.421595422070460746e+00 1.509616393509247922e+00 2.170235937249804792e+00 1.508562603479681385e+01 1.513127288364124112e+01 1.523138539641014511e+01
1.553917117065316988e+00 1.643269008924485242e+00 2.398583764388820150e+00 1.504887098088675401e+01 1.509391658014754967e+01 1.522140984211164039e+01
1.686232558108329505e+00 1.771546871935899992e+00 2.625809780982061969e+00 1.500991526228368045e+01 1.505199568326906423e+01 1.521009337363110525e+01
1.818505036444105549e+00 1.894478661958523213e+00 2.850978532458670056e+00 1.496906420039486463e+01 1.500590221536866764e+01 1.519729948908772599e+01
1.950448868203702668e+00 2.012255306710286629e+00 3.073351261179249061e+00 1.492662557541917145e+01 1.495619373683229725e+01 1.518291353096867446e+01
2.081546409792413233e+00 2.125194568472259071e+00 3.292439925112022880e+00 1.488290407234323709e+01 1.490356553067389989e+01 1.516685927524195954e+01
2.211085468936222487e+00 2.233699369111071587e+00 3.508034959982059053e+00 1.483819629551757480e+01 1.484881285820848085e+01 1.514911199051983637e+01
2.338212691875994675e+00 2.338213031659293062e+00 3.720204721515464552e+00 1.479278658536855495e+01 1.479278663907508928e+01 1.512970583094913302e+01
2.439173936518391539e+00 2.461998533212924833e+00 3.929266958296543155e+00 1.473634598157156894e+01 1.474694419039191651e+01 1.510873409127103884e+01
2.536977555737112588e+00 2.581503704022752199e+00 4.135735313499266042e+00 1.468031260040724462e+01 1.470092076379751056e+01 1.508634175458192139e+01
2.631942829777841997e+00 2.695847857026659522e+00 4.340246525621211937e+00 1.462542902980269943e+01 1.465494994168903276e+01 1.506271078800089569e+01
2.724292129528143480e+00 2.804268746257205791e+00 4.543476347128275528e+00 1.457232562892193961e+01 1.460924698958411483e+01 1.503803965427155021e+01
2.814142153931950219e+00 2.906171586524509021e+00 4.746053797195943780e+00 1.452149759201641999e+01 1.456400933467924474e+01 1.501251936992923852e+01
2.901506936855089425e+00 3.001164055353275906e+00 4.948483811354924988e+00 1.447329355241568116e+01 1.451941729860936725e+01 1.498630902788428187e+01
2.986311252685719175e+00 3.089074954953335173e+00 5.151087412336350368e+00 1.442791576989903746e+01 1.447563477434398749e+01 1.495951391942490538e+01
3.068411829238256505e+00 3.169955490191949110e+00 5.353966240978701663e+00 1.438543079952252945e+01 1.443280960417993519e+01 1.493216918902069601e+01
3.147623141407377645e+00 3.244063329052994327e+00 5.556994992493915042e+00 1.434578857303898047e+01 1.439107352437751430e+01 1.490423134306846542e+01
3.223744391091472039e+00 3.311830912689816664e+00 5.759841566311235006e+00 1.430884714897395149e+01 1.435054167462405239e+01 1.487557897915794491e+01
3.296584520139182573e+00 3.373820845336600538e+00 5.962011195718694090e+00 1.427440007762187690e+01 1.431131180255589896e+01 1.484602292742837015e+01
3.365982635193726313e+00 3.430672540605707255e+00 6.162908022546099929e+00 1.424220340264755968e+01 1.427346339925869856e+01 1.481532475911591895e+01
3.431821910485265192e+00 3.483045486083886200e+00 6.361905859227515947e+00 1.421199974653876374e+01 1.423705705920916209e+01 1.478322149154807796e+01
3.494035771977110016e+00 3.531565298833086786e+00 6.558419332146948832e+00 1.418353762106087324e+01 1.420213435443321970e+01 1.474945346199826623e+01
3.552605927789910911e+00 3.576778904722250907e+00 6.751967126046744205e+00 1.415658495298511887e+01 1.416871844661877944e+01 1.471379187546376066e+01
3.607552676808820635e+00 3.619124383519754407e+00 6.942220434840773891e+00 1.413093669376712391e+01 1.413681554439019550e+01 1.467606251926167005e+01
3.658919051312712778e+00 3.658919051318253235e+00 7.129031718538388240e+00 1.410641716899263365e+01 1.410641716899290721e+01 1.463616258399299852e+01
3.696366241525252949e+00 3.706751793078238322e+00 7.312441229660811004e+00 1.407750304995053625e+01 1.408287841985053568e+01 1.459406837973415172e+01
3.731577548190738280e+00 3.751083643725718009e+00 7.492661289329022090e+00 1.405004436234572118e+01 1.406019612865783941e+01 1.454983288193879787e+01
3.764604144875035363e+00 3.791922194894707498e+00 7.670040757776773077e+00 1.402400696103971534e+01 1.403826477910625670e+01 1.450357334122273656e+01
3.795469485800861520e+00 3.829249691687995227e+00 7.845014344094389358e+00 1.399935427289630319e+01 1.401699349877785039e+01 1.445545048333991467e+01
3.824196844383209282e+00 3.863035425862310301e+00 8.018043111192161732e+00 1.397604956993113134e+01 1.399630362451840959e+01 1.440564194675728693e+01
3.850828098619255790e+00 3.893258533536556154e+00 8.189553536265288258e+00 1.395405744762956601e+01 1.397612850432478204e+01 1.435431340788532317e+01
3.875433409982258937e+00 3.919935698458733242e+00 8.359882614073336882e+00 1.393334445272585853e+01 1.395641549545174698e+01 1.430159121472008366e+01
3.898113627706394801e+00 3.943146727460778322e+00 8.529235669165450062e+00 1.391387892426907769e+01 1.393712962352980966e+01 1.424754022524887809e+01
3.918997959996011193e+00 3.963051502758251132e+00 8.697661843755302158e+00 1.389563021529250442e+01 1.391825799964314392e+01 1.419214992711662759e+01
3.938239051165617344e+00 3.979893903939478950e+00 8.865049871777147317e+00 1.387856753760802064e+01 1.389981389607712892e+01 1.413533086738313038e+01
3.956006678692110867e+00 3.993991172600661610e+00 9.031144078920844365e+00 1.386265870960625968e+01 1.388183937614137875e+01 1.407692207633510151e+01
3.972480263176305648e+00 4.005710258083625241e+00 9.195577959571050286e+00 1.384786908061071031e+01 1.386440555330151803e+01 1.401670870463076213e+01
3.987839508912141895e+00 4.015435489255184898e+00 9.357920543922855217e+00 1.383416085542441820e+01 1.384760989005371101e+01 1.395444770720808592e+01
4.002252003806244574e+00 4.023533993364091899e+00 9.517729354565000577e+00 1.382149295693744229e+01 1.383157038682164952e+01 1.388989829026690082e+01
4.015856873360142743e+00 4.030326016914997922e+00 9.674603198605296939e+00 1.380982145785538151e+01 1.381641698956315700e+01 1.382285314192975001e+01
4.028744954321412663e+00 4.036066131751073982e+00 9.828228349298099076e+00 1.375316628721164136e+01 1.379910050389873355e+01 1.380228098868718156e+01
4.040938188403838005e+00 4.040938351303480225e+00 9.978412730746004655e+00 1.368077376896024333e+01 1.378928351677116027e+01 1.378928356450757775e+01
4.045063175832998681e+00 4.052374325938727928e+00 1.012510435073431303e+01 1.360570421474770875e+01 1.377752447236607125e+01 1.378032474984396138e+01
4.048514811972090399e+00 4.062900501198122960e+00 1.026839221580446804e+01 1.352807760111008939e+01 1.376707304998381254e+01 1.377218005512174415e+01
4.051338661929467122e+00 4.072284765240929971e+00 1.040849008488814320e+01 1.344809202018086047e+01 1.375796113098425622e+01 1.376480814787596429e+01
4.053568830570285719e+00 4.080242491928743220e+00 1.054570545148803795e+01 1.336599980867394599e+01 1.375018008707020556e+01 1.375817072635366678e+01
4.055240466543877709e+00 4.086477493081211776e+00 1.068039787776468685e+01 1.328207582240472817e+01 1.374368136328325285e+01 1.375223229881523324e+01
4.056397177625383321e+00 4.090731018319520018e+00 1.081293204502230765e+01 1.319658174608020573e+01 1.373838058503893400e+01 1.374695947863230039e+01
4.057093997773494110e+00 4.092831217231382546e+00 1.094363147944342884e+01 1.310973096253802872e+01 1.373416454081900362e+01 1.374231995045566457e+01
4.057397019539520144e+00 4.092735470063117553e+00 1.107273876743512453e+01 1.302165856452152504e+01 1.373090007370094234e+01 1.373828134067798068e+01
4.057380853845014457e+00 4.090559091846758477e+00 1.120038718787164633e+01 1.293240054361575631e+01 1.372844376259677546e+01 1.373481025702750635e+01
4.057124915340537541e+00 4.086585738949847446e+00 1.132658715950603856e+01 1.284188508690496455e+01 1.372665129590764188e+01 1.373187174462558424e+01
4.056709305498879203e+00 4.081257094220767101e+00 1.145122893237174466e+01 1.274993738683759936e+01 1.372538561952109681e+01 1.372942934086703382e+01
4.056210842033046937e+00 4.075141882471066346e+00 1.157410081710029104e+01 1.265629762491671784e+01 1.372452323660346707e+01 1.372744581023335186e+01
4.055699583010840215e+00 4.068886815064503892e+00 1.169492024760995896e+01 1.256065006288480390e+01 1.372395839196690126e+01 1.372588452125336822e+01
4.055236023206736817e+00 4.063154488889521687e+00 1.181337338540019033e+01 1.246265970219832653e+01 1.372360522730555310e+01 1.372471131331913696e+01
4.054869002997273597e+00 4.058555299772378611e+00 1.192915799909603969e+01 1.236201195114910689e+01 1.372339828846391541e+01 1.372389661161608743e+01
4.054634271805903190e+00 4.055581730369070215e+00 1.204202409142237507e+01 1.225845029948816567e+01 1.372329195829160042e+01 1.372341749920500220e+01
4.054553593537494116e+00 4.054553593547667312e+00 1.215180719264976439e+01 1.215180719265190490e+01 1.372325945352814358e+01 1.372325945352995547e+01
4.054553593537494116e+00 4.054553593547667312e+00 1.215180719264976439e+01 1.215180719265190490e+01 1.372325945352814358e+01 1.372325945352995547e+01
4.053872159346003201e+00 4.061254855594140345e+00 1.214666673643814221e+01 1.214806425246837129e+01 1.372291311488872623e+01 1.372469596990055685e+01
4.051995902344224909e+00 4.081490830307460627e+00 1.213134915818055681e+01 1.213693806132464736e+01 1.372192310086628453e+01 1.372898988985839175e+01
4.049405156003365036e+00 4.115603539551947243e+00 1.210616524836934182e+01 1.211872340522496216e+01 1.372043013493727059e+01 1.373609718010014547e+01
4.046823829471219547e+00 4.163993547602055756e+00 1.207163059235764990e+01 1.209387077572937308e+01 1.371864861755139309e+01 1.374595225826812239e+01
4.045113831592076714e+00 4.226906492995368581e+00 1.202846047313975042e+01 1.206293409032762654e+01 1.371683913507032671e+01 1.375847469952768343e+01
4.045145743620610190e+00 4.304206918140668137e+00 1.197756014000524161e+01 1.202651224723607193e+01 1.371527508769922221e+01 1.377357148601265457e+01
4.047663071645581923e+00 4.395192318583438507e+00 1.192000866608068321e+01 1.198519366865398972e+01 1.371420783225194029e+01 1.379113253243121306e+01
4.053159851877876640e+00 4.498490739711425768e+00 1.185703501834437823e+01 1.193951077679744976e+01 1.371383502795455733e+01 1.381102025733916427e+01
4.061791011563858689e+00 4.612065222699075484e+00 1.178998570384823275e+01 1.188990863302816159e+01 1.371427656088797242e+01 1.383305655160937953e+01
4.073331037434522628e+00 4.733324336358800899e+00 1.172028429965225449e+01 1.183672952875152262e+01 1.371556150357761261e+01 1.385701168868722100e+01
4.087189359161380153e+00 4.859317259789725618e+00 1.164938420095461602e+01 1.178021335648108980e+01 1.371762811502570223e+01 1.388259934772564996e+01
4.102481639240224354e+00 4.986979252731488899e+00 1.157871696094972336e+01 1.172051198417624285e+01 1.372033706069708359e+01 1.390948037892499123e+01
4.118146815542251815e+00 5.113389638942510196e+00 1.150963961430054106e+01 1.165771445285006180e+01 1.372349607098920821e+01 1.393727586845250599e+01
4.133092247165914834e+00 5.236007293264939300e+00 1.144338531708349294e+01 1.159187862087462229e+01 1.372689246147101549e+01 1.396558805189540386e+01
4.146345013829583870e+00 5.352854896504497972e+00 1.138102233100824634e+01 1.152306406316921006e+01 1.373032862490735795e+01 1.399402608087482491e+01
4.157186732781132044e+00 5.462630764615842516e+00 1.132342649949682212e+01 1.145136084089272366e+01 1.373365503814175881e+01 1.402223275685448023e+01
4.165251838116169836e+00 5.564735317578357154e+00 1.127127148983536387e+01 1.137690935822799254e+01 1.373679564927119223e+01 1.404990815009499450e+01
4.170574406131590806e+00 5.659208678953482341e+00 1.122503892357235955e+01 1.129990791999940214e+01 1.373976169724232399e+01 1.407682648709396744e+01
4.173575580893482240e+00 5.746586873562258724e+00 1.118504721167025728e+01 1.122060661271238935e+01 1.374265186995981836e+01 1.410284374515555328e+01
4.174991819390726278e+00 5.827696040588763893e+00 1.113928836182633120e+01 1.115149419628779093e+01 1.374563890115219777e+01 1.412789491101248451e+01
4.175752856277455294e+00 5.903415163389876597e+00 1.105624063548335378e+01 1.112450509936400778e+01 1.374894485730227878e+01 1.415198162238160684e+01
4.176826537598178568e+00 5.974445336393069184e+00 1.097172182042636912e+01 1.110417690849388883e+01 1.375280911459963207e+01 1.417515259925309579e+01
4.179054153113933801e+00 6.041124902175980971e+00 1.088592954029180149e+01 1.109060871421564798e+01 1.375745410022906334e+01 1.419748052488156276e+01
4.183003029142027707e+00 6.103323374614157082e+00 1.079897588168624445e+01 1.108391263110485703e+01 1.376305412375289450e+01 1.421903955491530880e+01
4.183003029142035700e+00 6.103323374614121555e+00 1.079897588168625688e+01 1.108391263110484992e+01 1.376305412375291937e+01 1.421903955491529814e+01
4.188862965505035341e+00 6.160432405698522018e+00 1.071087228937392410e+01 1.108420541047703978e+01 1.376971272360790088e+01 1.423988661317456383e+01
4.196399760638188425e+00 6.211457805814095678e+00 1.062154113972176539e+01 1.109157042031502272e+01 1.377744929865835566e+01 1.426005177793992118e+01
4.204979019066282575e+00 6.255190214121326697e+00 1.053083409079708055e+01 1.110601821501168196e+01 1.378619933055024660e+01 1.427953610029103615e+01
4.213658216409696955e+00 6.290418227893598946e+00 1.043856083886953101e+01 1.112745139554243856e+01 1.379582899576977262e+01 1.429831505929066360e+01
4.221325289463004893e+00 6.316145170548002952e+00 1.034453373377304075e+01 1.115563693416432933e+01 1.380615892516982512e+01 1.431634839340290810e+01
4.226861282850502555e+00 6.331767624783847914e+00 1.024861495043862014e+01 1.119020286657320540e+01 1.381699380098789121e+01 1.433359282490063080e+01
4.229300533609468893e+00 6.337184976706805806e+00 1.015075799241013321e+01 1.123066417726170307e+01 1.382815296446796793e+01 1.435001475403694826e+01
4.227964229304101984e+00 6.332824798457972193e+00 1.005103577430308270e+01 1.127647430024823194e+01 1.383949738404482410e+01 1.436560030935351939e+01
4.222548893756899346e+00 6.319585636127225570e+00 9.949649647690923970e+00 1.132709065059590792e+01 1.385094924345446721e+01 1.438036091585157727e+01
4.213158844192960828e+00 6.298712689323768821e+00 9.846916937187149443e+00 1.138203805498929988e+01 1.386250179962972950e+01 1.439433359568245230e+01
4.200279675448199690e+00 6.271630799514587018e+00 9.743238123768266590e+00 1.144095437421152006e+01 1.387421874236055253e+01 1.440757632214376649e+01
4.184697578514435357e+00 6.239762951311464967e+00 9.639048067106150697e+00 1.150360743595133250e+01 1.388622380679719548e+01 1.442015968917968394e+01
4.167376288127247363e+00 6.204362065849710284e+00 9.534758095284601609e+00 1.156987963900084715e+01 1.389868266268891972e+01 1.443215676312098772e+01
4.149309171132730789e+00 6.166380107173822900e+00 9.430697146764181582e+00 1.163972402768517789e+01 1.391178001713687884e+01 1.444363315745394516e+01
4.131367732774982038e+00 6.126391824101168559e+00 9.327060378846001143e+00 1.171310163809390126e+01 1.392569535476370568e+01 1.445463912093570436e+01
4.114168832698354095e+00 6.084581164207920168e+00 9.223872845070115289e+00 1.178991362082249417e+01 1.394058076519999467e+01 1.446520485978078874e+01
4.097980546000611568e+00 6.040787586412998955e+00 9.120974120161356780e+00 1.186994271369745668e+01 1.395654386934807967e+01 1.447533960157883826e+01
4.082680843085154443e+00 5.994599218468332325e+00 9.018027247025891313e+00 1.195281702501232246e+01 1.397363799907369497e+01 1.448503424298582232e+01
4.067774923887069960e+00 5.945472541648430642e+00 8.914552266945516834e+00 1.203800500546831209e+01 1.399186062229870409e+01 1.449426694871793764e+01
4.052467733924674853e+00 5.892855849739560448e+00 8.809981164965254408e+00 1.212484454174858861e+01 1.401115971554671269e+01 1.450301083793983281e+01
4.035779812852563708e+00 5.836296348279808477e+00 8.703727780637340317e+00 1.221260237792196257e+01 1.403144658752098017e+01 1.451124285918998602e+01
4.016688722755009877e+00 5.775516976581084982e+00 8.595263671452244125e+00 1.230055396259193223e+01 1.405261276102858758e+01 1.451895300562117264e+01
3.994275590264207310e+00 5.710456494489698720e+00 8.484189587778720565e+00 1.238806965780667291e+01 1.407454807374067052e+01 1.452615304522683459e+01
3.967856620670505041e+00 5.641272960032791772e+00 8.370292403795302150e+00 1.247469185947218051e+01 1.409715720264169825e+01 1.453288388389403352e+01
3.937082110597501128e+00 5.568315354589264743e+00 8.253579006960512388e+00 1.256018907689871256e+01 1.412037228190848381e+01 1.453922058718200638e+01
3.901989720090069724e+00 5.492070847838398606e+00 8.134281465315527981e+00 1.264457687478462233e+01 1.414416002411999429e+01 1.454527408421940216e+01
3.863004022208402333e+00 5.413096727308485789e+00 8.012831322912402854e+00 1.272810093273780296e+01 1.416852261782811873e+01 1.455118879927581510e+01
3.820880387301772263e+00 5.331946969318701157e+00 7.889804689497820434e+00 1.281118344158510425e+01 1.419349255869854431e+01 1.455713595979475627e+01
3.776597975501147619e+00 5.249103871843852964e+00 7.765843553415469280e+00 1.289433988852679391e+01 1.421912243157302491e+01 1.456330303637225576e+01
3.731213744570131663e+00 5.164924609795492394e+00 7.641562186788457112e+00 1.297807835144221755e+01 1.424547145800637438e+01 1.456988048997412122e+01
3.685696231753729180e+00 5.079610377893975404e+00 7.517450324477873203e+00 1.306279707158976322e+01 1.427259126029752778e+01 1.457704752269500936e+01
3.640763177529759975e+00 4.993201806933404541e+00 7.393786534673094657e+00 1.314869755704138043e+01 1.430051359460250104e+01 1.458495872080176703e+01
3.596749196938519244e+00 4.905599302935484296e+00 7.270575265652238883e+00 1.323572908120871361e+01 1.432924258111907179e+01 1.459373334325243476e+01
3.553527237060158495e+00 4.816602304873981666e+00 7.147518899370739476e+00 1.332357586334686417e+01 1.435875310653744918e+01 1.460344864150804689e+01
3.510500024316001610e+00 4.725958634275535530e+00 7.024031599720629515e+00 1.341169090340838643e+01 1.438899566975350375e+01 1.461413810151293191e+01
3.466666173359572500e+00 4.633414772054461395e+00 6.899295326929927086e+00 1.349937176011392204e+01 1.441990626580066603e+01 1.462579490995768694e+01
3.420752599228666924e+00 4.538759565943607299e+00 6.772351322182868394e+00 1.358586550552024264e+01 1.445141838762477704e+01 1.463838021268213296e+01
3.371393399674565305e+00 4.441856319937633302e+00 6.642214228473561910e+00 1.367048462575609769e+01 1.448347335088286236e+01 1.465183479197290239e+01
3.317327876196289882e+00 4.342660286360153776e+00 6.507992178245343595e+00 1.375271396478091290e+01 1.451602529745728276e+01 1.466609172310069553e+01
3.257587840034980253e+00 4.241219846100478641e+00 6.368995339253173071e+00 1.383229093897814010e+01 1.454903853320672269e+01 1.468108674950217285e+01
3.191646402359691770e+00 4.137660547594760985e+00 6.224817434102686065e+00 1.390924614629428469e+01 1.458247704025261449e+01 1.469676317725016723e+01
3.119505932863988029e+00 4.032152535242380154e+00 6.075378873259007939e+00 1.398389770296914136e+01 1.461628842846048748e+01 1.471306959692807048e+01
3.041710668746771429e+00 3.924864373857279709e+00 5.920925366029692327e+00 1.405679906876623697e+01 1.465038645143298623e+01 1.472995162236566813e+01
2.959278886136314846e+00 3.815909768645865174e+00 5.761981358007285614e+00 1.412864639051008986e+01 1.468463691909487068e+01 1.474734203042781644e+01
2.873560272653125747e+00 3.705297180726689010e+00 5.599262951203382244e+00 1.420015748740879857e+01 1.471885129372860490e+01 1.476515549918108228e+01
2.786035681754217119e+00 3.592894213605279941e+00 5.433560060508053624e+00 1.427194008750571719e+01 1.475279080773190010e+01 1.478329327745952781e+01
2.698087566904828982e+00 3.478417351312880434e+00 5.265602517807478122e+00 1.434437052321804984e+01 1.478618205078594983e+01 1.480165964949386570e+01
2.610777731778613386e+00 3.361452625093951152e+00 5.095929314884272365e+00 1.441750412729483166e+01 1.481874291808209598e+01 1.482018748341827852e+01
2.524671459685140729e+00 3.241505231954560529e+00 4.924782976126896195e+00 1.449103400436566957e+01 1.483886648128823360e+01 1.485021570129143242e+01
2.439740990701805945e+00 3.118068789056225310e+00 4.752050175977894142e+00 1.456430608199963750e+01 1.485776641415823107e+01 1.488040213863784267e+01
2.355366502475372936e+00 2.990700930947755687e+00 4.577263342379317201e+00 1.463638709430895979e+01 1.487704907893138540e+01 1.490919386651487066e+01
2.270432671509961420e+00 2.859092951582677511e+00 4.399666074031541640e+00 1.470617051227513805e+01 1.489696690474964846e+01 1.493659148725636499e+01
2.183499791444261096e+00 2.723125945481253307e+00 4.218330561804185308e+00 1.477249436424397011e+01 1.491785356439855725e+01 1.496270678206224858e+01
2.093016344739758505e+00 2.582911035386959320e+00 4.032302784332935985e+00 1.483423234786548939e+01 1.494012520593762972e+01 1.498774545103871070e+01
1.997537504109281992e+00 2.438813633524304691e+00 3.840745629558926844e+00 1.489030142871408025e+01 1.496433371263268342e+01 1.501197172920888256e+01
1.895919538369208679e+00 2.291460499459723632e+00 3.643053043852422235e+00 1.493954802176352281e+01 1.499130163490050371e+01 1.503566051122528435e+01
1.787469239543323152e+00 2.141725364353599836e+00 3.438918158829991079e+00 1.498093700760506408e+01 1.502191435038221989e+01 1.505904610833740698e+01
1.672036503103538907e+00 1.990686595020172422e+00 3.228351301911998483e+00 1.501520384640205208e+01 1.505541668019297497e+01 1.508227814035217840e+01
1.550045728893009178e+00 1.839550329763196768e+00 3.011655802198837328e+00 1.504516028431440056e+01 1.508903661411758890e+01 1.510539405327709517e+01
1.422468233555858497e+00 1.689535385057228778e+00 2.789377448244831026e+00 1.507288947429923631e+01 1.512070418122297788e+01 1.512832645886788718e+01
1.290743066884528556e+00 1.541723388681317752e+00 2.562245665662482796e+00 1.509915825353180452e+01 1.514917131260252603e+01 1.515132835607571060e+01
1.156655358914675524e+00 1.396891003468183401e+00 2.331120928168867401e+00 1.512417546547398928e+01 1.517186303669431524e+01 1.517636486845424493e+01
1.022179813757004840e+00 1.255358050979044737e+00 2.096955224180555799e+00 1.514800574675877520e+01 1.519223776277256732e+01 1.519938209891186354e+01
8.892982883561345586e-01 1.116894823189992669e+00 1.860763390055843569e+00 1.517066176610627970e+01 1.521082014860236065e+01 1.521925524276054986e+01
7.598083211560133776e-01 9.807243006402486252e-01 1.623595759682073147e+00 1.519207063147095305e+01 1.522727897877197023e+01 1.523583013612815940e+01
6.351468425782668126e-01 8.456338970529578836e-01 1.386498966334138050e+00 1.521202708630838707e+01 1.524136069285741435e+01 1.524911509344935823e+01
5.162516291856388273e-01 7.101865475431314856e-01 1.150452946640029284e+00 1.523018106899650803e+01 1.525295134990986234e+01 1.525928505987365291e+01
4.034743872088252248e-01 5.729962749363158858e-01 9.162794978684887237e-01 1.524606637021215327e+01 1.526207592644746747e+01 1.526667104098588901e+01
2.965509779521187106e-01 4.330045462502711273e-01 6.845356452635436018e-01 1.525915887298052098e+01 1.526886704005956474e+01 1.527171159412807100e+01
1.946295006396583094e-01 2.896290594139030450e-01 4.554550514921874571e-01 1.526894852329911423e+01 1.527351491039221543e+01 1.527487713554082305e+01
9.635420680973375007e-02 1.421934593946956038e-01 2.292873975387510477e-01 1.527501069816781332e+01 1.527621018999933966e+01 1.527658423096071694e+01
-3.921764345475328472e-08 2.465228776727970727e-07 3.332167640958686476e-07 1.527709173909976492e+01 1.527709173910141516e+01 1.527709173910144891e+01
-3.921764345475328472e-08 2.465228776727970727e-07 3.332167640958686476e-07 1.527709173909976492e+01 1.527709173910141516e+01 1.527709173910144891e+01
1.000079131759434581e-01 1.134781721645019420e-01 2.253759310216433553e-01 1.527480458212692760e+01 1.527650880128628152e+01 1.527660269193999909e+01
2.139747011731087944e-01 2.187771150445504964e-01 4.502342960886412393e-01 1.526824839991245497e+01 1.527469547797590899e+01 1.527476350252595161e+01
3.080725601937340796e-01 3.400862729577889820e-01 6.801868694913884017e-01 1.525807997438730723e+01 1.527078223581075811e+01 1.527146117640273992e+01
3.995444670017975763e-01 4.641179014767218836e-01 9.155055970430200363e-01 1.524528693616738018e+01 1.526415319791529335e+01 1.526598210091593799e+01
4.936050233390792408e-01 5.907990719392103296e-01 1.155910800955159079e+00 1.523096436184926183e+01 1.525420823831870543e+01 1.525769403247171496e+01
5.957226161108383211e-01 7.200372794172071877e-01 1.400623595863295767e+00 1.521604997728459452e+01 1.524066551353754306e+01 1.524618594308372899e+01
7.098005000230203088e-01 8.513978157168464733e-01 1.648679668036759027e+00 1.520100178171673555e+01 1.522370560006495133e+01 1.523150854650183561e+01
8.369151311697665685e-01 9.838288533039639683e-01 1.899123398877185398e+00 1.518542675249653762e+01 1.520398715580161841e+01 1.521444348074531661e+01
9.751721021171863013e-01 1.115581556389558582e+00 2.151023033568671750e+00 1.516798560805991691e+01 1.518236571937421786e+01 1.519666185205757536e+01
1.120464165751661856e+00 1.244370832872418564e+00 2.403352686745163336e+00 1.514777650953637433e+01 1.515934367414039841e+01 1.517960442129326282e+01
1.267571537346011690e+00 1.367737738130568426e+00 2.654847429055172903e+00 1.512588010907776770e+01 1.513533657835341373e+01 1.516240539115318953e+01
1.411174778812636532e+00 1.483505329907873760e+00 2.903955931622663300e+00 1.510392737484036907e+01 1.511112645713644120e+01 1.514271587718780943e+01
1.546604032549650620e+00 1.590192881201846209e+00 3.148973518903575908e+00 1.508285460321356908e+01 1.508746710525365131e+01 1.511835646195759253e+01
1.670317087892093655e+00 1.687279996685158823e+00 3.388347860379554710e+00 1.506288187085023189e+01 1.506478317975444092e+01 1.508783085048422912e+01
1.775272192703026830e+00 1.780162886515837428e+00 3.621059171851274350e+00 1.504302189124124389e+01 1.504360308841485150e+01 1.505070949369973832e+01
1.855577347990058579e+00 1.875485291912172059e+00 3.846936098853261043e+00 1.500607060583224239e+01 1.502252644114100022e+01 1.502504348964480840e+01
1.930236361493662178e+00 1.957094096617614909e+00 4.066789600183772002e+00 1.495675951730205533e+01 1.500212604056367383e+01 1.500562205853530706e+01
2.001562933057387195e+00 2.027103931410203952e+00 4.282309169167246132e+00 1.490393631349216363e+01 1.498172875214014077e+01 1.498516784388007395e+01
2.071748887118684213e+00 2.088630081654314630e+00 4.495740099856865513e+00 1.485006829690073538e+01 1.496092423401118232e+01 1.496327207713627061e+01
2.142492161777896253e+00 2.145338245144922773e+00 4.709424372426034289e+00 1.479758356913900386e+01 1.493947548451208185e+01 1.493988391369020796e+01
2.200876263813508427e+00 2.214706071165500667e+00 4.925323440800882580e+00 1.474847898438832061e+01 1.491528506723088476e+01 1.491733227583076626e+01
2.258266728496715281e+00 2.288365114380538134e+00 5.144638013522259357e+00 1.470395125112082724e+01 1.489002309208134456e+01 1.489461965058387172e+01
2.319388799899027021e+00 2.362525546263413379e+00 5.367601251095797110e+00 1.466416710271770363e+01 1.486480229491973049e+01 1.487159952707476229e+01
2.384687707232671094e+00 2.435524399866180190e+00 5.593466815402328152e+00 1.462821899297289718e+01 1.484036040767503195e+01 1.484862263651329073e+01
2.453195410600573112e+00 2.505317237123315444e+00 5.820665830761703852e+00 1.459427059143606087e+01 1.481735844276040659e+01 1.482608582885691817e+01
2.522844556985347708e+00 2.569880067011014013e+00 6.047081115328073686e+00 1.455986617372380820e+01 1.479629946965567733e+01 1.480439797631838772e+01
2.590966338669569602e+00 2.627588709200722850e+00 6.270382173147673655e+00 1.452236269621042730e+01 1.477747554307840971e+01 1.478394322257337556e+01
2.654828482698682990e+00 2.677501393638796579e+00 6.488371002461031267e+00 1.447942151209378281e+01 1.476093541543690613e+01 1.476503063299838203e+01
2.712095797405064346e+00 2.719499168754931695e+00 6.699297757291864386e+00 1.442945253909041625e+01 1.474647955694299917e+01 1.474784295697576120e+01
2.754272367021421086e+00 2.761151264401576544e+00 6.902112321175606802e+00 1.437188514165258546e+01 1.473241467992302134e+01 1.473370227104061314e+01
2.783171227407328363e+00 2.801266520561920714e+00 7.096622703863221027e+00 1.430720257554492392e+01 1.471865015147191613e+01 1.472208266972746316e+01
2.807960060734863372e+00 2.832639648102751373e+00 7.283535994390563317e+00 1.423676953969278358e+01 1.470636279443310279e+01 1.471109518580249187e+01
2.830525202688253028e+00 2.856325443328182168e+00 7.464365691837006267e+00 1.416252376647521771e+01 1.469531324311005527e+01 1.470030474747549931e+01
2.852587388594419959e+00 2.874077513518593197e+00 7.641203979526294710e+00 1.408659942256734965e+01 1.468523886799968103e+01 1.468942851555075357e+01
2.875460818150778142e+00 2.888113491472390049e+00 7.816380375448656714e+00 1.401094366993657658e+01 1.467587713647910697e+01 1.467836144766504702e+01
2.899887696565440987e+00 2.900813774639920961e+00 7.992056038822894948e+00 1.393698607065867812e+01 1.466698641116932222e+01 1.466716953907648602e+01
2.914375803138740562e+00 2.925963062766324452e+00 8.169826990195868888e+00 1.386541288779117309e+01 1.465605689960750979e+01 1.465836544741550895e+01
2.930467957298363846e+00 2.953153568535891171e+00 8.350418026525806781e+00 1.379608021049277333e+01 1.464531445750419003e+01 1.464987066538805038e+01
2.949948585023057124e+00 2.980405687656936475e+00 8.533534541616635494e+00 1.372807543833828170e+01 1.463525946572151959e+01 1.464142902642369926e+01
2.972720283667749541e+00 3.006331153309087956e+00 8.717904025025514869e+00 1.365991256599862602e+01 1.462617547444180488e+01 1.463304389008849782e+01
2.997766598459405962e+00 3.029448080823199607e+00 8.901494810009394243e+00 1.358982698393893607e+01 1.461826173846523602e+01 1.462479161534139038e+01
3.023372346142048972e+00 3.048445813601791787e+00 9.081862094859326717e+00 1.351612095365854671e+01 1.461159943245503534e+01 1.461680815225783725e+01
3.047479002923028979e+00 3.062433173139970766e+00 9.256550942702002516e+00 1.343750151285035344e+01 1.460613984125111564e+01 1.460926726162482758e+01
3.068094180313912123e+00 3.071127040810775810e+00 9.423484530238855683e+00 1.335335017088537413e+01 1.460171664086472276e+01 1.460235420276515761e+01
3.074943158356408635e+00 3.083668963586981171e+00 9.581277783967200534e+00 1.326387182829737021e+01 1.459623936362256558e+01 1.459808009425701059e+01
3.074964057389181882e+00 3.093374277154472551e+00 9.729433719057654528e+00 1.317009074182457518e+01 1.459105508070077661e+01 1.459494601088766430e+01
3.072779191076150607e+00 3.097235669452287343e+00 9.868396371298674197e+00 1.307369165128746502e+01 1.458687708778392356e+01 1.459204853579560535e+01
3.070217474393127866e+00 3.096114567189512279e+00 9.999448605263747680e+00 1.297673822143291034e+01 1.458371124972945054e+01 1.458918518514209417e+01
3.069018341634322411e+00 3.091548107505821541e+00 1.012445767541784392e+01 1.288133093883235780e+01 1.458148685483288709e+01 1.458624541462016921e+01
3.070507246530583156e+00 3.085478606575449145e+00 1.024548980154041722e+01 1.278928473518159237e+01 1.458005871619890748e+01 1.458321897668545120e+01
3.075347049578246672e+00 3.079918594131045850e+00 1.036433764066796748e+01 1.270190697793033863e+01 1.457922030421364745e+01 1.458018531267163809e+01
3.076607944221618318e+00 3.083422435051847543e+00 1.048202522560839611e+01 1.261993834888250454e+01 1.457728871600015985e+01 1.457872846945707579e+01
3.076723353068691491e+00 3.093882325407446565e+00 1.059836230423001346e+01 1.254368894003383517e+01 1.457470549181342356e+01 1.457833740579548731e+01
3.080693387815334638e+00 3.105325804454142968e+00 1.071160592581818349e+01 1.247336933142999449e+01 1.457260915739662721e+01 1.457783641430559918e+01
3.088152691087941548e+00 3.116084603773271677e+00 1.081825984454359180e+01 1.240958329293828299e+01 1.457113862416486150e+01 1.457708398148242601e+01
3.098039966700192327e+00 3.124539731214510230e+00 1.091303951302817765e+01 1.235389301523882821e+01 1.457037304108407838e+01 1.457603059069514018e+01
3.108814470309964939e+00 3.129412312529712192e+00 1.098912202824604911e+01 1.230923415873377103e+01 1.457031603446674239e+01 1.457472481763400829e+01
3.118744219670510631e+00 3.129982886362435046e+00 1.103902032802816358e+01 1.227972039056809272e+01 1.457089145865393220e+01 1.457330111149363638e+01
3.126211153545006560e+00 3.126211153545190857e+00 1.105648703595668536e+01 1.226931706907034503e+01 1.457195206073865101e+01 1.457195206073866878e+01
3.126211153545006560e+00 3.126211153545190857e+00 1.105648703595668536e+01 1.226931706907034503e+01 1.457195206073865101e+01 1.457195206073866878e+01
3.129761152142730651e+00 3.135500801957468386e+00 1.105176445382523553e+01 1.226827536961044629e+01 1.457015884363548786e+01 1.457137733911605260e+01
3.140498800266530388e+00 3.162964958114295566e+00 1.103765909592729777e+01 1.226515092100285287e+01 1.456484833449511029e+01 1.456962279387521697e+01
3.158181031819446982e+00 3.207921630361209253e+00 1.101435820042378211e+01 1.225994586700819688e+01 1.455611551594788189e+01 1.456670782466567715e+01
3.182500333357361821e+00 3.269219292527998810e+00 1.098217392852502705e+01 1.225266440979615723e+01 1.454413120943747018e+01 1.456264607344884432e+01
3.213053401149186694e+00 3.345376194806788384e+00 1.094154302557638303e+01 1.224331368896539551e+01 1.452912317061967684e+01 1.455745564197933639e+01
3.249364379295934135e+00 3.434681554386106228e+00 1.089302544805205031e+01 1.223190488737954240e+01 1.451136577285347862e+01 1.455115831940462634e+01
3.290910652294536387e+00 3.535293955846941838e+00 1.083730121552220105e+01 1.221845445028341715e+01 1.449116831684744788e+01 1.454377869392915912e+01
3.337148790975305257e+00 3.645326929166916141e+00 1.077516473410313758e+01 1.220298528740926969e+01 1.446886280642979017e+01 1.453534327875230048e+01
3.387538673131769151e+00 3.762916686083002560e+00 1.070751593360023790e+01 1.218552782188589134e+01 1.444479201112039490e+01 1.452587975218250449e+01
3.441564252813571922e+00 3.886271358929642261e+00 1.063534775159096668e+01 1.216612075582709096e+01 1.441929850563253979e+01 1.451541640117405230e+01
3.498749958459497211e+00 4.013703907548402228e+00 1.055972976018985321e+01 1.214481144059569395e+01 1.439271519022898715e+01 1.450398183943222818e+01
3.558672187703889822e+00 4.143652142535718674e+00 1.048178803596005437e+01 1.212165576884824425e+01 1.436535758897964499e+01 1.449160504544092909e+01
3.620965788225207760e+00 4.274689462723110012e+00 1.040268169166274959e+01 1.209671754332687854e+01 1.433751802725257640e+01 1.447831573438228325e+01
3.685325750207921747e+00 4.405529398579503209e+00 1.032357679617297563e+01 1.207006732074262523e+01 1.430946162937738997e+01 1.446414504389023037e+01
3.751504588175015975e+00 4.535026270842154261e+00 1.024561868752761562e+01 1.204178077408483283e+01 1.428142396571029771e+01 1.444912648022229362e+01
3.819306070068057668e+00 4.662173457538375310e+00 1.016990391878539235e+01 1.201193665916628639e+01 1.425361011757384766e+01 1.443329704199691754e+01
3.888576073861202964e+00 4.786100043686784211e+00 1.009745325150124273e+01 1.198061450728982358e+01 1.422619491206985032e+01 1.441669841592800161e+01
3.959191428270919300e+00 4.906066068522829227e+00 1.002918720668829522e+01 1.194789219238463751e+01 1.419932409441009646e+01 1.439937812505589676e+01
4.031047630954650351e+00 5.021456212823659726e+00 9.965905671647904640e+00 1.191384353555563003e+01 1.417311623913762375e+01 1.438139050600344504e+01
4.104046337047061677e+00 5.131771595951712506e+00 9.908272914029719658e+00 1.187853611157868450e+01 1.414766524041504248e+01 1.436279739807239331e+01
4.178083472160719403e+00 5.236619379332440261e+00 9.856809049559986491e+00 1.184202941042965662e+01 1.412304325531458460e+01 1.434366844306539868e+01
4.253038745789060826e+00 5.335700084171705271e+00 9.811888543930797013e+00 1.180437348343366466e+01 1.409930399635455345e+01 1.432408091949811890e+01
4.328767223877907355e+00 5.428792885201731977e+00 9.773745730520415620e+00 1.176560816988210512e+01 1.407648627775242112e+01 1.430411906683605316e+01
4.405093467034291166e+00 5.515739568990226438e+00 9.742486658826420509e+00 1.172576295847185257e+01 1.405461771471457055e+01 1.428387289269692140e+01
4.481808561259599699e+00 5.596428251410334731e+00 9.718105949569958213e+00 1.168485749167920140e+01 1.403371845991177125e+01 1.426343649643539813e+01
4.558670172569077472e+00 5.670778234093163839e+00 9.700506829920936269e+00 1.164290267358869890e+01 1.401380484128426041e+01 1.424290598367474381e+01
4.635405558903411993e+00 5.738727460676138925e+00 9.689522251393061225e+00 1.159990229643234727e+01 1.399489274659723215e+01 1.422237708531002021e+01
4.711717286174800456e+00 5.800223865984043492e+00 9.684935010161993318e+00 1.155585506195873435e+01 1.397700058884304930e+01 1.420194262809258490e+01
4.787291232420873399e+00 5.855221502265689715e+00 9.686495097000154431e+00 1.151075684443787495e+01 1.396015168785456950e+01 1.418169002875711371e+01
4.861806334185663658e+00 5.903681734494893973e+00 9.693933048326721647e+00 1.146460302586345570e+01 1.394437592081350274e+01 1.416169899655225350e+01
4.934945438009870955e+00 5.945579117513463352e+00 9.706968754664607957e+00 1.141739073311807751e+01 1.392971052882600347e+01 1.414203962735648012e+01
5.006406569152416886e+00 5.980910914873520667e+00 9.725315889612714315e+00 1.136912082257528489e+01 1.391620001690317565e+01 1.412277105477873107e+01
5.075913918121836232e+00 6.009708701737125125e+00 9.748682734039327613e+00 1.131979948917598833e+01 1.390389514654805048e+01 1.410394078980354315e+01
5.143227869859333445e+00 6.032050197502138111e+00 9.776770591859271775e+00 1.126943942189611114e+01 1.389285108777878541e+01 1.408558483252962112e+01
5.208153455996886727e+00 6.048069444639128989e+00 9.809271169872735285e+00 1.121806048137634093e+01 1.388312486376789678e+01 1.406772858108352686e+01
5.270546692843788961e+00 6.057963687914278417e+00 9.845864217859682910e+00 1.116568993259739173e+01 1.387477227922027367e+01 1.405038849906403264e+01
5.330318372367830015e+00 6.061995764914400731e+00 9.886216438367981141e+00 1.111236231946280917e+01 1.386784456693149359e+01 1.403357443994110021e+01
5.387434996758777572e+00 6.060491410176454430e+00 9.929982258019778740e+00 1.105811911279595705e+01 1.386238501117089861e+01 1.401729247081229879e+01
5.441916685942996601e+00 6.053831499966756624e+00 9.976806600411512349e+00 1.100300829341829179e+01 1.385842580933985779e+01 1.400154799419441431e+01
5.493832038376456062e+00 6.042439828034551041e+00 1.002632940435187514e+01 1.094708404423605685e+01 1.385598541482473145e+01 1.398634893910218402e+01
5.543290084677718887e+00 6.026767435576367404e+00 1.007819135256625920e+01 1.089040671831322271e+01 1.385506656628088606e+01 1.397170878376496539e+01
5.590429636059916163e+00 6.007274787695173757e+00 1.013204014048068835e+01 1.083304322456804769e+01 1.385565515560630878e+01 1.395764918229835416e+01
5.635406488348905008e+00 5.984413193821685795e+00 1.018753661309338376e+01 1.077506793163039056e+01 1.385772002352712740e+01 1.394420199509547409e+01
5.678379089179476757e+00 5.958606834262323737e+00 1.024436019757722960e+01 1.071656413744663894e+01 1.386121370343460057e+01 1.393141056486557083e+01
5.719493400879999356e+00 5.930236613303701887e+00 1.030221321807530721e+01 1.065762609198410260e+01 1.386607406622962557e+01 1.391933013341484937e+01
5.758867784077488672e+00 5.899626845460001157e+00 1.036082385765624636e+01 1.059836149753051693e+01 1.387222675630642854e+01 1.390802735422098557e+01
5.796578777163360563e+00 5.867035524414627723e+00 1.041994770072872711e+01 1.053889434999229913e+01 1.387958825552673225e+01 1.389757891826171132e+01
5.832648646277452720e+00 5.832648646283250748e+00 1.047936792924832794e+01 1.047936792924961935e+01 1.388806937124299345e+01 1.388806937124404861e+01
5.832648646277452720e+00 5.832648646283250748e+00 1.047936792924832794e+01 1.047936792924961935e+01 1.388806937124299345e+01 1.388806937124404861e+01
5.828167943722188049e+00 5.828951775968111981e+00 1.048212786434152122e+01 1.048313166845237454e+01 1.388761807531676062e+01 1.388804678827220762e+01
5.815652923854647049e+00 5.817157187594456325e+00 1.049142649110016201e+01 1.049335628419669497e+01 1.388671824569429170e+01 1.388754625950128840e+01
5.795453505137452943e+00 5.797560314861147646e+00 1.050722661791725621e+01 1.050993737894159352e+01 1.388541310473604362e+01 1.388658508503575106e+01
5.768088283975721708e+00 5.770641397374195236e+00 1.052943685135961083e+01 1.053273560187845703e+01 1.388375754485404379e+01 1.388519869253764227e+01
5.734190230046934289e+00 5.737015373808419305e+00 1.055791200584705969e+01 1.056158220084312838e+01 1.388181003500985433e+01 1.388343454283229583e+01
5.694443323380524724e+00 5.697369065542042144e+00 1.059245528723626251e+01 1.059628208141343109e+01 1.387962382910395576e+01 1.388134406563038858e+01
5.649518476755806873e+00 5.652394126902903437e+00 1.063282131830242427e+01 1.063661354200372067e+01 1.387723874942974334e+01 1.387897378832541229e+01
5.600017082482491304e+00 5.602724916577418668e+00 1.067871911402041896e+01 1.068232467243368333e+01 1.387467471424158916e+01 1.387635693366286205e+01
5.546429419225874291e+00 5.548889802258172743e+00 1.072981443048821681e+01 1.073312725716669114e+01 1.387192791242685885e+01 1.387350670444349809e+01
5.489113076022908544e+00 5.491282503121748704e+00 1.078573136089014639e+01 1.078868969846858938e+01 1.386897015007820322e+01 1.387041226051295517e+01
5.428293777334340042e+00 5.430157177824432857e+00 1.084605347579876344e+01 1.084863080796168688e+01 1.386575146325510310e+01 1.386703805451974247e+01
5.364087945298225968e+00 5.365647547086634717e+00 1.091032507611618385e+01 1.091251623083196343e+01 1.386220566689162759e+01 1.386332676734487457e+01
5.296543499180429215e+00 5.297806974316054074e+00 1.097805317843058148e+01 1.097985878499430257e+01 1.385825814183253968e+01 1.385920561854947231e+01
5.225693200737928201e+00 5.226663665269988712e+00 1.104871068673687162e+01 1.105012322759458065e+01 1.385383488997425872e+01 1.385459537564577026e+01
5.151613575545328061e+00 5.152283378577236839e+00 1.112174088401745742e+01 1.112273507808736817e+01 1.384887174099848117e+01 1.384942100751132266e+01
5.074482121667212020e+00 5.074831408617808570e+00 1.119656300372510849e+01 1.119709232828848933e+01 1.384332259300916590e+01 1.384362267989039808e+01
4.994626014686272875e+00 4.994626014694114602e+00 1.127257832523509329e+01 1.127257832523743986e+01 1.383716572139881329e+01 1.383716572140020062e+01
4.912176672715448333e+00 4.912556592739684369e+00 1.134857392228355799e+01 1.134917606692385306e+01 1.383004831983125449e+01 1.383040748656632424e+01
4.828202232159816809e+00 4.828985334558317355e+00 1.142446716791747185e+01 1.142573836827927636e+01 1.382230603008705927e+01 1.382308318039718920e+01
4.743626058340691287e+00 4.744818701284411411e+00 1.149965927112625153e+01 1.150164384841703047e+01 1.381401263896459142e+01 1.381525521757066066e+01
4.659547432509488551e+00 4.661131080008673599e+00 1.157356623083220448e+01 1.157626954925364338e+01 1.380527745972455023e+01 1.380700932310394080e+01
4.577190857978949978e+00 4.579117181755326449e+00 1.164561622289892462e+01 1.164899144279001320e+01 1.379623962675468540e+01 1.379844970451767594e+01
4.497837462951816079e+00 4.500027604985619156e+00 1.171524350478783738e+01 1.171918402972479889e+01 1.378706033817303123e+01 1.378969434440108266e+01
4.422745263625286860e+00 4.425093732617430220e+00 1.178188016672661398e+01 1.178621982549521796e+01 1.377791418607084672e+01 1.378087145121790691e+01
4.353067317307818485e+00 4.355450335330394829e+00 1.184494750302349608e+01 1.184946968791624577e+01 1.376898069159845051e+01 1.377211774806468547e+01
4.289778219079643407e+00 4.292065670802004185e+00 1.190384908450625545e+01 1.190830497556113343e+01 1.376043693864960105e+01 1.376357869717170956e+01
4.233619369256278020e+00 4.235688907114994350e+00 1.195796775862731209e+01 1.196210243538704354e+01 1.375245182822361478e+01 1.375541004448134252e+01
4.185071520661015398e+00 4.186822939541821498e+00 1.200666873202199270e+01 1.201025249951792873e+01 1.374518203921104487e+01 1.374777937190897426e+01
4.144359292185612276e+00 4.145727105968346038e+00 1.204931050590993102e+01 1.205217131850604062e+01 1.373876938196515951e+01 1.374086586278958322e+01
4.111487173835194575e+00 4.112449471940870183e+00 1.208526461746324365e+01 1.208731636838176726e+01 1.373333897009919191e+01 1.373485644279657691e+01
4.086301104862604561e+00 4.086883242230133995e+00 1.211394379994667680e+01 1.211520485878789088e+01 1.372899758940524784e+01 1.372993704559515571e+01
4.068565205464448553e+00 4.068837608989204213e+00 1.213483635523135895e+01 1.213543350335163851e+01 1.372583182973971638e+01 1.372627901898805547e+01
4.058040665853153151e+00 4.058110891670171583e+00 1.214754253778360038e+01 1.214769762013711585e+01 1.372390590293715995e+01 1.372402240716335697e+01
4.054553593537494116e+00 4.054553593547667312e+00 1.215180719264976439e+01 1.215180719265190490e+01 1.372325945352814358e+01 1.372325945352995547e+01
