0.000000000000000000e+00 0.000000000000000000e+00 0.000000000000000000e+00 0.000000000000000000e+00 0.000000000000000000e+00 0.000000000000000000e+00
6.550975674724342923e+01 5.101283813347399843e+01 8.811620487102125310e+01 -1.505062288952397687e+00 -7.666184068431542986e-01 -5.176910142920740920e-01
5.943916895013283863e+01 5.442504074733054154e+01 8.801370432323962234e+01 -3.036579770022926450e+00 -1.555696689637604102e+00 -1.009952585848397089e+00
5.707887307218057771e+01 5.593031374249549970e+01 8.783039680172673513e+01 -4.529529193763313977e+00 -2.473975160902417869e+00 -1.455277288597879526e+00
5.577970876739205863e+01 5.644156507711470994e+01 8.755039896592788295e+01 -5.975743448249039247e+00 -3.557770284488584789e+00 -1.839460660724872687e+00
5.557211047442277163e+01 5.569577337609083401e+01 8.715659214963571344e+01 -7.364242040805540235e+00 -4.827825805532513392e+00 -2.157969845921444918e+00
5.558849728233940368e+01 5.447666153893757013e+01 8.663462340035496823e+01 -8.684800939733158032e+00 -6.283005233210187335e+00 -2.416960431214903338e+00
5.531919358986102253e+01 5.324537124036393010e+01 8.597674210791784333e+01 -9.928629972720500518e+00 -7.899234836139228833e+00 -2.632780178755254497e+00
5.471240558431673406e+01 5.202333940978470395e+01 8.518488484400923255e+01 -1.108843021702532461e+01 -9.631427984213088322e+00 -2.830001081909362171e+00
5.378185925358735631e+01 5.078311768560610062e+01 8.427256637282646068e+01 -1.215822444727943363e+01 -1.141774060272607727e+01 -3.038222171490235546e+00
5.255038468156470799e+01 4.950591628405967981e+01 8.326531112894643627e+01 -1.313309752018510501e+01 -1.318554626812286301e+01 -3.288057377752049870e+00
5.104899153897986253e+01 4.818307681264246156e+01 8.219953505893661827e+01 -1.400893478782938573e+01 -1.485841380460272099e+01 -3.606841114197595122e+00
4.931823916831059762e+01 4.681368515966755695e+01 8.111994765255042239e+01 -1.478222665838907623e+01 -1.636330886497811932e+01 -4.014631750737628124e+00
4.740742582425065166e+01 4.540267713111663994e+01 8.007568662327527420e+01 -1.544998632436756481e+01 -1.763725566064302086e+01 -4.521062588054333808e+00
4.537205036177837059e+01 4.395931524517228439e+01 7.911552729373424597e+01 -1.600980141603761098e+01 -1.863278546531597257e+01 -5.123485493109622979e+00
4.327036750023219724e+01 4.249577360856798691e+01 7.828262764599702450e+01 -1.646001150667549595e+01 -1.932165351650870022e+01 -5.806688572602638487e+00
4.115974220469994549e+01 4.102573196775422559e+01 7.760937256740217549e+01 -1.679997668433966851e+01 -1.969650869469582233e+01 -6.544268335886219035e+00
4.142923726792912476e+01 3.722707430876229751e+01 7.711295035451664148e+01 -1.985538521290847669e+01 -1.694542790712962343e+01 -7.301524791014967875e+00
3.812053335301886392e+01 3.711698071712433489e+01 7.679230448988931812e+01 -1.957449235080519756e+01 -1.715350833623626770e+01 -8.039551020293629335e+00
3.670870203578103741e+01 3.526812644219808845e+01 7.662702436874711509e+01 -1.915367658803809547e+01 -1.717343366311749620e+01 -8.720030340299439686e+00
3.533555874003290853e+01 3.357336094371866153e+01 7.657854915201853885e+01 -1.856175603672711105e+01 -1.709605759732323449e+01 -9.310152692840267363e+00
3.400596790208719966e+01 3.204848795493877134e+01 7.659376165102058565e+01 -1.785568382215934236e+01 -1.692899767730434135e+01 -9.787029969280990116e+00
3.272185037893600423e+01 3.069830996546489743e+01 7.661068042707462666e+01 -1.709021553923770753e+01 -1.668130659717872888e+01 -1.014103324387772709e+01
3.148258521804184085e+01 2.951709991926692922e+01 7.656558773762219516e+01 -1.631333039605215873e+01 -1.636306169243419362e+01 -1.037759142275701407e+01
3.028562173813448766e+01 2.848949966974469206e+01 7.640064533315683093e+01 -1.556290676090012681e+01 -1.598487362029151271e+01 -1.051717018884884780e+01
2.912715855001032494e+01 2.759178471126644183e+01 7.607092513638129105e+01 -1.486490668620387900e+01 -1.555737692716194154e+01 -1.059337320376294223e+01
2.800274045690936120e+01 2.679344358035064744e+01 7.554985387899502314e+01 -1.423310586055330340e+01 -1.509076493757841853e+01 -1.064934745333658306e+01
2.690763374613301195e+01 2.605903758591750830e+01 7.483232251944048130e+01 -1.367020062132114688e+01 -1.459441983290306766e+01 -1.073289962039245715e+01
2.583686493230840853e+01 2.535032990694041999e+01 7.393507915251993268e+01 -1.316996364018028132e+01 -1.407666863189934148e+01 -1.089090835363778176e+01
2.478484884805904542e+01 2.462869377832396722e+01 7.289442336798700239e+01 -1.272002562289081062e+01 -1.354467166746658258e+01 -1.116372146307401358e+01
2.374459921895089920e+01 2.385780527613788848e+01 7.176157409405456633e+01 -1.230483883977691306e+01 -1.300442752052504503e+01 -1.158024101152413543e+01
2.270662829216716005e+01 2.300656282744041192e+01 7.059634386192334432e+01 -1.190842280600485203e+01 -1.246086218774288490e+01 -1.215432023466273392e+01
2.165782000441539878e+01 2.205202140752748008e+01 6.945990519946955999e+01 -1.151658597629488412e+01 -1.191796372627394973e+01 -1.288293547215026358e+01
2.058078848705509145e+01 2.098189142501599491e+01 6.840748884546368913e+01 -1.111843787083290636e+01 -1.137892723715117427e+01 -1.374637661719037496e+01
1.657837215610491555e+01 2.267196876915302184e+01 6.748182781048933521e+01 -1.069614332736662199e+01 -1.085727477199947622e+01 -1.471045082120246761e+01
1.850550208150229281e+01 1.825620309623303328e+01 6.670807244290445226e+01 -1.032202187266343429e+01 -1.027989061182661956e+01 -1.573044810172968511e+01
1.713109791822584782e+01 1.696661492451162445e+01 6.609075745224760112e+01 -9.807649746537336455e+00 -9.837457404766235314e+00 -1.675640339413485336e+01
1.569813063809843179e+01 1.557471055988260744e+01 6.561320324200886489e+01 -9.304297604685789480e+00 -9.383164218876341778e+00 -1.773903127645334266e+01
1.423239479874057345e+01 1.408358686694017159e+01 6.523948223741280117e+01 -8.812776895793023257e+00 -8.921836640879186930e+00 -1.863562388615131127e+01
1.275656238538733334e+01 1.251386905428764607e+01 6.491878715142313183e+01 -8.333653280284536891e+00 -8.458734177650605091e+00 -1.941519869858136005e+01
1.128873060355505764e+01 1.090400651492378792e+01 6.459172974599023576e+01 -7.867311360997273795e+00 -7.998685384937211040e+00 -2.006226237125643408e+01
9.843158335316063656e+00 9.307038203235952878e+00 6.419781978622260965e+01 -7.414006662010503845e+00 -7.545513886207636745e+00 -2.057871325442024357e+01
8.432639009918787565e+00 7.784303922965559508e+00 6.368317740891852452e+01 -6.973898512913139669e+00 -7.101782435852773467e+00 -2.098362349299453200e+01
7.071648719197087374e+00 6.397053272571294080e+00 6.300746488160427106e+01 -6.547061511165368053e+00 -6.668819866925865369e+00 -2.131089865263458449e+01
5.779365808273926319e+00 5.197154253707750193e+00 6.214911052996923502e+01 -6.133478490144601558e+00 -6.246951427341095986e+00 -2.160507827332638087e+01
4.581653120080891206e+00 4.218338403888213684e+00 6.110813075697578256e+01 -5.733022448944409710e+00 -5.835832983999373447e+00 -2.191578060581552378e+01
3.511030007914019979e+00 3.469700212590049127e+00 5.990619538190917126e+01 -5.345437529311784175e+00 -5.434794158049255586e+00 -2.229147586424954497e+01
2.603679292741118090e+00 2.933303298487289101e+00 5.858396521973283910e+01 -4.970329562973431869e+00 -5.043119501989854037e+00 -2.277336798548917685e+01
1.892978446216660782e+00 2.567331425477756834e+00 5.719609269798885975e+01 -4.607175228636886111e+00 -4.660231628312506480e+00 -2.339015994293490053e+01
1.400228319231837881e+00 2.314895292946820060e+00 5.580456217839052613e+01 -4.255355914859312527e+00 -4.285775886259272305e+00 -2.415437136660558437e+01
1.125005606058888885e+00 2.116519653328617245e+00 5.447122428873647948e+01 -2.506068340713606801e+01 -3.914218421290017957e+00 -3.919634054111862387e+00
2.318568853433323085e+00 6.428414771219718160e-01 5.325043911325523993e+01 -2.608653034357840284e+01 -3.559156751750415015e+00 -3.585912062300355085e+00
1.701313158828152261e+00 1.085926335259335795e+00 5.218269562829290464e+01 -2.719487395305495525e+01 -3.212918389582627210e+00 -3.261731569164891376e+00
1.441301356219133467e+00 1.191075725252292106e+00 5.128993809852213559e+01 -2.833882135809121294e+01 -2.873231514445489854e+00 -2.949742975983565607e+00
1.147772172849189642e+00 1.273801773250182956e+00 5.057312560848350103e+01 -2.946751411829324852e+01 -2.543737407387972382e+00 -2.647363399734643519e+00
8.364556380005274683e-01 1.263647925448582177e+00 5.001229877876806995e+01 -3.053255407753152895e+01 -2.225740787121059938e+00 -2.355189095833836621e+00
5.271832609341647879e-01 1.113072589726732842e+00 4.956914755226918601e+01 -3.149415966022153412e+01 -1.921037946197408530e+00 -2.074267654309249309e+00
2.390210638374980490e-01 8.052732564886383448e-01 4.919178737131158385e+01 -3.232627419766262733e+01 -1.631933483860649625e+00 -1.806061410067394846e+00
-1.259436312419066374e-02 3.560870876582420408e-01 4.882118466613817986e+01 -3.301997314523101323e+01 -1.361161019419697693e+00 -1.552342034325528752e+00
-2.170137418829832798e-01 -1.895965849015330551e-01 4.839845811949036403e+01 -3.358472561889890784e+01 -1.111689513276662433e+00 -1.315017040114165869e+00
-3.683915776767650585e-01 -7.657461001855468963e-01 4.787215289013430919e+01 -3.404733263389478282e+01 -8.864210064086984753e-01 -1.095899916355445258e+00
-4.650902531314616284e-01 -1.295923249984989312e+00 4.720456812623233134e+01 -3.444865660292933285e+01 -6.878102352526228591e-01 -8.964464980063663324e-01
-5.088524271439490709e-01 -1.705237783319931033e+00 4.637632630291950164e+01 -3.483853672422940662e+01 -5.174560966799770512e-01 -7.174887429272861494e-01
-5.039704700578754304e-01 -1.931916472980876209e+00 4.538859781958640127e+01 -3.526951660208366945e+01 -3.757253579716705594e-01 -5.590012781587465618e-01
-4.565661267000709067e-01 -1.936971849982299654e+00 4.426270552535883951e+01 -3.579016395226942393e+01 -2.614686156255037197e-01 -4.199346671396544384e-01
-3.740187061731322093e-01 -1.710654414584314997e+00 4.303718430412146745e+01 -3.643881841611462136e+01 -1.718778165903726007e-01 -2.981422966956861487e-01
-2.645375078628189880e-01 -1.274721136120868570e+00 4.176270666269006426e+01 -3.723855618937422918e+01 -1.025159066190427654e-01 -1.904162530418789800e-01
-1.368537113876879541e-01 -6.800752788603425802e-01 4.049555702679561620e+01 -3.819401615400703776e+01 -4.752564530154194944e-02 -9.263356103212815051e-02
-5.399824520695042097e-16 1.093086083026820141e-15 9.981688406399720145e-03 -9.981688406393381466e-03 -1.877986094442032850e-16 -9.571709139041311089e-17
-5.399824520695042097e-16 1.093086083026820141e-15 9.981688406399720145e-03 -9.981688406393381466e-03 -1.877986094442032850e-16 -9.571709139041311089e-17
-2.784196510546285142e-01 -7.004141476419296630e-01 8.769018835534891920e-02 -5.876561237495658840e-01 -2.033859450946506053e-01 -1.675376239344121831e-01
-5.227913085024497031e-01 -1.295303337898536356e+00 1.667574005300151430e-01 -1.134081663775770021e+00 -3.858783392169902737e-01 -3.210674586033866462e-01
-7.032277518234228975e-01 -1.698968702541099773e+00 2.300987484145225470e-01 -1.601112764906184704e+00 -5.292733884577870418e-01 -4.478301620520960813e-01
-7.979914519386732685e-01 -1.861546672558184845e+00 2.732025987635554598e-01 -1.956373406796545256e+00 -6.203874695866007372e-01 -5.375362980073145058e-01
-7.970096844706702210e-01 -1.777960018595664993e+00 2.944987169518643588e-01 -2.175450294120286454e+00 -6.527130358531066934e-01 -5.834726614529814892e-01
-7.044190381613774088e-01 -1.487845924328940805e+00 2.949712733199252312e-01 -2.243493877946100667e+00 -6.271707550054879121e-01 -5.833295768558837135e-01
-5.394974960632186178e-01 -1.066449544848082853e+00 2.772383231739003473e-01 -2.156295281568963329e+00 -5.518489636393456577e-01 -5.395535179560327910e-01
-3.353729337259197529e-01 -6.086653648445661258e-01 2.444232982668450016e-01 -1.920840976242401243e+00 -4.407620270623261449e-01 -4.590744075841435845e-01
-1.351823977189189896e-01 -2.100719263298707618e-01 1.991642342190418080e-01 -1.555238301269632473e+00 -3.117994370550028482e-01 -3.523716156702018099e-01
1.412598762024405707e-02 5.072567832715849795e-02 1.430447888934352485e-01 -1.087829100074573896e+00 -1.841551644284483702e-01 -2.319902726209249755e-01
6.954675220126983748e-02 1.249668820177877587e-01 7.660833238955777613e-02 -5.553289132786993765e-01 -7.560315385030672020e-02 -1.107533184957604916e-01
2.831574112777368964e-05 -1.284016984711898007e-05 -4.513801847534018184e-05 4.392637772144139741e-05 -8.466055983708464525e-06 5.163865743241310104e-06
-2.067628143758390991e-01 -3.012655669976376238e-01 -8.624767067831835832e-02 5.342850041832981622e-01 3.456856757048080986e-02 9.185588732276199486e-02
-5.402809843762371722e-01 -7.263227772889715439e-01 -1.796386618106172450e-01 1.005787579535698084e+00 2.690094865489184306e-02 1.600834760035781401e-01
-9.664592670367826432e-01 -1.203165265679470464e+00 -2.752823246561509341e-01 1.379447367756720055e+00 -1.739498479823814794e-02 2.037641855697069071e-01
-1.430907655111230525e+00 -1.652237265249248299e+00 -3.653262495779780461e-01 1.630063818014484411e+00 -8.687319973653816196e-02 2.251444917228213050e-01
-1.865659936665469365e+00 -1.998816285290846873e+00 -4.392896952267019706e-01 1.744400803371222830e+00 -1.661501132760647703e-01 2.284976679012411527e-01
-2.198630153626375705e+00 -2.184240466788354151e+00 -4.843982757600557854e-01 1.720972410975464273e+00 -2.383968492012390472e-01 2.187362171977874636e-01
-2.364491657042673722e+00 -2.174647352176102277e+00 -4.790106138428585902e-01 1.560708441140057134e+00 -2.880566296644459512e-01 2.000947303231317975e-01
-2.315364579797811739e+00 -1.966035076302706130e+00 1.467666270825256136e+00 -5.977607039973272807e-01 -3.033684719194248425e-01 1.751658218605859352e-01
-2.029540286519962766e+00 -1.584744718291809518e+00 1.066030443472993028e+00 -4.338036548881800125e-01 -2.782968788746649214e-01 1.444815715450014082e-01
-1.516573585723369755e+00 -1.083006603408010360e+00 7.055460595907043775e-01 -3.093265198028931628e-01 -2.135490718773570551e-01 1.067066424329943114e-01
-8.175292527886046656e-01 -5.300198176550720008e-01 3.424875086140466984e-01 -1.604998593597993239e-01 -1.164977329896181163e-01 5.937611385709610362e-02
-4.178148739426534668e-11 -4.509350759916490786e-11 5.278971002026911098e-11 -3.716723214235648216e-11 1.244859664920172767e-11 7.946636822632735445e-12
-1.354411664422711103e+00 -1.528400948789169966e+01 2.320482334009571801e+01 7.287005164162563275e-01 -1.572852155088634296e+00 -5.862701761598539285e+00
-1.852415562515929537e+00 -1.377048550070753308e+01 2.355205438313657496e+01 -1.214934117592193052e+00 -1.851763376903032610e+00 -5.657581945655493882e+00
-2.284836492226161919e+00 -1.199571632002142252e+01 2.383980325400297318e+01 -3.112847769212280014e+00 -2.108950414550962993e+00 -5.420653169426500106e+00
-2.563288319209655164e+00 -9.942282038532189503e+00 2.408992729582147518e+01 -4.933530567773480868e+00 -2.322056247793081507e+00 -5.151329745553622885e+00
-2.621093277115276621e+00 -7.643948273027576512e+00 2.432684821672784992e+01 -6.647962647447174689e+00 -2.476538364848323237e+00 -4.854355073737699477e+00
-2.421745439113434095e+00 -5.178828469011633295e+00 2.457357996042312820e+01 -8.234988849036346537e+00 -2.568197789879183901e+00 -4.539563711483917352e+00
-1.962050918312542969e+00 -2.654465309827569897e+00 2.484805435164176401e+01 -9.686443383036545285e+00 -2.604029741406571397e+00 -4.220754588260886564e+00
-1.270146579126361752e+00 -1.886487262406967569e-01 2.516034913643849436e+01 -1.101022773646316111e+01 -2.601240943796616190e+00 -3.913856284878710401e+00
-3.994409758638808872e-01 2.109808975548921328e+00 2.551122521590659176e+01 -1.222986625355498091e+01 -2.584588105672509517e+00 -3.634676219038684319e+00
5.800726564861697909e-01 4.156868581002465923e+00 2.589216254723426403e+01 -1.338006841210694198e+01 -2.582471538153744195e+00 -3.396595885777980328e+00
1.591651584242045558e+00 5.903532501706750146e+00 2.628685865433724089e+01 -1.449908681845018243e+01 -2.622419370536815730e+00 -3.208587554188785607e+00
2.561500915441346393e+00 7.339851459703891301e+00 2.667394434795903990e+01 -1.561963757010741993e+01 -2.726690576487794893e+00 -3.073874905856900153e+00
3.427314971807560617e+00 8.492901975691259153e+00 2.703050687040115463e+01 -1.676050858654408415e+01 -2.908698462329568191e+00 -2.989446206619975843e+00
4.144895783862057037e+00 9.419547191099368888e+00 2.733591395637031596e+01 -1.792072284919747460e+01 -3.170818769141482196e+00 -2.946475721002321801e+00
4.692296322676162923e+00 1.019522550852017062e+01 2.757540914245461394e+01 -1.907748151974031714e+01 -3.503922249633428798e+00 -2.931551417945753357e+00
5.071145795213164220e+00 1.090048467100245766e+01 2.774298717808096981e+01 -2.018835075489326059e+01 -3.888696589831400097e+00 -2.928480532471685827e+00
5.305066916406221189e+00 1.160744364648084748e+01 2.784314053917730902e+01 -2.119743368954434004e+01 -4.298540333875511266e+00 -2.920375048310747346e+00
5.435413528468604483e+00 1.236855776480554425e+01 2.789118423312812212e+01 -2.204462995456501062e+01 -4.703566930895364706e+00 -2.891714384950746730e+00
5.514911831550209698e+00 1.320971087620098849e+01 2.791201882618980079e+01 -2.267653804986602495e+01 -5.075089169496508568e+00 -2.830131573911037091e+00
5.600100417308192746e+00 1.412871219074392570e+01 2.793738378058230154e+01 -2.305715441986698977e+01 -5.389889059899893198e+00 -2.727748817321961283e+00
5.743640169616169189e+00 1.509900102009330958e+01 2.800187169623266570e+01 -2.317638278961796772e+01 -5.633623629194823401e+00 -2.581973110086078549e+00
5.987548077618856546e+00 1.607721912271215814e+01 2.813818546487268080e+01 -2.305460615417097969e+01 -5.802861926617946864e+00 -2.395733910076789375e+00
6.358208936782703269e+00 1.701269468963726084e+01 2.837228294645516868e+01 -2.274221887043549373e+01 -5.905465402226386828e+00 -2.177195329154355985e+00
6.863703297117480062e+00 1.785691870622893873e+01 2.871913430808531231e+01 -2.231394975861368124e+01 -5.959275242116822469e+00 -1.939007943010178980e+00
7.493645134703990074e+00 1.857160524977179961e+01 2.917979723375424328e+01 -2.185879722014601967e+01 -5.989316391943610540e+00 -1.697187863607158231e+00
8.221413549958221267e+00 1.913457570643274863e+01 2.974038673209009076e+01 -2.146719676510376473e+01 -6.023934339870689492e+00 -1.469729053773382255e+00
9.008414816669546354e+00 1.954319988673276853e+01 3.037327871525203449e+01 -2.121748769543677327e+01 -6.090423544141408740e+00 -1.275068781660634087e+00
9.809817495486779393e+00 1.981534982557774072e+01 3.104055489201761020e+01 -2.116380534144979464e+01 -6.210774290055679714e+00 -1.130530579258553825e+00
1.058104668817242988e+01 1.998785317391543259e+01 3.169931311829362031e+01 -2.132726613555115946e+01 -6.398155641580349773e+00 -1.050860396014754450e+00
1.128419938333000339e+01 2.011246053413412227e+01 3.230810260988388194e+01 -2.169183771716252807e+01 -6.654668058339509251e+00 -1.046953802860551841e+00
1.189347568322830995e+01 2.024953520282360131e+01 3.283347961803554682e+01 -2.220567336507205169e+01 -6.970743720103456553e+00 -1.124856812443220777e+00
1.239876421213332414e+01 2.046007680799498729e+01 3.325558555727108256e+01 -2.278797504161412135e+01 -7.326353356752040469e+00 -1.285121094999117419e+00
1.280673453371941051e+01 2.079717613293400547e+01 3.357176244694700529e+01 -2.334065507567398612e+01 -7.693913306873017000e+00 -1.522604713430531831e+00
1.313919799566736479e+01 2.129833170001396070e+01 3.379753372050655003e+01 -2.376325596297272824e+01 -8.042507604114106812e+00 -1.826813350692072735e+00
1.342904250638307317e+01 2.198003103406143666e+01 3.396474082808413897e+01 -2.396889802270706937e+01 -8.342791225505955310e+00 -2.182845801896643234e+00
1.371457784860371021e+01 2.283556200622457411e+01 3.411714423881252145e+01 -2.389864706570810071e+01 -8.571771074825704773e+00 -2.572918933530903285e+00
1.403346051233995340e+01 2.383632021802009859e+01 3.430425149834232457e+01 -2.353179828002820173e+01 -8.716614652775138694e+00 -2.978301788986026377e+00
1.441737257434505537e+01 2.493617491470224579e+01 3.457441405661704437e+01 -2.289021134228288901e+01 -8.776741728708174151e+00 -3.381319769567718403e+00
1.488831252022598051e+01 2.607796918469360037e+01 3.496828121788605870e+01 -2.203588601191382068e+01 -8.763716520133801424e+00 -3.766966761869921854e+00
1.545685298618046666e+01 2.720104160957730599e+01 3.551353376667515960e+01 -2.106216880626608656e+01 -8.698848845203555058e+00 -4.123676890385974403e+00
1.612222156193446310e+01 2.824870840116239279e+01 3.622152232770520897e+01 -2.008001689160788317e+01 -8.608866808761293399e+00 -4.443031291569651486e+00
1.687371758729871019e+01 2.917481720165970671e+01 3.708610202629953534e+01 -1.920140034169300236e+01 -8.520444219583861667e+00 -4.718594236271708375e+00
1.769285301751911987e+01 2.994867758330686414e+01 3.808465508720651371e+01 -1.852218107354485710e+01 -8.454649125483827632e+00 -4.944527347031937303e+00
1.855567933758474908e+01 3.055785539707851939e+01 3.918105783021000121e+01 -1.810681425042163184e+01 -8.422449046492188174e+00 -5.114853111528103291e+00
1.943496787140458437e+01 3.100851615544109663e+01 4.033018341397857398e+01 -1.797711616354901665e+01 -8.422241249814714337e+00 -5.224023865562910984e+00
2.030216350829284266e+01 3.132326956635334625e+01 4.148343123214449690e+01 -1.810708609513077860e+01 -8.440004712222275884e+00 -5.268850163420435884e+00
2.112924736338606735e+01 3.153683194998048123e+01 4.259472406253926380e+01 -1.842514233757678710e+01 -8.452159460509390598e+00 -5.251174858369706655e+00
2.189074674689916122e+01 3.169024804371387560e+01 4.362638744205388264e+01 -1.882398684670056710e+01 -8.430651902423520028e+00 -5.180311241097284913e+00
2.256606945722750623e+01 3.182478420833903243e+01 4.455429032089982400e+01 -1.917680481347989385e+01 -8.349266928064485782e+00 -5.074332009977508662e+00
2.314211386593680686e+01 3.197676405289794133e+01 4.537157842418987741e+01 -1.935707439475412883e+01 -4.959660291686490474e+00 -8.189827075055930550e+00
2.361579643966756947e+01 3.217443498556377790e+01 4.609032999142104359e+01 -1.925837068351899717e+01 -4.868864865611612913e+00 -7.946879497542021831e+00
2.399589554509805467e+01 3.243740803507565573e+01 4.674061076193647324e+01 -1.881041045120062094e+01 -4.837002728366509352e+00 -7.629754261173824048e+00
2.430358515057847413e+01 3.277844201890078324e+01 4.736676558795208791e+01 -1.798803948266243324e+01 -4.897457205027348159e+00 -7.261414713316808545e+00
2.457127371540974892e+01 3.320661949322914808e+01 4.802129806406645685e+01 -1.681033613119584658e+01 -5.079309009673557362e+00 -6.874235173221345363e+00
2.483977706429310928e+01 3.373056250109012666e+01 4.875718728739898467e+01 -1.532646352535144985e+01 -5.410551748983183806e+00 -6.503545345972132630e+00
2.515426021146814506e+01 3.436037766592663445e+01 4.961981236446267474e+01 -1.358392561347785410e+01 -5.933905560629119336e+00 -6.180349582793491336e+00
2.555963207227876310e+01 3.510740344348631936e+01 5.063975196533270662e+01 -1.160368497544649102e+01 -6.714062347824706123e+00 -5.924910517890569217e+00
2.609611888957430281e+01 3.598135862207045932e+01 5.182763940877149622e+01 -9.579032402666530999e+00 -7.622978530478984993e+00 -5.742713554730562109e+00
2.679560152830404363e+01 3.698505681652339661e+01 5.317201669113467943e+01 -8.142773579177291055e+00 -8.061917010246000714e+00 -5.623502615715138653e+00
2.767898667722219486e+01 3.810755349370072764e+01 5.464072109207702965e+01 -7.427915691288593969e+00 -7.897763871283395076e+00 -5.542736620955591498e+00
2.875437878576434514e+01 3.931758130532313800e+01 5.618573279133351406e+01 -7.038557463148419124e+00 -7.494683753562612516e+00 -5.467477140258144352e+00
3.001537468348959692e+01 4.056012220412018365e+01 5.775068302983895308e+01 -6.739043585662757962e+00 -6.678825025348952060e+00 -5.718576750203424375e+00
3.143916239248618538e+01 4.175889015405042670e+01 5.927956395376942567e+01 -6.463779475351071113e+00 -5.423169713208944032e+00 -6.295795962676043800e+00
3.298555972612349052e+01 4.282556021387950551e+01 6.072482015743285189e+01 -6.202600488958388780e+00 -5.060546665637413177e+00 -5.798457089738145775e+00
3.459903705650118155e+01 4.367407753496316758e+01 6.205304723741991779e+01 -5.940944379644415463e+00 -4.658423051698799888e+00 -5.124712941924804532e+00
3.621431141676013965e+01 4.423740238640204581e+01 6.324688506312125469e+01 -5.643689982946312966e+00 -4.169705002083362366e+00 -4.343585313698591577e+00
3.776366507358940794e+01 4.448430194858585196e+01 6.430214424080175206e+01 -5.262982831294203301e+00 -3.607977606236838497e+00 -3.510144317546171067e+00
3.918345268694536543e+01 4.443420630545632122e+01 6.521945697670504671e+01 -4.753310921177641646e+00 -3.000142533471163553e+00 -2.688732759350279444e+00
4.041840264881572864e+01 4.417062153853540707e+01 6.598905738021819900e+01 -4.084176598438913786e+00 -2.374524515031405603e+00 -1.938616965581658969e+00
4.142365199273672971e+01 4.386673422722962812e+01 6.656100777320804696e+01 -3.247167795130536661e+00 -1.753953770263047218e+00 -1.299504431682408034e+00
4.216514068868578136e+01 4.392245150134055365e+01 6.674225785871357175e+01 -2.257355273050525302e+00 -1.151572620275705727e+00 -7.830056893313784849e-01
4.261901057968889717e+01 4.646490595792528921e+01 6.529263960740522066e+01 -1.148683124192204863e+00 -5.694988049931362095e-01 -3.730388245644303824e-01
0.000000000000000000e+00 0.000000000000000000e+00 0.000000000000000000e+00 0.000000000000000000e+00 0.000000000000000000e+00 0.000000000000000000e+00
0.000000000000000000e+00 0.000000000000000000e+00 0.000000000000000000e+00 0.000000000000000000e+00 0.000000000000000000e+00 0.000000000000000000e+00
4.905389771434053614e+01 3.124872334069869950e+01 5.689241720808667679e+01 -1.093650649975847600e+00 -3.852942810080517422e-01 -3.217548055971523047e-01
4.013452513216412854e+01 3.698304150721743611e+01 5.746065501245490736e+01 -2.080146389416741126e+00 -7.876580493080537204e-01 -7.639104519549876349e-01
4.534129727827421874e+01 3.160697971919952209e+01 5.737694210182805676e+01 -2.828095917439275908e+00 -1.409613049493479542e+00 -1.249964923071412271e+00
4.830967620094745740e+01 2.808585928213988936e+01 5.713319429451203746e+01 -3.272112818437872939e+00 -2.179934528637659241e+00 -1.855520221085027233e+00
4.904116652892358985e+01 2.550113782294996057e+01 5.677376404499818818e+01 -3.401810287638509234e+00 -3.036107466309126757e+00 -2.542301038699065874e+00
4.759058146216490570e+01 2.350576503361560299e+01 5.627543910742713251e+01 -3.283639573830599900e+00 -3.865172947334226450e+00 -3.226251863379735241e+00
4.438143553254574414e+01 2.194432214553602378e+01 5.559912323546506485e+01 -3.090619650463420243e+00 -4.514704523095812938e+00 -3.782953381757872435e+00
4.011643492091180718e+01 2.075451524928580582e+01 5.471533895884392251e+01 -3.142770243549566356e+00 -4.815500666463226054e+00 -4.029632791680136883e+00
3.552595072244986341e+01 1.991411762565364185e+01 5.362340861219254151e+01 -3.751300922090897494e+00 -4.724589970875435974e+00 -3.765158708968197931e+00
3.117566071152927165e+01 1.940233491793616949e+01 5.236429319049932474e+01 -4.553517487922708717e+00 -4.508609164076434972e+00 -3.249311365653644312e+00
2.740517759763280026e+01 1.917542337907553929e+01 5.102342376841201599e+01 -4.949236064965444548e+00 -4.317895282047565786e+00 -3.157903956481470598e+00
2.435355738965489536e+01 1.915828661638224162e+01 4.972043374236285018e+01 -4.957413057832306791e+00 -4.124873974819108113e+00 -3.729611654725186298e+00
2.201518006026226359e+01 1.924974990315793733e+01 4.858725652785980742e+01 -4.780080543748110422e+00 -3.970790306698670058e+00 -4.889625159970480972e+00
2.029607860176913903e+01 1.933629178968593010e+01 4.774131752183430422e+01 -4.537877666626850548e+00 -3.953927377499246276e+00 -6.472101079805659296e+00
1.930925517239498745e+01 1.906031427847046800e+01 4.726193813929204879e+01 -4.572102219822389735e+00 -3.892808147757124804e+00 -8.229563140722435222e+00
1.908237417081283027e+01 1.816415375262729270e+01 4.717501216628630090e+01 -9.823907952756782080e+00 -3.708830400873072808e+00 -5.082797093950361500e+00
1.860718429708413879e+01 1.747862939746541500e+01 4.744706510959137802e+01 -1.127310628946950466e+01 -4.182447975651315986e+00 -4.972692714345100740e+00
1.788290227985804748e+01 1.690191249827700659e+01 4.798799074087020955e+01 -1.215999552797206640e+01 -4.584333401025828536e+00 -5.077227633581436805e+00
1.695660592333457828e+01 1.636315407582736725e+01 4.866190506713396502e+01 -1.240872270061937854e+01 -4.943604520879431696e+00 -5.194673257105995035e+00
1.591138389673788822e+01 1.581983158173304105e+01 4.930568061572878946e+01 -1.202034901112254062e+01 -5.211429960430731256e+00 -5.247174206733420831e+00
1.525130164318142789e+01 1.484476800118715900e+01 4.975352016426483459e+01 -1.110639039464068389e+01 -5.191475844744546819e+00 -5.347523240107989295e+00
1.465154049609237497e+01 1.384450259702109420e+01 4.986386677016400171e+01 -9.871442800812507912e+00 -5.015969973189182696e+00 -5.335138434942020780e+00
1.402323605227402048e+01 1.297002631275960738e+01 4.954350688333544639e+01 -8.575275489506443805e+00 -4.738674542773422260e+00 -5.182570673376138082e+00
1.337373214509903185e+01 1.224484511720286584e+01 4.876390492288101797e+01 -7.485081789556062404e+00 -4.399934644004767748e+00 -4.917681227808865074e+00
1.271204133117562840e+01 1.165961849000586525e+01 4.756647194191909023e+01 -6.829022170641325218e+00 -4.050243368351339690e+00 -4.579143971599062723e+00
1.204611899825328258e+01 1.118178330798959408e+01 4.605587898281424231e+01 -6.759818074226488172e+00 -3.735687188100070166e+00 -4.208166515298434440e+00
1.138041079250641374e+01 1.076668005627670688e+01 4.438300287510512732e+01 -7.332298353478257091e+00 -3.485615150764036496e+00 -3.843383276362378531e+00
1.071430993917560315e+01 1.036677632815505312e+01 4.272108303879741698e+01 -8.496334779042653551e+00 -3.307659146244723125e+00 -3.517914263673461939e+00
1.004213411501229203e+01 9.937988870557155963e+00 4.123962975293808597e+01 -1.010778248849329231e+01 -3.191204283815086917e+00 -3.254809685603780256e+00
9.443917038021350407e+00 9.354833918638453483e+00 4.008027726579705075e+01 -1.195719663654597831e+01 -3.061137765017200252e+00 -3.114847062747688522e+00
8.859420906067317247e+00 8.643236327604645552e+00 3.933743948183214201e+01 -1.380851191475885109e+01 -2.926194905053374207e+00 -3.053067412812391357e+00
8.174407960827011266e+00 7.902257466422094367e+00 3.904514306056770323e+01 -1.543812185514683044e+01 -2.826346316709875239e+00 -2.980950115244249243e+00
7.397360773759638519e+00 7.135102786824914389e+00 3.917061969633375185e+01 -1.666875172213800127e+01 -2.733261277098921749e+00 -2.877704310957114320e+00
6.556826150789102137e+00 6.356078081143715863e+00 3.961538826611971587e+01 -1.739457176022031959e+01 -2.621583999940102050e+00 -2.729510799079864825e+00
5.698706342640283751e+00 5.590544380612702646e+00 4.022507294672745815e+01 -1.759424827434932936e+01 -2.474333339127477771e+00 -2.531662518616271562e+00
4.878291038080767805e+00 4.871078695960131100e+00 4.080898038757904800e+01 -1.733005977089829130e+01 -2.285799715410954391e+00 -2.289610355393056018e+00
4.230133498665296976e+00 4.148227236763274206e+00 4.116865036095760644e+01 -1.673377090877121987e+01 -2.018428584785724844e+00 -2.062015935762223418e+00
3.691082049323330949e+00 3.545861009347229142e+00 4.113144993606295685e+01 -1.598226287244836996e+01 -1.740414088412446159e+00 -1.818901529510518644e+00
3.260754511080473428e+00 3.084249947555695925e+00 4.058231736198233364e+01 -1.526720417126098894e+01 -1.480982270749049867e+00 -1.578398455029631275e+00
2.926596352367571541e+00 2.750046318890813524e+00 3.948587896397694408e+01 -1.476339098014587670e+01 -1.263562691226842727e+00 -1.363327716610568840e+00
2.660078799204947497e+00 2.508942645152222095e+00 3.789327406137050502e+01 -1.460024446169170886e+01 -1.104615918639370697e+00 -1.192085435810612770e+00
2.425504814219801908e+00 2.316700002354611598e+00 3.593233595740432662e+01 -1.484064867144700628e+01 -1.009997009203580154e+00 -1.074425300910164083e+00
2.191105359038489464e+00 2.132060905277365581e+00 3.378431452671993895e+01 -1.547076033748051849e+01 -9.736024286355878798e-01 -1.009323268480417646e+00
1.938431153074196667e+00 1.927553345400156326e+00 3.165318706279335359e+01 -1.640321021128898948e+01 -9.786518315658296885e-01 -9.853665357793485180e-01
1.695161782547774942e+00 1.666833315393421611e+00 2.973397319084675416e+01 -1.749392693672930577e+01 -9.834657621984134179e-01 -1.001288768258263406e+00
1.445588839695619576e+00 1.391761654243930835e+00 2.818481742390302003e+01 -1.856985440441457413e+01 -9.811592936069647441e-01 -1.015637510787432030e+00
1.201811340080970014e+00 1.137802423347981540e+00 2.710520357448705653e+01 -1.946189217357388657e+01 -9.574687892981992299e-01 -9.991442079509748053e-01
9.893435712241754887e-01 9.290694848880753920e-01 2.652086323934689105e+01 -2.003550858757684239e+01 -8.972176084289710252e-01 -9.370138747797641665e-01
8.266034299259013007e-01 7.803111951596601870e-01 2.637549967154848574e+01 -2.021152471217842717e+01 -7.939326306898458752e-01 -8.248327068719646382e-01
7.186623454091414231e-01 6.917404981030059741e-01 2.653014035593281861e+01 -1.997183658497493752e+01 -6.508454262468769125e-01 -6.689543390820515967e-01
6.563365040843881504e-01 6.492242298257525634e-01 2.677154082408633329e+01 -1.934869429382811035e+01 -4.799573263435265580e-01 -4.847662741205456260e-01
6.294604064362795404e-01 6.204334984973768341e-01 2.683006458783098580e+01 -1.840004514012802872e+01 -2.933757582130123720e-01 -2.995057548747893095e-01
6.078422779923668973e-01 5.889154417463958735e-01 2.640434834078904203e+01 -1.717578352102709971e+01 -1.174772663252286325e-01 -1.304011085463120945e-01
5.657267459129127207e-01 5.437865222510007701e-01 2.518660647756852100e+01 -1.568041025221877227e+01 2.280713582657191082e-02 7.699881418992698609e-03
4.943582220451684939e-01 4.751103489176330963e-01 2.288318228304908786e+01 -1.383939694122369879e+01 1.134287342371209512e-01 1.000189325255182726e-01
3.945237257073000992e-01 3.812742335424301743e-01 1.923680220447239719e+01 -1.148588260720123166e+01 1.487454683690936086e-01 1.393843444526389475e-01
2.731121213396822123e-01 2.664411814998998707e-01 1.408439429866487558e+01 -8.406787755981765642e+00 1.323866459429814402e-01 1.276082624953294997e-01
1.389448267855666608e-01 1.371606234181095008e-01 7.502365363523395558e+00 -4.500119721260618988e+00 7.656847058749700896e-02 7.527741889543140830e-02
6.998515641372608480e-15 1.245065502436825018e-15 1.774480884395035107e-14 -9.549071452812419398e-15 -2.109012705729112466e-16 -2.452435175606362434e-17
6.998515641372608480e-15 1.245065502436825018e-15 1.774480884395035107e-14 -9.549071452812419398e-15 -2.109012705729112466e-16 -2.452435175606362434e-17
1.737314337753007587e+00 4.761177523486260554e+00 -2.422991096809281597e+00 -5.650162639902284178e-01 -8.873096116028542646e-01 -3.164418773470899504e-01
3.410564830560920413e+00 9.435048289205226979e+00 -4.815179361803992641e+00 -1.128261036661105221e+00 -1.766150469055031591e+00 -6.234759807685813504e-01
5.047934029522253674e+00 1.385448524848801810e+01 -7.145682933207376131e+00 -1.687982237049708623e+00 -2.611284405028713618e+00 -9.292512252068205747e-01
6.623699667725602147e+00 1.792866285575809826e+01 -9.383530036104881233e+00 -2.242467430307671705e+00 -3.409787913184910924e+00 -1.231106898764807278e+00
8.120709152036472034e+00 2.158650500289921226e+01 -1.149777521016562609e+01 -2.790065572898660751e+00 -4.149748588607645949e+00 -1.527464057488897131e+00
9.526669644821032179e+00 2.478194620647723312e+01 -1.345778458566568858e+01 -3.329210673804873899e+00 -4.821479030229148144e+00 -1.817025922844880403e+00
1.083366881873692478e+01 2.749236069703783869e+01 -1.523370975908951053e+01 -3.858447379295515844e+00 -5.417849587883488027e+00 -2.098664098084932483e+00
1.203783381304268296e+01 2.971458181927341258e+01 -1.679714529835990433e+01 -4.376457997413812251e+00 -5.934342935885602799e+00 -2.371389154241711150e+00
1.313882335620692210e+01 3.146016200527695617e+01 -1.812194160898093642e+01 -4.882089941416957402e+00 -6.368924613836251858e+00 -2.634334134232034774e+00
1.413916205557704941e+01 3.275088722157343568e+01 -1.918512560791264931e+01 -5.374382052008536803e+00 -6.721781591415307844e+00 -2.886737419548715877e+00
1.504348273199287966e+01 3.361508214364740610e+01 -1.996786802159474661e+01 -5.852587829372126293e+00 -6.994978063153373782e+00 -3.127922749929536561e+00
1.585774731308494445e+01 3.408487608031507676e+01 -2.045642838956513643e+01 -6.316193340759146402e+00 -7.192075211093097664e+00 -3.357277423149243489e+00
1.658850618755750617e+01 3.419436669617272173e+01 -2.064300608537435622e+01 -6.764927528999874262e+00 -7.317754666555148724e+00 -3.574230849707949353e+00
1.724224125716873957e+01 3.397850144651057036e+01 -2.052642641677112323e+01 -7.198762870185217544e+00 -7.377474738220662687e+00 -3.778235976240851723e+00
1.782482368797403183e+01 3.347245899501012190e+01 -2.011259404332366429e+01 -7.617904822353029459e+00 -7.377176375545071885e+00 -3.968755967151303743e+00
1.834110519863997979e+01 3.271132072988099537e+01 -1.941465156478211895e+01 -8.022769244723766846e+00 -7.323044511758787678e+00 -4.145258079645700811e+00
1.879465180499493826e+01 3.172985285652334753e+01 -1.845279063891579696e+01 -8.413947890971479993e+00 -7.221321476861479738e+00 -4.307215971253002706e+00
1.918762077879403805e+01 3.056226047137876378e+01 -1.725367895831658416e+01 -8.792163108599430288e+00 -7.078163382220870936e+00 -4.454120823679127206e+00
1.952077455734116285e+01 2.924182191542986686e+01 -1.584949153242830633e+01 -9.158213914897347152e+00 -6.899527819154842589e+00 -4.585500734852542060e+00
1.979361902407719143e+01 2.780036300822659356e+01 -1.427657022176589763e+01 -9.512916570802918415e+00 -6.691081431703858939e+00 -4.700946901536455336e+00
2.000464784453655298e+01 2.626758437567924176e+01 -1.257377953153455152e+01 -9.857043545959037090e+00 -6.458118188543518379e+00 -4.800144261124048128e+00
2.015166956258703479e+01 2.467030622859924804e+01 -1.078067342759712766e+01 -1.019126528161265099e+01 -6.205482677016722626e+00 -4.882903549889315187e+00
2.023219030835929289e+01 2.303173591501439077e+01 -8.935627898759092247e+00 -1.051609934725485829e+01 -5.937496700582353348e+00 -4.949191227767284040e+00
2.024382265633093780e+01 2.137088545181405763e+01 -7.074116211967687917e+00 -1.083187140215209610e+01 -5.657891210650550562e+00 -4.999153474896217197e+00
2.018469071110445867e+01 1.970226207710196675e+01 -5.227299398396207941e+00 -1.113869178199832533e+01 -5.369748607064638080e+00 -5.033130536399055721e+00
2.005380299073135575e+01 1.803592285589934008e+01 -3.421070173776870060e+00 -1.143645052416877306e+01 -5.075462306369368903e+00 -5.051658122891147684e+00
1.985136797179265855e+01 1.637792960237536022e+01 -1.675628499087944867e+00 -1.172483224351913478e+01 -4.776720971877712607e+00 -5.055453388204595555e+00
1.957903188113476389e+01 1.473117402758444605e+01 -5.592460811521434740e-03 -1.200335053645478744e+01 -4.474523869282245769e+00 -5.045384191780884819e+00
1.924002394855384424e+01 1.309647929094085939e+01 1.579426039579169716e+00 -1.227139963666919087e+01 -4.169231586577071269e+00 -5.022421852355235750e+00
1.883920032240041209e+01 1.147383629399472760e+01 3.073910755365667047e+00 -1.252831903822390025e+01 -3.860653144481797749e+00 -4.987579297541357981e+00
1.838298371583853807e+01 9.863610182291095541e+00 4.475360070285554492e+00 -1.277346495444224495e+01 -3.548166772397432833e+00 -4.941838243271243769e+00
1.787920125691709217e+01 8.267557941494693807e+00 5.783204693276312369e+00 -1.300628103509941447e+01 -3.230867864863059769e+00 -4.886070593491755432e+00
1.733682779068226765e+01 6.689529366403653476e+00 6.997870240580221335e+00 -1.322635995357117977e+01 -2.907734395491354373e+00 -4.820960422071328466e+00
1.676564600737235722e+01 5.135774200127716682e+00 8.120086506647643532e+00 -1.343348748596478082e+01 -2.577797799041875670e+00 -4.746933502428536400e+00
1.617583832931645915e+01 3.614838082096103022e+00 9.150489487798495247e+00 -1.362766163372747741e+01 -2.240306337316707808e+00 -4.664101267154483921e+00
1.557752859698524439e+01 2.137088175641414622e+00 1.008950644735937452e+01 -1.380908117104027077e+01 -1.894868350487826092e+00 -4.572225280035869588e+00
1.498029433639157659e+01 7.139559966454412931e-01 1.093746893885020199e+01 -1.397810058439798020e+01 -1.541564477312828974e+00 -4.470706852655744079e+00
1.439267276640022075e+01 -6.429868801965565872e-01 1.169487102481762264e+01 -1.413515146001416056e+01 -1.181020655776299444e+00 -4.358604487288182838e+00
1.382168560294893744e+01 -1.922997284886484026e+00 1.236268250792410761e+01 -1.428063363769298100e+01 -8.144371300947642611e-01 -4.234679583695711180e+00
1.327240891063043549e+01 -3.117061404483152387e+00 1.294263745558802192e+01 -1.441478253766990036e+01 -4.435723859455903972e-01 -4.097468537744532568e+00
1.274761442594971506e+01 -4.218640590578423222e+00 1.343744065251185837e+01 -1.453752166088414022e+01 -7.068452510728502614e-02 -3.945377200575044707e+00
1.224750758108468673e+01 -5.224204184322409183e+00 1.385086150860155563e+01 -1.464831112093521881e+01 3.015642510928209785e-01 -3.776791837404067653e+00
1.176958457831663551e+01 -6.133520931911320417e+00 1.418770994433587873e+01 -1.474600404974408363e+01 6.702318872176676878e-01 -3.590199353412967476e+00
1.130862610489511866e+01 -6.949705650614059316e+00 1.445370776533708401e+01 -1.482872280080705529e+01 1.032239594894849954e+00 -3.384308716642006054e+00
1.085683862644969544e+01 -7.679037031842086414e+00 1.465528055081381709e+01 -1.489376611906785008e+01 1.384523154968754000e+00 -3.158165234140973610e+00
1.040414588555390374e+01 -8.330576070679288847e+00 1.479929971103339881e+01 -1.493755697824072115e+01 1.724181687279144226e+00 -2.911249621541998955e+00
9.938623746011565174e+00 -8.915623666316220053e+00 1.489280384038938720e+01 -1.495563874217644518e+01 2.048613897998104783e+00 -2.643554615379937633e+00
-9.504161260022847557e+00 9.504161259961351860e+00 1.495849927665322632e+01 -1.495849927664199264e+01 2.322556824545033205e+00 -2.322556824529798725e+00
-9.504161260022847557e+00 9.504161259961351860e+00 1.495849927665322632e+01 -1.495849927664199264e+01 2.322556824545033205e+00 -2.322556824529798725e+00
1.193399051212030437e-01 1.192970367279263255e-01 2.280753782693427101e-01 2.280281739770351757e-01 1.829026903004195848e-01 1.828892218649010581e-01
2.193578424528276061e-01 2.192033495807658439e-01 4.464661275618990177e-01 4.462946839537070831e-01 3.543591923224595486e-01 3.543115461267595245e-01
2.832709461614307811e-01 2.829814041391640611e-01 6.460196020599555666e-01 6.456918826895094998e-01 5.039586105748693479e-01 5.038720779921596060e-01
2.991855295217376032e-01 2.987919615322234823e-01 8.187074762007289230e-01 8.182471102114935446e-01 6.232731048114111827e-01 6.231622693142701008e-01
2.618249034227393413e-01 2.614006391364300241e-01 9.580678836632700035e-01 9.575442002459183533e-01 7.065652130867687841e-01 7.064594748807108138e-01
1.734340902753764846e-01 1.730668796424273126e-01 1.059505426771359282e+00 1.059007928279616761e+00 7.511929936441139599e-01 7.511263895625353015e-01
4.369613826293570341e-02 4.345655855221699365e-02 1.120428075104927368e+00 1.120036091045188531e+00 7.576776710773706069e-01 7.576772054321495586e-01
-1.113845232137699315e-01 -1.114656866757354481e-01 1.140219299958662891e+00 1.139978475586094442e+00 7.294399449540394098e-01 7.295169010381847841e-01
-2.715264448651431017e-01 -2.714639884162173833e-01 1.120062135869403619e+00 1.119975463836973217e+00 6.722484463525330023e-01 6.723955236103190680e-01
-4.148864911452356252e-01 -4.147296187243539878e-01 1.062647685257333885e+00 1.062682139827898276e+00 5.934533077506283227e-01 5.936478357854214627e-01
-5.210717548380768838e-01 -5.208826722836967793e-01 9.718128813014856870e-01 9.719165218325060973e-01 5.010979089352305405e-01 5.013090933280978101e-01
-5.740202662645944587e-01 -5.738523039053250452e-01 8.521597543578613987e-01 8.522810569644885259e-01 4.030123318052785120e-01 4.032094732863873432e-01
-5.643463493004289289e-01 -5.642297744928569392e-01 7.087090440986638651e-01 7.088110961369824548e-01 3.059928660068172435e-01 3.061520052171755046e-01
-4.908370807868934760e-01 -4.907761062995934509e-01 5.466328280619204838e-01 5.466988162363992654e-01 2.151626091630522430e-01 2.152705232575897187e-01
-3.609160008242355278e-01 -3.608955553672140715e-01 3.710934352852333640e-01 3.711242529713233984e-01 1.335881722812927164e-01 1.336440854534188261e-01
-1.900259917989430003e-01 -1.900238956419801062e-01 1.871915262173062811e-01 1.871991123771452881e-01 6.219690590002094344e-02 6.221282041339153829e-02
-4.391655445731341145e-01 4.391644893768952285e-01 -9.502315898785761661e+00 9.502316203293096564e+00 -7.629004338338508939e-02 7.629017619217154378e-02
1.834144954228138225e-01 1.834168794053948337e-01 -1.853537002697698277e-01 -1.853600816489841263e-01 -5.539746573823718656e-02 -5.541527441534554316e-02
3.336467958348265372e-01 3.336751072748092573e-01 -3.636378552553927168e-01 -3.636586939062362855e-01 -1.071285812738356907e-01 -1.072020428811491927e-01
4.267435666694229246e-01 4.268462272314975658e-01 -5.295233762312430148e-01 -5.295569208584545162e-01 -1.583197844421092293e-01 -1.584816541342891627e-01
4.447812619471888107e-01 4.450263554760937601e-01 -6.776757850587777909e-01 -6.777073999274555449e-01 -2.113355956595562024e-01 -2.116020483130376384e-01
3.788254557718271354e-01 3.792873021347069606e-01 -8.029589338650584551e-01 -8.029599927816493121e-01 -2.671746992475267368e-01 -2.675353734457744936e-01
2.309860919282351321e-01 2.317239027183373157e-01 -9.007240743221884838e-01 -9.006557156355518012e-01 -3.250875184900923753e-01 -3.255021835785883444e-01
1.513325438221579423e-02 1.616608670695436969e-02 -9.671437713637121014e-01 -9.669672376714641970e-01 -3.824692303696904383e-01 -3.828749636541571855e-01
-2.440445428362532088e-01 -2.427579934355160729e-01 -9.995378250350990257e-01 -9.992299371999874280e-01 -4.350471027762612963e-01 -4.353759585731048487e-01
-5.137299938475936578e-01 -5.122963508028284263e-01 -9.966353217201366910e-01 -9.962035877764497949e-01 -4.773467950111038860e-01 -4.775486467949260905e-01
-7.571892649524253338e-01 -7.557629785099634345e-01 -9.587227340386497154e-01 -9.582121142911087519e-01 -5.033907821268287508e-01 -5.034519311059171276e-01
-9.389453851827735953e-01 -9.376901292061765592e-01 -8.876422982730730604e-01 -8.871271050872262531e-01 -5.075531226123826123e-01 -5.075012115425865389e-01
-1.030092024247996285e+00 -1.029132936045757507e+00 -7.866279410054165533e-01 -7.861885264017770547e-01 -4.854678989061137484e-01 -4.853590221175865249e-01
-1.012834338312825544e+00 -1.012220086610550407e+00 -6.599974070094840606e-01 -6.596900881738809730e-01 -4.348655968100877400e-01 -4.347586504194488333e-01
-8.834574996506968647e-01 -8.831497217408108558e-01 -5.127552040272305156e-01 -5.125903727174736524e-01 -3.561984994064076315e-01 -3.561299394215554637e-01
-6.532127898984773084e-01 -6.531097738382621865e-01 -3.501917280677385724e-01 -3.501337990520585475e-01 -2.529230183243043606e-01 -2.528963811517014881e-01
-3.469886909499265149e-01 -3.469748032259645232e-01 -1.775741229613679584e-01 -1.775660699089727512e-01 -1.313442910237581362e-01 -1.313404050449523963e-01
-5.399824520695042097e-16 1.093086083026820141e-15 9.981688406399720145e-03 -9.981688406393381466e-03 -1.877986094442032850e-16 -9.571709139041311089e-17
