0.000000000000000000e+00 0.000000000000000000e+00 0.000000000000000000e+00 0.000000000000000000e+00 0.000000000000000000e+00 0.000000000000000000e+00
6.554025786014804567e+01 5.105126754878187967e+01 8.812921075320515740e+01 1.542452716080103592e+00 7.870609894299762654e-01 5.230000088575940120e-01
5.945937519568970231e+01 5.447784253499442997e+01 8.802855293935323289e+01 3.112735850246349578e+00 1.592260584972838622e+00 1.018391714725229935e+00
5.709097961219111994e+01 5.600174670412658173e+01 8.784817005369099263e+01 4.635618075873650490e+00 2.507273413274412999e+00 1.463439961947956336e+00
5.578814392488897766e+01 5.652667610616889249e+01 8.757182190026965429e+01 6.100958934261036859e+00 3.575574757912327595e+00 1.844386263725300124e+00
5.558657113532299832e+01 5.576886145580309062e+01 8.718174718330072892e+01 7.496546241875504002e+00 4.830906778614745711e+00 2.159050798684501782e+00
5.561265064670705272e+01 5.453366403347367708e+01 8.666273177693460639e+01 8.812267785761269678e+00 6.284616049787255854e+00 2.417309534029026263e+00
5.535053274973117965e+01 5.329137937544851411e+01 8.600615832122788618e+01 1.004087888080989188e+01 7.919717578109076506e+00 2.639112443805561092e+00
5.474726674761163991e+01 5.206115200522908992e+01 8.521337563579801611e+01 1.117790724291271687e+01 9.691190861667227097e+00 2.850362195324896319e+00
5.381658659527664668e+01 5.081395118996734794e+01 8.429782405795427280e+01 1.222115167768496313e+01 1.153115259758823541e+01 3.077980878549180233e+00
5.258167268411000350e+01 4.953039549850978318e+01 8.328554130694747926e+01 1.316996308587046904e+01 1.335703858439310032e+01 3.346156877341706970e+00
5.107428253397934981e+01 4.820173910442282050e+01 8.221391121345442343e+01 1.402445893886074479e+01 1.508116587394776076e+01 3.674951299352874123e+00
4.933613193296642407e+01 4.682720449484230585e+01 8.112876185290663500e+01 1.478481002739941985e+01 1.662037942583191352e+01 4.080294685464601834e+00
4.741793179313205542e+01 4.541191505304696108e+01 8.008013627547830993e+01 1.545071430969977122e+01 1.790472344248217951e+01 4.573096525060206474e+00
4.537656117486260143e+01 4.396525739943061950e+01 7.911722338943592092e+01 1.602113256738174485e+01 1.888426608779736426e+01 5.156383625839408680e+00
4.327127705543595226e+01 4.249940599108170147e+01 7.828303152543111310e+01 1.649431035067051710e+01 1.953341308842261981e+01 5.821803120982730562e+00
4.115977514451139285e+01 4.102791527742964206e+01 7.760940647690107141e+01 1.686806052576318038e+01 1.985229858894496502e+01 6.547893400575237166e+00
4.153565847535234923e+01 3.734546737731024280e+01 7.711295035451664148e+01 1.996172007291533390e+01 1.706989850455609670e+01 7.301524791014967875e+00
3.812160408288360003e+01 3.712087204637855820e+01 7.679231512566973095e+01 1.961581167342308163e+01 1.730932703081113289e+01 8.042257921699532019e+00
3.670979068085567576e+01 3.527413500071265418e+01 7.662725263294375111e+01 1.916114558497931242e+01 1.737502322954784972e+01 8.728415375792922148e+00
3.533699374959730477e+01 3.357990913367077468e+01 7.657970149049043584e+01 1.856309127436364292e+01 1.733874728142876620e+01 9.323535505046457672e+00
3.400814160452240031e+01 3.205358724378523050e+01 7.659704296700596160e+01 1.788082854552560619e+01 1.720401183138135437e+01 9.802103649379674266e+00
3.272522206610148743e+01 3.070070134658159233e+01 7.661741469158593532e+01 1.716435230084860919e+01 1.697659750044500626e+01 1.015371500804005045e+01
3.148759554507162051e+01 2.951731234525566094e+01 7.657662757347485183e+01 1.645066063318351723e+01 1.666452198837122722e+01 1.038505789715068417e+01
3.029254832397706210e+01 2.849034775674192943e+01 7.641585964922188623e+01 1.576307141306046411e+01 1.627780264246415243e+01 1.051936991107489128e+01
2.913597312103458847e+01 2.759796125520952614e+01 7.608902821560515406e+01 1.511324852730925095e+01 1.582803272414233220e+01 1.059337576001180459e+01
2.801303106227702244e+01 2.681017309182085739e+01 7.556868521217852219e+01 1.450471602949559191e+01 1.532780815383932094e+01 1.065219285127469639e+01
2.691863017851656181e+01 2.609013518935208253e+01 7.484948321625675760e+01 1.393639090860596319e+01 1.479005690802827111e+01 1.074321969198611448e+01
2.584756446698792587e+01 2.539630538311617158e+01 7.394867163049362091e+01 1.340507242952431888e+01 1.422733652196115273e+01 1.091035457853777046e+01
2.479420394431996399e+01 2.468563712637329388e+01 7.290359338348115159e+01 1.290659064901309705e+01 1.365117340986190619e+01 1.118966484791016214e+01
2.375171943442178346e+01 2.391765471078729277e+01 7.176663709614811637e+01 1.243599132762967230e+01 1.307151684673138625e+01 1.160674687216385159e+01
2.271097792008313832e+01 2.305902997410520427e+01 7.059845903705016212e+01 1.198742273630925581e+01 1.249636722107902997e+01 1.217506272518006760e+01
2.165946254723812459e+01 2.208800443000280467e+01 6.946046709858599399e+01 1.155426733159832153e+01 1.193161263377414194e+01 1.289441777809774159e+01
2.058083046818313733e+01 2.099772422683419748e+01 6.840754535215937437e+01 1.112970899663388735e+01 1.138107479002347588e+01 1.374963376498681811e+01
1.712916761512390806e+01 2.307778428945550431e+01 6.748182781048933521e+01 1.069675014903104859e+01 1.085787258840002778e+01 1.471045082120246761e+01
1.851041833219631627e+01 1.826587763814329435e+01 6.670807967819824569e+01 1.032906938400137697e+01 1.028319342595722219e+01 1.573376142215222906e+01
1.716939753271984515e+01 1.699764279942679224e+01 6.609100807304454861e+01 9.827478008526856712e+00 9.853792490817271599e+00 1.676843761206667338e+01
1.580936167261241643e+01 1.565056977647202885e+01 6.561466995237026367e+01 9.340668109905221783e+00 9.418622768103315224e+00 1.776201978884092370e+01
1.446127883710076567e+01 1.424221684761160489e+01 6.524406807034807798e+01 8.867027438465962419e+00 8.978541455261311199e+00 1.866798828749869799e+01
1.314805789644304390e+01 1.281037691800808531e+01 6.492894495878091732e+01 8.404912251125933764e+00 8.535412692757903486e+00 1.945229811075065030e+01
1.188393786798653551e+01 1.140888997265133753e+01 6.460960194153157943e+01 7.952856270070169487e+00 8.091465706482329878e+00 2.009810783917846422e+01
1.067664070761154171e+01 1.009591038510653860e+01 6.422425506107236970e+01 7.509702313198560297e+00 7.648787843829729205e+00 2.060799548139433313e+01
9.530624549212234342e+00 8.915801382746137094e+00 6.371707054637835910e+01 7.074670154657878740e+00 7.209045162842802057e+00 2.100335942252986143e+01
8.449526989965571389e+00 7.880542312760712598e+00 6.304574498645070690e+01 6.647378997494974406e+00 6.773440103643110000e+00 2.132114076216887710e+01
7.436195888521780262e+00 6.961714875805581570e+00 6.218743842797697141e+01 6.227843147368831822e+00 6.342849951573310996e+00 2.160844941484861081e+01
6.489466309620996576e+00 6.102419289071138842e+00 6.114207876753904003e+01 5.816455798785867159e+00 5.918054833243577839e+00 2.191604913950800082e+01
5.598460278275077862e+00 5.245828165549630384e+00 5.993248719563010241e+01 5.413969672920580400e+00 5.499962100758601480e+00 2.229182141617621582e+01
4.737954979304929815e+00 4.365395001292451838e+00 5.860132092405480364e+01 5.021476334913876016e+00 5.089758496359398698e+00 2.277517201240532430e+01
3.870919237278759972e+00 3.485062872007559598e+00 5.720536680407764862e+01 4.640380005416643527e+00 4.688960519399770099e+00 2.339290636359849884e+01
2.964058508830992977e+00 2.691912808359643972e+00 5.580813571894314151e+01 4.272357648499042426e+00 4.299373475455028348e+00 2.415662944219656794e+01
2.023670051193758646e+00 2.146544814099714760e+00 5.447191950161606400e+01 2.506152664544759645e+01 3.919295385920404051e+00 3.922998912434617402e+00
2.603801369344938443e+00 1.348087418251588065e+00 5.325043911325537493e+01 2.608653034357854850e+01 3.559207075267261544e+00 3.585961961674525078e+00
2.282793270128989693e+00 1.194069297319835687e+00 5.218295713257624158e+01 2.719612167087479548e+01 3.218346235060738358e+00 3.266019086949441430e+00
2.714442474414560547e+00 1.996794818205988253e+00 5.129034786769681631e+01 2.834402121355525495e+01 2.894398243598213405e+00 2.969539164957480271e+00
3.158050852590255086e+00 2.903151138564299405e+00 5.057326616434813360e+01 2.947867882534555051e+01 2.592308981817086799e+00 2.695073366678310656e+00
3.542853696393646334e+00 3.663188270740709296e+00 5.001235855285874266e+01 3.054996415710317947e+01 2.314256080681883709e+00 2.443237482579263542e+00
3.840465049341724058e+00 4.184890203545153398e+00 4.957043065826969297e+01 3.151605617242322666e+01 2.062150326523421118e+00 2.213672208528156826e+00
4.038922900461354715e+00 4.439284230911306750e+00 4.919650277416312179e+01 3.234939148987348290e+01 1.837159898140997338e+00 2.004822713800077150e+00
4.132560976574474410e+00 4.445425893345106516e+00 4.883159152175609563e+01 3.304066696220641575e+01 1.639007007510028036e+00 1.813842877806695064e+00
4.118761407964283805e+00 4.260011727442729601e+00 4.841578523993638328e+01 3.360022895926993414e+01 1.465231921912089508e+00 1.636698396280932499e+00
3.997318834760397621e+00 3.960489984689586240e+00 4.789582110074576349e+01 3.405663329918498761e+01 1.310801261222210634e+00 1.468504066440244227e+00
3.770594212702437886e+00 3.620129938979522066e+00 4.723209525429822264e+01 3.445264412427152223e+01 1.168439522724226132e+00 1.304060289523791383e+00
3.443738643171789349e+00 3.280365018504592278e+00 4.640398536853225409e+01 3.483937069039034640e+01 1.029761400458424347e+00 1.138485086721100492e+00
3.024756544233796696e+00 2.935540285483231315e+00 4.541257898780065716e+01 3.526952012587614860e+01 8.868484894685279007e-01 9.678077515824635713e-01
2.524376666819803994e+00 2.544314727379955343e+00 4.428032704855209545e+01 3.579078790007820032e+01 7.337057527741133178e-01 7.894099966753143072e-01
1.955765909289106652e+00 2.060753388306727718e+00 4.304767475444704417e+01 3.644020475751154464e+01 5.671800304358128875e-01 6.022507264674338279e-01
1.334132783398041644e+00 1.462316530506803769e+00 4.176724614325615192e+01 3.723991715578702610e+01 3.872187007681209270e-01 4.068626336232880059e-01
6.762606479972813611e-01 7.611562250035791566e-01 4.049656666016374373e+01 3.819458836793213408e+01 1.965576244372620740e-01 2.051454583496195860e-01
1.987929208315879081e-15 5.402082524547691563e-15 9.981688406399720145e-03 9.981688406393381466e-03 5.593655951990390333e-16 7.227995084670172726e-16
1.987929208315879081e-15 5.402082524547691563e-15 9.981688406399720145e-03 9.981688406393381466e-03 5.593655951990390333e-16 7.227995084670172726e-16
5.147675603114570952e-01 4.971220763812609356e+00 3.673453267677938783e+00 2.908772798879671662e+00 3.371858401643625935e-01 1.063524255500753357e+00
9.237459367729662363e-01 1.003364731033137502e+01 7.272008510567823159e+00 5.748675535300320938e+00 6.292942540506959448e-01 2.123486158158804038e+00
1.138161981735575035e+00 1.524231530877669982e+01 1.072183969505976719e+01 8.455567803977897867e+00 8.377009020987887800e-01 3.175017718543536205e+00
1.107512536610889553e+00 2.058555816756497236e+01 1.395149250180938161e+01 1.097434809371460673e+01 9.359969847019296019e-01 4.210692775993610582e+00
8.710521029661909553e-01 2.596711635732379619e+01 1.689356771977647753e+01 1.326256536339536574e+01 9.147094284827627098e-01 5.219488170125803350e+00
7.831935037554854651e-01 3.120739136878586351e+01 1.948681635279552538e+01 1.529320413178399463e+01 7.858499827371348001e-01 6.186243515690465600e+00
1.369244480661222507e+00 3.606587620483779233e+01 2.167852065441938691e+01 1.705653226677274859e+01 5.932339519917404491e-01 7.091934749421993089e+00
2.329471010114222640e+00 4.028006095337268277e+01 2.342689564806655511e+01 1.856078317148252665e+01 4.511600169452464892e-01 7.914958706462440929e+00
3.367912258149221127e+00 4.361085806816539190e+01 2.470316076882507872e+01 1.983131851377966370e+01 5.320369118546328657e-01 8.633388118745756401e+00
4.312134979052034467e+00 4.588335032201766950e+01 2.549292922811951456e+01 2.090794782322099721e+01 7.702296746394197147e-01 9.227881768877001178e+00
5.029827681641640069e+00 4.701433721572914237e+01 2.579664732303552910e+01 2.184036030375340331e+01 1.015052066680311782e+00 9.684714947981197142e+00
5.428141283853520349e+00 4.702277657232866659e+01 2.562896219625567085e+01 2.268210739227530581e+01 1.199121726406048749e+00 9.998297393324369509e+00
5.465669457015760457e+00 4.602357338935881614e+01 2.501705949317071642e+01 2.348406935227562542e+01 1.297125619939809349e+00 1.017259779873668002e+01
5.161702455435301040e+00 4.420798452840248416e+01 2.399814798333683186e+01 2.428857858003232550e+01 1.308014410354580104e+00 1.022108681527990015e+01
4.598937884230164919e+00 4.181509391927510677e+01 2.261635635655648713e+01 2.512518297870024497e+01 1.249530689528810967e+00 1.016510379067831771e+01
3.917317117951406580e+00 3.909899586829734375e+01 2.091935970237089748e+01 2.600850216042448082e+01 1.153499996176161613e+00 1.003088234649435684e+01
3.289919414813378129e+00 3.629618848941071718e+01 1.895509517817137635e+01 2.693808309997493922e+01 1.058859235880417859e+00 9.845760474957783615e+00
2.855303108552365021e+00 3.359746107755749733e+01 1.676895652706971873e+01 2.789988608488302901e+01 1.001790748301530476e+00 9.634281581590174781e+00
2.611699791725431208e+00 3.112791479199534450e+01 1.440169175136361979e+01 2.886875478405858431e+01 1.006864992708470519e+00 9.414918023470660202e+00
2.410241277882624100e+00 2.893724393122694138e+01 2.982383756110840167e+01 1.189584165438976093e+01 1.087502246472100254e+00 9.198012901657765639e+00
2.104450515733293336e+00 2.700041883488220407e+01 3.071006003315744337e+01 9.268686123654820364e+00 1.253039098029196330e+00 8.985277816859944977e+00
1.700786276060004099e+00 2.522779921377711787e+01 3.151713738421168642e+01 6.562257614536721739e+00 1.507380056091207621e+00 8.770872403226457337e+00
1.498557393728659592e+00 2.348400588209181095e+01 3.222160129664747075e+01 3.804502290513844365e+00 1.840210800109850942e+00 8.543797602994553486e+00
1.915427344862943082e+00 2.161485350521379090e+01 3.281657588003588444e+01 1.030538153223778064e+00 2.224348849333639855e+00 8.291112343401131568e+00
1.915427344862368653e+00 2.161485350521544291e+01 3.281657588003472625e+01 1.030538153224155540e+00 2.224348849334240263e+00 8.291112343401270124e+00
2.754609930066435730e+00 1.947938940037085587e+01 3.330899564066576346e+01 1.724901305229616044e+00 2.621525323000869268e+00 8.001359730669244996e+00
3.627047194143528053e+00 1.698080093788559708e+01 3.371898651553185999e+01 4.410755747710170205e+00 2.991045804291114329e+00 7.667586058249872494e+00
4.296900531290625658e+00 1.408849554362411993e+01 3.407599763272511950e+01 6.985657115790677274e+00 3.297883834230040723e+00 7.289413168551202915e+00
4.625913341164618053e+00 1.084570577673978242e+01 3.441345725010533840e+01 9.408393188091915604e+00 3.519089214532361343e+00 6.873803553751740125e+00
4.548017703243501408e+00 7.361437815426820741e+00 3.476331729878128840e+01 1.164995616400638845e+01 3.647854729666348828e+00 6.434416923664964649e+00
4.067712183067824228e+00 3.790797616309705020e+00 3.515086500024892047e+01 1.370007818854581316e+01 3.694736452612848776e+00 5.989737435887614758e+00
3.270245852550783816e+00 3.909441980479856360e-01 3.559069193253328933e+01 1.557090488715349785e+01 3.685813124594156776e+00 5.560443206764184687e+00
2.377330639858438399e+00 2.984502069513542466e+00 3.608444603614834989e+01 1.729582365418513490e+01 3.658050934095606888e+00 5.166689656169045186e+00
1.942464611917259276e+00 5.879301262180949728e+00 3.662069049412656341e+01 1.892315284532144659e+01 3.652763212342759136e+00 4.825934390261216400e+00
2.528385032778254882e+00 8.350167435143889705e+00 3.717686762041581972e+01 2.050594405628168460e+01 3.708668534820323437e+00 4.551520487855341024e+00
3.663370096868521220e+00 1.038076757242983561e+01 3.772305068502301140e+01 2.209006965480157447e+01 3.856161258862983221e+00 4.351602276030609673e+00
4.846955315658956209e+00 1.201077715792746048e+01 3.822690941394127151e+01 2.370293855536209193e+01 4.113520814280388294e+00 4.227715369386585209e+00
5.878313706946966199e+00 1.332239299692676404e+01 3.865915697498391523e+01 2.534496289082377984e+01 4.484610070128902670e+00 4.172939277030833338e+00
6.677943753150183959e+00 1.442301174306161649e+01 3.899870219262455606e+01 2.698558535309969741e+01 4.957706098798928984e+00 4.170793620422823977e+00
7.229360395101105397e+00 1.542553926787003427e+01 3.923678510455023627e+01 2.856517306582724203e+01 5.506175794038672855e+00 4.196335735045019888e+00
7.560847668990240855e+00 1.642974764324679171e+01 3.937949889702762363e+01 3.000315770093744661e+01 6.091839396993260713e+00 4.219739789489405091e+00
7.733563846649804674e+00 1.750777537754533242e+01 3.944827878958746936e+01 3.121150622837175348e+01 6.670789498220158542e+00 4.211181626001671674e+00
7.828787675737760132e+00 1.869563147604363351e+01 3.947816695898625028e+01 3.211130136685630276e+01 7.200457815366033465e+00 4.145513554192940653e+00
7.933613623527401515e+00 1.999128355552213776e+01 3.951394124155516607e+01 3.264929209454193426e+01 7.646478144242703223e+00 4.005840915523118717e+00
8.126862092648089231e+00 2.135902888299887081e+01 3.960450215817909481e+01 3.281100063743884476e+01 7.988113571577927452e+00 3.785834358874530459e+00
8.468093395970797133e+00 2.273905607963578035e+01 3.979619966790161101e+01 3.262744976331816105e+01 8.221377550267474632e+00 3.491010613848841704e+00
8.991869206031378070e+00 2.406022419179353022e+01 4.012599293464184314e+01 3.217376235533546236e+01 8.359375875688579427e+00 3.139341339215573790e+00
9.706866540895761730e+00 2.525356098645674763e+01 4.061543673544235844e+01 3.155957353516847164e+01 8.429825524770592438e+00 2.761468078277296012e+00
1.059761458110803467e+01 2.626421601926631411e+01 4.126646499527271317e+01 3.091300748589416614e+01 8.470172470829639977e+00 2.400186094608113940e+00
1.162743035674028214e+01 2.706038828855495382e+01 4.205979054691550090e+01 3.036140868143225902e+01 8.521206104560938854e+00 2.106626782559100963e+00
1.274292739086163273e+01 2.763854448138758002e+01 4.295644750599550576e+01 3.001255171494044660e+01 8.620431088454719060e+00 1.926644997955076155e+00
1.388085359485474157e+01 2.802471159798676581e+01 4.390256145826451473e+01 2.993938059232064219e+01 8.796474689625702226e+00 1.875717290255338288e+00
1.497701083873672445e+01 2.827181924006112723e+01 4.483687943427393208e+01 3.016981845490305147e+01 9.065324425367061068e+00 1.926422093789091239e+00
1.597592675021975595e+01 2.845327663123111961e+01 4.570002755733793265e+01 3.068197791175895617e+01 9.428464270773353917e+00 2.032201935764657019e+00
1.683946663516116260e+01 2.865344473086052446e+01 4.644403055833482341e+01 3.140509312697227529e+01 9.872606622311574043e+00 2.161711713601453422e+00
1.755265869642914467e+01 2.895635163674415224e+01 4.704045106571962975e+01 3.222711389203868748e+01 1.037095525865335688e+01 2.313889351720655796e+00
1.812550241183650002e+01 2.943450729349870088e+01 4.748565612342424203e+01 3.300961594713898251e+01 1.088629750091312154e+01 2.513698272678326351e+00
1.859034980373727208e+01 3.013957770225698596e+01 4.780218827357301592e+01 3.360892245002838763e+01 1.137609553194728917e+01 2.794969481694370206e+00
1.899546036487028644e+01 3.109600338329890334e+01 4.803593094046577505e+01 3.390010984316478471e+01 1.179910803193209468e+01 3.178554192119319666e+00
1.939625817292391829e+01 3.229794116251062519e+01 4.824956693975860844e+01 3.379921302597593069e+01 1.212238670144511943e+01 3.659791003425803879e+00
1.984631018357767829e+01 3.370964732939236086e+01 4.851353771601385745e+01 3.327898827464402842e+01 1.232715465993454629e+01 4.211954782824834709e+00
2.038987072452799509e+01 3.526943606830408839e+01 4.889612322242576425e+01 3.237484633283440161e+01 1.241218779725996235e+01 4.797968066064154158e+00
2.105709374541937606e+01 3.689711835384588312e+01 4.945426761656300130e+01 3.117958680505773117e+01 1.239380869088260262e+01 5.380773844900688552e+00
2.186209585141968148e+01 3.850419591835247246e+01 5.022641773867452741e+01 2.982790597046079384e+01 1.230233802732552739e+01 5.929064270575013396e+00
2.280337613764552529e+01 4.000539547678354069e+01 5.122810463625631883e+01 2.847390907507163149e+01 1.217567026052368284e+01 6.418938468518812002e+00
2.386582242825769384e+01 4.132976167002972545e+01 5.245050108292569746e+01 2.726654489777580892e+01 1.205133280043926902e+01 6.832984622430555710e+00
2.502355335713095030e+01 4.242957406730970149e+01 5.386185104328639994e+01 2.632818582265622354e+01 1.195871938183702099e+01 7.158453659234239375e+00
2.624300277026964068e+01 4.328569882383354184e+01 5.541147107411899242e+01 2.573960350172303180e+01 1.191304886084406434e+01 7.386143768590284431e+00
2.748587558914045559e+01 4.390851983965217187e+01 5.703588104181988427e+01 2.553086628374690292e+01 1.191213291027677101e+01 7.511071395711066856e+00
2.871187352594152387e+01 4.433428996784938647e+01 5.866647626453843145e+01 2.567550998438300880e+01 1.193653370556820548e+01 7.534950769881971766e+00
2.988135066834574260e+01 4.461758237330046484e+01 6.023800903784336924e+01 2.608787849467116970e+01 1.195327347972370546e+01 7.469385673841557605e+00
3.095820540541662780e+01 4.482138803408375338e+01 6.169702338706320432e+01 2.662819954723472549e+01 1.192273789653538074e+01 7.338042574843410826e+00
3.191324147586592375e+01 4.500704144703018983e+01 6.300928163372432067e+01 2.712009745020455043e+01 1.180764652554226934e+01 7.176189148494177772e+00
3.272791441332105933e+01 4.522625805321480641e+01 6.416514437027576889e+01 2.737942111411753743e+01 7.026839727898720689e+00 1.158217363328144778e+01
3.339793381506819969e+01 4.551696748709993301e+01 6.518189438838859928e+01 2.724713268681869138e+01 6.934305181604962343e+00 1.123894209002146916e+01
3.393584560932811200e+01 4.590345716571314938e+01 6.610226411506434374e+01 2.661718163276962912e+01 6.937875090281128365e+00 1.079195185110068955e+01
3.437169952757297153e+01 4.640001838735832251e+01 6.698900580492370693e+01 2.545209992301121105e+01 7.069336329831935828e+00 1.027449214672606459e+01
3.475128813969683961e+01 4.701631199557586882e+01 6.791611620152349360e+01 2.378149851456478814e+01 7.356768000933971763e+00 9.732430634349608312e+00
3.513207363689228657e+01 4.776235823234043210e+01 6.895801669749018004e+01 2.167928761026578144e+01 7.835902917465178419e+00 9.214589862420782040e+00
3.557750509967928565e+01 4.865138908339761059e+01 7.017835857330523197e+01 1.921538319424842456e+01 8.572637099742765443e+00 8.762720516332494824e+00
3.615071908007717383e+01 4.969949645479876210e+01 7.162013866352801017e+01 1.641947482981169060e+01 9.662998480400501577e+00 8.403441977697736931e+00
3.690854339179730914e+01 5.092173430277813395e+01 7.329861057955575632e+01 1.356129086225256941e+01 1.091308227604909042e+01 8.143515453113186808e+00
3.789642102654624978e+01 5.232494735203528791e+01 7.519817894847875550e+01 1.152641423055245440e+01 1.147251703629765274e+01 7.968648066519822493e+00
3.914451178980966972e+01 5.389828186709376467e+01 7.727403696143885270e+01 1.050768599447046014e+01 1.118726315593377940e+01 7.845404524792943590e+00
4.066483245645711264e+01 5.560345672172983456e+01 7.945862532537319112e+01 9.954023423929298175e+00 1.059908340998287990e+01 7.732180323721017601e+00
4.244889448628800466e+01 5.736839690714592876e+01 8.167202985740624399e+01 9.532617253894038356e+00 9.416277571474605423e+00 8.135516551333829227e+00
4.446547279644900641e+01 5.908853101971904209e+01 8.383441426373772742e+01 9.147570995979059205e+00 7.600758194307076110e+00 9.040664048390375740e+00
4.665949199319355500e+01 6.063828663614366121e+01 8.587788251061043354e+01 8.784087922670483550e+00 7.082098541010682702e+00 8.397213235376501217e+00
4.895426597421933934e+01 6.189166633856533650e+01 8.775505462867403139e+01 8.426391082385922715e+00 6.513760654453533583e+00 7.470806731072623386e+00
5.125821259291986109e+01 6.274796169831871140e+01 8.944208377072440896e+01 8.029536784093227908e+00 5.834358092693253894e+00 6.349365459432274150e+00
5.347442840896361105e+01 6.315776182407300610e+01 9.093453322846171716e+01 7.523638629597680705e+00 5.063206821664536506e+00 5.121750457411503810e+00
5.551012750258385609e+01 6.314507665872002207e+01 9.223502946241855227e+01 6.834691148905102764e+00 4.234015453443205068e+00 3.899696943823150352e+00
5.728370805016773915e+01 6.282578415199964894e+01 9.333082079450862523e+01 5.907586876433125411e+00 3.378917070889469798e+00 2.786824611608612834e+00
5.872869234418880069e+01 6.244180087255037392e+01 9.415066239653886271e+01 4.721648093655175238e+00 2.520890532073262413e+00 1.850581651880002232e+00
5.979492794445040005e+01 6.255039459568759952e+01 9.441841563057805331e+01 3.295526723502475441e+00 1.671456746224221135e+00 1.107269060835238683e+00
6.044813712719566468e+01 6.612114952888435937e+01 9.237195565739003200e+01 1.680744070739769391e+00 8.324932512688850705e-01 5.259966374633101571e-01
0.000000000000000000e+00 0.000000000000000000e+00 0.000000000000000000e+00 0.000000000000000000e+00 0.000000000000000000e+00 0.000000000000000000e+00
0.000000000000000000e+00 0.000000000000000000e+00 0.000000000000000000e+00 0.000000000000000000e+00 0.000000000000000000e+00 0.000000000000000000e+00
7.410638959644994372e+01 6.526770012968242440e+01 9.816105917659139379e+01 1.897221498800679695e+00 6.119593294781351389e-01 6.122193469109378228e-01
6.753309844564876130e+01 6.605040063080180346e+01 9.951204390537709799e+01 3.603135354977403004e+00 1.343669583270073797e+00 1.343667168214211616e+00
7.004885799280006609e+01 6.343254260675075074e+01 9.914293340034822677e+01 4.905641265065031398e+00 2.301525541103895733e+00 2.301942197102818888e+00
7.135295597622908303e+01 6.135158407249709711e+01 9.845471261785255024e+01 5.693726081817952256e+00 3.486405497211851667e+00 3.488454630876427043e+00
7.068120262785642183e+01 5.892770149681715708e+01 9.765133738952114584e+01 5.952648190558283758e+00 4.809217403605553720e+00 4.811846889676096417e+00
6.779149967516018194e+01 5.593622864335210920e+01 9.672815135315615009e+01 5.799690121576450252e+00 6.104031588665844055e+00 6.092025971848423538e+00
6.308070947176079102e+01 5.244746754154228086e+01 9.560719484233722198e+01 5.528341499465583730e+00 7.161496562391975296e+00 7.061360329456051410e+00
5.737809928708443152e+01 4.870134147513726930e+01 9.420292518038579033e+01 5.645811942430154495e+00 7.800042655914595002e+00 7.333491479849489458e+00
5.157061556671333591e+01 4.501196702173434261e+01 9.247094565746384376e+01 6.558071125609092000e+00 8.067830644363993997e+00 6.576915679286151395e+00
4.632596622327885427e+01 4.167869424059780670e+01 9.044286330491750903e+01 7.627133994218892710e+00 8.229845458527641711e+00 5.475656040982852524e+00
4.200166561876626758e+01 3.891193942612537882e+01 8.824041818815292970e+01 8.047458195237496170e+00 8.217161445419327137e+00 5.282633544396377445e+00
3.867951672606670144e+01 3.678964459118968477e+01 8.606135860813932936e+01 7.942061533331575163e+00 7.974296763176266012e+00 6.309625861524519763e+00
3.624931820636323465e+01 3.525499608825315789e+01 8.413884173312824544e+01 7.643947593363230375e+00 7.642517842071052669e+00 8.371913147339729022e+00
3.449797467714087418e+01 3.415111970585056866e+01 8.268833357157045327e+01 7.384241803733178955e+00 7.381211567030346643e+00 1.117003760998298567e+01
3.327485563797317525e+01 3.318343800205662575e+01 8.185993980409413950e+01 7.367748306648835843e+00 7.363208638508529802e+00 1.420805123057908403e+01
3.243019263258458551e+01 3.208591565467052931e+01 8.170765713570000344e+01 1.685051248239156507e+01 7.723238227497477126e+00 7.758260855408190437e+00
3.146948810046747980e+01 3.103754875124566937e+01 8.217796925064300240e+01 1.947530677862216564e+01 7.966101373281592402e+00 7.970565473883063135e+00
3.031716971365942115e+01 2.993512608733342262e+01 8.311560041136469579e+01 2.104340199038594150e+01 8.382053944613895524e+00 8.381480621001673015e+00
2.897340680821961811e+01 2.873921785591369016e+01 8.428416305237406903e+01 2.148801620071605001e+01 8.784236839019083476e+00 8.783007449130256106e+00
2.749829124690375082e+01 2.746181096256043119e+01 8.539992694318344491e+01 2.081976707308805885e+01 9.057611327424204717e+00 9.057364043498717265e+00
2.614582843191017147e+01 2.598255445317560941e+01 8.617529613824601142e+01 1.923520356568965539e+01 9.128978254605733866e+00 9.127745134447339481e+00
2.484254505380257783e+01 2.451574837515112293e+01 8.636547795199000177e+01 1.709119392564637607e+01 8.971137188817495556e+00 8.968471823632246043e+00
2.359362833914323687e+01 2.316271847566582665e+01 8.580974238661617903e+01 1.484022633461282226e+01 8.604602659129245268e+00 8.600798371319848812e+00
2.242175790601179841e+01 2.195358176461135358e+01 8.445916848631289042e+01 1.294775014266638813e+01 8.086231988644987823e+00 8.081764479090495001e+00
2.132936943830485177e+01 2.088546984815855012e+01 8.238552790242017920e+01 1.181102814906051357e+01 7.491208415900781681e+00 7.486730976905675128e+00
2.030225012287765551e+01 1.993057000301384107e+01 7.976981682511399185e+01 1.169491108705532412e+01 6.894377074146677664e+00 6.890543009445160294e+00
1.931468775720304620e+01 1.904544795174040672e+01 7.687299470804778423e+01 1.269237366776107656e+01 6.356097301001017108e+00 6.353304717805546176e+00
1.833439055947686924e+01 1.817912821159600867e+01 7.399490197746756337e+01 1.471353810548569463e+01 5.914634356610799948e+00 5.912997646962737441e+00
1.732687588703982584e+01 1.727970619349065728e+01 7.142911902683036374e+01 1.750696527941251190e+01 5.582921735303591149e+00 5.582405929506431441e+00
1.630049636919421374e+01 1.625988653405056183e+01 6.942106692356784947e+01 2.071031360022761802e+01 5.348975686606716629e+00 5.348508562399525879e+00
1.520682630016389503e+01 1.510859241133561781e+01 6.813439496937797912e+01 2.391617926820320505e+01 5.179822837243244216e+00 5.178621015681803996e+00
1.398365325573614726e+01 1.386181381798459711e+01 6.762810788597758460e+01 2.673835212021297636e+01 5.031614660282538232e+00 5.030008794741712919e+00
1.264252172202716196e+01 1.252832020530936674e+01 6.784545802731278741e+01 2.887004323326034694e+01 4.861430980435175186e+00 4.859791654518796911e+00
1.122484174697607351e+01 1.114090813362459187e+01 6.861584754424340815e+01 3.012768531937710037e+01 4.635630752298773416e+00 4.634313414379289675e+00
9.798237954395602856e+00 9.755311863700303121e+00 6.967186799562114174e+01 3.047396483348884999e+01 4.335918205976631690e+00 4.335185030372408654e+00
8.444549836584839042e+00 8.441853933441208824e+00 7.068322744387492662e+01 3.001654328600788091e+01 3.962447179312629686e+00 3.962397706088737426e+00
7.270278916793555979e+00 7.241487198004112891e+00 7.130619783841547132e+01 2.898364532624616174e+01 3.534200960282170012e+00 3.533644545197615727e+00
6.291597617956103505e+00 6.243264652932074554e+00 7.124178402298896629e+01 2.768177981736607052e+01 3.083487745906022148e+00 3.082529309608826207e+00
5.523270461277750343e+00 5.466823250775512122e+00 7.029069051997842621e+01 2.644309389726726778e+01 2.651008227891744617e+00 2.649890927224797466e+00
4.943886559621009091e+00 4.888608634316227608e+00 6.839162968192442804e+01 2.557044212718025022e+01 2.276605281867731811e+00 2.275534931055296362e+00
4.500135781559107429e+00 4.453070228900197769e+00 6.563315848826259469e+01 2.528798269818341993e+01 1.990400571294728360e+00 1.989509715579018456e+00
4.123880348824555675e+00 4.089959712648046697e+00 6.223668837450438929e+01 2.570455235809050620e+01 1.806044826076177001e+00 1.805400108627880140e+00
3.753150696182639745e+00 3.734823353827796399e+00 5.851617081673119003e+01 2.679608086044522963e+01 1.717627724521139765e+00 1.717259823636098748e+00
3.349695395259298714e+00 3.346387434919975146e+00 5.482492913539982737e+01 2.841119134116219769e+01 1.700933367799664975e+00 1.700859101100150150e+00
2.915704692851296187e+00 2.907454119906897727e+00 5.150076002938147468e+01 3.030035542709164176e+01 1.719001515014267678e+00 1.718784740075627315e+00
2.464588121868862558e+00 2.449919668304302967e+00 4.881757022086423348e+01 3.216387685971881893e+01 1.729677587667057814e+00 1.729216357922080505e+00
2.034279443343822269e+00 2.018215333307905368e+00 4.694764945009805501e+01 3.370890791194256764e+01 1.695032572024523843e+00 1.694431685449348191e+00
1.668482413991094315e+00 1.654525520608273848e+00 4.593554748961781087e+01 3.470244859456362008e+01 1.589037676113031150e+00 1.588441288928688522e+00
1.396804410960726717e+00 1.386624507587874700e+00 4.568375257665807965e+01 3.500734580743179691e+01 1.402288466100143571e+00 1.401830849540169011e+00
1.224447702184795483e+00 1.218506267043558466e+00 4.595157074681798548e+01 3.459222142356694008e+01 1.143172939009126310e+00 1.142925149194463197e+00
1.131490531073660932e+00 1.129811047587482742e+00 4.636967063141453593e+01 3.351292058308186483e+01 8.355091823973852527e-01 8.354538806752497271e-01
1.083639502646527308e+00 1.081244602732459370e+00 4.647103860219434779e+01 3.186981146927412567e+01 5.134917632099191831e-01 5.134410392540976753e-01
1.039307335578955493e+00 1.033543079916729113e+00 4.573369356404676722e+01 2.974932311877839197e+01 2.148534243417847545e-01 2.147994669270385792e-01
9.646850120125305406e-01 9.570324599190661585e-01 4.362452027050351688e+01 2.715925939115295407e+01 2.798327709168338048e-02 2.796572546341942120e-02
8.433473624660587920e-01 8.357873647149539620e-01 3.963487671021249525e+01 2.397053430907548588e+01 1.850524156803503295e-01 1.849758335570826917e-01
6.747067044126967561e-01 6.689841434049305091e-01 3.331914961861152591e+01 1.989413186902121566e+01 2.496295045915027933e-01 2.495322196065715703e-01
4.688026737297141255e-01 4.657169286737611880e-01 2.439489979594254621e+01 1.456098431967152962e+01 2.252102872005546375e-01 2.251420736429342040e-01
2.395432752690790923e-01 2.386831534227465690e-01 1.299448005982298682e+01 7.794436220818666605e+00 1.315149102377147217e-01 1.314931586646522765e-01
7.800170038552564769e-15 9.361352965362968325e-15 3.250024332106192741e-14 1.700824331496476616e-14 4.049081645786565631e-16 1.015437258509201875e-15
7.800170038552564769e-15 9.361352965362968325e-15 3.250024332106192741e-14 1.700824331496476616e-14 4.049081645786565631e-16 1.015437258509201875e-15
2.456933498578944608e+00 6.733321826556781353e+00 3.426626870616924059e+00 7.990536634963856244e-01 1.254845286753200950e+00 4.475163946465434139e-01
4.823267038744693203e+00 1.334317325222632356e+01 6.809691958722233984e+00 1.595602059943255435e+00 2.497713946529155571e+00 8.817281878167140263e-01
7.138856766522423847e+00 1.959320093810226027e+01 1.010552171655978881e+01 2.387167372680595534e+00 3.692913820805255209e+00 1.314159685538782263e+00
9.367325903189072989e+00 2.535495816582238504e+01 1.327031543999468255e+01 3.171327853121139295e+00 4.822168311641977567e+00 1.741048072963943705e+00
1.148441701890190458e+01 3.052792813932995841e+01 1.626030963933325424e+01 3.945748573103598833e+00 5.868630734447513042e+00 2.160160386137876198e+00
1.347274541595776753e+01 3.504696442719663452e+01 1.903218148054380521e+01 4.708214886892223561e+00 6.818601035247381148e+00 2.569662703270429116e+00
1.532112137371875882e+01 3.888006935940119035e+01 2.154371894655958641e+01 5.456668613502709597e+00 7.661996366082175491e+00 2.967959230376828295e+00
1.702406784000088535e+01 4.202276460905869726e+01 2.375475069009177886e+01 6.189246255098923122e+00 8.392428263702162994e+00 3.353650703592731208e+00
1.858110218397402491e+01 4.449138778231531433e+01 2.562829559995386930e+01 6.904317807877236923e+00 9.007019566618758688e+00 3.725511060452977752e+00
1.999579473958950260e+01 4.631674888849912008e+01 2.713186483054117204e+01 7.600523987325112252e+00 9.506034689889103717e+00 4.082463209735228027e+00
2.127469730491153399e+01 4.753890506782981618e+01 2.823882976781501597e+01 8.276809083277850476e+00 9.892392845413287006e+00 4.423550775005452351e+00
2.242624131885136762e+01 4.820329402458642676e+01 2.892975846623672354e+01 8.932446285072277448e+00 1.017113030513474392e+01 4.747907264466319610e+00
2.345969042995485765e+01 4.835813713848500583e+01 2.919361917408644658e+01 9.567052259982808948e+00 1.034886789556069964e+01 5.054725742709059944e+00
2.438421143159770210e+01 4.805285757476799091e+01 2.902875062565083297e+01 1.018058808332384757e+01 1.043332483085597140e+01 5.343232559445479701e+00
2.520810740644279946e+01 4.733720547671958201e+01 2.844350327057236072e+01 1.077334431663909875e+01 1.043290288231351326e+01 5.612668514494350447e+00
2.593823972082871521e+01 4.626079341933315447e+01 2.745646355166261898e+01 1.134590907367814516e+01 1.035634886639038754e+01 5.862280195771421454e+00
2.657965148270410438e+01 4.487278824179735892e+01 2.609618678518577894e+01 1.189911922051238058e+01 1.021249077083278145e+01 6.091323242615871436e+00
2.713539353504256368e+01 4.322156325540242960e+01 2.440038678368238934e+01 1.243399631077772227e+01 1.001003465182848018e+01 6.299078077295360956e+00
2.760654412701970628e+01 4.135418114129923595e+01 2.241456588187745069e+01 1.295167032556181397e+01 9.757405815818403383e+00 6.484877329500114307e+00
2.799240447229622220e+01 3.931565040512892750e+01 2.019011923179301249e+01 1.345329563215326196e+01 9.462618107657425170e+00 6.648142864148590903e+00
2.829084429224155883e+01 3.714797407486469893e+01 1.778200954378519327e+01 1.393996466759747399e+01 9.133158329645704399e+00 6.788429115428920468e+00
2.849876439987190935e+01 3.488908165638212466e+01 1.524617457282292143e+01 1.441262557899867680e+01 8.775877762907361657e+00 6.905468424013206707e+00
2.861263793059520566e+01 3.257179329600871398e+01 1.263688616274438559e+01 1.487201032015068947e+01 8.396888360508018678e+00 6.999213357086513376e+00
2.862908855485886050e+01 3.022299604587725952e+01 1.000431108876795960e+01 1.531857944280480410e+01 8.001466484532439694e+00 7.069870644582954000e+00
2.854546335595016160e+01 2.786320623886663483e+01 7.392517703796526618e+00 1.575248898519581786e+01 7.593971306643743979e+00 7.117921465769908806e+00
2.836036016665056181e+01 2.550664671272755157e+01 4.838123837585267317e+00 1.617358343668842480e+01 7.177787628979849899e+00 7.144123429865104846e+00
2.807407381736828711e+01 2.316189016727089012e+01 2.369696548908960310e+00 1.658141677533423675e+01 6.755303582100314230e+00 7.149490745544218484e+00
2.768893242443615321e+01 2.083302609948817619e+01 7.908933926641041612e-03 1.697530112257284074e+01 6.327932341099953284e+00 7.135250751399643931e+00
2.720950280842800950e+01 1.852121863258709666e+01 2.233645725938163018e+00 1.735437979547801035e+01 5.896183854410486092e+00 7.102777099560078078e+00
2.664265260020244952e+01 1.622645489941603714e+01 4.347166279762699759e+00 1.771771869759346885e+01 5.459788036543440803e+00 7.053502285994584398e+00
2.599746488782293952e+01 1.394925129375746664e+01 6.329114907900851072e+00 1.806440737706984478e+01 5.017865571084891840e+00 6.988814666688661248e+00
2.528500890193055284e+01 1.169209256856731471e+01 8.178686511211136434e+00 1.839365903587382789e+01 4.569137152723591555e+00 6.909947300028921546e+00
2.451797699010997178e+01 9.460423155861306554e+00 9.896483001955651559e+00 1.870489762716902504e+01 4.112157417881624255e+00 6.817867612557613199e+00
2.371020396557268484e+01 7.263081527106658442e+00 1.148353646534389405e+01 1.899782019262096711e+01 3.645556608459566750e+00 6.713177738818131068e+00
2.287608994807431628e+01 5.112153041483274762e+00 1.294074633599713131e+01 1.927242390584930121e+01 3.168271606102776694e+00 6.596035268291870146e+00
2.202995221011186899e+01 3.022299081979420432e+00 1.426871685550648117e+01 1.952898987599651548e+01 2.679748520170511128e+00 6.466103001252417215e+00
2.118533541886648308e+01 1.009686253393791810e+00 1.546791691135644697e+01 1.976801942267136525e+01 2.180101391087521101e+00 6.322534264420672123e+00
2.035431302504201057e+01 9.093207664018567726e-01 1.653904521350125023e+01 1.999012290095037514e+01 1.670215428840764238e+00 6.163997578943804179e+00
1.954681523454825864e+01 2.719528840693080873e+00 1.748347327001898321e+01 2.019586576970737113e+01 1.151788035079458261e+00 5.988741299567567289e+00
1.877002068677608548e+01 4.408190512969728303e+00 1.830365342257059780e+01 2.038558096343217230e+01 6.273060840977083830e-01 5.794695577476046466e+00
1.802784920908231925e+01 5.966058737973791715e+00 1.900341081436587487e+01 2.055916029611558216e+01 9.996301405591298539e-02 5.579605945731569427e+00
1.732059132643863109e+01 7.388140410075191511e+00 1.958807619601587646e+01 2.071584025308787602e+01 4.264762538230473243e-01 5.341190238717608452e+00
1.664470613415428346e+01 8.674108487008680868e+00 2.006445182229545310e+01 2.085399891795725225e+01 9.478510248389334647e-01 5.077308617220700704e+00
1.599281240935119541e+01 9.828367985600097612e+00 2.044062954831703038e+01 2.097098089757308870e+01 1.459807234719624258e+00 4.786135286333662364e+00
1.535388843002403014e+01 1.085979831639771120e+01 2.072569651534357149e+01 2.106296604039927445e+01 1.958011423177472121e+00 4.466320106338785401e+00
1.471368421626262801e+01 1.178121366153803073e+01 2.092937036496775605e+01 2.112489566734959467e+01 2.438361126146851188e+00 4.117128698240000162e+00
1.405533649294037524e+01 1.260859590592498947e+01 2.106160517284079603e+01 2.115046714313906406e+01 2.897177558617491933e+00 3.738550789947319597e+00
1.336015610718858504e+01 1.336015610710314760e+01 2.113220003542503633e+01 2.113220003540979519e+01 3.331355432925253268e+00 3.331355432904241631e+00
1.336015610718858504e+01 1.336015610710314760e+01 2.113220003542503633e+01 2.113220003540979519e+01 3.331355432925253268e+00 3.331355432904241631e+00
2.846503542132662101e+00 2.847956081232426051e+00 2.433319215203393338e+00 2.431919272400342003e+00 3.586331972792899392e-01 3.586920736232891982e-01
5.628213232540732136e+00 5.633778341993000538e+00 4.850536734405544337e+00 4.845178790352277609e+00 6.952276798929816204e-01 6.954659654610954034e-01
8.288663210386571834e+00 8.300318539578650956e+00 7.234039740205309599e+00 7.222835615237138462e+00 9.901828954867152310e-01 9.907259366620144725e-01
1.078393532505547370e+01 1.080268330667386856e+01 9.566234897422551953e+00 9.548243970154853599e+00 1.228372847853458349e+00 1.229344268891685577e+00
1.308658725753554641e+01 1.311236142358925605e+01 1.182963738606605375e+01 1.180494228761872755e+01 1.400712118493015579e+00 1.402218818583668591e+00
1.518727848252835777e+01 1.521905451271840448e+01 1.400691324222539969e+01 1.397649628010231382e+01 1.505040885306229814e+00 1.507155006078907400e+00
1.709386925936809476e+01 1.712993851638978171e+01 1.608091109353893700e+01 1.604638221825798539e+01 1.546296291809136969e+00 1.549042145462479647e+00
1.882817169310098038e+01 1.886649987215007229e+01 1.803474551823206795e+01 1.799800200733313105e+01 1.536062600995807381e+00 1.539414480401334995e+00
2.042092324793606295e+01 2.045950221705220073e+01 1.985199265190415119e+01 1.981489670017087334e+01 1.491679417155964416e+00 1.495569795536266566e+00
2.190581521685421151e+01 2.194292556196885613e+01 2.151702785151665864e+01 2.148117322881365254e+01 1.435034583174790601e+00 1.439364128362507156e+00
2.331345044002614841e+01 2.334778308556927939e+01 2.301548459999209228e+01 2.298209399267657105e+01 1.390809913162565747e+00 1.395446823788068835e+00
2.466593314800483938e+01 2.469656132212258726e+01 2.433475991788624526e+01 2.430471887944956322e+01 1.383346129557165849e+00 1.388111135691492581e+00
2.597253266103228597e+01 2.599876674650554165e+01 2.546445273535147891e+01 2.543845303436952321e+01 1.431553284790021419e+00 1.436205634379906115e+00
2.722667344107987830e+01 2.724785860244340086e+01 2.639661271043038582e+01 2.637535495882030645e+01 1.543834903024001060e+00 1.548069947041679217e+00
2.840446355116182886e+01 2.841978740772354328e+01 2.712570417425500580e+01 2.711010189214159283e+01 1.716932716448412721e+00 1.720364065459720315e+00
2.946501942035656540e+01 2.947338564485607648e+01 2.764824848223273079e+01 2.763958373652432954e+01 1.939160045120014830e+00 1.941258044744443190e+00
4.234320766026215921e+01 4.234320838485694338e+01 2.958427890615190492e+01 2.958427898597791028e+01 6.592037850249263364e+00 6.592037976982991765e+00
3.099232941730497615e+01 3.100234159642940313e+01 2.807687313967368681e+01 2.806604660514158311e+01 2.461688943098289784e+00 2.464878782566513493e+00
3.132260831977630744e+01 3.134435471438090914e+01 2.798230759303033111e+01 2.795814677028561235e+01 2.724189954764045574e+00 2.732060320682980770e+00
3.127901408069940459e+01 3.131407311901357460e+01 2.767607853836199183e+01 2.763588090013856657e+01 2.963706348772950250e+00 2.978179484929726506e+00
3.080998884835803864e+01 3.085954682583468056e+01 2.715428358143398668e+01 2.709535517591100628e+01 3.163665657455104085e+00 3.187063668507008618e+00
2.988498469389017487e+01 2.994958429078000250e+01 2.641148617920338992e+01 2.633139848412509920e+01 3.310193438740247629e+00 3.345108967666854394e+00
2.850045196014319160e+01 2.857976196640347410e+01 2.544109065796258307e+01 2.533800280018544981e+01 3.392828983228131534e+00 3.441865317660687040e+00
2.668265812195267017e+01 2.677529219453552400e+01 2.423610086051046508e+01 2.410915977218700590e+01 3.404791356481372322e+00 3.470153810431491959e+00
2.448639112517705030e+01 2.458981034272208177e+01 2.279019736228232773e+01 2.264001300285815077e+01 3.342788232361030065e+00 3.425741044928803269e+00
2.198922196958093167e+01 2.209975862145038761e+01 2.109905321623883268e+01 2.092821228883724416e+01 3.206483398051597877e+00 3.306733724439770761e+00
1.928189117488884463e+01 1.939492085512667074e+01 1.916180523264240421e+01 1.897533860914565196e+01 2.997822654260655639e+00 3.112945723298159884e+00
1.645636302469762668e+01 1.656662485699088805e+01 1.698259428677301841e+01 1.678826183830705787e+01 2.720441840060371597e+00 2.845503049923215233e+00
1.359385351926964169e+01 1.369587997683390768e+01 1.457206926923414336e+01 1.438029101719170200e+01 2.379334067327118163e+00 2.506875886901624106e+00
1.075533639754518056e+01 1.084391969671884937e+01 1.194870422364372331e+01 1.177197633295319257e+01 1.980842275952265918e+00 2.101369388990252940e+00
7.976444276972808112e+00 8.047053487828279117e+00 9.139710398743964959e+00 8.991425533687413818e+00 1.532899387534604640e+00 1.635904839948323142e+00
5.267402695012816771e+00 5.316485009722567767e+00 6.181263527849096384e+00 6.074015360374811046e+00 1.045315468429536487e+00 1.120748700098334716e+00
2.617166369061502795e+00 2.642311964205859010e+00 3.117767766286030806e+00 3.061424746319482804e+00 5.298662051363384196e-01 5.697812608111121335e-01
1.987929208315879081e-15 5.402082524547691563e-15 9.981688406399720145e-03 9.981688406393381466e-03 5.593655951990390333e-16 7.227995084670172726e-16
