0.000000000000000000e+00 0.000000000000000000e+00 0.000000000000000000e+00 0.000000000000000000e+00 0.000000000000000000e+00 0.000000000000000000e+00 0.000000000000000000e+00 0.000000000000000000e+00 0.000000000000000000e+00 0.000000000000000000e+00 0.000000000000000000e+00 0.000000000000000000e+00 0.000000000000000000e+00 0.000000000000000000e+00 0.000000000000000000e+00
-6.600027265628142376e-03 3.341823896435565378e-02 1.551891026528781636e-02 3.892270448098005074e-03 -3.841192358387343105e-05 1.766377732711372226e-03 -4.012058145531355834e-03 8.414615757955459053e-07 -1.796544229103126189e-03 -6.403520406265011435e-04 3.357335163649814865e-04 -6.889470339593437758e-04 -1.009608199501285691e-05 1.419407783978827761e-06 7.090444873965112255e-06
-6.152169367952200693e-03 3.140334415494573650e-02 1.397529844643519842e-02 6.999633880857018299e-03 -7.681248225699302946e-05 3.640746359973248084e-03 -7.236848208137364701e-03 7.278623049546816664e-06 -3.664194725764194794e-03 -1.198823608431672351e-03 6.379701915022534730e-04 -1.250438473834101496e-03 -2.020015085630885593e-05 2.775408040903142612e-06 1.338463242981018568e-05
-5.457438553866607311e-03 2.824422919418698164e-02 1.162879403912187373e-02 8.824763835954051866e-03 -1.174679308084136008e-04 5.791778863888367990e-03 -9.172637792308126203e-03 2.639882153644100492e-05 -5.739759926542966142e-03 -1.607331415093518406e-03 8.771422323312358729e-04 -1.592057648996251075e-03 -3.005631649701373859e-05 3.990255685835681662e-06 1.820929806731651012e-05
-4.586174250516546896e-03 2.421604662019028950e-02 8.786919835733450132e-03 9.269908417362577105e-03 -1.631261729140785462e-04 8.611275756474693482e-03 -9.713853813069987797e-03 6.416353894258607722e-05 -8.399705140048797578e-03 -1.822570277309052160e-03 1.030893433528311297e-03 -1.677454153589003159e-03 -3.897157497796505755e-05 4.964502101366460721e-06 2.109509380749215995e-05
-3.623440085875014472e-03 1.965974769411709538e-02 5.821023406618924985e-03 8.559817359868486519e-03 -2.120802079165019565e-04 1.352002229967995232e-02 -9.073845686067887051e-03 1.196955509579659347e-04 -1.308215566385926773e-02 -1.832038836065120807e-03 1.086242249920104427e-03 -1.527792130949726579e-03 -4.579931556599245836e-05 5.581394468830036689e-06 2.180556004572929354e-05
-2.657874777783172677e-03 1.494375724038511308e-02 3.114875322787174182e-03 7.081645569348418365e-03 -2.545663379956447257e-04 3.279997573099319857e-02 -7.626085374408033551e-03 1.811652665123716650e-04 -3.212876499222629134e-02 -1.654131299667335742e-03 1.040430746532086106e-03 -1.208053440658157047e-03 -4.910264067385279471e-05 5.724081015358633138e-06 2.034036128275011718e-05
-1.770336457806402555e-03 1.042292200156287076e-02 1.005980727240357846e-03 5.240571043673100150e-03 -2.738635415895555414e-04 -5.762416932402200827e-03 2.269037966513585210e-04 2.573611663104580921e-02 -2.491646669694680405e-02 -1.332639826432792688e-03 9.005451001815548834e-04 -8.073338296804989222e-04 -4.746973483033904278e-05 5.302384989769581859e-06 1.694557652118078550e-05
-1.024076004845888080e-03 6.400122057968712572e-03 -2.759053854849540248e-04 3.371306139639333645e-03 -2.520273393600915598e-04 -3.808010039906198699e-03 2.318269261976284388e-04 5.749307325786025269e-03 -4.955282983724629622e-03 -9.271614727397901531e-04 6.821871037420075036e-04 -4.203157277540720558e-04 -3.990777884365642741e-05 4.282332635974811647e-06 1.213305260524810342e-05
-4.579653605286695918e-04 3.095851049725341624e-03 -6.614256021129050981e-04 1.703590102653862459e-03 -1.775181729711397072e-04 -1.990277208118117723e-03 1.763660567116973347e-04 1.788764171694390672e-03 -1.232475111290027344e-03 -5.016237598599908786e-04 4.075431762669566083e-04 -1.318559973695533779e-04 -2.621329094048938682e-05 2.709815004806659212e-06 6.670760824681635282e-06
-8.379018458827920061e-05 6.300319906513428313e-04 -2.637085891213513419e-04 3.640944091662964670e-04 -5.128496316586096362e-05 2.779585462975501359e-04 -4.432565711209266466e-04 5.419898196149720062e-05 -1.256402618970033753e-04 -1.133174652925406209e-04 1.031520268204616275e-04 -2.593031422980416757e-06 -7.213492284750561839e-06 7.203495501224019491e-07 1.495980440210701286e-06
-9.815910395582925965e-04 1.121246650730155665e-04 6.512531127834369615e-04 -6.033954383621802737e-04 1.111820859852400263e-04 -3.602967558482509801e-04 -1.240653347135212213e-04 7.714563817048978407e-04 6.058981606291324098e-05 -2.024346944350827139e-04 1.955201740347436458e-04 -5.412908368079536218e-05 -1.470138680294381679e-06 1.520247369197478933e-05 -2.463226932583454773e-06
-1.816613604738892334e-03 1.634947488109570650e-04 1.744319784381393856e-03 -1.212635964987495178e-03 2.825984923919088289e-04 -5.852570353492187209e-04 -3.323370717634402285e-04 1.640757014040579963e-03 -8.022691779895783297e-05 -4.810120226518192310e-04 4.022611151208292679e-04 -2.583958179135214389e-04 -3.593965327955110040e-06 3.829657190673377000e-05 -4.517910366197139393e-06
-2.023281980389580320e-03 1.160817506090207281e-04 2.700381243568614892e-03 -1.511802138936657993e-03 4.305264665924404973e-04 -5.937571090697659013e-04 -5.349354905404186695e-04 2.180376074023394981e-03 -2.641539691722241266e-04 -7.070751876662064025e-04 5.041972241611278761e-04 -5.416447195355318309e-04 -5.375101021715958622e-06 5.891410435516873108e-05 -4.419918999429125331e-06
-1.790455396199403188e-03 1.874802604392348152e-05 3.301688086606928332e-03 -1.565550219126942474e-03 5.258544429113824531e-04 -4.909943665118023754e-04 -6.949808340158095295e-04 2.421949754273812743e-03 -3.738803199470909478e-04 -8.601304057768413471e-04 5.151348327480819627e-04 -8.087236309737461408e-04 -6.578482440140272500e-06 7.405327402352457843e-05 -2.455070130337467953e-06
-1.315643555582979600e-03 -8.477498269063399685e-05 3.456459223795238685e-03 -1.442575638153570112e-03 5.506230614069359359e-04 -3.413410348175706984e-04 -7.828790952657107899e-04 2.406231390790362305e-03 -3.916407853319163164e-04 -9.268500947171953545e-04 4.595105510705900899e-04 -9.777113434977801644e-04 -7.054248034108839196e-06 8.145039781500447711e-05 6.166248141668701141e-07
-7.763501433095301284e-04 -1.620375522110172224e-04 3.187833376847125279e-03 -1.207752898488098029e-03 5.029723198961283262e-04 -1.874657112730674030e-04 -7.827467247015542631e-04 2.180461455981675019e-03 -3.442971436529190690e-04 -9.028468116784067873e-04 3.656320714514636814e-04 -1.005690259786890623e-03 -6.766583718868713768e-06 8.004734165058376095e-05 3.764260313020912856e-06
-3.087981939682498214e-04 -1.951134314271595277e-04 2.600151223928954571e-03 -9.176240014879968139e-04 3.978178253882531500e-04 -5.832923856076242938e-05 -6.953890958875996514e-04 1.797613504917168611e-03 -2.661844342271062419e-04 -7.937382329058430448e-04 2.596132673586356199e-04 -8.945696113154481387e-04 -5.800195333670362920e-06 7.022856129498808767e-05 5.973927285421184880e-06
3.637272963367680657e-06 -1.807415396421660459e-04 1.838372775372883313e-03 -6.181283528793158439e-04 2.630336981026047769e-04 2.755837928165025193e-05 -5.374329191970790348e-04 1.315573838946882020e-03 -1.822999365540602676e-04 -6.151381447619890626e-04 1.611762956185790305e-04 -6.802991287386350814e-04 -4.342605989607537937e-06 5.376480628710377619e-05 6.533747673814458860e-06
1.318699500178357282e-04 -1.277716738859931438e-04 1.050964277121135869e-03 -3.437505423505506801e-04 1.321357687750961216e-04 6.086969906995640529e-05 -3.371420953339192717e-04 7.949752513237814044e-04 -1.053470822065364926e-04 -3.912793216061362725e-04 8.186351276171577654e-05 -4.153795860044398060e-04 -2.646166625358421274e-06 3.346777509547072666e-05 5.228862524969985744e-06
9.367652286085391292e-05 -5.276393483152275529e-05 3.618834082155613068e-04 -1.175546190894541463e-04 3.542108705760129973e-05 4.059703750522619702e-05 -1.281186148533846865e-04 2.951941304631568587e-04 -3.890795728808783485e-05 -1.521685234319475495e-04 2.552271831534453327e-05 -1.526363523068604634e-04 -9.783849853718242574e-07 1.262846781108614039e-05 2.387013795954513315e-06
2.517113116110197528e-05 -6.012373010078251819e-05 -8.019418589848769600e-06 4.818517706041354530e-05 -1.458975032127750814e-04 -2.738227965654782393e-05 -1.311995825150967618e-04 5.759257586657297388e-05 1.808407002794399282e-05 -9.614993221526149051e-06 7.053417639824392500e-05 6.610598836982159226e-05 -5.635605604799189442e-06 4.282839915579677000e-07 -1.238077603902143048e-06
8.918835388147844281e-05 -2.627570857877142450e-04 4.824715243129672349e-06 1.508743993975337962e-04 -4.350978027941244833e-04 -1.328594910603173376e-04 -4.445971131536414849e-04 1.955156168420354318e-04 6.763121690502652266e-05 -2.822350462693508426e-05 2.483947403772675038e-04 2.158409377255411177e-04 -1.897652511094065735e-05 1.416281628929243374e-06 -4.707312249335317985e-06
1.282586988090602504e-04 -4.486006181474595507e-04 6.056299746180541333e-05 1.960264237634295082e-04 -5.081989772165213144e-04 -2.654616890822021993e-04 -6.237537219476739546e-04 2.727234678707069100e-04 1.102996182901281436e-04 -3.546243999526132220e-05 3.610516981632579830e-04 2.894458839488450470e-04 -2.622093575444119136e-05 1.924372983064948038e-06 -7.183234599879175242e-06
1.388694438465008275e-04 -5.673855820455897883e-04 1.338369869503912562e-04 1.952220280827157814e-04 -3.915028262601405549e-04 -4.223584033246628494e-04 -6.689898649270143837e-04 2.891490182558924499e-04 1.442330826080413515e-04 -3.548058856239324544e-05 4.000832786762744103e-04 2.951804605537422001e-04 -2.749607262540011820e-05 1.987242318178819022e-06 -8.171524022647904531e-06
1.247152343935387455e-04 -5.932871198306423300e-04 1.953417477178911825e-04 1.636454353579943613e-04 -1.003712057050704006e-04 -6.313108443423663674e-04 -6.019866876823858548e-04 2.561647791267095153e-04 1.654580331964875244e-04 -3.102658869255043379e-05 3.709430953203162449e-04 2.518803611814545438e-04 -2.405729018879548551e-05 1.715006486824446934e-06 -7.641083725424309013e-06
9.466394061276344396e-05 -5.276992728776939284e-04 2.211751171934257494e-04 1.173545726061523553e-04 5.337949210062445556e-04 -1.111429351320699027e-03 -4.615020252043155503e-04 1.928878350670605970e-04 1.693066414146888402e-04 -2.390277181043018865e-05 2.921535956487126108e-04 1.830884870166002041e-04 -1.787026910011931387e-05 1.258805278272249946e-06 -5.988540030732509088e-06
5.965265320629750049e-05 -3.957254735268116034e-04 2.007938179311135457e-04 7.058284545283750942e-05 6.226304199894648790e-03 -6.625489361448824027e-03 -2.950645123569956355e-04 1.210520105477399605e-04 1.526392241334470045e-04 -1.569066243134345932e-05 1.912520382768370675e-04 1.112886087141971804e-04 -1.105981164932358076e-05 7.712942629325643973e-07 -3.866012851500340720e-06
2.938519314960867695e-05 -2.377452854863527465e-04 1.412624057366691332e-04 3.348180963789256382e-05 3.426183090332604532e-04 -5.763139359367956856e-04 -1.476277451862999831e-04 5.952128235573587355e-05 1.163598796427546479e-04 -8.129848933029548762e-06 9.757978779851532848e-05 5.324697071799399468e-05 -5.367128033960015472e-06 3.713269960102316145e-07 -1.936813940144620700e-06
9.704440611854179188e-06 -9.862356719568357610e-05 6.671297364150440999e-05 1.073943487456939261e-05 6.819183621685084796e-05 -1.735468879883125012e-04 6.759923651196730638e-05 -4.940580191812030586e-05 1.963717330106496089e-05 -2.811174658866139101e-06 3.314283536053954651e-05 1.720010699733464212e-05 -1.751456773219034549e-06 1.204771704025515962e-07 -6.462601681321374494e-07
1.294231451223024078e-06 -1.660047952933498236e-05 1.234605769606501921e-05 1.404904141174357471e-06 7.298000947170237095e-06 -3.328219961726451505e-05 2.103175567503459727e-05 -6.646076443252471702e-06 2.616797551711316024e-06 -3.868092586046365386e-07 4.499764406684605429e-06 2.261462865093762463e-06 -2.316970229831656875e-07 1.588195717747726072e-08 -8.662463043598044860e-08
-4.767392219721394781e-15 -2.464583304724391427e-15 4.321488483411598156e-32 4.860406817433306035e-17 -2.592734539185615203e-16 -4.990881207611619613e-15 2.519475228045934287e-16 -2.225970323992008176e-32 -4.058262131464103836e-17 -2.078298696467075989e-16 9.158142452628685404e-15 1.336867903325005702e-21 9.316684251639060660e-16 2.183597871477904380e-17 -6.420917347659229110e-16
-4.767392219721394781e-15 -2.464583304724391427e-15 4.321488483411598156e-32 4.860406817433306035e-17 -2.592734539185615203e-16 -4.990881207611619613e-15 2.519475228045934287e-16 -2.225970323992008176e-32 -4.058262131464103836e-17 -2.078298696467075989e-16 9.158142452628685404e-15 1.336867903325005702e-21 9.316684251639060660e-16 2.183597871477904380e-17 -6.420917347659229110e-16
4.956485314311221968e-01 1.442471739175555490e+00 -6.154692784443868137e-01 -4.597289896357490552e-02 -1.627988420077993714e+00 -2.056321982939225190e+00 -4.412005993005045035e+00 2.059994023447488110e-01 5.795823589512385965e+00 -5.848423243897112045e-02 3.099737578328269905e+00 1.095344460735427246e-02 7.578263457382809765e-02 2.135232583258118488e+00 6.079429407856984380e-01
9.864300589139617381e-01 2.778395735876070027e+00 -1.208694055426410952e+00 -8.820643134903639881e-02 -3.473225535369942829e+00 -3.522849987875931177e+00 -4.322337771770638604e+00 4.018856444454668719e-01 7.304475929350862984e+00 -1.200513637505997711e-01 5.655209977298843782e+00 1.867186315747288577e-02 1.489935374611017771e-01 4.239223561994931444e+00 1.202642937541791079e+00
1.467549075692934579e+00 3.910543465174516786e+00 -1.760877980803870813e+00 -1.235045059413978769e-01 -5.430128064438426883e+00 -4.243557387397246750e+00 -3.067475279795266463e+00 5.782764472733534777e-01 7.757016558245741322e+00 -1.875642859237853788e-01 7.553352402972008939e+00 2.010528594994516818e-02 2.171346116458842124e-01 6.280659260599401605e+00 1.771715731143605366e+00
1.934350694239814317e+00 4.759341474296345353e+00 -2.259762699084626902e+00 -1.496904344547729526e-01 -7.120088179687877883e+00 -4.352110720209102723e+00 -1.771962139331386688e+00 7.271730862848857502e-01 7.904998252977622819e+00 -2.634663113722880978e-01 8.965202759312136394e+00 1.255432822629484746e-02 2.778564491993906205e-01 8.228152253807587968e+00 2.304414840806276565e+00
2.382385939713886902e+00 5.269772025177866581e+00 -2.702234019895430439e+00 -1.659575044698370361e-01 -8.331547282255840514e+00 -4.024255304675859790e+00 -8.063927241525402634e-01 8.424707080643677459e-01 7.920577688448732445e+00 -3.496197530757226835e-01 1.009427571862921269e+01 -6.198359304069899975e-03 3.290353021881158302e-01 1.005038452057486076e+01 2.792261539579112384e+00
2.807473118328492223e+00 -3.096644475588825607e+00 5.417077439889001589e+00 -1.730503636865883543e-01 -9.106862157285133819e+00 -3.397194589387884545e+00 -1.643306711933928688e-01 9.202851218865673033e-01 7.862045142393571773e+00 -4.471954263657955675e-01 1.109042811721557698e+01 -3.779709842020011201e-02 3.688508748045537522e-01 1.171646950637591189e+01 3.229474106724585347e+00
-3.465232493482982790e+00 3.205756201257262461e+00 -1.732511534142394949e-01 5.211669335318211971e+00 -9.541168713038105764e+00 -2.575214849991191102e+00 2.560555068795438705e-01 9.590796815186679591e-01 -5.566194979057900172e-01 7.756138102884274410e+00 1.204845930813857180e+01 -8.326046120791900929e-02 3.958620126310805065e-01 1.319659118539351716e+01 3.613166735564353083e+00
-3.846699011806930191e+00 3.573761194225839155e+00 -1.701631440151055996e-01 4.702503487687491379e+00 -9.683239351293581265e+00 -1.649623047064954884e+00 5.341407603315629915e-01 9.595971463295858150e-01 -6.775773682744158366e-01 7.618699856499162593e+00 1.302105520197022237e+01 -1.429583214038634698e-01 4.090757838088995291e-01 1.446294055480266394e+01 3.943310207536116163e+00
-4.297544849939381351e+00 3.908450166591157959e+00 -1.683050164938965088e-01 3.975657585158927088e+00 -9.530390875335577050e+00 -7.111800289608017911e-01 7.160908543037145524e-01 9.246174600939228716e-01 -8.090680748219555296e-01 7.461054576116909587e+00 1.402841003812320331e+01 -2.166077172138292928e-01 4.080045157288489377e-01 1.549091494602360264e+01 4.222464298132731386e+00
-4.887277110457087126e+00 -1.725514176606086636e-01 4.207270188016267731e+00 3.143042900279367391e+00 -9.047963468142857124e+00 1.506247037094334273e-01 8.270306466811989665e-01 8.585743229492135420e-01 -9.494977429346846964e-01 7.291960081493188639e+00 1.506468122960707312e+01 -3.032780622888850974e-01 3.927052893562902325e-01 1.626048692696720011e+01 4.455303963887635277e+00
-5.677989267238061188e+00 -1.874787388129585675e-01 4.468191516445126688e+00 2.319415200848802261e+00 -8.200921684813160084e+00 8.611275963628847174e-01 8.814320631417991159e-01 7.670731305123816846e-01 -1.096797282004503771e+00 7.117977341291574334e+00 1.610393935948915001e+01 -4.014005945456968760e-01 3.637972005464814029e-01 1.675760440524295447e+01 4.647968151360885258e+00
-6.682749707520468263e+00 -2.166955520252921430e-01 4.689726875245824544e+00 1.595126933683483239e+00 -7.001691185316594179e+00 1.378363202826719647e+00 8.893033291706831100e-01 6.563611536604748720e-01 -1.248547897277984653e+00 6.943324389640224581e+00 1.710696083441178317e+01 -5.087824126350269927e-01 3.224531823038519485e-01 1.697546385678759506e+01 4.807264518993887847e+00
-7.826719602022238043e+00 -2.622495903024159025e-01 4.870922356619591831e+00 -5.551955423298912784e+00 1.018667929282905282e+00 1.701711820124471863e+00 8.594418141669832867e-01 5.328067732324716088e-01 -1.402097924012167152e+00 6.769697264759637179e+00 1.802848091205687098e+01 -6.226302843375440821e-01 2.703650425645922617e-01 1.691550602676364790e+01 4.939770308351905115e+00
-8.965364379943911999e+00 -3.242026172027338005e-01 -4.025318243023360942e+00 5.011310871695425107e+00 5.972149276144592678e-01 1.864429243164578365e+00 8.008690918021211802e-01 4.024456672461948492e-01 -1.554655719431784267e+00 6.596282579698858228e+00 1.882360108121663345e+01 -7.395923741652951078e-01 2.096822962569019622e-01 1.658800928209121395e+01 5.050884286580970439e+00
-9.963703841577874698e+00 -4.004479986326547891e-01 -2.587632454604144261e+00 5.110821155723275666e+00 3.105783944344513436e-01 1.915712554091502540e+00 7.231402831142100807e-01 2.706450629193257740e-01 -1.703345579601140525e+00 6.420035501750991358e+00 1.945224765438705816e+01 -8.558265706134411399e-01 1.429271170945703440e-01 1.601218649001956962e+01 5.143910108950080051e+00
-1.075666725327523032e+01 -4.868134887277341116e-01 -1.335393059279026629e+00 1.278184561872756364e-01 5.169638723734292896e+00 1.903130689400828190e+00 6.359746969338211375e-01 1.419205244208522898e-01 -1.845216632373783749e+00 6.236194907932465448e+00 1.988143812785666142e+01 -9.671022821977015571e-01 7.288917625861658645e-02 1.521571690370485719e+01 5.219284674060483908e+00
-1.134515104807114483e+01 -5.774477820489679614e-01 -2.979432828161892588e-01 1.916268046256125457e-02 5.188019210312400098e+00 1.862039154934351792e+00 5.485366236432080989e-01 1.991392760292568648e-02 -1.977198227628940375e+00 6.038943920146127908e+00 2.008588061266936720e+01 -1.068938950975851565e+00 2.505251925532435853e-03 1.423366625675692276e+01 5.274093768355876399e+00
-1.176229039526196729e+01 -6.654415967111922958e-01 5.307304208981630245e-01 -3.840582535188052232e-02 5.166058620528223955e+00 1.812534519175771353e+00 4.686241895893770160e-01 -9.248938731043468420e-02 -2.095999469242685098e+00 5.822099950779027644e+00 2.004770166835825762e+01 -1.156779853054390905e+00 -6.527067027801031207e-02 1.310678044351598359e+01 5.302020078039249462e+00
-1.204721084870701731e+01 -7.435926044892573472e-01 1.167649050915736009e+00 -6.034287449377673945e-02 5.103428976890633351e+00 1.761471116726131880e+00 4.019594610692072134e-01 -1.929543366202686738e-01 -2.197955417246867160e+00 5.579730996591164782e+00 1.975593648619747000e+01 -1.226194791935379946e+00 -1.276004810378916499e-01 1.187920052538781945e+01 5.293822839963605809e+00
-1.223313558900313858e+01 -8.051982081809048175e-01 1.630657400947786773e+00 -5.633361141672110078e-02 4.999092271655835695e+00 1.706777442044769888e+00 3.517060204221340580e-01 -2.794679850280106237e-01 -2.278828804497865956e+00 5.306632852700452041e+00 1.920609440132934154e+01 -1.273100733893903769e+00 -1.818915116553283806e-01 1.059574730782339991e+01 5.238346360569329896e+00
-1.234385018253764699e+01 -8.447571650331398008e-01 1.936352520077971873e+00 -3.291394310969759929e-02 4.851012343493842138e+00 1.642073517028945329e+00 3.182794444968945480e-01 -3.501578456407882789e-01 -2.333585385329807416e+00 4.998648157484448795e+00 1.839984340504297933e+01 -1.293985863342919318e+00 -2.259157805322407619e-01 9.299041427523199843e+00 5.123919575913641999e+00
-1.239310879684807354e+01 -8.584807358102864994e-01 2.100785814917436767e+00 4.227083103825485071e-03 4.655896768402397079e+00 1.560436480037287188e+00 2.994714360547606757e-01 -4.032091561121716738e-01 -2.356176185252775390e+00 4.652846559109264035e+00 1.734471545066714526e+01 -1.286120421474546083e+00 -2.579124174527377966e-01 8.026809656515897728e+00 4.939894190482251091e+00
-1.238419929415737819e+01 -8.445510763030545931e-01 2.140442810723651945e+00 4.885621242807211551e-02 4.409024455185438285e+00 1.456829205329287946e+00 2.908805205627061352e-01 -4.369064233452470969e-01 -2.339385691863637984e+00 4.267606101684460640e+00 1.605370602383787215e+01 -1.247737390132863222e+00 -2.766675472622407428e-01 6.809726857201814809e+00 4.678031753267761772e+00
-1.230816564980178995e+01 -8.031102891843907576e-01 2.072686684541331203e+00 9.385564725628027516e-02 4.104255745857644300e+00 1.329176480106532665e+00 2.866204932162007557e-01 -4.497935580231147701e-01 -2.274847308540626223e+00 3.842637749586872875e+00 1.454468307519150549e+01 -1.178167787559186941e+00 -2.815672353047188325e-01 5.670038177968439008e+00 4.333512295104990919e+00
-1.213903258087500703e+01 -7.360088867118426137e-01 1.915556020922219327e+00 1.317525790433601018e-01 3.734383360874518054e+00 1.178356871752495705e+00 2.802472940222877074e-01 -4.409197432370532410e-01 -2.153388912570942004e+00 3.378982856746165719e+00 1.283959086044341014e+01 -1.077918993993094432e+00 -2.726208867893628596e-01 4.621034445929663725e+00 3.905467076319172559e+00
-1.182273891733552063e+01 -6.463800448458540959e-01 1.687071063805674065e+00 1.557653107928464453e-01 3.292051135652119154e+00 1.007498091779637672e+00 2.657995000882908965e-01 -4.101195689794032151e-01 -1.965938920271552037e+00 2.878995277845072032e+00 1.096350370141245811e+01 -9.486897246013573648e-01 -2.504545616622823045e-01 3.667285886467172684e+00 3.397070324499726013e+00
-1.125247679143275370e+01 -5.381307710225720076e-01 1.404306312267437296e+00 1.609725785355306249e-01 2.771488141130126870e+00 8.209630238053295948e-01 2.387988092253822692e-01 -3.582676549382050601e-01 -1.705242296957546033e+00 2.346303191164360591e+00 8.943634095300492248e+00 -7.933212510538769635e-01 -2.162757305185081524e-01 2.805435976262681486e+00 2.815303943818189047e+00
-1.021619832048816612e+01 -4.154494873095724849e-01 1.082518451800819514e+00 1.452647460077116648e-01 2.171155411283983483e+00 6.233462575072167278e-01 1.970304996352464921e-01 -2.874498543871272793e-01 -1.368484004269385323e+00 1.785735566394118568e+00 6.808418747711272090e+00 -6.156902038807632316e-01 -1.718127424696477556e-01 2.025337831136723388e+00 2.170519360124125718e+00
-8.307464625305387429e+00 -2.824196355449891671e-01 7.345877619212108911e-01 1.098361964909066735e-01 1.496923021632318163e+00 4.187093215342209684e-01 1.409429516736055432e-01 -2.010045170361947631e-01 -9.604368997029013588e-01 1.203196480728358164e+00 4.586792729045299666e+00 -4.205526871592012439e-01 -1.192334490739303809e-01 1.311358733418072076e+00 1.475884406246636971e+00
-4.928909357087107423e+00 -1.428011476864759211e-01 3.709414168408168289e-01 5.909665836328392707e-02 7.645956234620788772e-01 2.101869746709875142e-01 7.357298136205583927e-02 -1.034073241892598943e-01 -4.959513471165434839e-01 6.054763552784903080e-01 2.307721109680181293e+00 -2.133517190161038080e-01 -6.104791406386662206e-02 6.437453042980163520e-01 7.467571630471374622e-01
-7.819719272482687383e-15 1.063811362601145355e-16 -8.592360034397117835e-16 6.397596057579725029e-16 -1.061889726972679059e-15 4.704405977307006946e-16 1.421073782120731202e-16 9.592090084598173598e-16 -4.550758980848605287e-16 1.135024431334415061e-15 8.424122785181080259e-15 -3.432914665127776882e-16 -1.199934437749520397e-16 1.342892134343228159e-15 -1.095105106809803125e-14
-7.819719272482687383e-15 1.063811362601145355e-16 -8.592360034397117835e-16 6.397596057579725029e-16 -1.061889726972679059e-15 4.704405977307006946e-16 1.421073782120731202e-16 9.592090084598173598e-16 -4.550758980848605287e-16 1.135024431334415061e-15 8.424122785181080259e-15 -3.432914665127776882e-16 -1.199934437749520397e-16 1.342892134343228159e-15 -1.095105106809803125e-14
-3.469580188725113423e+00 -9.854087905282313264e-02 1.796865370741068391e-01 1.183760852075723263e-01 5.343269439082103389e-01 1.303931707565027243e-01 7.097422658615626379e-02 1.583854122267291664e-01 -5.766493540822728026e-01 4.265967123338789690e-01 8.059066307230234871e-01 6.714459381530681892e-01 -4.260168737443541936e-02 4.512234890205959470e-01 5.276356820168075501e-01
-5.834796331207969367e+00 -1.826110886899649233e-01 3.461024977870771346e-01 2.256799489386452640e-01 1.021622217903839003e+00 2.530426851856591997e-01 1.413489268282525357e-01 3.155058348279036196e-01 -1.103650415167338528e+00 8.476495007155354644e-01 1.605535503285887122e+00 1.344008352692034336e+00 -8.079085347840507525e-02 9.055883768893139285e-01 1.051804249077960218e+00
-7.154129803045926828e+00 -2.384779142016044406e-01 4.871496022104014889e-01 3.114745556368570534e-01 1.427378466290757597e+00 3.606740985623074214e-01 2.102485674606932309e-01 4.699376376848592440e-01 -1.544353078417590508e+00 1.257693951932834064e+00 2.392894737045803133e+00 2.018295877195233512e+00 -1.105330720074533257e-01 1.365853223515680170e+00 1.569632639938182805e+00
-7.847678394239316901e+00 -2.538027657547260452e-01 5.929299638675925577e-01 3.665436970552096718e-01 1.734896618048186623e+00 4.469711455547354939e-01 2.763097568901947132e-01 6.199657375701913553e-01 -1.880840779152072484e+00 1.651445105684152370e+00 3.162541231952963994e+00 2.693951612094165782e+00 -1.285183863762312251e-01 1.834041204914632184e+00 2.079373897604914312e+00
-8.196670792582642306e+00 -2.181582916339677436e-01 6.565050149071273156e-01 3.833929001816258064e-01 1.942664771366838350e+00 5.070897729721056679e-01 3.375770848564029758e-01 7.634997600050481559e-01 -2.111706281958079412e+00 2.023933611073426952e+00 3.909799544936283233e+00 3.369292052503595425e+00 -1.324472101267174795e-01 2.311144685206234506e+00 2.580820921599771278e+00
-8.344281317299586220e+00 -1.233929666359817462e-01 6.742995042292783126e-01 3.566491987066079949e-01 2.058169831764543378e+00 5.381771328670613697e-01 3.915184475285368171e-01 8.980571545168448688e-01 -2.246155553059569598e+00 2.370685613145991244e+00 4.630919070329237108e+00 4.041081476196279887e+00 -1.212325568122271796e-01 2.796907578363502456e+00 3.075556749081778118e+00
-8.360124134313128508e+00 3.611725285371177041e-02 6.461217623534681875e-01 2.833554093091283921e-01 2.092250426537947128e+00 5.398451698876639560e-01 4.351419613978063095e-01 1.020823967256303311e+00 -2.298474350818673351e+00 2.687943723263905849e+00 5.323156001327397746e+00 4.704468859024394156e+00 -9.510287880247213221e-02 3.289698609306813459e+00 3.567012036354758386e+00
-8.278252477684249655e+00 2.632440788947545407e-01 5.748368697502416191e-01 1.631559641419384199e-01 2.055636556911224044e+00 5.145212897249988870e-01 4.651788898324423771e-01 1.128795141962706916e+00 -2.284409440010047643e+00 2.972916261896495271e+00 5.984770871383080504e+00 5.353098686459091482e+00 -5.559834083048277587e-02 3.786480885752220971e+00 4.060319740163876645e+00
-8.115465091154492328e+00 5.578073329637943667e-01 4.657880778287686874e-01 -1.635112442594808873e-03 1.957600458277920730e+00 4.675840072737403319e-01 4.782948590799525612e-01 1.218986538951687626e+00 -2.219300742528882431e+00 3.224033347209628531e+00 6.614936784133171876e+00 5.979388385616352330e+00 -5.462097042646431484e-03 4.282876273381232224e+00 4.561977934502434273e+00
-7.880063982565654435e+00 9.161487202752444103e-01 3.260986937030534438e-01 -2.061058932910123931e-01 1.806082072171599995e+00 4.071991816440922451e-01 4.713033427851211488e-01 1.288701195104985375e+00 -2.117303509113742432e+00 3.441182241455329915e+00 7.213558089845030885e+00 6.574945254320428312e+00 5.156369466475227425e-02 4.773317340463958836e+00 5.079351807789834083e+00
-7.576202312821918916e+00 1.330667228074191355e+00 1.639917108516817934e-01 -4.429987948234492268e-01 1.608606721117416205e+00 3.438083235827012474e-01 4.413775293985905956e-01 1.335823693938998691e+00 -1.991143619157420108e+00 3.625890865885751158e+00 7.781005059000585256e+00 7.131076944918953942e+00 1.110203933761649414e-01 5.251275116590359282e+00 5.620062475025064508e+00
-7.206093713455063110e+00 1.789604583917530745e+00 -1.176521977019455781e-02 -7.032045912771692775e-01 1.373329073095385766e+00 2.892790082051143186e-01 3.862874790141065384e-01 1.359109957388808132e+00 -1.852073133365689017e+00 3.781427241287455221e+00 8.317777939333147685e+00 7.639334140797014783e+00 1.680717666594573889e-01 5.709547427324351609e+00 6.191320865431551468e+00
-6.771079076308176958e+00 2.277490980815014776e+00 -1.922392162285425088e-01 -9.765604067555727630e-01 1.109579710447063494e+00 2.557908167335621874e-01 3.047247921134990656e-01 1.358436381348160582e+00 -1.709864242365730647e+00 3.912783272708928006e+00 8.824123972015593509e+00 8.092014475941825324e+00 2.178734104624059642e-01 6.140589976139186668e+00 6.799267986283302534e+00
-6.272032293995986940e+00 2.776509717689817247e+00 -3.685501774224236304e-01 -1.252963241880630019e+00 8.275349278523931318e-01 2.546277439291521616e-01 1.967514678421224683e-01 1.334972924924730409e+00 -1.572779721977770162e+00 4.026513300570305987e+00 9.299642232165012956e+00 8.482555920054450027e+00 2.559450035913321542e-01 6.536870609340511784e+00 7.448377969886079697e+00
-5.709432825012290991e+00 3.268580851514514496e+00 -5.319845695664218166e-01 -1.523682541762348741e+00 5.371340211740821546e-01 2.953148441298101279e-01 6.414811637598141769e-02 1.291250086484231341e+00 -1.447509729124658806e+00 4.130400903700262027e+00 9.742919884064667357e+00 8.805759835648352407e+00 2.785176694848756074e-01 6.891226365425394462e+00 8.140968560079372196e+00
-5.083447670864795320e+00 3.737499783107132600e+00 -6.740623228792976818e-01 -1.782561218734737274e+00 2.468533316548256473e-01 3.853470595934481713e-01 -8.946017016166825375e-02 1.231099656212310212e+00 -1.339089942093067753e+00 4.232931435698364275e+00 1.015124377144267953e+01 9.057813633632713746e+00 2.828304578425927529e-01 7.197203029131277852e+00 8.876847366093519653e+00
-4.394402098986181393e+00 4.170410313905173361e+00 -7.865701077570781408e-01 -2.026616013555553764e+00 -3.698589027834674192e-02 5.296891005868501479e-01 -2.579230050128213936e-01 1.159462981408412530e+00 -1.250827422500810693e+00 4.342552832338666846e+00 1.052041766228828124e+01 9.236133595341090796e+00 2.673534040904939069e-01 7.449357977024565258e+00 9.653104254081345204e+00
-3.643920919957744253e+00 4.558300952423920194e+00 -8.615041426058264173e-01 -2.255545014394021663e+00 -3.100982908551271344e-01 7.303014862421445264e-01 -4.318277990928204857e-01 1.082076642464441685e+00 -1.184264016286182386e+00 4.466714774066124605e+00 1.084468730879991583e+01 9.339116045593714333e+00 2.319196678090685582e-01 7.643509051260548581e+00 1.046404361473583222e+01
-2.836665888207352104e+00 4.895719823232041357e+00 -8.907952758970985041e-01 -2.469993897349782586e+00 -5.695218572580804661e-01 9.863182136170798309e-01 -5.987183047733442010e-01 1.005061604756796623e+00 -1.139204802642497905e+00 4.610692109192790156e+00 1.111674109358674301e+01 9.365952749635155783e+00 1.777557054217524246e-01 7.776914958845010162e+00 1.130123731097230788e+01
-1.982022981996528932e+00 5.180143901137737039e+00 -8.656390447309498803e-01 -2.669125104781016056e+00 -8.127573898434368171e-01 1.294184326008423591e+00 -7.439745413482505842e-01 9.344553889663572699e-01 -1.113831933501976623e+00 4.776237691281439268e+00 1.132772965514568320e+01 9.316702978549194825e+00 1.074059871859015247e-01 7.848376245437808763e+00 1.215367130602018086e+01
5.411371988419397816e+00 -1.094657490701026248e+00 -7.752330999927753430e-01 -2.848702005760793465e+00 -1.037125392209245156e+00 1.647156855216698634e+00 8.757350909945598172e-01 -8.520467299133964723e-01 -1.104913178027318255e+00 4.960199947274595900e+00 1.146724972313168500e+01 9.192782138900955857e+00 2.455695761083266648e-02 7.858250279799290361e+00 1.300795672792419921e+01
5.591114699366126040e+00 -1.930929760274899543e-01 -6.047373003703031547e-01 -3.000890087272612750e+00 -1.239497092650105436e+00 2.033726713109083928e+00 8.333805471537907295e-01 -9.077728515653594732e-01 -1.108101276299295224e+00 5.153411237219525987e+00 1.152327193169526609e+01 8.997897291803564457e+00 -6.622686137666854156e-02 7.808378948098869010e+00 1.384857904607858714e+01
5.722787247733003291e+00 7.034705417122878446e-01 -3.323557563804620529e-01 -3.116005850864679516e+00 -1.416379545185890487e+00 2.434469462595814537e+00 8.105213162920574810e-01 -8.974187076683356468e-01 -1.118307102363523597e+00 5.340396227108033855e+00 1.148205434406394865e+01 8.739239887331891055e+00 -1.598342530829346408e-01 7.701933803754825725e+00 1.465816622149625026e+01
5.811424045126394766e+00 1.578730836842032303e+00 7.421188009170419375e-02 -1.564243367360310000e+00 -3.185194161491759601e+00 2.817143824301017396e+00 8.086996721471249039e-01 -8.092115193081875768e-01 5.500644333828495824e+00 -1.130119023906057452e+00 1.132816530996992732e+01 8.428502922036614109e+00 -2.509798304471771990e-01 7.543189894116461680e+00 1.541776708024338127e+01
5.863612061856857238e+00 2.421662168120525482e+00 6.605370348293185812e-01 -1.679959894658381803e+00 -3.202590221216401467e+00 3.131273125102018273e+00 8.277668630203418587e-01 -6.334529098684696935e-01 5.612045998279287851e+00 -1.138234544640174262e+00 1.104484490708648536e+01 8.082157545452666625e+00 -3.345875747516270371e-01 7.337245726319683747e+00 1.610714374988968700e+01
5.887352699413856527e+00 3.226957809151092427e+00 1.483146394025380621e+00 -1.761231009389237823e+00 -3.166176389347022724e+00 3.307036383369570398e+00 8.659143689418351553e-01 -3.626548149806479993e-01 5.656262721232695689e+00 -1.137869075708014099e+00 1.061508070513629320e+01 7.720546934480451817e+00 -4.061541554249488151e-01 7.089711947151999816e+00 1.670509590016026991e+01
5.891789616353049652e+00 3.993850263392520805e+00 2.593626945439478693e+00 -1.806926736677860079e+00 -3.077486290935419699e+00 3.268553542992904681e+00 9.198283153761042108e-01 7.550650239574971737e-03 5.624333333001109381e+00 -1.125110044503636830e+00 1.002396101886623647e+01 7.365757870646350902e+00 -4.620625603448781926e-01 6.806394368580321874e+00 1.718984874027664844e+01
5.886773726616130631e+00 4.724120103012187322e+00 4.002568196795048827e+00 -1.817280651280444692e+00 -2.940765206312385693e+00 2.970370212487644324e+00 9.849452150848374554e-01 4.758223312745445965e-01 5.519688758096672920e+00 -1.097191123928543455e+00 9.262987496085422379e+00 7.038722314273302416e+00 -4.998210442517203034e-01 6.492997259335099081e+00 1.753954962240464255e+01
5.882272991279279495e+00 5.420023993954070640e+00 5.639960391153178598e+00 -1.793925363714785615e+00 -2.762078439581530986e+00 2.441743873083177530e+00 1.055781313198893567e+00 1.030265685119929442e+00 5.356462166008282288e+00 -1.052669407214723574e+00 8.336695346044310284e+00 6.756272987381280792e+00 -5.182091180820808107e-01 6.154870057445326559e+00 1.773292664462392665e+01
5.887670542436885590e+00 6.082591760316153007e+00 7.359254641400522878e+00 -1.739776933035446227e+00 -2.548272588744181721e+00 1.789861231627331462e+00 1.126305605591476633e+00 1.642226812075107789e+00 5.153727428961226487e+00 -9.914963901225732901e-01 7.270446749601826575e+00 6.528763301337629166e+00 -5.173205280238893922e-01 5.796815084751997027e+00 1.775016150530489512e+01
5.911025136744569863e+00 6.710529040723583805e+00 9.001801906756368155e+00 -1.658796445829934241e+00 -2.290427466063013284e+00 1.126469290515165200e+00 1.190327242557962295e+00 2.262480845432383258e+00 4.928834670147549168e+00 -9.149808710993807548e-01 6.115385225015499415e+00 6.358496126117641367e+00 -4.985020541219289947e-01 5.422966215157142500e+00 1.757400998923298374e+01
5.958386550824693373e+00 7.299851195730506781e+00 1.046190757696474627e+01 -1.555668630676869224e+00 5.906803213490539051e-01 -2.047649918398500635e+00 1.241870674222007365e+00 2.825676657049277729e+00 4.692968558648930255e+00 -8.256482948756362905e-01 4.944434284988044048e+00 6.238884172308575948e+00 -4.641956366517182575e-01 5.036739885950263229e+00 1.719115727594108378e+01
6.033259831676883955e+00 7.844287928751208838e+00 1.170011593948340867e+01 -1.435441552436885315e+00 1.770094110001293741e-01 -1.788303094597495368e+00 1.275515927432181229e+00 3.265517671101102692e+00 4.449929613125635619e+00 -7.270070339607574983e-01 3.836606338239108460e+00 6.154189558432304530e+00 -4.176990620322591496e-01 4.640851629225941188e+00 1.659371497868408341e+01
6.136294568998410526e+00 8.336372515085853863e+00 1.272071657021216140e+01 -1.303169219718012029e+00 -1.118290012197229732e-01 -1.522554279516618481e+00 1.286686421739633213e+00 3.533747456466953540e+00 4.197292758896467468e+00 -6.232379958937147579e-01 2.856218462432148275e+00 6.079856849789254447e+00 -3.628666293444522961e-01 4.237384650545098275e+00 1.578065708173598836e+01
6.265242183997130176e+00 8.768969700268643308e+00 1.354714396998840087e+01 -1.163591932183178024e+00 -2.853031561553027173e-01 -1.259406364506701292e+00 1.271872373487830776e+00 3.609972303886072709e+00 3.928640008416290019e+00 -5.188297639042890319e-01 2.039226803656348341e+00 5.983714613278984018e+00 -3.037754893006587298e-01 3.827892821361583486e+00 1.475887956507071586e+01
6.415183853799885760e+00 9.136866828959867348e+00 1.420758697881722910e+01 -1.020879208511747516e+00 -3.611945757374546151e-01 -9.927036686789634246e-01 1.228783625862397644e+00 3.492459353417824097e+00 3.635858683514683776e+00 -4.181867605925736475e-01 1.392840804303048685e+00 5.828486342115249741e+00 -2.443854974876945862e-01 3.413519257140777530e+00 1.354350736817626277e+01
6.578994010454077390e+00 9.438025761892664178e+00 1.472888036203812057e+01 -8.784489300503368625e-01 -3.587830760153904452e-01 -6.613492138390226760e-01 3.143686162147936614e+00 1.156431035769824867e+00 3.310933289680588754e+00 -3.252418805273073477e-01 9.042689459099413352e-01 5.575950266722111692e+00 -1.882204015781072381e-01 2.995113365237148439e+00 1.215712931768291405e+01
6.747977370844690626e+00 9.674192662245429730e+00 1.513458841016700518e+01 -7.388653954948128932e-01 -2.991800829335482526e-01 2.699823366786436862e-01 2.059429920216059084e+00 1.055139623772074930e+00 2.947197357665616302e+00 -2.431068138475633578e-01 5.509596911786104334e-01 5.192609185022555529e+00 -1.380960572181830492e-01 2.573333282991987048e+00 1.062785670258753257e+01
6.912604880163045529e+00 9.850747024579758815e+00 1.544472573355947631e+01 -6.038094463340607509e-01 -2.062231064622711274e-01 1.982994598415789067e+00 8.883155133751374777e-02 9.264989924940377763e-01 2.540421864391892548e+00 -1.737921924581033728e-01 3.078871853372167622e-01 4.655919835148998764e+00 -9.591731166019092092e-02 2.148726001094637184e+00 8.986438841422161872e+00
7.063274921599349554e+00 9.975863572212867680e+00 1.567594678832581678e+01 -4.741066906059372421e-01 -1.060269396301394274e-01 1.949490577990807161e+00 -2.130097264038780247e-01 7.732570991152720730e-01 2.090092203582401886e+00 -1.180253570692548215e-01 1.512854329862812486e-01 3.959312702917734850e+00 -6.255948104930389442e-02 1.721783002541554586e+00 7.263004654158748075e+00
7.191036676633352442e+00 1.005919734648147923e+01 1.584176446884601397e+01 -3.497965751275399771e-01 -2.402426637226866279e-02 1.535368547597760536e+00 -1.899368110410025179e-01 5.991636760560364872e-01 1.600651774137662908e+00 -7.518596178402724151e-02 5.992867285248156678e-02 3.114038748007506019e+00 -3.784335774546618986e-02 1.292973839145811876e+00 5.484174905474159978e+00
7.288227611777839954e+00 1.011036052988200851e+01 1.595267678703883796e+01 -2.302279669067028300e-01 2.097650298776821201e-02 1.044252610412434557e+00 -1.278514862747801017e-01 4.087723852007715819e-01 1.081512964866844007e+00 -4.336919729667426671e-02 1.513669087926083553e-02 2.146900785276816492e+00 -2.060491139200313487e-02 8.627629388192255000e-01 3.671213630371673808e+00
7.348992406979612646e+00 1.013745199535053487e+01 1.601620398485204433e+01 -1.141774745969559024e-01 2.434229657967078991e-02 5.268611347009294343e-01 -6.303567817496627534e-02 2.072187194700618185e-01 5.445156399318971108e-01 -1.957395013521063404e-02 2.581380621913519904e-04 1.094965075443712132e+00 -8.852885531897065896e-03 4.316158143308535533e-01 1.839596275431348849e+00
0.000000000000000000e+00 0.000000000000000000e+00 0.000000000000000000e+00 0.000000000000000000e+00 0.000000000000000000e+00 0.000000000000000000e+00 0.000000000000000000e+00 0.000000000000000000e+00 0.000000000000000000e+00 0.000000000000000000e+00 0.000000000000000000e+00 0.000000000000000000e+00 0.000000000000000000e+00 0.000000000000000000e+00 0.000000000000000000e+00
0.000000000000000000e+00 0.000000000000000000e+00 0.000000000000000000e+00 0.000000000000000000e+00 0.000000000000000000e+00 0.000000000000000000e+00 0.000000000000000000e+00 0.000000000000000000e+00 0.000000000000000000e+00 0.000000000000000000e+00 0.000000000000000000e+00 0.000000000000000000e+00 0.000000000000000000e+00 0.000000000000000000e+00 0.000000000000000000e+00
5.235446998383047834e+00 1.010553949553765385e+01 1.251188902242934731e+01 -1.534895798716432724e-01 -5.647721450182558584e-02 5.605294207485125302e-01 -1.405809461620287082e-01 5.031392229963976837e-01 1.858278995838944236e-01 1.266255759474255605e-03 -1.477120415552786448e-02 8.745282276321473258e-01 4.268498578491071171e-01 2.875521119161206229e-02 1.355280164111389851e+00
5.218899609083495150e+00 1.008689172725951089e+01 1.247340219953916751e+01 -3.333211788372564266e-01 -1.648608622818609204e-02 1.011093845805996150e+00 -2.814995151233198323e-01 9.766804688051869965e-01 3.901293963419039668e-01 1.210743910431493625e-02 -2.829845057633373698e-02 1.717903537409564807e+00 8.335957642552201952e-01 7.987588092413701324e-02 2.705251023762666129e+00
5.190495717467033643e+00 1.005136546800028086e+01 1.240846912820891035e+01 -5.555734103217538911e-01 9.697230719417515576e-02 1.360756017197068735e+00 -4.230481596127453336e-01 1.408907336891786377e+00 6.148876914005660943e-01 4.203716982455787260e-02 -3.931957025536682998e-02 2.497412898260686909e+00 1.209026499294836077e+00 1.665572518920478695e-01 4.043113860407767213e+00
5.149060807280375407e+00 9.992736967251930835e+00 1.231574184701695884e+01 -8.207079959032662630e-01 2.327577824241506832e-01 1.645639665587780742e+00 -5.654214082151982623e-01 1.802063084602902654e+00 8.510673025985167062e-01 1.004665345008454169e-01 -4.654024112744666042e-02 3.180233115640711095e+00 1.552156438894555679e+00 2.912390336361760368e-01 5.359361910743213109e+00
5.093097622793429480e+00 9.903159785659067182e+00 1.219295866266902806e+01 -1.114688050847425727e+00 3.484478227922923610e-01 1.891203539320370108e+00 -7.085609739411676822e-01 2.162126659845427845e+00 1.090311028192751719e+00 1.966979169325822618e-01 -4.862771435498994960e-02 3.738340082347927140e+00 1.867950153320803608e+00 4.496755430158002054e-01 6.641086028438347277e+00
5.020972874742184899e+00 9.773969270898087203e+00 1.203644815989781058e+01 -1.414256538794324003e+00 3.584857449748503622e-01 2.160890454568415553e+00 -8.493418407016793958e-01 2.494113230715510277e+00 1.330344318216091670e+00 3.399587467324237111e-01 -4.421436736604248546e-02 4.154483282059660887e+00 2.162892849903063297e+00 6.352240908540277564e-01 7.872000541579305732e+00
4.931190812204171436e+00 9.596622251547479721e+00 1.184025520041071999e+01 -1.692471165242675379e+00 -9.409165581827779734e-01 1.368250680662204122e+00 1.282151508750911439e+00 2.800799156068995099e+00 1.575268457650722098e+00 5.394647586614789159e-01 -3.191221429461447989e-02 4.426057360286489661e+00 2.442624057198164333e+00 8.411443136466719706e-01 9.033263268055891970e+00
4.822745691988534311e+00 9.363693733155605159e+00 1.159455717429123922e+01 -1.921550344143954758e+00 -1.136233878437100886e+00 8.787847692766698193e-01 1.887866153892475252e+00 3.081938725587968886e+00 1.833018934176785297e+00 8.044808736779458513e-01 -1.033880871253373655e-02 4.565211096788560852e+00 2.711215756882811689e+00 1.061330030803584901e+00 1.010498349151497166e+01
4.695518104643599422e+00 9.069832116913660869e+00 1.128267126003077436e+01 -2.071732564204769034e+00 -1.283866362051756749e+00 7.883926149068075651e-01 1.914851015439225757e+00 3.333827492667797099e+00 2.110587010119147067e+00 1.144317522771038487e+00 2.184589652008482943e-02 4.595645710050555444e+00 2.971236556531339446e+00 1.290327996940616950e+00 1.106812552454132792e+01
4.550649393911025520e+00 8.712560494666506727e+00 1.087515432458331510e+01 -2.105348121541073869e+00 -1.428932446449995064e+00 6.561469503672573422e-01 1.845356887118222877e+00 3.550501803974020820e+00 2.407888635586750148e+00 1.568157111967467543e+00 6.589367118402636447e-02 4.547736473362907539e+00 3.224085476998315603e+00 1.523150350298548394e+00 1.190640207272616102e+01
4.390800062273410020e+00 8.292813166554122262e+00 1.031788147895288610e+01 -1.963950303932768815e+00 -1.572439759533555748e+00 4.227539268657408700e-01 1.746912145431884777e+00 3.727046173553435260e+00 2.712720567244540248e+00 2.084547179352952195e+00 1.229159355912518292e-01 4.453614430127366575e+00 3.470388410054856099e+00 1.755074110197682558e+00 1.260776770619901477e+01
4.220180392389091040e+00 7.815124466332133757e+00 9.508870028744839331e+00 -1.543949662439653370e+00 -1.714238514196692487e+00 -2.337160649211091762e-02 1.747028369417803040e+00 3.863183310374938007e+00 2.999897039608950156e+00 2.700334947741825697e+00 1.938236743316512911e-01 4.343228772221392475e+00 3.710408360506902703e+00 1.981460677164278650e+00 1.316526227623740297e+01
4.044245821133033658e+00 7.287446014651319359e+00 8.264463894486690165e+00 -6.616924497910625647e-01 -1.854092416717879610e+00 -1.043524790215577536e+00 2.227702157528158811e+00 3.964398239856500084e+00 3.236009126617012122e+00 3.418803347476003562e+00 2.792388985048421257e-01 4.241741722781076085e+00 3.944493557134750361e+00 2.197554318939387574e+00 1.357715088787738544e+01
3.868990550055491529e+00 6.720645059011340017e+00 6.339892951102977570e+00 9.268823837242371466e-01 -1.991840658057010272e+00 -1.273029640514586058e-01 7.007291598832037227e-01 4.039850359681756764e+00 3.388395157451823181e+00 4.236923534421888959e+00 3.793191817203070415e-01 4.168154757816730616e+00 4.173642514839405848e+00 2.398163560458252963e+00 1.384647821706920290e+01
3.699866915804114420e+00 6.127790104163326035e+00 3.749705170898454121e+00 3.206203832106183871e+00 -2.127107249541735357e+00 -1.437466710363679012e-01 5.696120065819088030e-02 4.098936719178922772e+00 3.435050657226365267e+00 5.142136683633157901e+00 4.933931007331102125e-01 4.134863070420234266e+00 4.400364367317706638e+00 2.577030678265503916e+00 1.398024788635289184e+01
3.540512319730946711e+00 5.523306701307240552e+00 1.221209605876934390e+00 -1.624994711710846307e+00 4.813881659274892755e+00 -3.920689742641773057e-01 -3.836775386903051310e-01 4.148835753515885294e+00 3.372042732328305981e+00 6.109950657192912082e+00 6.193050082521538435e-01 4.147817617925634970e+00 4.630277236588667300e+00 2.725431004972636906e+00 1.398844690925567313e+01
3.391645019485003854e+00 4.921971536499021305e+00 -5.018671418464883960e-01 -2.396377973485812607e+00 6.917792077130124007e+00 -7.035173905692581053e-01 -7.704906659390939883e-01 4.193928376722457330e+00 3.215801049364760189e+00 7.104401519387661068e+00 7.524806834486701401e-01 4.207054382879503507e+00 4.875713834578536243e+00 2.828718782527294362e+00 1.388308853542491406e+01
3.250576580622515532e+00 4.337600344470593505e+00 -1.423223000336003130e+00 -2.530231193119306887e+00 7.612908763911338639e+00 -1.034403677672776967e+00 -1.129312232309158892e+00 4.236515422402068687e+00 2.999123215425719469e+00 8.083013462188665343e+00 8.849477326541889122e-01 4.307457655325166890e+00 5.165673855706015338e+00 2.856468151334611960e+00 1.367737977419635520e+01
3.781354583651257872e+00 3.111617746698420728e+00 -1.834022576435512253e+00 -2.665018780119297048e+00 -1.440554460843566531e+00 -1.371880276500959450e+00 7.816769614753939166e+00 2.762159558680133742e+00 4.277753935540677510e+00 1.004709632529653174e+00 9.005660791434950241e+00 4.439711400366392446e+00 2.727345941523856787e+00 5.580977863515448334e+00 1.338505858749739197e+01
3.259904452137946329e+00 2.967211180606215581e+00 -1.949208661375123830e+00 -2.802204679519542552e+00 -1.753557936451394683e+00 -1.684361409064327519e+00 7.784095114047064889e+00 2.542160649492434477e+00 4.318098306668626485e+00 1.095758217727213157e+00 9.844010044553055394e+00 4.591434739242183483e+00 2.137174554780190583e+00 6.426160112105914202e+00 1.301990218422486301e+01
2.773988782457928792e+00 2.809214121332754832e+00 -1.886779776022798005e+00 -2.943161728943851418e+00 -2.019050598530292007e+00 -1.973955718155433248e+00 7.607686372327554736e+00 2.366221308213536823e+00 4.357181756627441338e+00 1.138640055996162914e+00 1.058759381335686989e+01 4.748487040173256624e+00 5.981781786956924529e-01 8.190108161460836200e+00 1.259538318526000289e+01
2.317848916327571285e+00 2.629769778935275859e+00 -1.710137249722367025e+00 -3.089228555708681156e+00 -2.241529984648163332e+00 -2.225427034363295586e+00 7.361800697011210204e+00 2.248991734316691637e+00 4.393483354791656303e+00 1.111211071525918692e+00 1.124476281910818010e+01 4.896376419276816883e+00 2.990765970630735460e+00 5.994102730354074815e+00 1.212444050231832371e+01
1.879595477576007978e+00 2.421653088264339004e+00 -1.456167432728146638e+00 -3.241609843625456122e+00 -2.413913158616724619e+00 -2.426637952715697377e+00 7.084710266269961032e+00 2.194424266952319069e+00 4.424124303971481709e+00 9.894050779715856114e-01 1.183946316742520644e+01 5.021642003680383937e+00 3.926894547636595512e+00 5.228228490864266220e+00 1.161933123575832383e+01
1.442193769871058517e+00 2.178458738359254188e+00 -1.149247175680019328e+00 -3.401264871080885044e+00 -2.527945185509658632e+00 -2.565166574123606491e+00 6.798959771292926391e+00 2.199296145083151188e+00 4.444921360949404487e+00 7.489338719643989783e-01 1.240517912630135200e+01 5.113043019911830633e+00 4.304355866380746853e+00 4.996827969427520166e+00 1.109153428342610859e+01
9.847270490504542728e-01 1.895208955314596544e+00 -8.078101563752658754e-01 -3.568801031357936360e+00 -2.574855340928632774e+00 -2.628557935967535286e+00 6.517758742975236608e+00 2.256649198214234708e+00 4.450650514824712189e+00 3.721869566533000384e-01 1.297373928482296890e+01 5.162403417046002474e+00 4.509951370072004195e+00 4.915059686221228574e+00 1.055168266166313096e+01
4.838603065432098282e-01 1.569907360087005932e+00 -4.472576662804320646e-01 -3.744380758162127787e+00 -2.546330378842507791e+00 -2.605415909822680565e+00 6.248133540786262152e+00 2.358284467951451191e+00 4.435430678237697322e+00 -1.259229909134932379e-01 1.354620360412522118e+01 5.165027755641466101e+00 4.639288761266465499e+00 4.888847955921095334e+00 1.000950805536876054e+01
-8.422758484675739454e-02 1.206307606785511410e+00 -8.101564386154334885e-02 -3.927647037434751631e+00 -2.436379209511512212e+00 -2.487523955965917910e+00 5.992775975852019599e+00 2.496172032482629533e+00 4.393191431938805458e+00 -6.226958616646568467e-01 1.401551937850907237e+01 5.119693391330962129e+00 4.726185055685166780e+00 4.885263965838459121e+00 9.473787012359849768e+00
-7.407866970898550063e-01 8.173893282128910087e-01 2.793295890299475892e-01 -4.117668723108260487e+00 -2.244286118008839370e+00 -2.272958706436494225e+00 5.751346428396017174e+00 2.662900934997412872e+00 4.318285478358477647e+00 -7.748473832257306571e-01 1.405262116214227852e+01 5.028298537905190990e+00 4.785354616425564700e+00 4.889679888279264475e+00 8.952283177607116116e+00
-1.498773396976488925e+00 4.268006179438955106e-01 6.242030109520503300e-01 -4.312900347100015352e+00 -1.978192034280482847e+00 -1.969345228441256035e+00 5.521502864766878460e+00 2.851292251249561094e+00 4.206383159724559562e+00 -1.844282180281847927e-01 1.327193150893677931e+01 4.895282761275869809e+00 4.823847367817315046e+00 4.894246414553054869e+00 8.451683987715103541e+00
-2.350793775780280370e+00 6.115913366092529113e-02 9.461068301705086725e-01 -4.511093156940702009e+00 -1.657240151259899319e+00 -1.595808251882244733e+00 5.299736506609876052e+00 3.053310252034436179e+00 4.055731662729143316e+00 9.882569775634357789e-01 1.184429383445874784e+01 4.726935341934337842e+00 4.844986132990136696e+00 4.893953907930715275e+00 7.977533384828428886e+00
-3.248081006863883680e+00 -2.739826705859061406e-01 -4.707818274220781696e+00 1.238216269897958854e+00 -1.299606082396349116e+00 -1.191859798933637693e+00 5.082038255981530916e+00 3.258676689249431213e+00 3.868527286311195912e+00 2.171838726620174853e+00 1.035003741150822876e+01 4.530682386258345851e+00 4.850006753728568931e+00 4.885075281802189195e+00 7.534164458884305304e+00
-4.092671636131047563e+00 -6.138254964790441637e-01 -4.905190259371956074e+00 1.503138613154712422e+00 -8.928152776225823928e-01 -8.354338448858672495e-01 4.864416381385544774e+00 3.454114625295346297e+00 3.651575266267598430e+00 3.067413845785232240e+00 9.095800454954446224e+00 4.314412852105871998e+00 4.838874704667667892e+00 4.864511080699949197e+00 7.124637578900411050e+00
-4.791486172737513982e+00 -9.960923836401446296e-01 -5.093526921071327429e+00 1.734456365363933994e+00 -4.981654166832881203e-01 -5.229769453325495698e-01 4.643296104630503685e+00 3.624331378060904107e+00 3.415189749109823758e+00 3.661240426550136373e+00 8.102188548232872378e+00 4.085878433702337276e+00 4.810773800963716873e+00 4.829528319502901290e+00 6.750690604481724755e+00
-5.324109294309903539e+00 -1.404952002889965579e+00 -5.270266990221522896e+00 1.935256954932584650e+00 -1.585906293740501072e-01 -2.501939780450370132e-01 4.415841526168396314e+00 3.754873004427635941e+00 3.170230417480571550e+00 4.020948262856277822e+00 7.307848700157556721e+00 3.852186768776111325e+00 4.764452125069579935e+00 4.777689280564188401e+00 6.412708241400288500e+00
-5.723402754088701805e+00 -1.793384757129910856e+00 -5.430629808228046862e+00 2.108155517169477910e+00 8.734515139029463970e-02 4.740445297382614442e-03 4.180253887851337780e+00 3.835302324671425289e+00 2.924812093018710257e+00 4.211602735745289650e+00 6.653582662583308327e+00 3.619400615303886681e+00 4.698496679408895815e+00 4.706875993344842968e+00 6.109717572860765777e+00
-6.025978715654018991e+00 -2.128518346422391350e+00 -5.569589045347163925e+00 2.256497157300289214e+00 2.556154187711413561e-01 2.267616558337756660e-01 3.936148489273794571e+00 3.860716468397498158e+00 2.682580966370846198e+00 4.281004673506748404e+00 6.097106443984265489e+00 3.392253908325402634e+00 4.611562367766325110e+00 4.615360009505529604e+00 5.839416303541669073e+00
-2.400232275614204269e+00 -6.256673076097574615e+00 -5.681992925860688715e+00 2.383701508282417336e+00 3.868174789591453111e-01 3.869306536715667044e-01 3.685331681611570875e+00 2.442798022939299596e+00 3.831025038003786243e+00 5.610317418740335960e+00 4.262378805691430905e+00 3.173994832957700130e+00 4.501886574044443812e+00 4.502561612563147797e+00 5.598239326278862116e+00
-2.612032521195431389e+00 -6.431468443729764672e+00 -5.762601246888056750e+00 2.492641061280941983e+00 4.978588503285809597e-01 4.846106630078415578e-01 3.434524582281935690e+00 2.200034416143633820e+00 3.748599432819011312e+00 5.174663405041203923e+00 4.178889451437822089e+00 2.966362723131816814e+00 4.365752154723708145e+00 4.370813361464066737e+00 5.381467874058833978e+00
-2.773016824663121049e+00 -6.561373916676489060e+00 -5.805991954399861044e+00 2.585130362771142387e+00 5.715081604575973362e-01 5.537996732754719709e-01 3.213068147688376008e+00 1.933096758936499571e+00 3.611594306566879187e+00 4.777613612923009789e+00 4.047027694010305154e+00 2.769697564708678339e+00 4.206860320306525125e+00 4.216148337947108971e+00 5.183383748179274164e+00
-2.893872858453744534e+00 -6.654311821068919386e+00 -5.806210863373421738e+00 2.661575404631673525e+00 6.164351205643250342e-01 6.008510427891475825e-01 3.439111009247737272e+00 1.648477595414536090e+00 3.004104691260493620e+00 4.410340098234346584e+00 3.878807409500925729e+00 2.583168031840642698e+00 4.025745603900322322e+00 4.038968243571000372e+00 4.997468903345650304e+00
-2.985719163738444593e+00 -6.715946615856045909e+00 -5.755825898474706825e+00 2.720815047484703708e+00 6.390880799844349536e-01 6.316364485068596268e-01 1.700674260775578928e+00 3.294187942492024845e+00 2.400887749867587129e+00 4.066277098083606489e+00 3.683141309904686800e+00 2.405088618361449715e+00 3.823559217258298837e+00 3.840258716350390067e+00 4.816648020695533106e+00
-3.061348577307879903e+00 -6.750419231494233507e+00 -5.643308177260457192e+00 2.760166922836309045e+00 6.440708472466266654e-01 6.509424983077292115e-01 1.430085406886487442e+00 3.069261484480075186e+00 2.182874934262949651e+00 3.740266196708329716e+00 3.466712449372889360e+00 2.233282835150483425e+00 3.602014653741616890e+00 3.621558276627404815e+00 4.633568654649047325e+00
-3.141595067327344282e+00 -6.762187380686831339e+00 -5.444435896753739179e+00 2.775668859739004901e+00 6.345265493166752924e-01 6.622334139650521978e-01 1.208307725329352600e+00 2.826898926747706486e+00 1.929014888844816644e+00 3.428083012796261819e+00 3.234549332714327541e+00 2.065442417867044078e+00 3.363295275680258101e+00 3.384887804721120386e+00 4.440910226524450444e+00
-3.286746375082146621e+00 -6.763146258704889391e+00 -5.083393761903655772e+00 2.762485769918729073e+00 6.127225482469125240e-01 6.673906288702616818e-01 1.007120698690504801e+00 2.572341123833934429e+00 1.675458251000579324e+00 3.126203814344652887e+00 2.990430375650588779e+00 1.899435192720206000e+00 3.109929737161887697e+00 3.132647075051154584e+00 4.231709793625997307e+00
-3.914148726940577916e+00 -6.720230799761528928e+00 -4.167096364456964075e+00 2.715434402508338785e+00 5.809351310768697818e-01 6.662413702424184736e-01 8.236433232461992660e-01 2.310827419598311394e+00 1.432300390526120237e+00 2.831709974776075001e+00 2.737188670044464534e+00 1.733526596734550562e+00 2.844644270841807376e+00 2.867486483975343337e+00 3.999689491309688982e+00
-6.565273505383667718e+00 -1.831273446673693073e+00 -5.941652688785309167e+00 2.629567495744040251e+00 5.422447622877076823e-01 6.562313628802094456e-01 6.586279744791119217e-01 2.047401820363051517e+00 1.204753324780266643e+00 2.542255757378847569e+00 2.476953064831442841e+00 1.566498400412695613e+00 2.570203211191087522e+00 2.592163371775477732e+00 3.739568241210100119e+00
-5.404430313385462981e+00 -2.288064173498403520e+00 -6.029909443651063405e+00 2.500756221871017981e+00 5.000185423345120395e-01 6.334513302239822563e-01 5.133447446874859210e-01 1.786497757265659736e+00 9.960465774860508548e-01 2.256048101569327891e+00 2.211340502541464303e+00 1.397667671236743736e+00 2.289250440567683675e+00 2.309393251525368562e+00 3.447339153740551776e+00
-4.805025943647161846e+00 -2.318341872982825791e+00 -5.802702585208516339e+00 2.326214986496732084e+00 4.558663811552752798e-01 5.952164119431287981e-01 3.886951706742829971e-01 1.531687855515264207e+00 8.080674505419865872e-01 1.971808505125944855e+00 1.941603818571983942e+00 1.226824623855789609e+00 2.004164621214182596e+00 2.021706748481281402e+00 3.120494351541140077e+00
-4.265149550551655011e+00 -2.215911995958979919e+00 -5.433442555841838661e+00 2.104923316811784684e+00 4.087306450245994927e-01 5.415130264711949248e-01 2.848591858751045591e-01 1.285525993240125731e+00 6.415315458186939823e-01 1.688706080526063413e+00 1.668736335879198007e+00 1.054117046122643231e+00 1.716940101985388045e+00 1.731322987685686376e+00 2.758180861884969470e+00
-3.697630977157677634e+00 -2.028383922832701636e+00 -4.922541045637636614e+00 1.837912647233823416e+00 3.563754288688543714e-01 4.740075914787765798e-01 2.011446301922331925e-01 1.049468014284416162e+00 4.960392194751407913e-01 1.406265612427235467e+00 1.393536935936777743e+00 8.799113057011211936e-01 1.429103342593758930e+00 1.440049385127488923e+00 2.361274718947531159e+00
-3.075035915994583480e+00 -1.762548971475396353e+00 -4.252984481972096553e+00 1.528398645084348306e+00 2.971244545601514631e-01 3.947192069636078493e-01 1.359473298904924909e-01 8.238681441559895235e-01 3.701172902068542991e-01 1.124263586656329528e+00 1.116643840729456105e+00 7.046570825526867754e-01 1.141671745702126817e+00 1.149216181377402224e+00 1.932365219527228950e+00
-2.387391813624273773e+00 -1.418045230143207824e+00 -3.410538306454351076e+00 1.181751063179565797e+00 2.305588882152459218e-01 3.055956590818175722e-01 8.678797212518818416e-02 6.080462471400003288e-01 2.612841438751322687e-01 8.426285016643518810e-01 8.385491676332816890e-01 5.287769808935508520e-01 8.551581725225876340e-01 8.596515908198359979e-01 1.475646959583179596e+00
-1.635835316207360446e+00 -9.982580247396656281e-01 -2.396562069524243999e+00 8.053032308809670026e-01 1.575391123887621980e-01 2.085901258312951312e-01 5.040949099543465955e-02 4.004174449105337152e-01 1.661574631787902934e-01 5.613601984293613567e-01 5.596073556632621404e-01 3.525946874417286714e-01 5.696204524708740058e-01 5.717002461362361565e-01 9.967233218670087380e-01
-8.325167224672163080e-01 -5.168008575976322794e-01 -1.239599030784149347e+00 4.080132956596937421e-01 7.991695768639633934e-02 1.058547225571826178e-01 2.292411962243546403e-02 1.986729966044138151e-01 8.061381962642563681e-02 2.804779058632915767e-01 2.800481930799572083e-01 1.763073528389493827e-01 2.847512404515034623e-01 2.852839538019750210e-01 5.023309542037825981e-01
-3.607573242562391970e-15 2.947428026089725170e-15 -3.804226671198287307e-15 4.009324147390939072e-15 7.383274330688823851e-16 8.815299476744736662e-15 -3.756487355500870381e-16 -1.971849119274076138e-16 -9.525033881239175620e-18 8.188158479777827968e-16 -2.004646937272672477e-15 5.611038494624761778e-15 -8.973503855743670682e-16 2.851580114158543827e-15 -3.109937739534795133e-15
-3.607573242562391970e-15 2.947428026089725170e-15 -3.804226671198287307e-15 4.009324147390939072e-15 7.383274330688823851e-16 8.815299476744736662e-15 -3.756487355500870381e-16 -1.971849119274076138e-16 -9.525033881239175620e-18 8.188158479777827968e-16 -2.004646937272672477e-15 5.611038494624761778e-15 -8.973503855743670682e-16 2.851580114158543827e-15 -3.109937739534795133e-15
-6.918082541454950718e-01 -9.118590625698894669e-01 -1.627338378289659548e+00 5.002278258872772110e-01 1.356731573200682939e-01 1.069555039339825375e-01 2.621678624998601270e-01 7.590543997773532836e-02 3.928544320656025129e-02 6.576386474889810430e-01 5.269469620213622640e-01 -2.636477319087861537e-01 5.120835116303303902e-01 2.016161883878326566e-01 6.267857405434066331e-01
-1.354280510552991368e+00 -1.776980632737871435e+00 -3.121339731509970683e+00 9.844213169465463320e-01 2.712161223665084941e-01 2.116992914649041824e-01 5.301665319568416024e-01 1.555140142219420818e-01 8.351775854289360257e-02 1.314863536219270435e+00 1.049101173402091192e+00 -5.228809145299978534e-01 1.025013006515340441e+00 4.069395243087359781e-01 1.239894384339435884e+00
-1.964151304654934815e+00 -2.558628166952003902e+00 -4.397335478327597080e+00 1.437412989479639913e+00 4.068159515065670195e-01 3.122931935664266523e-01 8.092383588096139224e-01 2.425823208129234687e-01 1.371341883384347426e-01 1.971098719297728508e+00 1.561841439040213331e+00 -7.736331482808976867e-01 1.539329424225952092e+00 6.194802059942684513e-01 1.826325151168140426e+00
-2.507810403230951390e+00 -3.235363086645584030e+00 -5.431532293888174046e+00 1.845708077490072485e+00 5.432262275735098012e-01 4.073049095780625350e-01 1.103482318114445748e+00 3.408247150205496734e-01 2.037302672019433714e-01 2.625456333510570506e+00 2.060903575476550120e+00 -1.012478182000000171e+00 2.055003737481487569e+00 8.423553796298538510e-01 2.374391173709614389e+00
-2.981579109255513060e+00 -3.800496403299067794e+00 -6.241725931917407877e+00 2.198175650507050882e+00 6.818888422163384977e-01 4.959658710678506721e-01 1.415371774835619600e+00 4.536488824018496402e-01 2.859513904260745365e-01 3.276609286366253926e+00 2.542586746967685052e+00 -1.236822099608504644e+00 2.571245422116752444e+00 1.078097392506894847e+00 2.874281419443748486e+00
-3.389585125641004559e+00 -4.257947659573249943e+00 -6.862326526710908148e+00 2.486582660932597388e+00 8.248859015099099246e-01 5.782353864268704458e-01 1.745392175953784264e+00 5.838247243165579636e-01 3.855290022285201568e-01 3.922692930896106489e+00 3.003974306169683750e+00 -1.444973097549003827e+00 3.086405135816040701e+00 1.328474983008003152e+00 3.318513338385653544e+00
-3.740737419380780526e+00 -4.617487767655675590e+00 -7.328324566469705204e+00 2.705939840260552121e+00 9.747047608613182978e-01 6.547682654322223295e-01 2.091851249227868692e+00 7.332087332738612684e-01 5.033572165612333338e-01 4.561240059147027459e+00 3.443144979129215688e+00 -1.636089793511419366e+00 3.597976665457517598e+00 1.594342721966123255e+00 3.702247353485753401e+00
-4.045919952665610886e+00 -4.891137083836757604e+00 -7.668775832454421071e+00 2.854635853902054432e+00 1.133830537588970566e+00 7.267981133709155994e-01 2.450911062572876276e+00 9.025921125550622204e-01 6.395533589117866624e-01 5.189153305812197026e+00 3.859332601807001328e+00 -1.810029171809525828e+00 4.102687174257242830e+00 1.875540877111877780e+00 4.023440312091417503e+00
-4.315891494922692750e+00 -5.091099640078319943e+00 -7.905762114030532750e+00 2.934339073389861774e+00 1.304213279008425097e+00 7.959586743213166171e-01 2.816874830922016404e+00 1.091679926577866500e+00 7.934996368547883039e-01 5.802719818619488379e+00 4.252982061633161948e+00 -1.967128327650427222e+00 4.596651667814940723e+00 2.170872442951032877e+00 4.282822543425697681e+00
-4.559941421656937166e+00 -5.228865114806348302e+00 -8.055522624065707404e+00 2.949647347112727580e+00 1.486685489054221820e+00 8.640692455565712748e-01 3.182729759135245917e+00 1.299174073375007676e+00 9.638896336331198578e-01 6.397672635800031316e+00 4.625652671527364923e+00 -2.107959073031401953e+00 5.075560064560455942e+00 2.478183459110869791e+00 4.483692774440055651e+00
-4.785163525998720857e+00 -5.314939502658736714e+00 -8.130046459343247989e+00 2.907470408238599369e+00 1.680424424602592337e+00 9.329075811392010253e-01 3.540903033759270624e+00 1.522923611593444360e+00 1.148804160540028763e+00 6.969299755302291288e+00 4.979741508145573370e+00 -2.233092291226268067e+00 5.534864756871239244e+00 2.794564424552953952e+00 4.631537444254199443e+00
-4.996172212690467518e+00 -5.358770048560880461e+00 -8.138457486436672994e+00 2.816142586017429839e+00 1.882558617792264410e+00 1.003986980627416870e+00 3.884139536432330342e+00 1.760109954460893134e+00 1.345828778215759858e+00 7.512595097172107828e+00 5.318035384854731262e+00 -2.342901839051864776e+00 5.969942885788563025e+00 3.116673671723100725e+00 4.733496040620363665e+00
-5.195105992637057746e+00 -5.368600527370300135e+00 -8.088015908981788016e+00 2.684288295406530800e+00 2.088007762639267906e+00 1.078346487336885984e+00 4.206370362691221665e+00 2.007442463599927063e+00 1.552210080090757671e+00 8.022436900514071212e+00 5.643141306287239978e+00 -2.437428125053003658e+00 6.376218852476963406e+00 3.441159628274819582e+00 4.797711003055215251e+00
-5.381793493299166897e+00 -5.351145429400844478e+00 -7.984750883146010558e+00 2.519497422358410788e+00 2.289619590959037332e+00 1.156357078285590756e+00 4.503425905052426792e+00 2.261347613495304998e+00 1.765035169163353457e+00 8.493770931841520877e+00 5.956878056471010652e+00 -2.516311209169554086e+00 6.749245786505834843e+00 3.765132424181989013e+00 4.832617160564733894e+00
-5.553976008625599370e+00 -5.311091871518138774e+00 -7.833794695233185834e+00 2.326905229319969237e+00 2.478628498676378022e+00 1.237543823650090857e+00 4.773466440419263712e+00 2.518140686153785612e+00 1.981411296309888437e+00 8.921770409488894771e+00 6.259724879479579229e+00 -2.578793824099915089e+00 7.084756377152513274e+00 4.086612781632137370e+00 4.846238166296210181e+00
-5.707469481887218699e+00 -5.250546028183123326e+00 -7.639493979488259257e+00 2.107804305687382751e+00 2.645412511375492937e+00 1.320423765614294753e+00 5.017055699917445821e+00 2.774172788193684180e+00 2.198621396525638705e+00 9.301943071291274734e+00 6.550413602825052806e+00 -2.623787051128996684e+00 7.378700848097715870e+00 4.404874317093348424e+00 4.845562348146119191e+00
-5.836057357159556425e+00 -5.168704266760194344e+00 -7.405361955108280547e+00 1.858446974639208271e+00 2.780474672709224659e+00 1.402359587484696579e+00 5.236873616201364712e+00 3.025948358185563514e+00 2.414236079331674389e+00 9.630158586532203913e+00 6.825723962154607527e+00 -2.649985981217056974e+00 7.627291448573934041e+00 4.720599238282713550e+00 4.836065247376860832e+00
-5.930529244214436169e+00 -5.062491278020655017e+00 -7.133920800407390850e+00 1.569254201692087847e+00 2.875531509664288610e+00 1.479426906497921967e+00 5.437128852892765707e+00 3.270210030628084130e+00 2.626172133274076614e+00 9.902575984628509076e+00 7.080510302693239666e+00 -2.656019639140498878e+00 7.827068797922732912e+00 5.035788419907536451e+00 4.821430311093998888e+00
-5.974523277241105212e+00 -4.930837892913500831e+00 -6.826469582795380298e+00 1.224802120791588456e+00 2.924564063217517607e+00 1.546284873161639872e+00 5.622766794725992057e+00 3.503989555724505767e+00 2.832699355561554722e+00 1.011545997004673403e+01 7.307963109264912660e+00 -2.640618488982841683e+00 7.974997342370180320e+00 5.353402422121994242e+00 4.803494465152096993e+00
-5.922748800186647067e+00 -4.797712434641104196e+00 -6.482801899303689552e+00 8.053101940026002881e-01 2.924681073720082569e+00 1.596022487692194680e+00 5.798564209927354440e+00 3.724626009008683791e+00 3.032408437188228945e+00 1.026488600612436741e+01 7.500097144430007745e+00 -2.602783490582331272e+00 8.068587520586566697e+00 5.676754149324578336e+00 4.782415160732297998e+00
-5.448960267434558524e+00 -4.967759549686782350e+00 -6.100885557063502773e+00 2.908973329247703243e-01 2.876654648623839350e+00 1.619923623260828505e+00 5.968166219134778849e+00 3.929755853934453924e+00 3.224159720663017481e+00 1.034634671864861488e+01 7.648457420047003019e+00 -2.541942382894793795e+00 8.106033570945344380e+00 6.008718503586213622e+00 4.757024458544480083e+00
-3.250732548862250493e+00 -6.728850669390327610e+00 -5.676451378537743508e+00 -3.299728395747236198e-01 2.784956013733720148e+00 1.607049931212291893e+00 6.133079192504095722e+00 4.117283076729907343e+00 3.407033828097971728e+00 1.035428818789817385e+01 7.745035239784538561e+00 -2.458081156106880716e+00 8.086350247802124969e+00 6.350861259667072822e+00 4.725308474841839690e+00
-3.131785856601172036e+00 -6.280120970640391320e+00 -5.199487516942974175e+00 -1.048430420259445217e+00 2.654199112968254948e+00 1.543485890772579472e+00 6.291617006919481447e+00 4.285340690401246100e+00 3.580299994507264660e+00 1.028162933623072206e+01 7.783374266611409631e+00 -2.351841240473037331e+00 8.009489995493700221e+00 6.702611406946251016e+00 4.684931475552499336e+00
-2.727428136983329310e+00 -6.013481927923383985e+00 2.506719870033420339e+00 -1.825844887105127601e+00 -4.672443089795533133e+00 1.411053700540028766e+00 6.437836062039598239e+00 4.432256352324793092e+00 3.743407919757681057e+00 1.011936184762493163e+01 7.759805069768465735e+00 -2.224575668132950046e+00 7.876424153724550514e+00 7.060603624376192933e+00 4.633716897894915476e+00
-2.304410172573466031e+00 -5.706161257779751139e+00 2.344987448881804326e+00 -2.598345233666433884e+00 -4.073942313523333247e+00 1.185411298104840805e+00 6.560597608304916228e+00 4.556533820620902731e+00 3.895997168132900867e+00 9.856409267651068618e+00 7.674667373341728549e+00 -2.078360340916476368e+00 7.689176441874876033e+00 7.418298711115868471e+00 4.570005300964167461e+00
-1.958645030515723695e+00 -5.298407278554243760e+00 2.183580642882588130e+00 -3.298283071970703251e+00 -3.392940799127718066e+00 8.340554974029186219e-01 6.643042126339328668e+00 4.656858163444128174e+00 4.037908432761030397e+00 9.480059057915999787e+00 7.533275211897248802e+00 -1.915959542504110713e+00 7.450802796646769366e+00 7.765951663237112612e+00 4.492832253194205094e+00
-1.738688983840761315e+00 -4.746771874391656709e+00 2.035461209940975902e+00 -3.875952111614983764e+00 -2.618403618853214709e+00 3.156893271380936117e-01 6.662881588968791569e+00 4.732126352569364869e+00 4.169176754674702501e+00 8.977458173064448488e+00 7.346299058209437405e+00 -1.740747856273544114e+00 7.165317236643900856e+00 8.090945589059275633e+00 4.401904684943184876e+00
-1.654395514028248027e+00 -4.020141311328766065e+00 1.910314166044278616e+00 -3.527366265449606964e+00 -1.186837741334602514e+00 -1.742710874150618983e+00 6.593906914586971979e+00 4.781497018102577101e+00 8.338771384975576240e+00 4.289989942499738973e+00 7.129256605210832376e+00 -1.556593470036218729e+00 6.837567897826003716e+00 8.378454258602090476e+00 4.297395653002454630e+00
-1.687870809426021523e+00 -3.132504762047950031e+00 1.814102799873779315e+00 -1.237532224898288291e+00 -7.680864390915130846e-01 -4.679604155241485763e+00 6.408882723283836569e+00 4.804444962277382380e+00 7.562345349497833880e+00 4.400605673838732024e+00 6.900978953377811642e+00 -1.367710187766387087e+00 6.473070429810007909e+00 8.612348134165355162e+00 4.179615346920359187e+00
-1.806901291113009789e+00 -2.182620002418306893e+00 1.747970261782887835e+00 2.867828462364870323e-01 -2.196176601866280720e+00 -4.889472722733460230e+00 6.083575696749543127e+00 4.800798783637943323e+00 6.661164356893994665e+00 4.501235440413585920e+00 6.681223839226468897e+00 -1.178487085669809753e+00 6.077807778272726225e+00 8.776228515285893650e+00 4.048640994600355647e+00
-1.975013435366507197e+00 1.707468965789891824e+00 -1.327879283926560072e+00 1.381895480758292827e+00 -3.061618080055416691e+00 -5.017510100030410314e+00 5.601201480576318836e+00 4.770734511967240188e+00 5.667969244993671829e+00 4.591918144996168571e+00 6.487902864887686860e+00 -9.933055329244094844e-01 5.658006488141179346e+00 8.854467881889680925e+00 3.903993910771402565e+00
-2.157237710069149994e+00 1.682573624236742837e+00 -6.827340418648060183e-01 2.456821971512640257e+00 -3.715866976815867861e+00 -5.081264220324851699e+00 4.956317786707962192e+00 4.714694504177367129e+00 4.634925014494680084e+00 4.672415458943758537e+00 6.334502473708522707e+00 -8.163533076361609853e-01 5.219900524485269422e+00 8.833151118537273305e+00 3.744437784123654023e+00
-2.322988553020714164e+00 1.659049812862268380e+00 -2.640203238364813298e-01 3.439602514235439390e+00 -4.134619019028018982e+00 -5.098197826788216425e+00 4.157281286836725265e+00 4.633197606629083865e+00 3.625178477681164857e+00 4.742160225721107736e+00 6.228136614435658913e+00 -6.514449904512434886e-01 4.769494469113592316e+00 8.700845376997731861e+00 3.567943587027007979e+00
-2.447393722955979456e+00 1.621438425236032987e+00 -2.660670678768627118e-02 4.260904861229445117e+00 -4.354186193321431197e+00 -5.083172041609383740e+00 3.226781758920666654e+00 4.526500372606777844e+00 2.698702746916750606e+00 4.800275273291252809e+00 6.168357360929184630e+00 -5.018569946464758180e-01 4.312338715975836401e+00 8.449165623239919043e+00 3.371831685295830994e+00
-2.511801635543266631e+00 1.557017490815525651e+00 8.697031961885834384e-02 4.866632636773806198e+00 -4.422523302643853960e+00 -5.048144506421428090e+00 2.200570686467644865e+00 4.394054147298638746e+00 1.899352346823903304e+00 4.845652212337999920e+00 6.146525638572226669e+00 -3.701847246726366336e-01 3.853329564632840487e+00 8.073138122431545938e+00 3.153069280370945471e+00
-2.503798272907973299e+00 1.459141341917571832e+00 1.240998665131428647e-01 5.223632209739610843e+00 -4.376920814739737153e+00 -5.002147711442749944e+00 1.125227234574947888e+00 4.233671281299266731e+00 4.877037767134546620e+00 1.249073237371395750e+00 6.145305842332383861e+00 -2.582285221108882589e-01 3.396546388148992790e+00 7.571387871852794937e+00 2.908677104463601726e+00
1.328293999963880090e+00 -2.416897504303650912e+00 1.185905771067386621e-01 5.318456654751893886e+00 -4.239943936335386354e+00 -4.951215428847352662e+00 5.635566580113151453e-02 4.040259389850605842e+00 4.893011763253726443e+00 7.498565291227458074e-01 6.137674720636001169e+00 -1.669141422953883958e-01 2.945135955546138273e+00 6.946185323725566185e+00 2.636185707887703344e+00
1.170389047627161228e+00 -2.250007549248970395e+00 9.315149048640444795e-02 5.152849114848052636e+00 -4.020438124975175498e+00 -4.898049179670814546e+00 -9.413831744095462195e-01 3.803916812165234695e+00 4.891619538832164160e+00 3.898641182219779733e-01 6.084617960152664651e+00 -9.625225741067282292e-02 2.501250502253406616e+00 6.203384053829266165e+00 2.334078283102196227e+00
9.934587624775605974e-01 -2.006745552864360516e+00 4.739541376811883922e+00 6.237537979139927413e-02 -3.713893001761487511e+00 -4.840926503443691686e+00 -1.791304873807498366e+00 3.507193853654368976e+00 4.869095949863328165e+00 1.498528146058290822e-01 5.930328139611741101e+00 -4.533967154041158854e-02 2.066041692379239514e+00 5.352269062110385889e+00 2.002161810700058275e+00
8.046242119000982518e-01 4.099988258092502669e+00 -1.694652512068444361e+00 3.495643104304678450e-02 -3.301176692770757981e+00 -4.770186647811999414e+00 -2.397791083840683068e+00 3.121769518637055985e+00 4.815986494118787320e+00 7.884262162699457593e-03 5.593461165603394569e+00 -1.240252327322451803e-02 1.639707981951348259e+00 4.405321516644798763e+00 1.641819131337206361e+00
6.086604034792970630e-01 3.263899978286787462e+00 -1.324356598295539422e+00 1.519174022818165978e-02 -2.747967345174076481e+00 -4.655731118993702289e+00 -2.636042130235470182e+00 2.606738814328180442e+00 4.704134723600396306e+00 -5.797900606669186691e-02 4.954991079856409186e+00 5.120994413637496891e-03 1.221588956312469554e+00 3.377895943069722406e+00 1.256109414168545602e+00
4.082206931646411574e-01 2.269551127285323044e+00 -9.087435588970983469e-01 4.048982481062841920e-03 -2.012778262458582379e+00 -4.392699175849309690e+00 -2.351992119022181971e+00 1.916017437394389455e+00 4.431786155494537027e+00 -6.850953061253410581e-02 3.856750838742655674e+00 1.046343223189820371e-02 8.102976735559107579e-01 2.287803709526102569e+00 8.497018680161343429e-01
2.048722164216040809e-01 1.163667804561890229e+00 -4.622022638853848786e-01 3.386021344724943595e-05 -1.077717108296861293e+00 -1.429590045626440098e+00 -3.492120204424083330e+00 1.028672876116000889e+00 3.513726255798155229e+00 -4.309191249821456987e-02 2.168705969449556292e+00 7.383256989852334147e-03 4.038811828695256234e-01 1.154802263685162922e+00 4.286460265072178921e-01
-4.767392219721394781e-15 -2.464583304724391427e-15 4.321488483411598156e-32 4.860406817433306035e-17 -2.592734539185615203e-16 -4.990881207611619613e-15 2.519475228045934287e-16 -2.225970323992008176e-32 -4.058262131464103836e-17 -2.078298696467075989e-16 9.158142452628685404e-15 1.336867903325005702e-21 9.316684251639060660e-16 2.183597871477904380e-17 -6.420917347659229110e-16
-3.607573242562391970e-15 2.947428026089725170e-15 -3.804226671198287307e-15 4.009324147390939072e-15 7.383274330688823851e-16 8.815299476744736662e-15 -3.756487355500870381e-16 -1.971849119274076138e-16 -9.525033881239175620e-18 8.188158479777827968e-16 -2.004646937272672477e-15 5.611038494624761778e-15 -8.973503855743670682e-16 2.851580114158543827e-15 -3.109937739534795133e-15
-1.481493220922840993e-15 -1.745581833624286797e-04 5.317668869149023136e-06 -2.562213919362721728e-04 -2.562225730578762315e-04 5.568677171973762826e-05 1.458450550385805694e-04 -8.329484344828149618e-06 1.464184696573940232e-04 9.844231256920981044e-07 -1.010679540820168471e-06 -1.840705078559037307e-07 -9.105219347114550110e-04 3.250560236121706630e-15 6.921851860886177148e-04
-5.942827380091881047e-15 -2.957161678154541997e-04 3.852354060632389761e-05 -4.877463610723091524e-04 -4.877053408051146592e-04 1.195319631779476010e-04 2.758719332841655142e-04 -1.951980036741906280e-05 2.777560721094834658e-04 7.446125255906003784e-06 -1.379922441143908249e-06 -7.595543971319082291e-06 -1.726009699547746256e-03 -5.185687958781413065e-16 1.309242396485339526e-03
-4.075830212044141903e-15 1.104806411568536555e-04 -3.334902982145122007e-04 -6.723830039617784181e-04 -6.721098886204210062e-04 1.946788117513367170e-04 3.747519259339857794e-04 -3.373735032408207974e-05 3.807222577232773487e-04 2.284420049850024545e-05 -2.305153289201757483e-05 -4.169391191979986806e-06 -2.362122018935202718e-03 1.994961020186562786e-17 1.785120850741851598e-03
-4.735566673831392856e-15 -2.894029469502741266e-04 2.103479006592678393e-04 -7.926843380641520730e-04 -7.913498095282760127e-04 2.756051778516862335e-04 -5.055412627289408202e-05 4.323694958800750597e-04 4.453534015976299914e-04 4.716176276405432245e-05 -4.685357566428367094e-05 -8.431902935156920329e-06 -2.755007221680035728e-03 1.142474157617302281e-15 2.071045551552583644e-03
-3.384913938431162828e-15 3.114996123374810344e-04 -1.881827563598589760e-04 -8.376980752730421413e-04 -8.339703814768506095e-04 3.483240650328605064e-04 -6.728948090443104941e-05 4.437524285100110061e-04 4.660929614025134085e-04 7.641359169197696455e-05 -1.328582048250313534e-05 -7.439015132183219171e-05 -2.869173175886255249e-03 -1.996352684579871267e-16 2.141881378887531152e-03
-4.777097254923090758e-15 3.834849408130440777e-04 -6.594783344202811710e-05 -8.040608266658819028e-04 -7.965342447413452463e-04 3.934359353875432224e-04 -7.964376078231053153e-05 4.099504948798702816e-04 4.422965257419869006e-04 1.032653890124065650e-04 -1.738495507178362720e-05 -9.796781787782989353e-05 -2.702256996816669674e-03 3.260471328057580362e-15 1.999644875268118040e-03
-5.108347174541144052e-15 4.012099412691186653e-04 4.115771256807560923e-05 -6.963392820592116282e-04 3.919733099360128313e-04 -6.844474160719300846e-04 -8.306110362429982468e-05 3.382272056816066469e-04 3.781346456258049562e-04 1.186277235030194999e-04 -1.085126544591476629e-04 -1.976643334924414362e-05 -2.285578443576033892e-03 1.118977805337532176e-15 1.673261087284920933e-03
-4.848009289251361331e-15 3.513421721009513132e-04 1.039187636047537186e-04 -5.265828456070417935e-04 -5.115938550026376654e-04 3.320250483351160813e-04 2.406659424178744387e-04 -7.372395945280543848e-05 2.819445576998533764e-04 1.138546435978467810e-04 -1.005775401695713678e-04 -1.788581690785348178e-05 -1.679814743789995917e-03 7.996651534873681089e-16 1.214116167887917654e-03
-3.471399374000062871e-15 2.344710620630527614e-04 1.043114011626099919e-04 -3.131084928371050949e-04 -2.990182243543559101e-04 2.144719313461221724e-04 -5.018706596137726913e-05 1.326529190353319164e-04 1.651376745385246337e-04 8.304054525759560295e-05 -6.937207324140068224e-05 -1.322279058497048164e-05 -9.660325712350160184e-04 1.160088864544706848e-15 6.877869529757372948e-04
-3.625777575091500729e-15 3.687328270489305539e-05 6.443005586743360896e-05 -7.859687296361786044e-05 -7.267631576549849945e-05 5.591257406741487066e-05 -1.408066361782046764e-05 3.030085381443958493e-05 4.080434267292327836e-05 2.488458498220959205e-05 -2.004313378668476511e-05 -3.449517212440836113e-06 -2.334456410601022853e-04 1.610892175351548205e-15 1.633427989422156035e-04
-3.333327416528457588e-15 -1.346976881228464928e-04 -9.202766338215428131e-05 1.523538184771494554e-04 -1.119583230561758735e-04 1.390183602022608978e-04 -5.218059663368145723e-05 2.979503259654724877e-05 -7.782339853843968011e-05 -5.632704531440278138e-05 7.321988167295990908e-06 4.275297492734166327e-05 4.338010561658146641e-04 3.403386955372600922e-16 -2.975945488177316411e-04
-3.505297643941900486e-15 -3.354045787336040383e-04 -2.641133296027673447e-04 3.559931693910967760e-04 -2.546945297117662291e-04 3.154276092397536582e-04 7.423578128483706109e-05 -1.048401939819500428e-04 -1.788819985802656335e-04 -1.509024437698602004e-04 1.830904878772649042e-05 1.068826914103728816e-04 9.682259935814691281e-04 1.361885337632596257e-15 -6.496918128411679474e-04
-3.032957036109414953e-15 -5.082473509248345211e-04 -4.559822823022683801e-04 5.122051358700395636e-04 4.363056378582201317e-04 -3.333221026283519342e-04 1.111461127261083917e-04 -1.236190612715378618e-04 -2.531924193066199271e-04 -2.451400571318685458e-04 2.769219257044983602e-05 1.600759483583976729e-04 1.326893563564630939e-03 5.809919735339639721e-16 -8.689189756065781537e-04
-4.277391351882317992e-15 -6.392571839999110737e-04 -6.300342820946568979e-04 6.069636194193619083e-04 4.931482337202974580e-04 -3.233814217291417067e-04 -1.108865925794390588e-04 1.334240969919566367e-04 -2.952298293357200412e-04 -3.237323360859176375e-04 1.921578289679650830e-04 3.377234267454465213e-05 1.494554406248956935e-03 -2.023952776683929285e-15 -9.531385561083775219e-04
-2.879121036649768421e-15 -6.852095145489596386e-04 -7.862943960819087979e-04 6.340931734269385700e-04 4.907645908667905869e-04 -2.242540809156156635e-04 -7.490760454304305988e-05 1.369118259214278791e-04 -3.036263163868515962e-04 -3.727298586396953980e-04 1.973220094927763759e-04 3.563433768019145804e-05 1.482166889450431098e-03 1.262668290040585688e-15 -9.188254843439039180e-04
-1.652112444944744723e-15 -8.718978160163375676e-04 -6.689798749875897543e-04 5.960203197698580018e-04 -4.695708684912452209e-05 4.293529646571011388e-04 1.213971453813931389e-04 -2.781920385693980167e-05 -3.824522463690122444e-04 -2.811359070741622666e-04 3.350363981437183341e-05 1.755111368027128963e-04 1.321772146327429478e-03 6.814880809506147697e-16 -7.952459896128663509e-04
-4.806629643760287569e-15 -8.757708007670119430e-04 -5.867570269523996558e-04 5.033188614403531812e-04 1.489013350979066742e-04 3.393287843345675777e-04 9.145066038786123057e-05 1.639275805721593219e-05 -3.496907091725005574e-04 -2.340574852506937652e-04 2.768414968100308733e-05 1.335738782450257523e-04 1.059099320814386102e-03 5.762466168071631525e-16 -6.176664570223363215e-04
-1.858324432984896806e-15 -7.827952202085450588e-04 -4.524275814824923483e-04 3.730311940481226903e-04 3.090341405215443478e-04 2.293639808642548687e-04 5.495637025942494051e-05 4.541060362067633825e-05 -2.786596049010712389e-04 -1.711869656805422961e-04 8.239961443206528029e-05 1.984325388825347868e-05 7.453208600174598616e-04 -3.827868129420514571e-15 -4.209751011141465429e-04
-5.719152540254694187e-15 -5.797089911541310593e-04 -2.871813628838744935e-04 2.259619940213564106e-04 3.531525408910199306e-04 1.233423893261504734e-04 -1.804103913128548295e-04 2.201308113155497307e-05 5.047719341753187345e-05 -1.024440966507906393e-04 3.562329040182925981e-05 1.142616036901025047e-05 4.292197867288147966e-04 -1.102057070442601814e-16 -2.346828902456705849e-04
-3.225111892903532048e-15 8.335110031958519448e-05 -2.631496530172120385e-04 -1.098147436534500606e-04 2.100622446021675499e-04 3.828037563846930391e-05 -7.076609278481531924e-05 2.281237064310160227e-06 2.845063401398573164e-05 -3.737791712334841387e-05 5.846727580956393325e-06 3.934013504969063937e-06 1.507856257275452588e-04 2.704344358993000303e-16 -7.980303278388910996e-05
-4.446317066425529020e-15 -3.650900792974400499e-05 4.899928903985855853e-05 1.308044717953941105e-04 -1.608825921921717942e-05 -1.221251440526063782e-04 3.281734760769664948e-05 2.548655794541820079e-06 -1.756931806355598613e-05 1.621493466358252025e-05 -1.567547184003620305e-06 1.827118355396539566e-06 -6.303998271214334033e-05 -3.905028738405457607e-16 3.230618377583407427e-05
-6.305538033391911642e-15 -1.210849507603675652e-04 3.472450578311175938e-04 1.610166830771319040e-04 -4.302328504637070099e-04 -4.279948913595294935e-06 1.147931641499311256e-04 -7.913057877052618444e-05 2.505200735443770366e-05 5.333263589688122991e-05 2.622597755549061009e-05 -4.541946792883866168e-06 -2.000947846409116776e-04 6.205743552163156680e-16 9.937085877790335551e-05
-6.691563814215699023e-15 -1.652856566835585650e-04 1.212449803988391859e-04 2.127598439231293231e-04 -4.023644912852433341e-04 3.840596620856798367e-05 1.646844752719691979e-04 6.615885189836700673e-05 -1.438321373546324570e-04 7.229384677672849580e-05 7.476022158052195220e-05 -4.986102894885258819e-06 -2.622209966822783419e-04 2.901556283835096829e-16 1.263541162873481761e-04
-3.648803393859579118e-15 -1.716614959206587681e-04 -3.763562001401187245e-04 2.585045361673845828e-04 6.792401595396730936e-05 -1.878737943956765408e-04 1.791339945495312659e-04 -1.981775325445545260e-04 1.169739887308470259e-04 7.465492249569104916e-05 1.372439682315487297e-04 -3.642114013643906975e-06 -2.623853452607906225e-04 7.025968653223399949e-16 1.228904591621442981e-04
-6.527597870619060366e-15 -1.490693668078248559e-04 3.136223919763487860e-04 -9.007285439318825533e-04 3.920543626266646960e-05 5.642487226102076419e-05 1.623239684382056568e-04 1.648990963749803512e-04 -2.303900268758265915e-04 6.453746377813946366e-05 1.990705924433732257e-04 -1.148902933452497146e-06 -2.204043216282878040e-04 1.799546224315076216e-16 1.005628442890012101e-04
-7.850468667399048472e-15 -1.100983402500041176e-04 3.365195827215924636e-04 -1.284114796506886967e-03 1.599469860508663481e-05 2.123184988227736370e-04 1.245795662727391636e-04 -2.329463913009320749e-04 1.962087192033315085e-04 4.750155165063144351e-05 2.449770808049469987e-04 1.511964497017878485e-06 -1.581535209743638434e-04 7.439164067863395511e-16 7.049346472584290882e-05
-4.965566438353125651e-15 -6.784862724469167068e-05 -1.487253891568422401e-03 3.564121094490086826e-04 -3.527456761820134423e-05 3.133696683923696373e-04 7.938344222285528102e-05 1.991920664839473348e-04 -2.043301910389515481e-04 2.919938700109546239e-05 3.496736900608399560e-06 2.621434956941367253e-04 -9.513939681806149473e-05 1.030282558505107778e-15 4.156499054920960218e-05
-4.130743595838626086e-15 -3.282504702346684472e-05 2.534208021648549089e-04 -1.358102215822961419e-03 3.947800922235791403e-05 -7.865964210530851949e-05 3.404395288483268904e-04 1.675934630061875954e-04 -1.498993427137391109e-04 1.410192252574594878e-05 6.759221842897493926e-06 2.405910440160994278e-04 -4.515774184443521424e-05 3.670574393323654308e-16 1.941156679269687732e-05
-7.828262171594769418e-15 -1.068990892273728870e-05 2.172858575301199425e-04 -1.091555192131663139e-03 1.312450932920697053e-05 -9.810063108858805756e-05 2.993977241998184609e-04 -8.166629493865937902e-05 1.041040300801872743e-04 4.587310891208595326e-06 4.674907015179824726e-06 1.864223053817412146e-04 -1.450441821699849303e-05 1.547825430792944032e-15 6.160930424339287512e-06
-8.295853687511999188e-15 -1.412492756809375354e-06 -6.136460730508623692e-04 1.317716913148883737e-04 1.756534816614234114e-06 1.932119352627580447e-04 -7.860232298083469457e-05 -2.035220445324662772e-05 2.921333406471480115e-05 6.057593794537434960e-07 1.016872126281581401e-04 2.432110946714685825e-06 -1.900557330662057544e-06 1.327970842450985516e-15 8.014060815083517986e-07
-7.819719272482687383e-15 1.063811362601145355e-16 -8.592360034397117835e-16 6.397596057579725029e-16 -1.061889726972679059e-15 4.704405977307006946e-16 1.421073782120731202e-16 9.592090084598173598e-16 -4.550758980848605287e-16 1.135024431334415061e-15 8.424122785181080259e-15 -3.432914665127776882e-16 -1.199934437749520397e-16 1.342892134343228159e-15 -1.095105106809803125e-14
