0.000000000000000000e+00 0.000000000000000000e+00 0.000000000000000000e+00 0.000000000000000000e+00 0.000000000000000000e+00 0.000000000000000000e+00 0.000000000000000000e+00 0.000000000000000000e+00 0.000000000000000000e+00 0.000000000000000000e+00 0.000000000000000000e+00 0.000000000000000000e+00 0.000000000000000000e+00 0.000000000000000000e+00 0.000000000000000000e+00
1.037361939253604426e+01 1.034738345641046031e+01 2.460159606520968012e+01 -1.659827715668764636e-01 -1.661420532765836289e-01 9.566768111803357622e-01 2.992009000042651912e-01 2.993972140718837993e-01 3.849719306730283730e-01 -2.753472422792358973e-02 -2.752176199677550117e-02 1.577318136637510859e+00 -1.199817934327440140e-02 -1.200134950951680865e-02 3.229996935331527652e+00
1.029269372797355331e+01 1.026766310617344757e+01 2.439772718746822378e+01 -3.324974061468956021e-01 -3.327952441380003790e-01 1.918212327030601960e+00 5.944058825573694804e-01 5.947403092638219313e-01 7.533680253863581644e-01 -5.761977864642053859e-02 -5.759677291778581010e-02 3.085043795814127687e+00 -2.479391879652212763e-02 -2.480634417066769279e-02 6.414338678229420943e+00
1.016288692709075470e+01 1.013978875456752604e+01 2.403031564381297969e+01 -5.011936651550805699e-01 -5.016004786673810001e-01 2.892297723196260328e+00 8.825179856392825206e-01 8.828988050126358456e-01 1.089582942682010946e+00 -9.268517341348556093e-02 -9.265644015057970806e-02 4.470987801511697946e+00 -3.914621388425677806e-02 -3.917797331167423985e-02 9.503992639409155174e+00
9.991387737941902714e+00 9.970840555828774043e+00 2.346281671444720018e+01 -6.748747191315190852e-01 -6.753546037467321739e-01 3.888891834545638471e+00 1.161217083068468936e+00 1.161543695659133624e+00 1.380088416753505687e+00 -1.349196407099307327e-01 -1.348887652633888601e-01 5.713678879912148290e+00 -5.573731346881531656e-02 -5.579877563851610989e-02 1.244501059087147787e+01
9.787463399353196536e+00 9.769945431724961438e+00 2.265479268392399703e+01 -8.566185935292988107e-01 -8.571233905293514921e-01 4.912545366576968497e+00 1.428036518284082845e+00 1.428218764694981102e+00 1.616038405743904338e+00 -1.861526652451989949e-01 -1.861211286691636935e-01 6.828777167665590397e+00 -7.513551377553456811e-02 -7.523288390570637141e-02 1.517991119539617983e+01
9.561739366243372729e+00 9.547567580404381360e+00 2.157427666947485534e+01 -1.048882188890391198e+00 -1.049354624840666217e+00 5.907230239599178923e+00 1.679567887691989059e+00 1.679550440438035253e+00 1.837115572390067841e+00 -2.477491362589701318e-01 -2.477167258777951131e-01 7.867681476928388484e+00 -9.775989513394039987e-02 -9.789108924862625905e-02 1.765185513415780250e+01
9.325378806766263295e+00 9.314700162938704509e+00 2.021417886933228658e+01 -1.253132057639237296e+00 -1.253520379393766149e+00 1.911345514720743433e+00 1.911133690101076921e+00 1.917200726423264223e+00 6.955263266841192227e+00 -3.205303082925080593e-01 -3.204972680291106601e-01 8.908917377097322898e+00 -1.238484148413535463e-01 -1.240003334173739175e-01 1.981034911984187730e+01
9.089232229804515839e+00 9.082026968456903049e+00 1.860911846286703053e+01 -1.469950721234093205e+00 -1.470222552643677849e+00 2.118338771825088340e+00 2.118010318964440142e+00 1.877859445651428816e+00 7.951018996189331389e+00 -4.047339149124862256e-01 -4.047034287474542968e-01 1.004314118311987869e+01 -1.534311807955231477e-01 -1.535792222868678780e-01 2.161667062466102607e+01
8.863031532534353829e+00 8.859126616196038029e+00 1.684449671106252566e+01 -1.699315066415558295e+00 -1.699461789378419185e+00 2.295702803840058426e+00 2.295397658616840975e+00 1.813083488862154979e+00 8.677740353128099215e+00 -5.000198048217627811e-01 -4.999985044446212945e-01 1.135191154763749921e+01 -1.863109972035887074e-01 -1.864212309845536819e-01 2.304745818748632402e+01
8.654699255594834995e+00 8.653788716880891130e+00 1.504806974272961817e+01 -1.940799122876869065e+00 -1.940832056582282528e+00 1.679557810672686502e+00 2.439476123335038160e+00 2.439369549966239781e+00 9.044595737749762776e+00 -6.055171675862434100e-01 -6.055115886704065531e-01 1.288093249975660015e+01 -2.220533073652111167e-01 -2.220871908549178209e-01 2.409573296644173013e+01
8.471501582658403251e+00 8.469833038918759271e+00 1.336157398583281442e+01 -2.193608027970633145e+00 -2.193551740620833801e+00 1.481285267611706091e+00 2.547331230806630931e+00 2.547060805335640499e+00 8.952862838565490478e+00 -7.199073046472299620e-01 -7.198988202126918035e-01 1.461330308464038374e+01 -2.599083856375233870e-01 -2.599874067441267922e-01 2.476952584209246311e+01
8.315155416057281812e+00 8.311408338807224183e+00 1.190398909216342638e+01 -2.456474565797229559e+00 -2.456360569118504866e+00 1.226466934258146013e+00 2.618249930337086973e+00 2.617449624957167043e+00 8.387643130603308350e+00 -8.414629631882963867e-01 -8.414609566988116018e-01 1.645651072656621139e+01 -2.990011375804358940e-01 -2.992202535989647028e-01 2.508888181762620917e+01
8.184984576592109207e+00 8.179721113336158922e+00 1.074528655013345890e+01 -2.727508651102722670e+00 -2.727369738892256201e+00 9.255148160658217549e-01 2.652672976359201851e+00 2.651237427406373914e+00 7.431355337869589128e+00 -9.681331011200287051e-01 -9.681858857645517791e-01 1.825825878165629845e+01 -3.382931545760004544e-01 -3.386633999586896593e-01 2.508217591205771413e+01
8.078748901487438516e+00 8.072568363309471806e+00 9.901203975466968288e+00 -3.004093503736292359e+00 -3.003958251226211296e+00 5.904114113681027121e-01 2.652591083168263530e+00 2.650478672556408899e+00 6.228342088901360540e+00 -1.097586201431690389e+00 -1.097771147307930795e+00 1.985003561548910511e+01 -3.765611758231155459e-01 -3.770725771738558385e-01 2.478251369322190456e+01
7.992129077421796346e+00 7.985640292679226704e+00 9.345031361334836362e+00 -3.282892008380117410e+00 -3.282780004658470308e+00 2.342277044613705062e-01 2.621201640138383748e+00 2.618448126389570696e+00 4.928542938408413399e+00 -1.227207580632071471e+00 -1.227619223310643104e+00 2.109485922722147322e+01 -4.124786504874024540e-01 -4.130984017038117351e-01 2.422469588112804573e+01
7.919287442137108890e+00 7.913075844940435033e+00 9.025526234014709104e+00 -3.559982985455954818e+00 -3.559902334173800309e+00 -1.293253404073660129e-01 2.562610090831913379e+00 2.559343465158074871e+00 3.646411020329531016e+00 -1.354072962174127204e+00 -1.354794317039477392e+00 2.191347142579092377e+01 -4.446713798343293611e-01 -4.453456403175140021e-01 2.344294752601539855e+01
7.853526487153560609e+00 7.848115921118639982e+00 8.882621215215118937e+00 -3.831104843344126820e+00 -3.831053164752879603e+00 -4.863321733709973227e-01 2.481488483271229839e+00 2.477948429554959642e+00 2.448789074900485474e+00 -1.474905513979341887e+00 -1.475962334915230878e+00 2.228329884710723618e+01 -4.717783288917238305e-01 -4.724376163881548463e-01 2.246941493365013187e+01
7.787965308638072237e+00 7.783777509616617074e+00 8.857903056990419799e+00 -4.091953125223218635e+00 -4.091921930957693299e+00 -8.231006570557308777e-01 2.382696778820203587e+00 2.379260088417277430e+00 1.362815599182042758e+00 -1.586032194568526288e+00 -1.587334228885134646e+00 2.222199330820588514e+01 -4.925142563529608664e-01 -4.930817669148727656e-01 2.133332357418998626e+01
7.716150115309588386e+00 7.713467631658200929e+00 8.900261435816744893e+00 -4.338463142375414527e+00 -4.338444025904685475e+00 -1.126586357151642348e+00 2.270868411359984407e+00 2.268077409042361658e+00 3.899975713448132209e-01 -1.683352188774791314e+00 -1.684630388010690760e+00 2.176900668309778553e+01 -5.057305053034075737e-01 -5.061321623251611168e-01 2.006064577011168737e+01
7.632516818472168119e+00 7.631456649318329788e+00 8.968178456003258248e+00 -4.567007687297503615e+00 -4.566998125752512294e+00 -1.384815624040678150e+00 2.149967257411326216e+00 2.148551745374847055e+00 -4.816146511233312388e-01 -1.762322717115147430e+00 -1.763076575513031763e+00 2.097186820806173913e+01 -5.104703079203765093e-01 -5.106450224953901218e-01 1.867412215210618598e+01
7.533131468903426331e+00 7.532626640091795167e+00 -4.774452045194627736e+00 -4.774445180384782716e+00 9.030000905367462138e+00 -1.587307128130620359e+00 2.023712134871396451e+00 2.022836555242554457e+00 -1.269271089890231741e+00 -1.817434002412707139e+00 -1.817959659951771556e+00 1.987806251918289036e+01 -5.059238894098913031e-01 -5.060153141568882740e-01 1.719349636887809041e+01
7.414941327099731971e+00 7.413089824914682602e+00 -4.957990945357145129e+00 -4.957951261366367213e+00 9.063110999943356560e+00 -1.725486480030479663e+00 1.894997483406176464e+00 1.890778558781843754e+00 -1.990754304557134313e+00 -1.842062897170257951e+00 -1.844847873838347141e+00 1.853109365584730028e+01 -4.915520735705519728e-01 -4.919207374714342218e-01 1.563584722825892648e+01
7.273912950735204497e+00 7.271058168185043691e+00 -5.114626704749286823e+00 -5.114531922776766493e+00 9.052554139619008566e+00 -1.793081224333785917e+00 1.761852305694327159e+00 1.753224967815612656e+00 -2.661827596031036691e+00 -1.831026222195520470e+00 -1.837165175945910445e+00 1.696912207636692571e+01 -4.674111472849364901e-01 -4.680374453906105403e-01 1.401593123733010238e+01
7.106501845365600367e+00 7.103057650196158868e+00 -5.240168884726236875e+00 -5.239998348733170275e+00 8.989454022377675102e+00 -1.786472576615131702e+00 1.621473465721269047e+00 1.607582642091968106e+00 -3.294990245637964055e+00 -1.778263296442887054e+00 -1.788751520730010647e+00 1.522502269205044811e+01 -4.336854498864970431e-01 -4.345203881937290680e-01 1.234647923961620641e+01
6.906238220489438362e+00 6.902623623694418953e+00 -5.327110925567928312e+00 -5.326857230606089288e+00 8.869387123272883144e+00 -1.704950222644518787e+00 1.468835955636391022e+00 1.449367830224272957e+00 -3.898980925917955087e+00 -1.677904301813204491e+00 -1.693306921715429958e+00 1.332716468222390205e+01 -3.908536323227727594e-01 -3.918238086595037251e-01 1.063842179600054827e+01
6.658754419777546119e+00 6.655327454826769795e+00 -5.359987767928375391e+00 -5.359673028772276027e+00 8.690412470730999317e+00 -1.550447853222576278e+00 1.297177013576556570e+00 1.272770266362819314e+00 -4.478677855214166392e+00 -1.524848255223434146e+00 -1.544876959794637905e+00 1.130050224921111557e+01 -3.396690665873687842e-01 -3.406845660018190669e-01 8.901046501756214369e+00
6.330191346409588249e+00 6.327191439802845707e+00 -5.304145582630960476e+00 -5.303842842623088139e+00 -1.272012371323680169e+00 8.395926940603640531e+00 1.099157390281513713e+00 1.071789361232448279e+00 -5.035021774342690826e+00 -1.315756110096336862e+00 -1.338854558911328096e+00 9.167719743865127668e+00 -2.811314003255974692e-01 -2.820955265902105880e-01 7.142112999858457378e+00
5.836957996772817125e+00 5.834465608313669449e+00 -5.075826229046940696e+00 -5.075683110419181965e+00 -1.052777173189563653e+00 8.159281288950220201e+00 8.688615064418787615e-01 8.419898995929353536e-01 -5.563938268716979607e+00 -1.050540823140953872e+00 -1.073697404539881495e+00 6.950257060463156833e+00 -2.164516368227530074e-01 -2.172712658586451184e-01 5.367964472059920666e+00
4.962391170016457131e+00 4.960341436281348493e+00 -4.459071294297336507e+00 -4.459299022349386910e+00 -7.289943461326193752e-01 7.794043496689289086e+00 -6.048476272096070971e+00 6.044781344896600350e-01 5.826357909727761797e-01 -7.341619307391845650e-01 -7.532568563771471215e-01 4.669098418516453464e+00 -1.470129157068600922e-01 -1.476082962674306331e-01 3.583675688777352875e+00
3.184858210737396611e+00 3.183347347774786673e+00 -2.934140011177211793e+00 -2.934722904729204274e+00 -3.727702620730824479e-01 7.250151364102147333e+00 -6.372713320387586755e+00 3.108066298468011301e-01 2.984679116779400121e-01 -3.780398825538110463e-01 -3.889178527527891172e-01 2.345263478575963845e+00 -7.432875446161681110e-02 -7.464174932696539255e-02 1.793267595331161202e+00
-3.531329594069494986e-15 -3.175514465569203875e-14 -9.804910543513725221e-17 3.068571872741483243e-14 -4.538331692125271367e-16 5.099456861902980847e-14 -5.006204821623401961e-14 7.470748225160195446e-16 1.311483550333232315e-15 -1.547183075268929059e-15 2.757851980772338299e-17 2.923495391863864456e-15 -1.723781163170443728e-16 -1.380192660429949422e-16 2.440669832128633383e-15
-3.531329594069494986e-15 -3.175514465569203875e-14 -9.804910543513725221e-17 3.068571872741483243e-14 -4.538331692125271367e-16 5.099456861902980847e-14 -5.006204821623401961e-14 7.470748225160195446e-16 1.311483550333232315e-15 -1.547183075268929059e-15 2.757851980772338299e-17 2.923495391863864456e-15 -1.723781163170443728e-16 -1.380192660429949422e-16 2.440669832128633383e-15
-7.047975232302539699e-15 -2.028214420160668978e-05 -3.471441489593057281e-06 5.330254892777274839e-15 1.199551899243543427e-05 1.684148217870303223e-05 -3.539392137315942725e-05 -8.983653628856713442e-15 2.574276131333047413e-05 8.327107340885793984e-15 -6.477944293083747741e-06 -1.252112753866044060e-07 -9.879455061611595259e-17 1.369640834997859322e-06 -1.426004002680448085e-07
-6.723077866828707344e-15 -1.574667437429012906e-04 -2.637213971747386524e-05 5.853098485134272674e-15 8.048726822381616769e-05 1.265979222374006717e-04 -1.719483943603133675e-04 -6.156508470211678799e-15 1.091842259964090497e-04 8.866990354785257151e-15 -4.419312988215790070e-05 -9.492945405396645466e-07 -1.048330625948452375e-16 1.020490441851226440e-05 -1.071744244540448555e-06
1.841968399655337089e-14 -5.038546537246389604e-04 -8.148185964543197492e-05 -1.990218410548324943e-14 1.954685694223917724e-04 3.928524833473476187e-04 -3.545871475113321542e-04 2.924991283989655738e-15 2.134318762932638734e-04 -1.634512911840513937e-15 -1.194102376929133088e-04 -2.923328329032084958e-06 -1.965705720684800960e-16 3.053862539486462978e-05 -3.252999499467055246e-06
2.440537620353172995e-14 -1.100118110060623999e-03 -1.698088883684617718e-04 -1.863458874199478860e-14 2.870569150887803561e-04 8.421355344391480337e-04 -4.837981046393432702e-04 1.013938444720502981e-14 3.086257050031679665e-04 -1.206177825696207896e-14 -2.178148390813316093e-04 -6.065623588819784334e-06 -2.742283728509859776e-16 6.091940330802767808e-05 -6.615133281737673701e-06
-1.362171835138385402e-14 -1.906107825749267341e-03 -2.781637131847081211e-04 1.357093852151507744e-14 3.092273565633100454e-04 1.451648785629491628e-03 -5.022802866024269263e-04 -5.924927132020034090e-15 3.735354385389292719e-04 3.909767018129692214e-15 -3.160931291253759570e-04 -9.887996693761307067e-06 3.793454118517012559e-18 9.452333424393610686e-05 -1.051019584456079292e-05
8.753272454078503861e-15 -3.800987857452432762e-04 -2.775039260405623692e-03 -7.348237795971626634e-15 2.661884770458201573e-04 2.123155016604164926e-03 -4.192040035575600693e-04 4.828544278835288075e-15 3.947696857160295321e-04 -7.011670533727581268e-15 -3.879124599850859050e-04 -1.345624168857161472e-05 -1.568312453743960101e-17 1.213115225388512367e-04 -1.386389914044653480e-05
-4.404973978018555101e-04 1.007699960460542519e-13 -9.586130265131472684e-14 -3.444246819705244853e-03 1.827960354825903253e-04 2.661469931792687354e-03 -2.767922544276507028e-04 8.316929514951662078e-16 -1.902560200745911629e-15 3.669440884989246757e-04 -4.085429369838025778e-04 -1.557689583436766293e-05 -3.373764944472844333e-17 1.313400209323713414e-04 -1.547181079665368119e-05
-4.238864563209900549e-04 -1.980744343178994515e-14 1.930518031914961287e-14 -3.563440662903909466e-03 8.704302324348459736e-05 2.785402932418126840e-03 -1.260474396873845183e-04 -7.257571966219318394e-15 8.730484713663207116e-15 2.925084301727983414e-04 -3.609611899093059209e-04 -1.507282142560541937e-05 3.753919936750232531e-17 1.179916116073514228e-04 -1.435425027364585105e-05
-3.062667584758212375e-04 -4.407321431602329275e-14 4.457475121900420448e-14 -2.780554680192703562e-03 9.224241662888519203e-06 2.196009971462299995e-03 -1.603112405065602482e-05 -8.421891556395320391e-16 8.671884043104045809e-17 1.808651274620190182e-04 -2.421466199110922893e-04 -1.108805300692668261e-05 6.624284972084524636e-17 8.006931315995587507e-05 -1.006776556761175315e-05
-8.908050412423826575e-05 5.153212432048675598e-13 -5.135682563777843644e-13 -8.807021277042653739e-04 -1.303879626338925240e-05 7.007853993321940412e-04 1.312373042424426954e-05 3.321050816958639518e-15 -5.510368448159948733e-15 4.670622102076151709e-05 -6.642963364685182327e-05 -3.352443448956874415e-06 4.042052680252123164e-17 2.220915176144263965e-05 -2.885161149706776912e-06
1.897580007143302282e-04 4.713519052049959482e-15 -2.950701855436621559e-15 2.075932010199591123e-03 6.867657242237779958e-05 -1.658308597690904412e-03 -6.366618752080203773e-05 3.289162411371345725e-14 -3.363431150722029336e-14 -9.231846789757354335e-05 1.366927480154739142e-04 7.658710896753797247e-06 2.497708021280205952e-16 -4.632832536403934132e-05 6.207590573243786328e-06
4.592637960508545313e-04 -3.661935134014656354e-14 3.531071267590331372e-14 5.704118795034822040e-03 3.050047622480850135e-04 -4.557912689493081454e-03 -2.515219685737918017e-04 5.110905118890349741e-15 -4.683380237958179432e-15 -2.183302981661441238e-04 3.303087545405473621e-04 2.071593747576077856e-05 -1.299460639728540834e-16 -1.139676350263607346e-04 1.570170492596926226e-05
6.441131654667564847e-04 -1.656020002442854795e-14 1.630954251903685990e-14 7.187816166086643437e-04 9.378355601261257474e-03 -7.472261511050716509e-03 -5.328430335396519254e-04 3.100128187006412965e-14 -3.001194644370766473e-14 -3.159505221634369555e-04 4.804480211269772480e-04 3.399342406774208793e-05 1.677712124405976312e-16 -1.694991934417306898e-04 2.390010621602505162e-05
7.053257786007576793e-04 2.487864948545823961e-14 1.268161646466261887e-03 -2.374844876766669124e-14 1.240967410806088043e-02 -9.834516717585643428e-03 -8.675469265252763870e-04 -1.359710090625997755e-15 2.866428557545086340e-15 -3.745758190942019539e-04 5.647728970931002778e-04 4.537324114859633167e-05 4.335110421944418798e-17 -2.044350215452690853e-04 2.931552473965541377e-05
6.549486699321820267e-04 2.592810863111055072e-15 1.841150265401148489e-03 -1.944823872084200892e-15 1.422532875627610660e-02 -1.119323945594323869e-02 -1.196824005407258387e-03 2.699270916453961773e-16 -2.398990287272759649e-16 -3.897964503781624779e-04 5.765854427254720697e-04 5.284153342157992840e-05 -5.296543658265634957e-18 -2.145404853519984351e-04 3.103119277751379562e-05
5.344028373071394323e-04 -7.299886308586193480e-15 2.291137637360721440e-03 1.448978062788840691e-02 6.660483386038377502e-15 -1.130756457755253963e-02 -1.450438620545124908e-03 4.080959661077358240e-14 -4.167656070970202633e-14 -3.637104100198846886e-04 5.237435732410800548e-04 5.489730740338631503e-05 1.618219265934510886e-16 -2.003093704049163431e-04 2.892562791017670579e-05
3.867337272109684708e-04 1.201555007887182809e-14 2.481347448146820067e-03 1.315274956034548533e-02 -1.106817325658558395e-14 -1.017361423838276067e-02 -1.557022249914557501e-03 5.839424121304908251e-15 -6.174833885511930778e-15 -3.041159867658180206e-04 4.241521736064488924e-04 5.088511885272460308e-05 -1.020873841886452938e-16 -1.664090271502770746e-04 2.369198700837661436e-05
2.437426934381166864e-04 -4.413101529343956828e-15 2.314591121448451513e-03 1.043431211819647285e-02 6.378933851618987712e-15 -7.998052846434322224e-03 -1.456196243591632638e-03 -1.330932446537014485e-15 4.299496188261456034e-18 -2.227977107571594011e-04 3.001044389853011656e-04 4.117279389077172365e-05 3.772537465471866272e-17 -1.203308103139810297e-04 1.663668435202620072e-05
1.246726166247177458e-04 -9.079031002124385212e-15 1.748762570551029225e-03 6.762106960515212005e-03 8.979677293356140585e-15 -5.136977357688812633e-03 -1.110825590671944479e-03 3.745630885467793180e-14 -3.796384080494878268e-14 -1.332880560757366531e-04 1.732286588295685532e-04 2.712395177768661309e-05 3.710791722281613010e-16 -7.061727046992796709e-05 9.310563176088692495e-06
3.845403589548783684e-05 -1.183300234498035260e-15 8.034791414842025643e-04 2.677566883252629169e-03 6.202782917561357260e-16 -2.016606884088387782e-03 -5.173326031153961798e-04 1.721290776422117093e-15 3.663519158974637088e-16 -4.855045915347879550e-05 6.092548427255263163e-05 1.085801413653475528e-05 1.296603659700672881e-16 -2.508996960138427563e-05 3.086513110221374099e-06
-1.386641265463743070e-05 -3.917057244116128190e-15 -4.406093295602308397e-04 -1.268678107416656596e-03 4.678722060188948804e-15 9.478203355924523076e-04 2.881105084364063711e-04 7.845753792270451580e-16 7.418315756602273517e-16 2.100919784422159797e-05 -2.551479743721686244e-05 -5.160645705167424819e-06 2.161886665927901505e-16 1.053676900547368345e-05 -1.177897779253901590e-06
-3.690942139344044801e-05 1.511047745802311518e-14 -1.850327211901985026e-03 -4.610857214839304656e-03 -1.630619033143270546e-14 3.419477735970434095e-03 1.229418622785735226e-03 4.264246489588110932e-15 -1.386738701771075134e-15 6.890246114005222191e-05 -8.131112268677550116e-05 -1.861852111753747879e-05 3.918770851081253082e-17 3.339578887692899902e-05 -3.283797057883043311e-06
-3.873012372887421601e-05 5.444531870856720298e-16 -3.256281457201879847e-03 -7.033890719142060245e-03 -1.987078610630798611e-15 5.182498256301964687e-03 2.197593495912154946e-03 -3.680533997761170096e-15 4.803556387354307410e-15 9.312486975235932456e-05 -1.074569311494469044e-04 -2.781987649934942122e-05 4.203018586954739162e-17 4.348338523640911488e-05 -3.608290898156283138e-06
-2.855685441187994698e-05 1.209249782580404290e-14 -4.475506369097287211e-03 -8.401266909783006859e-03 -1.223960587196198391e-14 6.155229114412182762e-03 3.064710430666054471e-03 1.343147955129508672e-14 -1.369214815726571440e-14 9.590052162405353494e-05 -1.092385748441458357e-04 -3.200888924883425231e-05 -1.013532867792602266e-16 4.306335487983731957e-05 -2.853529038113145351e-06
-1.474536131535307621e-05 -8.382249765235054046e-16 -5.337460823993938654e-03 -8.744612375018541092e-03 1.848992966001251798e-15 6.376606254166112576e-03 3.703061269088907519e-03 -5.755167365641838214e-15 6.735143940515811793e-15 8.270090326882315935e-05 -9.438363383630938718e-05 -3.146023705698048435e-05 -1.019330982638363322e-17 3.570618070923190049e-05 -1.745028109422143458e-06
-3.274951794030069487e-06 -2.580168624091624821e-15 -5.709304534263102623e-03 -8.222682269282738723e-03 6.408211143111568603e-15 5.972923308072807490e-03 4.006092568063750713e-03 -2.397208616229091054e-15 -5.567501201104128206e-16 6.074511649069444589e-05 -7.118407262677640696e-05 -2.730862865519785506e-05 -1.691443062909596976e-17 2.525652249568223200e-05 -7.994977449627499310e-07
2.971194804412284633e-06 5.745753152379753693e-15 -5.516143895228258105e-03 -7.062812084514514220e-03 -9.937274144449852246e-15 5.114676553011681011e-03 3.906984188508951135e-03 -1.148082714867702795e-14 1.631904956683330966e-14 3.727878942726980146e-05 -4.688519795211603910e-05 -2.116093352533966241e-05 -1.693335603185875482e-16 1.497756352791940081e-05 -2.333198331480067294e-07
4.080593317394246987e-06 -3.210803130075689487e-15 -4.752788073351387442e-03 -5.500056278719188917e-03 -3.142421848895935080e-15 3.973610428267677214e-03 3.391078668727229035e-03 -2.337521279723114648e-14 2.685588028762151851e-14 1.798152712795636241e-05 -2.655211332262439553e-05 -1.460276588133893301e-05 -7.765747482925274549e-17 7.017873543289703508e-06 -1.162289303968146688e-08
2.262513118918924322e-06 -2.136978204903654637e-15 -3.485294108930781821e-03 -3.728391992983004586e-03 -2.117570149660576656e-16 2.689106130960190310e-03 2.499815170656850480e-03 -1.452286032517205000e-14 1.503874726037336133e-14 5.844297911713033858e-06 -1.252636380789181869e-05 -8.750583827526060409e-06 -8.186516723763787366e-17 2.231077533103179031e-06 2.038354980690018963e-08
4.136973421586455637e-07 -1.631611707906778580e-16 -1.842585178087535053e-03 -1.874684762559093287e-03 -3.241284555210862966e-16 1.350735699215615789e-03 1.325757573486457432e-03 -8.597002269690500929e-15 9.766202275057366359e-15 7.713565748917688398e-07 -4.481939456773208311e-06 -3.992222572959247670e-06 3.778562048146699208e-17 2.904195555210044102e-07 4.640961061652330326e-09
-1.311948723364689354e-15 -1.158735108029097355e-16 1.526003142108928195e-16 3.971012892146833218e-17 8.461427179921288673e-15 3.198602390428404560e-17 -4.761765529789204097e-17 -1.399194846965414137e-16 -9.608728859292834763e-15 1.787866646016023670e-16 1.636927484086956084e-16 2.085432897553109191e-15 -3.260461681060592205e-17 4.246459560504492485e-16 8.000283897001928208e-16
-1.311948723364689354e-15 -1.158735108029097355e-16 1.526003142108928195e-16 3.971012892146833218e-17 8.461427179921288673e-15 3.198602390428404560e-17 -4.761765529789204097e-17 -1.399194846965414137e-16 -9.608728859292834763e-15 1.787866646016023670e-16 1.636927484086956084e-16 2.085432897553109191e-15 -3.260461681060592205e-17 4.246459560504492485e-16 8.000283897001928208e-16
-3.468985648171671432e+00 -9.854087870782499148e-02 1.796737835493314450e-01 1.183888239356087196e-01 5.343269481580493752e-01 1.303924535826135045e-01 7.097471130575921938e-02 1.583865316828134140e-01 -5.766504757698036610e-01 4.265607524028128261e-01 8.061163103753055115e-01 6.712362758149598152e-01 -4.260168740275679933e-02 4.512734697993175392e-01 5.275951347156029314e-01
-5.833905630888215121e+00 -1.826110801892010804e-01 3.459971061191152719e-01 2.257860072171352095e-01 1.021622343159474644e+00 2.530372652636935782e-01 1.413526125730913130e-01 3.155140108666306675e-01 -1.103658656532700677e+00 8.475869181956032783e-01 1.607174154031392188e+00 1.342370838088385643e+00 -8.079085431504892667e-02 9.056758217886156093e-01 1.051732757834902277e+00
-7.153277405833769365e+00 -2.384778797093748681e-01 4.867785730405858047e-01 3.118521008991623766e-01 1.427379292755465601e+00 3.606574518840555688e-01 2.102599600133250868e-01 4.699611811376430137e-01 -1.544377046578849333e+00 1.257616663751236485e+00 2.398210368397396319e+00 2.012989301428778521e+00 -1.105330775518299502e-01 1.365952504805365564e+00 1.569550768000899765e+00
-7.847145534926075250e+00 -2.538027800322357197e-01 5.920163328708086814e-01 3.674861494594787725e-01 1.734899460074067923e+00 4.469364936353281137e-01 2.763334808990413061e-01 6.200096461845667761e-01 -1.880886106482586584e+00 1.651356390691694376e+00 3.174445150858864473e+00 2.682084621024739768e+00 -1.285184055525180058e-01 1.834113141494008614e+00 2.079314841202563713e+00
-8.196704673075826619e+00 -2.181588734960753229e-01 6.546847374957538435e-01 3.853002757767436393e-01 1.942671381002478270e+00 5.070321672070244867e-01 3.376159399677853279e-01 7.635602827662185677e-01 -2.111769927133747782e+00 2.023816387906394176e+00 3.931357726946727027e+00 3.347838957410873117e+00 -1.324472549003106736e-01 2.311137619627117168e+00 2.580830717994055057e+00
-8.345108204852394351e+00 -1.233957389793821496e-01 6.711879606447940239e-01 3.599684938374039245e-01 2.058181459676532210e+00 5.380941820364312234e-01 3.915720781271490036e-01 8.981190733177745189e-01 -2.246222402404843166e+00 2.370494774326084908e+00 4.664748020706122489e+00 4.007489476793359096e+00 -1.212326350165632421e-01 2.796761636679394147e+00 3.075691053335752212e+00
-8.361938171255641095e+00 3.610875461615455778e-02 6.414308350955015836e-01 2.884650912029801395e-01 2.092266799259447474e+00 5.397354286542427326e-01 4.352074871931336797e-01 1.020862257742109147e+00 -2.298518131306283241e+00 2.687606582371419250e+00 5.370786528793640713e+00 4.657289654966189296e+00 -9.510298434267212830e-02 3.289354522641560141e+00 3.567328034525961034e+00
-8.281184312451427942e+00 2.632239241135429508e-01 5.685122995983297178e-01 1.702199465847083204e-01 2.055655650953783109e+00 5.143796339677045859e-01 4.652551721746131519e-01 1.128781226685714012e+00 -2.284398758698134912e+00 2.972343822909024436e+00 6.046057445435421229e+00 5.292564426759219565e+00 -5.559844704681266708e-02 3.785893700342684909e+00 4.060863010382755434e+00
-8.119535227601256011e+00 5.577677980745598951e-01 4.581142054613518977e-01 7.204056490383891828e-03 1.957619562583343908e+00 4.673936084910893518e-01 4.783919616207317205e-01 1.218897727649940643e+00 -2.219209312159629022e+00 3.223143321596395605e+00 6.687600884377959964e+00 5.907843225356321781e+00 -5.462159358468154750e-03 4.282032520392879960e+00 4.562765783273740716e+00
-7.885125915148910813e+00 9.160827677688245796e-01 3.177206571213458397e-01 -1.960775649794722075e-01 1.806099624407020210e+00 4.069205054215093154e-01 4.714572945599819209e-01 1.288530653486910760e+00 -2.117121841343496680e+00 3.439932831547999115e+00 7.292957992666322831e+00 6.497042259825063226e+00 5.156372398813009739e-02 4.772252209175932514e+00 5.080356334163059984e+00
-7.581882356395405864e+00 1.330573145089136267e+00 1.558333228229397960e-01 -4.327503478464636566e-01 1.608623437370341636e+00 3.433703442864067257e-01 4.416643673064698516e-01 1.335587803445177357e+00 -1.990888329428128767e+00 3.624322350601700382e+00 7.860217337204123744e+00 7.053659705857728390e+00 1.110205413058275303e-01 5.250084616745157362e+00 5.621197764724502832e+00
-7.211737554450388110e+00 1.789491850770682513e+00 -1.867278641522333513e-02 -6.939837083803038764e-01 1.373346852677901353e+00 2.885981908094068515e-01 3.868087653583096031e-01 1.358850375423982682e+00 -1.851790042008398585e+00 3.779706144218136998e+00 8.388052056438571213e+00 7.570948246509670021e+00 1.680720147879857795e-01 5.708390239840501756e+00 6.192438774842827343e+00
-6.775718746942615667e+00 2.277384841163971885e+00 -1.969746455293884257e-01 -9.697368915659588806e-01 1.109598115615957337e+00 2.548967101508315403e-01 3.054830756260841218e-01 1.358215351068024157e+00 -1.709622862318170400e+00 3.911241157477539421e+00 8.875725626991433970e+00 8.042040796557913040e+00 2.178736808781762402e-01 6.139675177613328927e+00 6.800165711478472375e+00
-6.274390509994316467e+00 2.776450965657938585e+00 -3.705099339339121833e-01 -1.249854755833217368e+00 8.275470566406836204e-01 2.539653778404478146e-01 1.973441633826101826e-01 1.334862080686223917e+00 -1.572659217639045703e+00 4.025669189246244173e+00 9.323032051972427681e+00 8.460026831539662950e+00 2.559451644169881135e-01 6.536430619462705316e+00 7.448818200874700146e+00
-5.707983053009980878e+00 3.268618305654796163e+00 -5.310291303773188032e-01 -1.525391944492761498e+00 5.371247748153934465e-01 2.958012820486529137e-01 6.370407105901386424e-02 1.291314752156097700e+00 -1.447579307557406159e+00 4.130953811566941525e+00 9.730128537944118250e+00 8.818004363216470409e+00 2.785175630191039642e-01 6.891478540986176959e+00 8.140710091003365179e+00
-5.076545897253833317e+00 3.737676067312037720e+00 -6.705615965865290296e-01 -1.789844887504905779e+00 2.468022655013226707e-01 3.875791791611027381e-01 -9.149377668480361547e-02 1.231382065502078849e+00 -1.339388947905655547e+00 4.235709165808033028e+00 1.009722192740464486e+01 9.109158672806970003e+00 2.828299457593488886e-01 7.198307088274637167e+00 8.875681380618201999e+00
-4.380497029947321153e+00 4.170745413509304278e+00 -7.813302329111133648e-01 -2.039792252320056232e+00 -3.709737237488450190e-02 5.334868036225923760e-01 -2.613217947971978039e-01 1.159968638187024226e+00 -1.251351255672469520e+00 4.348406967058460637e+00 1.042409014476783291e+01 9.326934934905112939e+00 2.673524165746247183e-01 7.451378624145601037e+00 9.650889880731771342e+00
-3.621829570453887204e+00 4.558780154947696950e+00 -8.555869493058118058e-01 -2.274443848230362164e+00 -3.102780852965883462e-01 7.351714609552260082e-01 -4.360410793478676772e-01 1.082767893676303883e+00 -1.184960865147004938e+00 4.476361396915166324e+00 1.070945696825642734e+01 9.465372514514072577e+00 2.319182398601635220e-01 7.646392957423326919e+00 1.046073618169195463e+01
-2.805870189562334360e+00 4.896291649325529960e+00 -8.852766863363625838e-01 -2.493946210634126803e+00 -5.697604072996320657e-01 9.918312073395771922e-01 -6.032250997082085897e-01 1.005861209964735492e+00 -1.139985206769428494e+00 4.624513663374700378e+00 1.095028342401208832e+01 9.519654145382515864e+00 1.777539856641675575e-01 7.780488544298382436e+00 1.129690401659940413e+01
-1.942909158095817101e+00 5.180729964914882579e+00 -8.613829152674338241e-01 -2.696991645094566792e+00 -8.130261527375524100e-01 1.300065735493939556e+00 -7.483542996397952729e-01 9.352604775020076922e-01 -1.114589192946901619e+00 4.794082033959143452e+00 1.114107537499216249e+01 9.486895247981982138e+00 1.074042122822138484e-01 7.852366194494406315e+00 1.214849135697354576e+01
5.411886197567876700e+00 -1.048607660941716535e+00 -7.727602152604341468e-01 -2.878949612267217351e+00 -1.037381822980169233e+00 1.653281065293239926e+00 8.764388777044860301e-01 -8.559705069134668776e-01 -1.105548944560871272e+00 4.981233829586105166e+00 1.127331967787634781e+01 9.367151759413481216e+00 2.455539660758165876e-02 7.862323617524879182e+00 1.300220575356040698e+01
5.591485742689738636e+00 -1.423745337438782066e-01 -6.042271518506265870e-01 -3.031725530138058566e+00 -1.239695172656442024e+00 2.040080947113482868e+00 8.338964671124433625e-01 -9.109970890842558067e-01 -1.108548696762218899e+00 5.176099101287383597e+00 1.133514923284720943e+01 9.164542465521854808e+00 -6.622797747598535567e-02 7.812195179328455197e+00 1.384260014054716237e+01
5.722977153785825166e+00 7.559910689338789069e-01 -3.337461481120382323e-01 -3.145565910517230446e+00 -1.416482890047661591e+00 2.441084984726944018e+00 8.108029373959133590e-01 -8.997897960356651126e-01 -1.118544518249953379e+00 5.362668946877308329e+00 1.131131708174234696e+01 8.888253677758848781e+00 -1.598347946476797177e-01 7.705199127755583355e+00 1.465233182665359912e+01
5.811436987504956520e+00 1.629945909153255323e+00 7.111594634513715429e-02 -1.564236833634436108e+00 -3.211764570881765923e+00 2.823992349823810866e+00 8.087505837785026186e-01 -8.106749552402646719e-01 5.520282078848537388e+00 -1.130170382558738806e+00 1.118356076744254857e+01 8.553054345609366393e+00 -2.509798043672221701e-01 7.545703356715786292e+00 1.541243689329201594e+01
5.863490903683342914e+00 2.468533098115789581e+00 6.560302395470308801e-01 -1.679855758294741541e+00 -3.224805062867319272e+00 3.138149212981097502e+00 8.276376178747865131e-01 -6.340618083813631678e-01 5.627218818300561587e+00 -1.138157216832015539e+00 1.093149222086654504e+01 8.178900350601018943e+00 -3.345871188940561791e-01 7.338929195707753372e+00 1.610262395658972778e+01
5.887164795062356681e+00 3.266704700022069918e+00 1.477700325258023195e+00 -1.761067242342954975e+00 -3.183153199666138189e+00 3.313472980598630713e+00 8.656874757104330298e-01 -3.625747558399974313e-01 5.666071732879203182e+00 -1.137733940034905356e+00 1.053427878110628413e+01 7.789368477996293727e+00 -4.061534936033141530e-01 7.090619317698211077e+00 1.670160450237627003e+01
5.891606742016338494e+00 4.024019664212570291e+00 2.588048096975859913e+00 -1.806757267617496332e+00 -3.088879310006020340e+00 3.273833426801810109e+00 9.195957846201134878e-01 8.044183826808853910e-03 5.629130532436332324e+00 -1.124980865171820943e+00 9.973576588645379104e+00 7.409044453413826226e+00 -4.620619328520577107e-01 6.806699470589229861e+00 1.718749082829491215e+01
5.886652592226932157e+00 4.742574660380307172e+00 3.998148153169757357e+00 -1.817160045562772330e+00 -2.946755413681443336e+00 2.973689990398736605e+00 9.847850323290868735e-01 4.763639499520626042e-01 5.520991069111782501e+00 -1.097109674527346534e+00 9.238313419536039461e+00 7.060407816382960888e+00 -4.998206375686683467e-01 6.492963678084077372e+00 1.753830535755079012e+01
5.882242128593468955e+00 5.424910938143522543e+00 5.638502704542089461e+00 -1.793892297009140657e+00 -2.763371355119647710e+00 2.442565774979130300e+00 1.055739015830687411e+00 1.030458945209689281e+00 5.356429195058904469e+00 -1.052649943038944436e+00 8.331600676598288402e+00 6.760929021404369799e+00 -5.182090171498650033e-01 6.154808788858173507e+00 1.773265357685055577e+01
5.887726794792538243e+00 6.072336148426559888e+00 7.362922374306183571e+00 -1.739841550493355982e+00 -2.546422088552781737e+00 1.788632143965761312e+00 1.126385292069713495e+00 1.641766503086515838e+00 5.154369578757089343e+00 -9.915293269475905502e-01 7.278586723600662722e+00 6.520901679887630031e+00 -5.173207055171805679e-01 5.797037363063626714e+00 1.775061163807943032e+01
5.911139504996768324e+00 6.683876037635386069e+00 9.012840029289217014e+00 -1.658935956122732591e+00 -2.294313166884090816e+00 1.131350641113720412e+00 1.190493740783518550e+00 2.261320993757697906e+00 4.931265166232799757e+00 -9.150424723517089909e-01 6.131213633915527872e+00 6.342140971346998057e+00 -4.985023971743768323e-01 5.423738931655137208e+00 1.757486061427419344e+01
5.958516096059613076e+00 7.255956800501020432e+00 1.048232142457369775e+01 -1.555833450174083810e+00 5.718833445157004425e-01 -2.027767904979780766e+00 1.242062081598394041e+00 2.824113001752652341e+00 4.697067224450420575e+00 -8.257118573970825270e-01 4.963798663026544489e+00 6.217381813203259000e+00 -4.641959981491840526e-01 5.038249974050004631e+00 1.719205292327164614e+01
6.033360805170708829e+00 7.782834287118884475e+00 1.173135752113965147e+01 -1.435571459098128999e+00 1.603698448884287864e-01 -1.770410939622203639e+00 1.275663732221764324e+00 3.263984624603048168e+00 4.454664786337242610e+00 -7.270516512122782160e-01 3.856843014066654085e+00 6.130181803850975442e+00 -4.176993160780091419e-01 4.643183915099200476e+00 1.659431587630128035e+01
6.136332373157386222e+00 8.257667859395974475e+00 1.276344441614675951e+01 -1.303215902259122760e+00 -1.290798247557009559e-01 -1.503504146167955691e+00 1.286738907437139812e+00 3.532342438480539304e+00 4.201519370689614341e+00 -6.232528292488651589e-01 2.875860698705377860e+00 6.055341537404780539e+00 -3.628667112577579346e-01 4.240515287915891385e+00 1.578068756651475724e+01
6.265195770451454038e+00 8.673989921914229129e+00 1.360113012079116146e+01 -1.163541636266636425e+00 -3.031781719270272846e-01 -1.238461323834906924e+00 1.271815798868165537e+00 3.608038219903350718e+00 3.931751189338343000e+00 -5.188138709968327378e-01 2.057565402289843526e+00 5.960137963497678548e+00 -3.037754084203718175e-01 3.831697885823089234e+00 1.475816853885854130e+01
6.415044727318435669e+00 9.027208470650350591e+00 1.427179897844829171e+01 -1.020767486554334580e+00 -3.794344780284802932e-01 -9.687197857247201727e-01 1.228654759875731139e+00 3.488306335079477627e+00 3.637867717605286266e+00 -4.181460477164521961e-01 1.409546425200247644e+00 5.806837151899488347e+00 -2.443853222519731250e-01 3.417795730907415397e+00 1.354201299224818378e+01
6.578762004662092266e+00 9.315765337990320916e+00 1.480170439838894758e+01 -8.783594866014262648e-01 -3.771033149883868396e-01 -6.311810823296499784e-01 3.133514442253338306e+00 1.156314512248615811e+00 3.312181135638721408e+00 -3.251852451419377510e-01 9.191613707429799884e-01 5.556845831078471853e+00 -1.882202261662633547e-01 2.999607968587801654e+00 1.215494239743202343e+01
6.747656067934491908e+00 9.541675455683924056e+00 1.521412299497640497e+01 -7.389076035617210270e-01 -3.172524080850467887e-01 3.140840915782693865e-01 2.034880105514691895e+00 1.055145400883653162e+00 2.948072348445647251e+00 -2.430431108807484808e-01 5.639069920826886850e-01 5.176373395470195149e+00 -1.380959640256869680e-01 2.577773732289210695e+00 1.062518164987917757e+01
6.912198905216363265e+00 9.710349236909998183e+00 1.552907128184558871e+01 -6.040753622340433449e-01 -2.235834006379995298e-01 2.016584419850556031e+00 7.370964459785514511e-02 9.267204862090857587e-01 2.541228608700391689e+00 -1.737287292976266440e-01 3.187810726467360523e-01 4.642656418354722092e+00 -9.591734302529628109e-02 2.152849491157838635e+00 8.983556603698678700e+00
7.062789884344303104e+00 9.829778082778455328e+00 1.576343426116346258e+01 -4.746187851225076026e-01 -1.219783113821893000e-01 1.969217209641134447e+00 -2.161394819466877504e-01 7.737202577188392327e-01 2.091003332889778576e+00 -1.179677197766728913e-01 1.600456574033045365e-01 3.948974808047601925e+00 -6.255962835194672778e-02 1.725357994197425082e+00 7.260226508940205825e+00
7.190481041933884043e+00 9.909284966795855354e+00 1.593109220271337811e+01 -3.504697037762328216e-01 -3.759427860727831971e-02 1.548600389512422515e+00 -1.893998228821248409e-01 5.997894539760311172e-01 1.601669993745338472e+00 -7.513847451865741933e-02 6.650873644763545534e-02 3.106493877375007262e+00 -3.784356900219971315e-02 1.295813282246823350e+00 5.481797508486481618e+00
7.287614903728229621e+00 9.958090499097204784e+00 1.604294885391873038e+01 -2.308753255790420011e-01 1.095600430084894307e-02 1.052850933156679991e+00 -1.265242070235848837e-01 4.093817758911634797e-01 1.082457217456041398e+00 -4.333532190232623066e-02 1.952030265519164032e-02 2.141989105935236726e+00 -2.060511248404171825e-02 8.647293507559065118e-01 3.669483451690883413e+00
7.348342159635580018e+00 9.983934601053311653e+00 1.610688103327893472e+01 -1.145771032379876014e-01 1.898440610334889769e-02 5.311688359884763067e-01 -6.212886862516271008e-02 2.075971227951156628e-01 5.450981701816315361e-01 -1.955629045767520377e-02 2.447130201045854495e-03 1.092548729100238480e+00 -8.853006866382092874e-03 4.326205431568577731e-01 1.838686763263032153e+00
0.000000000000000000e+00 0.000000000000000000e+00 0.000000000000000000e+00 0.000000000000000000e+00 0.000000000000000000e+00 0.000000000000000000e+00 0.000000000000000000e+00 0.000000000000000000e+00 0.000000000000000000e+00 0.000000000000000000e+00 0.000000000000000000e+00 0.000000000000000000e+00 0.000000000000000000e+00 0.000000000000000000e+00 0.000000000000000000e+00
0.000000000000000000e+00 0.000000000000000000e+00 0.000000000000000000e+00 0.000000000000000000e+00 0.000000000000000000e+00 0.000000000000000000e+00 0.000000000000000000e+00 0.000000000000000000e+00 0.000000000000000000e+00 0.000000000000000000e+00 0.000000000000000000e+00 0.000000000000000000e+00 0.000000000000000000e+00 0.000000000000000000e+00 0.000000000000000000e+00
7.728813133015021819e+00 7.416817663580313358e+00 1.263835569451259921e+01 -1.543592813786720253e-01 3.437279563446241082e-01 1.599765924699044495e-01 -1.402765898235386610e-01 3.282967589406519671e-01 3.618922830428322746e-01 -2.721487486554928156e-03 -7.091424340622831841e-03 8.706721370220220635e-01 2.294777292616595188e-01 2.274751228340224640e-01 1.354014046302848717e+00
7.710246260980714084e+00 7.403270255434317271e+00 1.259853836687292272e+01 -3.346695602517791857e-01 6.529035549449434539e-01 3.409091308905461970e-01 -2.808596552713309435e-01 6.553274196802977292e-01 7.134352976416140635e-01 -1.776323985989616404e-04 -8.672061216384951629e-03 1.710198202960927061e+00 4.600149289514067763e-01 4.560747124675507136e-01 2.702864364024017974e+00
7.676635395593948807e+00 7.378083111900655133e+00 1.253129099351647469e+01 -5.568256049471727032e-01 9.288260229856601935e-01 5.274854818920694521e-01 -4.219603173067773549e-01 9.775726312833405984e-01 1.048084826763741484e+00 1.287283016898635446e-02 7.470776142856826131e-04 2.485890573914671720e+00 6.925407840600266152e-01 6.867808677257898342e-01 4.039877471673141152e+00
7.624253239411323158e+00 7.337567451574030564e+00 1.243513752545419138e+01 -8.213484333890386235e-01 1.184790170210413107e+00 6.912542986275493906e-01 -5.635057345948139007e-01 1.290686016526127133e+00 1.363244295915771787e+00 4.163330126289743749e-02 2.661662559781497253e-02 3.164982511189974090e+00 9.277262248068681716e-01 9.203136434656508102e-01 5.355634242000089529e+00
7.548417736700931080e+00 7.277010812276536456e+00 1.230766968766716296e+01 -1.114386318951164689e+00 1.446772979826820738e+00 7.883244237018753875e-01 -7.042550532079973058e-01 1.592006941395277764e+00 1.659148173445020857e+00 9.127339059798957044e-02 7.434137473672265684e-02 3.719540520830538988e+00 1.165875370779505760e+00 1.157038989959757069e+00 6.637264126029942979e+00
7.444006199998076667e+00 7.191132726186457269e+00 1.214508015608252123e+01 -1.412859143166583342e+00 1.864290188660495895e+00 6.347230134539217916e-01 -8.284988687685227449e-01 1.881767213150353335e+00 1.938338142054444546e+00 1.669529595480797879e-01 1.492825269622642392e-01 4.132432944143412890e+00 1.406854293485045426e+00 1.396902973487820221e+00 7.868467366102487759e+00
7.306074498789467242e+00 7.074658317074208114e+00 1.194132066128480396e+01 -1.689927869717947839e+00 -8.458581748921331078e-01 2.024795141876304938e-01 2.354701427428358418e+00 2.162722984747019517e+00 2.205145485384562676e+00 2.738599686568650160e-01 2.567648962769155108e-01 4.401189466840086162e+00 1.650063530605759610e+00 1.639395431317492102e+00 9.030339811280192919e+00
7.130535143865690095e+00 6.922975228412769688e+00 1.168654896983971092e+01 -1.917838782572337752e+00 -1.134716722257894439e+00 1.164905232725236717e+00 1.603848898924777666e+00 2.438333164420241062e+00 2.464312336260744640e+00 4.172445094543439925e-01 4.020757100906736659e-01 4.538095542801628746e+00 1.894452263419763804e+00 1.883547336264947969e+00 1.010289308190032109e+01
6.914827137519043987e+00 6.732813031484409905e+00 1.136416037534727685e+01 -2.066807007628919113e+00 -1.285384534532333811e+00 1.270170133040690930e+00 1.439932173550441785e+00 2.709902324438538290e+00 2.718614825610700780e+00 6.024158337319831524e-01 5.904286804129237343e-01 4.566977099754631730e+00 2.138568678610196727e+00 2.127962778431269353e+00 1.106697502354851004e+01
6.658490354838219716e+00 6.502858118409768018e+00 1.094490021461136386e+01 -2.099111546527904437e+00 -1.431220040385725367e+00 1.225707238513881636e+00 1.284530341740663273e+00 2.973912317520480464e+00 2.966347009054781214e+00 8.346477231759125148e-01 8.268474694650259638e-01 4.518312303930700047e+00 2.380639588754949632e+00 2.370882573715154873e+00 1.190618103064759481e+01
6.363544733372305195e+00 6.234199417260674281e+00 1.037494091610111191e+01 -1.956241294937519193e+00 -1.575071999730524697e+00 1.097651783915777779e+00 1.081268323939323261e+00 3.221143957432736737e+00 3.200114528368649403e+00 1.118908373655667976e+00 1.115894251538376514e+00 4.424308853790239304e+00 2.618671477272910941e+00 2.610273833233934138e+00 1.260836304001942842e+01
6.034579029305865205e+00 5.930501482001631075e+00 9.552699725305872747e+00 -1.534547814913036490e+00 -1.717020440118699698e+00 9.240549075215127584e-01 8.082937739159822277e-01 3.438221767593976796e+00 3.407834583349687918e+00 1.459297267497011941e+00 1.461134018526875522e+00 4.314967324687733807e+00 2.850564694910029839e+00 2.843938359313109121e+00 1.316648363455274939e+01
5.678484114032442243e+00 5.597830429476451819e+00 8.295065441486608293e+00 -6.504022866688243809e-01 -1.856865922922859902e+00 8.017252310748026467e-01 3.898174081999170593e-01 3.610736388206280179e+00 3.575567336072220215e+00 1.858054747985910193e+00 1.864203287094818418e+00 4.215480360602123611e+00 3.074232598949356632e+00 3.069632041057446692e+00 1.357876103752528785e+01
5.303823744571241505e+00 5.244115778987252341e+00 6.358199524537442748e+00 9.398592194431393265e-01 -1.994456080958911803e+00 3.806932943866049301e-01 1.983352624282919141e-01 3.726706986660787813e+00 3.691123287547180887e+00 2.314069674282039912e+00 2.323399829167000608e+00 4.144862910622052254e+00 3.287717907954109453e+00 3.285187081967904543e+00 1.384822335546853544e+01
4.919910846466971854e+00 4.878305250731725273e+00 3.758342600127063005e+00 3.219486747156563133e+00 -2.129454284970008437e+00 4.131581783664120197e-03 -8.725765915986784249e-02 3.779722824350594479e+00 3.747573250870063877e+00 2.821042186239861138e+00 2.831923500084659207e+00 4.115506262406634086e+00 3.489299385663061859e+00 3.488628557816350284e+00 1.398188418697549729e+01
4.535726532032921199e+00 4.509335899919911128e+00 1.224283733812537855e+00 -1.620995512685112327e+00 4.818984081089226379e+00 -3.600209256404992009e-01 -4.140038203795997629e-01 3.771362229688795420e+00 3.745950346731771852e+00 3.365904781574620586e+00 3.376331075285131433e+00 4.133332021761074948e+00 3.677583431186293161e+00 3.678276062894461518e+00 1.398976122190887317e+01
4.158855812660571694e+00 4.145078573200076555e+00 -5.010235120521095986e-01 -2.397292616667602072e+00 6.924439158315452758e+00 -7.214775459737856611e-01 -7.525417429842053973e-01 3.712106647891352473e+00 3.696211681332298049e+00 3.928554130366595842e+00 3.936234259755928999e+00 4.198304990871839060e+00 3.851578533773935664e+00 3.852818901871626789e+00 1.388391254581894607e+01
3.794601865461577628e+00 3.791402727727860800e+00 -1.423103991516244005e+00 -2.530482478213480935e+00 7.615184165069864619e+00 -1.076857178919018887e+00 -1.087693308796951586e+00 3.619818664258294572e+00 3.615591320622083327e+00 4.483849232250352479e+00 4.486229766103070560e+00 4.305174828451817426e+00 4.010761309586931667e+00 4.011344299616543374e+00 1.367759788317234459e+01
3.451465631242702337e+00 3.445383220967632720e+00 -1.834206734337827660e+00 -2.664494274285244213e+00 -1.436119508527012423e+00 -1.389237596140703745e+00 7.827345763774293808e+00 3.524484419288614223e+00 3.515740005727758355e+00 5.000041695797312613e+00 5.005781200262174657e+00 4.444407721253703869e+00 4.153253223610350986e+00 4.155190544359993687e+00 1.338461029683220183e+01
3.125276739387463643e+00 3.110439212807317499e+00 -1.949663947240416029e+00 -2.800873422643967547e+00 -1.725670230447925224e+00 -1.719869549340900416e+00 7.787157630306912992e+00 3.441462578972809272e+00 3.419472368493705616e+00 5.455363091662684738e+00 5.472276585965010653e+00 4.603314014670377929e+00 4.277698874477658286e+00 4.286029285370928754e+00 1.301877997366225337e+01
2.809543164036063079e+00 2.785803648095045215e+00 -1.887563135402303027e+00 -2.941048623467224399e+00 -1.998407647623512196e+00 -2.002899864313730571e+00 7.610529128589138992e+00 3.379555365664619337e+00 3.345093550158731777e+00 5.837273156420691222e+00 5.868592931591575024e+00 4.767366523613460139e+00 4.383475349347399685e+00 4.405547814233815807e+00 1.259362686472651482e+01
2.497774427511299855e+00 2.464484348317546480e+00 -1.711282181062258045e+00 -3.086408652929813812e+00 -2.232295451771538541e+00 -2.243706322902228933e+00 7.365391299154740778e+00 3.344964958638696029e+00 3.299691505722965434e+00 6.139049715863317047e+00 6.188237962855680507e+00 4.921647050419563740e+00 4.489493567172813115e+00 4.496476725115780226e+00 1.212212894182147593e+01
2.180622599940485351e+00 2.136816337923994613e+00 -1.457634470999183973e+00 -3.238201299527299515e+00 -2.416877393971391896e+00 -2.433212445720810191e+00 7.089301508447539035e+00 3.337894132444065853e+00 3.284083341895717822e+00 6.360745254406555027e+00 6.431804520523527025e+00 5.052285934847183135e+00 4.579592263367368687e+00 4.576974664749051236e+00 1.161657229899100940e+01
1.846470138400277516e+00 1.791031891347387495e+00 -1.150892043510029827e+00 -3.397416911827734420e+00 -2.541623395378257655e+00 -2.561192707955518344e+00 6.804408176084371540e+00 3.354387813644660987e+00 3.294631666330101627e+00 6.506746179100178828e+00 6.604849258005104140e+00 5.147713192779492353e+00 4.656209049467480376e+00 4.646703444806945527e+00 1.108845376682245387e+01
1.482358155046801684e+00 1.414200652423762916e+00 -8.093636355623026191e-01 -3.564675334850782917e+00 -2.595894458546691652e+00 -2.617046193560504275e+00 6.523709855887497078e+00 3.388213945354866308e+00 3.325157593559592506e+00 6.583456914499869583e+00 6.715740441224937740e+00 5.199551843837996401e+00 4.721249789285120180e+00 4.705693883224649099e+00 1.054841307631264691e+01
1.075452674040527468e+00 9.938109096840532786e-01 -4.483411450610673699e-01 -3.740125828269577735e+00 -2.569887743046686879e+00 -2.590888629846843205e+00 6.254178671376276810e+00 3.432303413575826134e+00 3.368442412982234124e+00 6.597921554394047483e+00 6.773679185051564744e+00 5.203055389338848258e+00 4.775568332617091905e+00 4.754613850822411614e+00 1.000617815617279760e+01
6.153040292407593315e-01 5.202892079834529060e-01 -8.123513179120560312e-02 -3.923367306776226471e+00 -2.456591502484452239e+00 -2.475572856627024976e+00 5.998573264312460296e+00 3.479669315580677935e+00 3.417217642632656371e+00 6.558375920596302144e+00 6.786064626257433119e+00 5.157090800979262646e+00 4.819522845130500777e+00 4.793995433567116216e+00 9.470513020237046220e+00
9.699713405116339171e-02 -9.527565005384826258e-03 2.802059199734591166e-01 -4.113393836360964784e+00 -2.254800875524573645e+00 -2.269731888983954615e+00 5.756696347635230637e+00 3.523911665807236027e+00 3.464732579305195515e+00 6.477721239100440620e+00 6.753973766384642197e+00 5.063753366037023085e+00 4.853036639181738110e+00 4.824013814926009225e+00 8.949162585858475794e+00
-4.753451218978652637e-01 -5.887399339413889043e-01 6.260908514018797000e-01 -4.308564513281108788e+00 -1.972597491513061740e+00 -1.981127400136013517e+00 5.526376574446798529e+00 3.559450162534552931e+00 3.505028197973963255e+00 6.374287365742475231e+00 6.671062913636832903e+00 4.927742655378992254e+00 4.875601982878174034e+00 4.844395271989640150e+00 8.448792629324815451e+00
-1.086311674899154589e+00 -1.198424738660536670e+00 9.486167982935067577e-01 -4.506531462232579166e+00 -1.629694157634001384e+00 -1.628393622966678222e+00 5.304261924978493248e+00 3.581600444451034093e+00 3.533027690932056153e+00 6.258333010143041442e+00 6.537163332320114151e+00 4.755627834056284975e+00 4.886298672520925201e+00 4.854392211065573726e+00 7.974926031062241627e+00
-1.710094984379993299e+00 -1.809878105644992852e+00 -4.703070764208709065e+00 1.241094205647047533e+00 -1.255424727042349087e+00 -1.239958112481789110e+00 5.086450799857448857e+00 3.586567279442099743e+00 3.544528871264577496e+00 6.125838870428264471e+00 6.364807590577015617e+00 4.555101926486093689e+00 4.883842868508758706e+00 4.852812371020939430e+00 7.531878641357226734e+00
-2.314749669958195977e+00 -2.392178500123603335e+00 -4.899783121042732503e+00 1.505635594376712127e+00 -8.754914853322772750e-01 -8.556400837285852434e-01 4.868979198244196560e+00 3.571390846586312673e+00 3.536167188384148563e+00 5.972184384205810659e+00 6.165950078477678176e+00 4.334288644725486250e+00 4.866668132490529430e+00 4.838095523109611662e+00 7.122699662171658730e+00
-2.869112264076961960e+00 -2.920983540568592218e+00 -5.087642292979661640e+00 1.736445621313403409e+00 -5.188952631348479061e-01 -5.042275917407231800e-01 4.648188308716679984e+00 3.533860137494444054e+00 3.505402671245685386e+00 5.797571591334678587e+00 5.946918734897662873e+00 4.101135806937619144e+00 4.833035287304285887e+00 4.808429295516241986e+00 6.749122528514879704e+00
-3.351233876018035573e+00 -3.381705784541001680e+00 -5.264311222781556943e+00 1.936644697208301791e+00 -2.098550422364555135e-01 -2.001645448932619920e-01 4.420999681602356901e+00 3.472406392452090707e+00 3.450557840236105012e+00 5.604536995229604912e+00 5.711193617327178451e+00 3.862911320742622667e+00 4.781164562602474355e+00 4.761892808206331651e+00 6.411532980742048693e+00
-3.752643264468507933e+00 -3.768203354530664573e+00 -5.425494447173686119e+00 2.108952267005866243e+00 4.409935390043436682e-02 4.733612764495908481e-02 4.185120347455276502e+00 3.385992318209458229e+00 3.370908540986726543e+00 5.396042589056969874e+00 5.461488256995790991e+00 3.625810008897357939e+00 4.709381088178811403e+00 4.696614521597731517e+00 6.108961388581110263e+00
-4.075743230368868986e+00 -4.081200433561275709e+00 -5.566797658811013960e+00 2.256779702072295724e+00 2.408989228220229095e-01 2.412627005646011680e-01 3.939188190283662294e+00 3.273972345353161284e+00 3.266852219178432826e+00 5.174826243214530663e+00 5.200448041365083540e+00 3.394678126869899781e+00 4.616262863186056720e+00 4.610929798185895656e+00 5.839106394834493230e+00
-4.326257644017394988e+00 -4.328912217340600499e+00 -5.683859645099959224e+00 2.383580113274417211e+00 3.869074385926625781e-01 3.869285293478121890e-01 3.682844051567744081e+00 3.140337948728784578e+00 3.135734805660341795e+00 4.930767520258907410e+00 4.943227605065270147e+00 3.172862638458623152e+00 4.503524348494934770e+00 4.500778988808830761e+00 5.598396504519500105e+00
-4.511281111857677217e+00 -4.522730788312285810e+00 -5.772459746456580554e+00 2.492235835357537788e+00 4.914531145505551257e-01 4.912981653442770047e-01 3.416608200125280881e+00 2.996542888384603476e+00 2.969224555549931477e+00 4.655113332351883848e+00 4.703138815396006756e+00 2.962190283002452684e+00 4.373551822299054592e+00 4.362405537057627569e+00 5.382095222397903278e+00
-4.644389492397835717e+00 -4.667789470778992644e+00 -5.828600375093634156e+00 2.584555444205245855e+00 5.630721352981979955e-01 5.626240378428436495e-01 3.139830729425856060e+00 2.855399331334764756e+00 2.761424977316356166e+00 4.375987039403679724e+00 4.455991856178080468e+00 2.763074780465315072e+00 4.220716915435624550e+00 4.201207293755506278e+00 5.184453600506881088e+00
-4.732405967535463276e+00 -4.773698940791129885e+00 -5.848541732477873900e+00 2.660929146103952370e+00 6.092317300842670091e-01 6.084823991839344304e-01 2.460183435859145007e+00 3.365021761787109433e+00 2.265241774457120272e+00 4.095579999670792226e+00 4.202777279949652112e+00 2.574738888899924305e+00 4.045318951943310815e+00 4.017875991490300613e+00 4.998911506548594730e+00
-4.779706386151569397e+00 -4.849039932945085063e+00 -5.828726809552756016e+00 2.720174738907993994e+00 6.360815560090501419e-01 6.350618904165137302e-01 2.308655231685829978e+00 2.522299722152315571e+00 2.563540048613444089e+00 3.815648776337714487e+00 3.944104125692860396e+00 2.395523619233690393e+00 3.848254465308401873e+00 3.813719469689624830e+00 4.818345579964987024e+00
-4.786771316852577840e+00 -4.902572957595344505e+00 -5.765374835214677418e+00 2.759586978046623784e+00 6.483122391828652908e-01 6.470783086094324954e-01 2.127145102976736535e+00 2.258296237222140235e+00 2.295607971479364018e+00 3.537431135796300197e+00 3.680303063160214716e+00 2.223243905578343060e+00 3.630980427891004947e+00 3.590601099008428054e+00 4.635357878488616024e+00
-4.746612546806331601e+00 -4.948295403020038563e+00 -5.652603512191716639e+00 2.775181650332578354e+00 6.492222185294900250e-01 6.478542655088854740e-01 1.916757299604756382e+00 2.021665568885388176e+00 2.024763467843248232e+00 3.261616300070166119e+00 3.411560815752916920e+00 2.055543116804634085e+00 3.395442267338447007e+00 3.350834116047423095e+00 4.442594983824579735e+00
-4.629920740240939914e+00 -5.033041689211813718e+00 -5.469308293999925574e+00 2.762104415972896021e+00 6.408791424129979264e-01 6.394822177286918485e-01 1.700114674593736108e+00 1.791625083168616683e+00 1.762308712405242561e+00 2.988375021348782301e+00 3.138062034239514464e+00 1.890201072963613171e+00 3.143972640987806155e+00 3.097040440367939240e+00 4.233083328915248522e+00
-4.268339872524681056e+00 -5.625707885614771975e+00 -4.906188374369554239e+00 2.715156862837210472e+00 6.243295736450736877e-01 6.230279103211455727e-01 1.485336672871970132e+00 1.567900469541199993e+00 1.512831316043694807e+00 2.717444905204442485e+00 2.860110065267312596e+00 1.725361613401434457e+00 2.879168237830532107e+00 2.831987331959062715e+00 4.000563296828647530e+00
-4.581021813558251665e+00 -5.633936337177031461e+00 -4.121891973914497243e+00 2.629381293583414436e+00 5.998419525975701161e-01 5.987552925872743348e-01 1.277663935867299205e+00 1.352944297828505338e+00 1.279632247352056940e+00 2.448255810986489145e+00 2.578202415589514018e+00 1.559662951375040185e+00 2.603752810681124963e+00 2.558417353974899555e+00 3.739802740887183230e+00
-4.666640076529919412e+00 -4.818840026832115875e+00 -4.235591192717341968e+00 2.500643154573535032e+00 5.671706635188257239e-01 5.663714701918787231e-01 1.080953467968509552e+00 1.149418807558693967e+00 1.065116550191557820e+00 2.180071992137815329e+00 2.293048517061112346e+00 1.392272113378404841e+00 2.320435328263653396e+00 2.278887318202006185e+00 3.446870341527541903e+00
-4.347080193026478412e+00 -4.476377631101784438e+00 -4.101416096164436809e+00 2.326155245530398208e+00 5.258166803624170216e-01 5.253019003187709979e-01 8.979250468092200288e-01 9.594614266635901334e-01 8.707838496810915707e-01 1.912124876810503027e+00 2.005532218955711432e+00 1.222839341401608326e+00 2.031772584572490103e+00 1.995630338238137291e+00 3.119350759414099450e+00
-3.933016153902465284e+00 -4.128809682994072361e+00 -3.851709490018192295e+00 2.104898601665921909e+00 4.752727318829974568e-01 4.749821772028103295e-01 7.301769124728201277e-01 7.843781342236491039e-01 6.971776789675464547e-01 1.643714474330519870e+00 1.716634151200475911e+00 1.051397141392803825e+00 1.740045696028489797e+00 1.710452195671118059e+00 2.756486719831763743e+00
-3.443759221303958729e+00 -3.709056445247910894e+00 -3.495045399685307252e+00 1.837908072823613237e+00 4.152609905862813533e-01 4.151189150812741313e-01 5.781799817564445831e-01 6.245094664507817583e-01 5.438510579179806070e-01 1.374267239864525258e+00 1.427336143385612655e+00 8.782316148321470672e-01 1.447159466322701649e+00 1.424669473027318167e+00 2.359237611718369987e+00
-2.880541246906447306e+00 -3.187168180754784697e+00 -3.022430824356812096e+00 1.528403471794269830e+00 3.459455462647966217e-01 3.458884815540637647e-01 4.413074191091960197e-01 4.792006323198326201e-01 4.093644068613244702e-01 1.103350586472149786e+00 1.138530306058427533e+00 7.037520764923796968e-01 1.154572426052262069e+00 1.139092856913194396e+00 1.930249422615561317e+00
-2.244297761070979114e+00 -2.546367113419135908e+00 -2.425091508319151767e+00 1.181758472613362532e+00 2.680795834016241885e-01 2.680642077765332809e-01 3.179150377765520008e-01 3.468496713358287242e-01 2.913258349859437768e-01 8.306551182915989928e-01 8.509504979204720598e-01 5.283802749822941180e-01 8.632633800375756339e-01 8.540550942150771929e-01 1.473736347051341600e+00
-1.541059260444223256e+00 -1.784838532404282807e+00 -1.704670371746931368e+00 8.053094936598861331e-01 1.830600465147589062e-01 1.830606148186584847e-01 2.054732749917631274e-01 2.250187381811100951e-01 1.864823593826047121e-01 5.559619910838097256e-01 5.651360739573771941e-01 3.524739754437962169e-01 5.737375953339503010e-01 5.694795772344306561e-01 9.952797402408051219e-01
-7.851797334806948081e-01 -9.218264533903548497e-01 -8.818857418232122214e-01 4.080167178453286692e-01 9.288198201286759770e-02 9.288505045498991752e-02 1.007449981633234265e-01 1.105965070270532036e-01 9.086702035179169967e-02 2.791134298508888278e-01 2.814292640675451485e-01 1.762920256839848321e-01 2.860725718105276982e-01 2.849825955723285231e-01 5.015548800430416065e-01
-8.625626249134140144e-16 8.953834040374721407e-15 5.783475618891691899e-16 7.839365268703569703e-16 1.938326943664002024e-16 -3.571859689907934884e-15 3.806462553022403377e-16 1.423741906458909290e-16 -2.914326155944056636e-16 -1.631709565769825713e-16 1.862766096761725596e-15 -8.069216834867451821e-16 6.979391887800632971e-16 7.378214281389238541e-16 9.860778198524960658e-16
-8.625626249134140144e-16 8.953834040374721407e-15 5.783475618891691899e-16 7.839365268703569703e-16 1.938326943664002024e-16 -3.571859689907934884e-15 3.806462553022403377e-16 1.423741906458909290e-16 -2.914326155944056636e-16 -1.631709565769825713e-16 1.862766096761725596e-15 -8.069216834867451821e-16 6.979391887800632971e-16 7.378214281389238541e-16 9.860778198524960658e-16
-1.248312505181687888e-04 -1.212019205447132855e-04 4.695502180226097402e-13 -1.456521603650142577e-04 -3.613417122880290097e-04 -1.424540165665550144e-04 2.093682262199256640e-04 9.693133886763495902e-05 1.035162704963372055e-04 -3.217531316584382023e-11 -1.514907447974287903e-06 -3.858335712918992553e-06 5.300416739358865107e-05 -6.994299426911839042e-04 4.916343587204836723e-04
-2.510451430576988584e-04 -2.265331559138558356e-04 2.103759304539301642e-10 -2.897012722639437138e-04 -6.897351720495358820e-04 -2.659808497707585591e-04 4.148429978895765906e-04 1.838266635096806275e-04 2.336881418984728873e-04 -9.387528627361492829e-10 -1.156674781676628399e-05 -2.964936436604354930e-05 1.002201816407326056e-04 -1.354631707445565908e-03 9.531957465404227933e-04
-3.762923555185224665e-04 -3.030938913782888280e-04 1.539005640739778909e-09 -4.253427150895573868e-04 -9.559097078867968269e-04 -3.550421762105681299e-04 6.105145404033873388e-04 2.521080535438303591e-04 4.067601576850033893e-04 -6.110307917630765306e-09 -3.606735424229350398e-05 -9.355466180818141004e-05 1.367343241605313532e-04 -1.924823398097329392e-03 1.356659163611109329e-03
-4.926259327520929104e-04 -3.427695158964585119e-04 5.205177728541346430e-09 -5.378535750426553406e-04 -1.137443608105587504e-03 -4.002057355143821414e-04 7.870574876069953317e-04 2.958281666556702625e-04 6.215691102551141592e-04 -2.074620824469931777e-08 -7.629700210651062242e-05 -2.017116203440128192e-04 1.592340411007925425e-04 -2.375866898391726812e-03 1.678023750913960627e-03
-5.873116793079336635e-04 -3.426029847867059146e-04 1.152104627231461324e-08 -6.059020052252991027e-04 -1.221063335215679529e-03 -3.996561231535086822e-04 9.314964456293969635e-04 3.123864617414897162e-04 8.581269755086371560e-04 -4.793984659872714626e-08 -1.280326107576381864e-04 -3.483960619288117995e-04 1.664615753573394535e-04 -2.682964848162221801e-03 1.899122337058686133e-03
-6.458663259661857241e-04 -3.042722357132251598e-04 1.900457482522557148e-08 -6.069143805241000332e-04 -1.203918915312837895e-03 -3.592091767191367565e-04 1.028511611471727167e-03 3.027235483445964224e-04 1.082057216917058518e-03 -8.485104452952648249e-08 -1.821230756432255066e-04 -5.169864813437675651e-04 1.593131097286693855e-04 -2.832609604320668415e-03 2.009131954559872923e-03
-6.561577324885847469e-04 -2.333867914742408063e-04 2.467212735826808140e-08 -5.250261962547086081e-04 -1.093871831752702035e-03 -2.908408610080179214e-04 1.063344052785812534e-03 2.709856177426371625e-04 1.253371442535396434e-03 -1.224318844732117876e-07 -2.265286384536458104e-04 -6.832875433675058077e-04 1.405645215050291882e-04 -2.823564090419073032e-03 2.005616473631112191e-03
-6.123107348611757329e-04 -1.389828928128317273e-04 2.549230091367501857e-08 -3.591496698983598335e-04 -9.089081510599955052e-04 -2.100355896111300383e-04 1.025900332395803536e-03 2.237179495779959460e-04 1.336931275361297536e-03 -1.492305208775500361e-07 -2.494816548479178268e-04 -8.202706955487658325e-04 1.142774799680914253e-04 -2.666719540586893512e-03 1.894917296249416143e-03
-5.174237924257629566e-04 -3.319879719856527495e-05 2.021346397715944829e-08 -1.284815816903742049e-04 -6.757289983616472651e-04 -1.324856916743910509e-04 9.151284865312174109e-04 1.687355023421943071e-04 1.311687033492640051e-03 -1.566373553310136389e-07 -2.430647625608046514e-04 -9.030928676260973568e-04 8.500788753975269162e-05 -2.383783578779489175e-03 1.691733566829266419e-03
-3.844856002251061653e-04 6.910458187626591475e-05 1.046952054227444970e-08 1.266556711527149599e-04 -4.274277414593699478e-04 -7.078898095721358492e-05 7.423079650102783851e-04 1.138832024258954433e-04 1.176361787917853691e-03 -1.422992726643090708e-07 -2.062419308515551987e-04 -9.133679518117404248e-04 5.698425605398451548e-05 -2.004895399168983919e-03 1.417811527764316565e-03
-2.352930828920118294e-04 1.510240069850611936e-04 3.471571259032738176e-10 3.496076365419374752e-04 -2.000589034886961855e-04 -3.177671863979682226e-05 5.317856065961504850e-04 6.590440810350046757e-05 9.503600280025442139e-04 -1.103707481841725064e-07 -1.463423182713463600e-04 -8.419899996369087499e-04 3.343033201780805282e-05 -1.565419847500882158e-03 1.099790703813188948e-03
-9.757190737649942217e-05 1.947155169788562985e-04 -5.653810295589102845e-09 4.773839971550399692e-04 -2.797518841270941057e-05 -1.497016157837614574e-05 3.180863624272921471e-04 2.958929395720133102e-05 6.699391981629446418e-04 -6.959909862629656969e-08 -7.827971537695747439e-05 -6.902120375070413616e-04 1.616759053734005312e-05 -1.102305699726749454e-03 7.664108321855110694e-04
-8.387967224001377166e-07 1.828576254685742057e-04 -5.445126757970602359e-09 4.540904397436014341e-04 6.186087525890240425e-05 -1.244493486681208787e-05 1.392700933047797958e-04 7.303147131364215255e-06 3.807614508391515698e-04 -3.093923204219790209e-08 -2.138521590845044655e-05 -4.690576058135173445e-04 5.557464828842576329e-06 -6.504712582816559504e-04 4.454295404441160075e-04
2.823673124648660968e-05 1.002622341564795758e-04 -1.480144618126458994e-09 2.450470686988393421e-04 5.583417614465748869e-05 -1.012668091843832895e-05 2.769214519745648713e-05 -1.077010426589938904e-06 1.286416625873543988e-04 -5.376741334731371893e-09 5.511984096065048560e-06 -1.974119680395745912e-04 7.529246411753857374e-07 -2.396785472104027547e-04 1.606922038009707680e-04
-2.984350439087652055e-05 -6.464068688793162920e-05 -5.133455743167970245e-10 -1.515764824507102415e-04 -4.143419878566880345e-05 9.702119596689996609e-06 5.198713268697263909e-07 2.152123851342663708e-06 -4.944723050956379811e-05 -1.384930360723158147e-09 -1.053415894850803811e-05 1.007208708232830018e-04 1.532770918802510012e-07 1.077290076708848807e-04 -7.020246182223425265e-05
-1.841024726158828784e-04 -3.186381407473363602e-04 -9.562854380551217845e-09 -6.985502108593008705e-04 -2.049225891766803039e-04 6.509547699895468426e-05 5.293889360045035670e-05 1.313739119336761433e-05 -1.322388120675149206e-04 -2.138371388235894529e-08 -7.231434795909752889e-05 3.992916497818711817e-04 1.918551129615184998e-06 3.780042009166381255e-04 -2.372945905453078402e-04
-4.312705501459682057e-04 -6.628480058814093532e-04 -2.707541110387117178e-08 -1.320922899514793795e-03 -3.912100544035751405e-04 1.708618812521228323e-04 1.565922722974571460e-04 2.727985176820739926e-05 -1.175758132257056734e-04 -5.790290058514880970e-08 -1.706390973180615044e-04 6.731774031109262132e-04 4.409094518068361145e-06 5.660538241880126069e-04 -3.385419601511578365e-04
-7.556060576279005278e-04 -1.091713179965505404e-03 -2.823864644084028124e-08 -1.915842684079492554e-03 -5.452452824914932796e-04 3.352565004421942255e-04 2.644507724310413339e-04 4.010544547158925971e-05 -2.179184846392243373e-05 -9.184532353334843666e-08 -2.856227093616770072e-04 9.007354980330811939e-04 6.462756766485117220e-06 6.745180848445326942e-04 -3.790224351841607522e-04
-1.130159477568670095e-03 -1.591106894889601775e-03 5.903037416973599920e-08 -2.370489366762039071e-03 -6.112056309841989998e-04 5.574377846544201426e-04 3.214485174290425407e-04 4.805252223050040741e-05 1.246317599391481693e-04 -9.585244142470127610e-08 -3.908645265393053108e-04 1.065746443856971804e-03 7.484752011852744900e-06 7.121441071211273479e-04 -3.692850377497732092e-04
-1.518928152475801418e-03 -2.134683960619654201e-03 4.029438080253965126e-07 -2.586479007573463593e-03 -5.454696295701416025e-04 8.260494293082884954e-04 2.785019524719095120e-04 4.904500747378859869e-05 2.840688137489654061e-04 -4.432354701628036855e-08 -4.595461168961717459e-04 1.158650994719447871e-03 7.380717823441054584e-06 6.917900138810323526e-04 -3.231994039553614368e-04
-1.887408222652690480e-03 -2.670073033748478208e-03 1.417905691116397370e-06 -2.507492596739149034e-03 -3.289151655564527066e-04 1.119111598076069462e-03 1.065429328221454525e-04 4.275684392626401064e-05 4.198229678049540496e-04 7.184403178402302452e-08 -4.710106359448470266e-04 1.177054324830375566e-03 6.395968730039122874e-06 6.283904768482850801e-04 -2.556945620637023791e-04
-2.987681557964698160e-03 -2.330751856293001613e-03 4.545776758725986358e-06 -2.143728809349911002e-03 2.390516793230033118e-05 1.405208784987269002e-03 -1.928201721727192922e-04 3.053061218688075875e-05 5.035274998334363919e-04 2.320845248169151527e-07 -4.163149645089116342e-04 1.125512746980600592e-03 4.929614132142552477e-06 5.371523502002832108e-04 -1.807394510496387115e-04
-3.351879805005974957e-03 -2.447821652491924405e-03 2.491919846628088157e-05 -1.581253200942928875e-03 4.497514842554622516e-04 1.645785531988525150e-03 -5.825965589750069099e-04 1.497884986480220298e-05 5.203604464515293763e-04 3.838950395055180972e-07 -3.014755083268926190e-04 1.014653066022487950e-03 3.377196722682042582e-06 4.321524828758205382e-04 -1.098211757635610993e-04
-3.368285745065689642e-03 -2.499863675807310025e-03 9.547378051430476008e-04 -9.612164989821763046e-04 -2.195866114090133580e-05 1.798279485057570782e-03 -9.930049955492409406e-04 -6.439439257647904733e-07 4.711289631483873454e-04 4.596236831532637314e-07 -1.475507528286739475e-04 8.597163226450125475e-04 2.030714148621590009e-06 3.254038938684781384e-04 -5.105233461953498711e-05
-3.049804680165825715e-03 -2.392495004418453142e-03 1.315131469879703271e-03 -4.269627960671361702e-04 -9.649638609364926873e-06 1.820005696943712784e-03 -1.331398240422053490e-03 -1.316900567482442106e-05 3.710112240340266571e-04 4.123600922714958020e-07 1.275104676833011818e-05 6.786715941388802870e-04 1.040648855834473269e-06 2.263631405453962449e-04 -8.914524960158540706e-06
-2.436264141187810192e-03 -2.099597464216176705e-03 1.498807540199943375e-03 -6.771918635483978300e-05 -5.890945411428511727e-06 1.673543808221940538e-03 -1.498363878125186016e-03 -2.019387599969728152e-05 2.454595040870242474e-04 2.556458748874567521e-07 1.415785372252467700e-04 4.901040406318293852e-04 4.274871945570337053e-07 1.417868880321087048e-04 1.545644294397261360e-05
-1.648396019024830211e-03 -1.614846192077725546e-03 1.414892582321773326e-03 1.017189551057565594e-04 -3.341414138862529557e-06 1.336359797712910556e-03 -1.407771975461492549e-03 -2.057846828354758460e-05 1.243015104040962949e-04 7.533811492567769255e-08 2.043944648026165835e-04 3.111274938481492958e-04 1.222520768586306939e-07 7.581797563502647196e-05 2.360340755921783404e-05
-8.465163284989188873e-04 -9.650274639820898654e-04 1.014202250471199192e-03 2.205164715389840212e-04 7.194299294356241124e-04 -1.312965334230952214e-06 -1.007544583280677855e-03 -1.465485608255819959e-05 -1.947321533654924590e-08 3.533762209429203849e-05 1.784252401886245371e-04 1.555868193375639251e-04 1.556303379358042264e-08 3.019111764356760633e-05 1.888291841028496957e-05
-1.761546825066711956e-04 -2.358746673214684952e-04 2.991551075891067907e-04 2.052047812610006722e-04 -9.921132592603809434e-08 3.805905302808443546e-05 -2.970900128799868617e-04 -4.107098599513889520e-06 -5.989611356011748902e-09 -1.289263572485166158e-06 5.872845133068350357e-05 3.278657922097560668e-05 -2.020348301575256737e-10 4.487741266438475727e-06 5.573522247478754880e-06
2.688158472556168954e-04 4.236325140421000226e-04 -6.676196064162309707e-04 -4.711186668746600163e-07 -3.722429308321801656e-04 -8.404753695837742348e-05 6.630959429578846742e-04 8.450665641440833662e-06 -4.964977470195589557e-08 2.307574764211952462e-05 -1.400964071320636394e-04 -5.309088332769101664e-05 -4.005656609073354222e-09 -3.577357839964634044e-06 -1.191192690447079659e-05
4.589105490744118418e-04 -1.764915529493591264e-03 8.681553392682689807e-04 -3.367274980964903314e-06 -7.641830536811876264e-04 -2.109417655689135461e-04 1.753911686615164606e-03 2.009897224981362998e-05 -4.837568138456838010e-07 1.041977748496775765e-04 -3.872071275178389340e-04 -1.028219197735106747e-04 -3.621082608454009853e-08 2.191756606051177152e-06 -2.963205807111819631e-05
4.229917314228123478e-04 -2.829054341402906930e-03 1.048609626700314516e-03 -9.339590920801733206e-06 -9.182851566946442605e-04 -3.177900229054297010e-04 2.815056886397424886e-03 2.829139862306833826e-05 -1.612709245086472542e-06 2.261422153825214467e-04 -6.427449741942186734e-04 -1.212975134180886163e-04 -1.024747681135993886e-07 1.693094548696567601e-05 -4.451396793972901844e-05
2.306902527927913948e-04 -3.685424811083728904e-03 1.017309802198450340e-03 -1.788577627827680661e-05 -8.810851939705842623e-04 -3.917809058753052623e-04 3.676825349012353191e-03 3.142371209360631049e-05 -3.451366933303467248e-06 3.647532357198083057e-04 -8.666310836358628606e-04 -1.161748173534496822e-04 -1.858642192386950521e-07 3.531859762069583286e-05 -5.455262398839110422e-05
-3.033040787093764951e-05 -4.189860443647025479e-03 8.631461654063004923e-04 -2.718389859855965086e-05 -7.348545083219671552e-04 -4.292813955867214189e-04 4.199988296752925170e-03 2.916005124556099562e-05 -5.617422283364536128e-06 4.927078187221209122e-04 -1.026369572165573016e-03 -9.628026937047833565e-05 -2.612589045653892442e-07 5.230193766803743256e-05 -5.884468222952529497e-05
-2.767929860491632620e-04 -4.267017815604416155e-03 6.627566724727102431e-04 -3.464443241657223739e-05 -5.501858824818305765e-04 -4.330303811683807054e-04 4.311420088270352668e-03 2.244543649850530207e-05 -7.482678617392826132e-06 5.851342054033730877e-04 -1.102077641788368027e-03 -7.005300057936816589e-05 -3.073602476449384730e-07 6.385536117407203188e-05 -5.749411021151479582e-05
-4.474868946676797618e-04 -3.930751609932827025e-03 4.666505687048166776e-04 -3.803823833798163827e-05 -3.730236800882649425e-04 -4.094051179656631179e-04 4.021734366740067901e-03 1.321062216648745511e-05 6.246503288263292614e-04 -8.471661245050802973e-06 -1.088167558042844700e-03 -4.429589936179510837e-05 -3.136875719248434867e-07 6.761770570244842295e-05 -5.142332333941869465e-05
-3.277795651526451293e-03 -5.132554628075533532e-04 3.018374664444515893e-04 -3.645697687558487727e-05 -2.275656506526687814e-04 -3.659313493463783266e-04 3.417791060623713833e-03 3.843434698508416063e-06 6.047559306303037282e-04 -8.307793674371739918e-06 -9.921578574675670240e-04 -2.342917459964406431e-05 -2.820920401975625951e-07 6.323519671590482330e-05 -4.211807387737357794e-05
-2.457486245554721567e-03 -4.781099833277296799e-04 1.781942169721224063e-04 -3.056935156532345507e-05 -1.223218939424418773e-04 -3.094258911022300905e-04 2.634131279260895717e-03 -3.453275510473782725e-06 5.308230227246884874e-04 -7.092267295095122118e-06 -8.317185863936678433e-04 -9.330483805372946364e-06 -2.239785856719090973e-07 5.227866459276302765e-05 -3.133233584333530345e-05
-1.629603004287182673e-03 -3.721397491131624613e-04 -2.219640873651978444e-05 9.456016591054303784e-05 -5.554610275288005011e-05 -2.452025325350666368e-04 1.815751839791809440e-03 -7.273210350891717055e-06 4.184477074608774377e-04 -5.223203262939802960e-06 -6.312559760680478381e-04 -1.718274996425505583e-06 -1.552809345148881657e-07 3.770645259055836827e-05 -2.078242968728719761e-05
-9.250808478187649538e-04 -1.355701891043644829e-05 -2.385969456865420595e-04 4.379517201836500293e-05 -1.959423699419290550e-05 -1.775249650220808847e-04 1.085841915101098346e-03 -7.432864570549054838e-06 2.895627445876123142e-04 -3.225286101352120214e-06 -4.191767804838170066e-04 1.081710315883940284e-06 -9.125869287534866762e-08 2.298058201256269353e-05 -1.186538457815022352e-05
-4.206150420794116211e-04 -6.527140999680388438e-06 -1.188533206900548424e-04 1.667095126958425397e-05 -4.401553339147661307e-06 -1.110185986959151094e-04 5.271050642503008693e-04 -5.048194732175363939e-06 1.673171209534308893e-04 -1.565362599874451868e-06 -2.262711893239270080e-04 1.224896817335558360e-06 -4.260483167732834687e-08 1.106562195535599154e-05 -5.440413100743989819e-06
-1.310726118292089950e-04 -2.120162809679797435e-06 -3.949404376121659968e-05 4.509156675643422771e-06 -2.526477616936446576e-07 -5.232031332176942254e-05 1.766792676106128488e-04 -2.089910613779229182e-06 7.116156096708265962e-05 -5.112325384102904256e-07 -8.349055577371208815e-05 5.474429215812074247e-07 -1.352894734021871218e-08 3.597659906839028823e-06 -1.709558702901493374e-06
-1.686577894316932009e-05 -2.797965953024091196e-07 -5.280651611674763407e-06 5.288570082782446434e-07 6.467341492465163767e-08 2.421129250655245637e-05 -1.141033249404227390e-05 -3.209195115607415987e-07 1.394113691263964994e-05 -6.767732466181067955e-08 -1.226607600369809539e-05 8.343903033971422331e-08 -1.760709151896831800e-09 4.751760959674290655e-07 -2.213071815484856823e-07
-3.531329594069494986e-15 -3.175514465569203875e-14 -9.804910543513725221e-17 3.068571872741483243e-14 -4.538331692125271367e-16 5.099456861902980847e-14 -5.006204821623401961e-14 7.470748225160195446e-16 1.311483550333232315e-15 -1.547183075268929059e-15 2.757851980772338299e-17 2.923495391863864456e-15 -1.723781163170443728e-16 -1.380192660429949422e-16 2.440669832128633383e-15
-8.625626249134140144e-16 8.953834040374721407e-15 5.783475618891691899e-16 7.839365268703569703e-16 1.938326943664002024e-16 -3.571859689907934884e-15 3.806462553022403377e-16 1.423741906458909290e-16 -2.914326155944056636e-16 -1.631709565769825713e-16 1.862766096761725596e-15 -8.069216834867451821e-16 6.979391887800632971e-16 7.378214281389238541e-16 9.860778198524960658e-16
-1.751200961142127375e-14 5.317668886877111014e-06 -1.745581833619618765e-04 -2.562213920557646421e-04 5.568677172764624613e-05 -2.562225729446054021e-04 -8.329484343544295004e-06 1.458450550399266064e-04 1.464184696570288097e-04 9.844231107094064271e-07 -1.840705077275756981e-07 -1.010679528744724896e-06 -9.105219347058371090e-04 -2.188644085364154815e-15 6.921851860882800942e-04
7.442114726440473313e-16 3.852354060054476799e-05 -2.957161678117198821e-04 -4.877463605074168897e-04 1.195319631851983521e-04 -4.877053413740038874e-04 -1.951980036570260475e-05 2.758719332840935774e-04 2.777560721097319650e-04 7.446125253222112128e-06 -7.595543972647093580e-06 -1.379922439928790570e-06 -1.726009699550332946e-03 1.635486202384907137e-15 1.309242396485612529e-03
-7.025229377501985250e-15 -3.334902982107499107e-04 1.104806411607853114e-04 -6.723830038967644517e-04 1.946788117457675228e-04 -6.721098886854298769e-04 -3.373735032558804333e-05 3.747519259328985415e-04 3.807222577235006402e-04 2.284420050332095390e-05 -4.169391192963686825e-06 -2.305153289664791771e-05 -2.362122018936316410e-03 1.994961020186562638e-15 1.785120850741273718e-03
3.486206341680023433e-15 2.103479006582567937e-04 -2.894029469528835844e-04 -7.926843379666376286e-04 2.756051778559205851e-04 -7.913498096213684302e-04 4.323694958777189799e-04 -5.055412627314997406e-05 4.453534016003915627e-04 4.716176276110418801e-05 -8.431902935870362628e-06 -4.685357565930424207e-05 -2.755007221680426041e-03 9.528932930345185290e-16 2.071045551554106731e-03
2.347402913226625016e-15 -1.881827563612843224e-04 3.114996123400541714e-04 -8.376980753434364610e-04 3.483240650252567797e-04 -8.339703814074617789e-04 4.437524285093634663e-04 -6.728948090412581939e-05 4.660929614006948762e-04 7.641359170013877075e-05 -7.439015132525350008e-05 -1.328582047778351858e-05 -2.869173175884591649e-03 2.794893758411820513e-16 2.141881378886767873e-03
8.910647729390220540e-16 -6.594783344776254371e-05 3.834849408128189973e-04 -8.040608266955085945e-04 3.934359354061373981e-04 -7.965342447165806592e-04 4.099504948803792603e-04 -7.964376077886823029e-05 4.422965257410792607e-04 1.032653890105895099e-04 -9.796781788620447439e-05 -1.738495507307729723e-05 -2.702256996815134444e-03 2.871012272026199954e-17 1.999644875268217353e-03
5.155377719879459078e-15 4.115771256596492510e-05 4.012099412705476438e-04 -6.963392820663606405e-04 -6.844474160600364952e-04 3.919733099365592692e-04 3.382272056818958579e-04 -8.306110362203220228e-05 3.781346456263875522e-04 1.186277235034535060e-04 -1.976643335269053772e-05 -1.085126544629035560e-04 -2.285578443576137975e-03 4.795619165732280613e-16 1.673261087282312994e-03
-3.014154668769960969e-15 1.039187636026368681e-04 3.513421720967629860e-04 -5.265828456133483807e-04 3.320250483500214217e-04 -5.115938549972795383e-04 -7.372395945160362747e-05 2.406659424177087455e-04 2.819445577007008430e-04 1.138546435881426159e-04 -1.788581690734152490e-05 -1.005775401685109097e-04 -1.679814743789342143e-03 7.196986381386313078e-16 1.214116167887933050e-03
1.966054078595914090e-15 1.043114011631040899e-04 2.344710620593092553e-04 -3.131084928646865476e-04 2.144719313456185605e-04 -2.990182243284554586e-04 1.326529190355726906e-04 -5.018706596297341802e-05 1.651376745365539878e-04 8.304054525897969544e-05 -1.322279058221693338e-05 -6.937207324090216608e-05 -9.660325712384750570e-04 2.360180793384058943e-15 6.877869529763082357e-04
1.789607890460318373e-15 6.443005586629449194e-05 3.687328270644715079e-05 -7.859687293392201017e-05 5.591257407926389936e-05 -7.267631579824148638e-05 3.030085381436301316e-05 -1.408066361870898996e-05 4.080434267320298897e-05 2.488458497839167574e-05 -3.449517214307560356e-06 -2.004313378867173161e-05 -2.334456410632796482e-04 1.030570770566518447e-15 1.633427989404359669e-04
1.169689655238162377e-15 -9.202766338610341996e-05 -1.346976881188686635e-04 1.523538184470928504e-04 1.390183602305576529e-04 -1.119583230573053818e-04 2.979503259985334372e-05 -5.218059663222704745e-05 -7.782339853907057736e-05 -5.632704531997345280e-05 4.275297493262716919e-05 7.321988164507452566e-06 4.338010561651122095e-04 1.021016086611780375e-15 -2.975945488176501091e-04
-6.413699862705046737e-15 -2.641133295992266657e-04 -3.354045787327484401e-04 3.559931693954809101e-04 3.154276092396910455e-04 -2.546945297107364539e-04 -1.048401939819270171e-04 7.423578128384608675e-05 -1.788819985819927675e-04 -1.509024437717631920e-04 1.068826914137418230e-04 1.830904878784499033e-05 9.682259935808649022e-04 1.281774435418914240e-15 -6.496918128420396460e-04
-9.772199487660982261e-16 -4.559822823034392100e-04 -5.082473509240259231e-04 5.122051358464980650e-04 -3.333221026229584620e-04 4.363056378808839145e-04 -1.236190612727566948e-04 1.111461127309008092e-04 -2.531924193055612579e-04 -2.451400571407086966e-04 1.600759483617995740e-04 2.769219257013151087e-05 1.326893563563778539e-03 1.542633860762594083e-15 -8.689189756059382576e-04
-1.983541366591231481e-15 -6.300342820959950203e-04 -6.392571839996322169e-04 6.069636194068830665e-04 -3.233814217260929844e-04 4.931482337303639499e-04 1.334240969937394716e-04 -1.108865925794825353e-04 -2.952298293358065063e-04 -3.237323360879992514e-04 3.377234267452249375e-05 1.921578289597972459e-04 1.494554406248609557e-03 4.809392736674683997e-16 -9.531385561094577125e-04
3.115931857846069916e-16 -7.862943960875111958e-04 -6.852095145540805423e-04 6.340931734313301309e-04 -2.242540809147986901e-04 4.907645908679582726e-04 1.369118259161273231e-04 -7.490760454234973969e-05 -3.036263163879859427e-04 -3.727298586310704071e-04 3.563433768019901357e-05 1.973220094967016215e-04 1.482166889450535832e-03 6.613976757355447387e-16 -9.188254843465258441e-04
1.434392200262103790e-15 -6.689798749742996041e-04 -8.718978160207688103e-04 5.960203197690679437e-04 4.293529646488162621e-04 -4.695708684032945374e-05 -2.781920385670909362e-05 1.213971454031588092e-04 -3.824522464009264943e-04 -2.811359070736534505e-04 1.755111368076296718e-04 3.350363981505522637e-05 1.321772146326966307e-03 1.142494723946618739e-15 -7.952459896146416235e-04
-9.903769870385207903e-16 -5.867570269526061963e-04 -8.757708007652145526e-04 5.033188614280499802e-04 3.393287843450032946e-04 1.489013350972941000e-04 1.639275805732251604e-05 9.145066035910326939e-05 -3.496907091461672382e-04 -2.340574852515815100e-04 1.335738782459968722e-04 2.768414968265619071e-05 1.059099320814117437e-03 1.102384832152833848e-15 -6.176664570224430070e-04
-4.078748847396998504e-15 -4.524275815025601173e-04 -7.827952202100061296e-04 3.730311940687513713e-04 2.293639808620835099e-04 3.090341405265488082e-04 4.541060361925244876e-05 5.495637017310569665e-05 -2.786596048149933384e-04 -1.711869656806098690e-04 1.984325388878925412e-05 8.239961443032899828e-05 7.453208600163586375e-04 9.719979281512823759e-16 -4.209751011125871891e-04
-1.145959224877336399e-15 -2.871813629348536796e-04 -5.797089911537935472e-04 2.259619940591716476e-04 1.233423893328524420e-04 3.531525408859799084e-04 -1.804103912760677143e-04 5.047719341754549374e-05 2.201308109484872576e-05 -1.024440966515663182e-04 1.142616037011033451e-05 3.562329040074803242e-05 4.292197867291578923e-04 9.918513633983414728e-16 -2.346828902451006740e-04
5.976812865747830338e-15 8.335110021720147611e-05 -1.098147435508849823e-04 -2.631496530175492796e-04 3.828037563492357655e-05 2.100622446108383755e-04 -7.076609280138463894e-05 2.845063401392112674e-05 2.281237074102244379e-06 -3.737791712325866904e-05 3.934013504809052637e-06 5.846727579303526266e-06 1.507856257264188812e-04 1.272043457748559645e-15 -7.980303278475637683e-05
-7.306045797573020153e-15 -3.650900792309706640e-05 1.308044717974215685e-04 4.899928903552549711e-05 -1.221251440576881693e-04 -1.608825922132692843e-05 3.281734758041377924e-05 -1.756931806381291494e-05 2.548655820428569962e-06 1.621493466287631839e-05 1.827118355023189678e-06 -1.567547184324907737e-06 -6.303998271330885767e-05 1.041340996908121897e-15 3.230618377567255525e-05
-2.795238509647960872e-15 -1.210849507764259005e-04 1.610166830925804026e-04 3.472450578330657967e-04 -4.279948912924522767e-06 -4.302328504537521908e-04 1.147931641422541204e-04 2.505200735677824204e-05 -7.913057877223426365e-05 5.333263589707620334e-05 -4.541946791523055222e-06 2.622597755104131203e-05 -2.000947846405029876e-04 1.116032913009987118e-15 9.937085877870273777e-05
1.694283420990675750e-15 -1.652856566935047105e-04 2.127598439323962972e-04 1.212449803955428318e-04 3.840596620795711706e-05 -4.023644912904333014e-04 1.646844752688699789e-04 -1.438321373549778025e-04 6.615885190739065878e-05 7.229384677594946943e-05 -4.986102895124889522e-06 7.476022158588143459e-05 -2.622209966816991611e-04 1.280686911485835760e-15 1.263541162823335784e-04
5.852536136685661791e-15 -1.716614959346750898e-04 2.585045361787879502e-04 -3.763562001434796428e-04 -1.878737943988030817e-04 6.792401595552724589e-05 1.791339945509637952e-04 1.169739887372462988e-04 -1.981775325443422935e-04 7.465492249543078643e-05 -3.642114013817762181e-06 1.372439682331044785e-04 -2.623853452623804423e-04 1.145157880133920619e-15 1.228904591605050657e-04
1.087932978436510114e-14 -1.490693668108412147e-04 -9.007285439371906987e-04 3.136223919793514840e-04 5.642487225886036261e-05 3.920543625815589719e-05 1.623239684459558050e-04 -2.303900268755155881e-04 1.648990963723461736e-04 6.453746377822216118e-05 -1.148902933575442496e-06 1.990705924493449571e-04 -2.204043216286274574e-04 8.597831960616474845e-16 1.005628442882676660e-04
7.165190272812225161e-15 -1.100983402517208298e-04 -1.284114796510535091e-03 3.365195827242300022e-04 2.123184988165287951e-04 1.599469860342560658e-05 1.245795662794639276e-04 1.962087192028014149e-04 -2.329463913020296398e-04 4.750155165025149841e-05 1.511964498381759078e-06 2.449770808082212892e-04 -1.581535209743622713e-04 1.053100807591745062e-15 7.049346472549273862e-05
-3.565022058304809030e-15 -6.784862723942980715e-05 3.564121094436798831e-04 -1.487253891566540443e-03 3.133696684330891267e-04 -3.527456761918432935e-05 7.938344217573665420e-05 -2.043301910373109334e-04 1.991920664883706086e-04 2.919938700109546239e-05 2.621434956981976046e-04 3.496736900812241004e-06 -9.513939681842757559e-05 7.005921397834731828e-16 4.156499054922169103e-05
1.157052372812862337e-14 -3.282504702693763338e-05 -1.358102215819736135e-03 2.534208021687591210e-04 3.947800924073729571e-05 3.404395288268140425e-04 -7.865964210621740618e-05 -1.498993427131139328e-04 1.675934630105445702e-04 1.410192252669080556e-05 2.405910440170726890e-04 6.759221843256129370e-06 -4.515774184447606156e-05 1.118651243679589744e-15 1.941156678870085709e-05
-1.123585864628896378e-14 -1.068990891833399132e-05 -1.091555192124927642e-03 2.172858575267245195e-04 1.312450932439326874e-05 2.993977242037338944e-04 -9.810063109005544388e-05 1.041040300756180669e-04 -8.166629493738053545e-05 4.587310890599649788e-06 1.864223053792779343e-04 4.674907015482722861e-06 -1.450441821679318241e-05 7.364653259418040424e-16 6.160930429180378115e-06
-8.672937946035270731e-15 -1.412492754560288791e-06 1.317716913136542805e-04 -6.136460730506888969e-04 1.756534808835721342e-06 -7.860232298010571769e-05 1.932119352789523118e-04 2.921333405522156759e-05 -2.035220445414352719e-05 6.057593787468859253e-07 2.432110946719759552e-06 1.016872126306717544e-04 -1.900557330603086263e-06 7.089167655189472958e-16 8.014060776842279054e-07
-1.311948723364689354e-15 -1.158735108029097355e-16 1.526003142108928195e-16 3.971012892146833218e-17 8.461427179921288673e-15 3.198602390428404560e-17 -4.761765529789204097e-17 -1.399194846965414137e-16 -9.608728859292834763e-15 1.787866646016023670e-16 1.636927484086956084e-16 2.085432897553109191e-15 -3.260461681060592205e-17 4.246459560504492485e-16 8.000283897001928208e-16
