0.000000000000000000e+00 0.000000000000000000e+00 0.000000000000000000e+00 0.000000000000000000e+00 0.000000000000000000e+00 0.000000000000000000e+00 0.000000000000000000e+00 0.000000000000000000e+00 0.000000000000000000e+00 0.000000000000000000e+00 0.000000000000000000e+00 0.000000000000000000e+00 0.000000000000000000e+00 0.000000000000000000e+00 0.000000000000000000e+00
1.037366636698865463e+01 1.034744059813786876e+01 2.460160517611420872e+01 1.660284154055094719e-01 1.661930951452102456e-01 9.566802886053393795e-01 2.992277981304278245e-01 2.994268129010921320e-01 3.849803145348198452e-01 2.754442486700244691e-02 2.753280061076205862e-02 1.577318446974090627e+00 1.199818368996939319e-02 1.200135843508594487e-02 3.229996935365991195e+00
1.029273548164818664e+01 1.026771391905596076e+01 2.439773460187196008e+01 3.325710949508132730e-01 3.328775959848127575e-01 1.918219502222800354e+00 5.944499349784270192e-01 5.947886527644729027e-01 7.533858472679574314e-01 5.763609683421513225e-02 5.761526457022550507e-02 3.085044320792418304e+00 2.479392720143075435e-02 2.480635957297146199e-02 6.414338678286785722e+00
1.016292106187670186e+01 1.013983032495606373e+01 2.403032080601781217e+01 5.012713666431134474e-01 5.016872768378263236e-01 2.892309312391663223e+00 8.825656532730090653e-01 8.829508942008515993e-01 1.089613179988921488e+00 9.270354644422686141e-02 9.267711627885499848e-02 4.470988393399821348e+00 3.914622564003132632e-02 3.917799135939867283e-02 9.503992639472455650e+00
9.991413186284766823e+00 9.970871577745867853e+00 2.346281967970146098e+01 6.749383883189830069e-01 6.754257506512941767e-01 3.888910152312802015e+00 1.161257711905750112e+00 1.161587843099579409e+00 1.380139544871969548e+00 1.349360480646428495e-01 1.349070509584845146e-01 5.713679400615436776e+00 5.573732731204198571e-02 5.579879260250469875e-02 1.244501059092622874e+01
9.787480457598125128e+00 9.769966251425318049e+00 2.265479398536522382e+01 8.566613606182164053e-01 8.571712523606084266e-01 4.912580319222859870e+00 1.428065346554016291e+00 1.428249862654669577e+00 1.616144329279861847e+00 1.861648628197452304e-01 1.861345548745244327e-01 6.828777536080221644e+00 7.513552792204132580e-02 7.523289728951676469e-02 1.517991119543510514e+01
9.561749408886136337e+00 9.547579855497971835e+00 2.157427703023166643e+01 1.048906095653268311e+00 1.049381453641505146e+00 5.907404992560237211e+00 1.679585201969237218e+00 1.679568941601769838e+00 1.837677792017161194e+00 2.477567577939733812e-01 2.477249906490498199e-01 7.867681682820493627e+00 9.775990760378797106e-02 9.789109817213514919e-02 1.765185513418079566e+01
9.325383789128407486e+00 9.314706263320255530e+00 2.021417889932171974e+01 1.253143020370051097e+00 1.253532729311512384e+00 1.911354202740496389e+00 1.911142858362533170e+00 1.917545930562712719e+00 6.955358868177219378e+00 3.205342320749406393e-01 3.205014513199477277e-01 8.908917462243262975e+00 1.238484240237460038e-01 1.240003383348477067e-01 1.981034911985299019e+01
9.089234145172699897e+00 9.082029318302726750e+00 1.860911847741468605e+01 1.469954594129074366e+00 1.470226935294505877e+00 2.118342195965905006e+00 2.118013874097608884e+00 1.877877044954671115e+00 7.951023327005823482e+00 4.047354700187862364e-01 4.047050573002681229e-01 1.004314120546490585e+01 1.534311860263118388e-01 1.535792243752766573e-01 2.161667062466517919e+01
8.863031988831146180e+00 8.859127177305351708e+00 1.684449674807122221e+01 1.699315924564452684e+00 1.699462765020065991e+00 2.295703667265601045e+00 2.295398536970309156e+00 1.813085253558610610e+00 8.677740783659709578e+00 5.000201893686377907e-01 4.999989005451160873e-01 1.135191155008079633e+01 1.863109990599048638e-01 1.864212315374547957e-01 2.304745818748732233e+01
8.654699274787457597e+00 8.653788740547929237e+00 1.504806974851979184e+01 1.940799157407339770e+00 1.940832096009598384e+00 1.679557856673351779e+00 2.439476163657352537e+00 2.439369590000239452e+00 9.044595750330922002e+00 6.055171847028855137e-01 6.055116061070205946e-01 1.288093249977019816e+01 2.220533074830439713e-01 2.220871908811875017e-01 2.409573296644177631e+01
8.471501640998274851e+00 8.469833086067376726e+00 1.336157402381248893e+01 2.193608112748121730e+00 2.193551837755892908e+00 1.481285355246887425e+00 2.547331343877385024e+00 2.547060922379418280e+00 8.952862868374534600e+00 7.199073515306381177e-01 7.198988661836716041e-01 1.461330308476150464e+01 2.599083857124152019e-01 2.599874071907850581e-01 2.476952584209262653e+01
8.315155618285112737e+00 8.311408501532003612e+00 1.190398939189882022e+01 2.456474876330844381e+00 2.456360925723316768e+00 1.226467213524325528e+00 2.618250413983520986e+00 2.617450140363672073e+00 8.387643252676943106e+00 8.414631531905524264e-01 8.414611387646183660e-01 1.645651072976815499e+01 2.990011378925121477e-01 2.992202560602284511e-01 2.508888181762727143e+01
8.184984829595460809e+00 8.179721315758392564e+00 1.074528733969994398e+01 2.727509094892355712e+00 2.727370248991164647e+00 9.255151969497663611e-01 2.652673795203409846e+00 2.651238326051351901e+00 7.431355544057871576e+00 9.681334086597113142e-01 9.681861643635578663e-01 1.825825879563917198e+01 3.382931550720280622e-01 3.386634051024333680e-01 2.508217591206080499e+01
8.078749100760493462e+00 8.072568521537085928e+00 9.901205256183128967e+00 3.004093946549484695e+00 3.003958760026423480e+00 5.904118196241585625e-01 2.652592064827011153e+00 2.650479781284509784e+00 6.228342335341120695e+00 1.097586562172033986e+00 1.097771443516575518e+00 1.985003564564615175e+01 3.765611763613240237e-01 3.770725844699613361e-01 2.478251369322842024e+01
7.992129185710718176e+00 7.985640377859994032e+00 9.345032857543172256e+00 3.282892361171384721e+00 3.282780409492505491e+00 2.342282017973387753e-01 2.621202593384015067e+00 2.618449233352921013e+00 4.928543175019306055e+00 1.227207934531661104e+00 1.227619475533257454e+00 2.109485926999036920e+01 4.124786509445386162e-01 4.130984097577742875e-01 2.422469588113876782e+01
7.919287480776964649e+00 7.913075875217297828e+00 9.025527568352083918e+00 3.559983218271349337e+00 3.559902600848992016e+00 1.293256120789905983e-01 2.562610869499504673e+00 2.559344394374877929e+00 3.646411212691736736e+00 1.354073263649030689e+00 1.354794497286603505e+00 2.191347147024749731e+01 4.446713801512952036e-01 4.453456475310303420e-01 2.344294752602937848e+01
7.853526494640873601e+00 7.848115927558776406e+00 8.882622135648675865e+00 3.831104969530816362e+00 3.831053309024638587e+00 4.863321803635827778e-01 2.481489014760644096e+00 2.477949081589156943e+00 2.448789211810785904e+00 1.474905733735685676e+00 1.475962443270663282e+00 2.228329888219330712e+01 4.717783290709149369e-01 4.724376216208688861e-01 2.246941493366443510e+01
7.787965310123988516e+00 7.783777511762375312e+00 8.857903532663431889e+00 4.091953178514522449e+00 4.091921991792240476e+00 8.231006579787685240e-01 2.382697066948804565e+00 2.379260452343819665e+00 1.362815689128878960e+00 1.586032323481960882e+00 1.587334281362830612e+00 2.222199332876321520e+01 4.925142564319670013e-01 4.930817698527315551e-01 2.133332357420095349e+01
7.716150117261308061e+00 7.713467633910211951e+00 8.900261597670610314e+00 4.338463157518298807e+00 4.338444043168546038e+00 1.126586360440570367e+00 2.270868518538271541e+00 2.268077548748700600e+00 3.899976485912377555e-01 1.683352240887805884e+00 1.684630405793222430e+00 2.176900669098138152e+01 5.057305053270390038e-01 5.061321634339954745e-01 2.006064577011716210e+01
7.632516819197094904e+00 7.631456650050977508e+00 8.968178476375209485e+00 4.567007688906413954e+00 4.566998127583286937e+00 1.384815625230818137e+00 2.149967272547617103e+00 2.148551765794972646e+00 4.816146570046486164e-01 1.762322725104064070e+00 1.763076577852159765e+00 2.097186820917316652e+01 5.104703079230484830e-01 5.106450226518466362e-01 1.867412215210717719e+01
7.533131469167646976e+00 7.532626640367419135e+00 4.774452045473800865e+00 4.774445180631337493e+00 9.030000909016532518e+00 1.587307128602986062e+00 2.023712139181693903e+00 2.022836558320663780e+00 1.269271090210547959e+00 1.817434002866015419e+00 1.817959661709213304e+00 1.987806251940383007e+01 5.059238894413362608e-01 5.060153141573244806e-01 1.719349636887833910e+01
7.414941331884016940e+00 7.413089830033845473e+00 4.957990947939514115e+00 4.957951263675715481e+00 9.063111038297659405e+00 1.725486490260464079e+00 1.894997536725944176e+00 1.890778595376746640e+00 1.990754306518551120e+00 1.842062902420464221e+00 1.844847896356414552e+00 1.853109365838287559e+01 4.915520739374724668e-01 4.919207374756367490e-01 1.563584722826247386e+01
7.273912964400286896e+00 7.271058183004131870e+00 5.114626709353567335e+00 5.114531926992531119e+00 9.052554211102032511e+00 1.793081263634919376e+00 1.761852419784001089e+00 1.753225042948859391e+00 2.661827599012241308e+00 1.831026232911159957e+00 1.837165225619921793e+00 1.696912208136052058e+01 4.674111480215932257e-01 4.680374453977110272e-01 1.401593123733856849e+01
7.106501867188426580e+00 7.103057674030520907e+00 5.240168890581958117e+00 5.239998354247903833e+00 8.989454107275955508e+00 1.786472676468865650e+00 1.621473610062213577e+00 1.607582733251274210e+00 3.294990249194973408e+00 1.778263309597114539e+00 1.788751585334365179e+00 1.522502269785190165e+01 4.336854507594692931e-01 4.345203882009640028e-01 1.234647923962786464e+01
6.906238244636885071e+00 6.902623650154382062e+00 5.327110932053431114e+00 5.326857236830257136e+00 8.869387213505799394e+00 1.704950456401914449e+00 1.468836086342791170e+00 1.449367909448307623e+00 3.898980929628768077e+00 1.677904313544833492e+00 1.693306981765152042e+00 1.332716468705843127e+01 3.908536330642281009e-01 3.918238086649102891e-01 1.063842179601180327e+01
6.658754439369961808e+00 6.655327476311426516e+00 5.359987774004486560e+00 5.359673034636043276e+00 8.690412628427541364e+00 1.550448649885486585e+00 1.297177101705092594e+00 1.272770317737996981e+00 4.478677858514736876e+00 1.524848263108170343e+00 1.544877001316246057e+00 1.130050225222792548e+01 3.396690670581172244e-01 3.406845660049109270e-01 8.901046501764165342e+00
6.330191357914758399e+00 6.327191452405990013e+00 5.304145587000130391e+00 5.303842846828449531e+00 1.272042868354607670e+00 8.395931663514607735e+00 1.099157433323570521e+00 1.071789385453273846e+00 5.035021776707965913e+00 1.315756113967532448e+00 1.338854579681178159e+00 9.167719745240580309e+00 2.811314005434439323e-01 2.820955265915290333e-01 7.142112999862469280e+00
5.836958001257064765e+00 5.834465613214573132e+00 5.075826231151890688e+00 5.075683112433458710e+00 1.052777284698560356e+00 8.159281311859544417e+00 8.688615202193039622e-01 8.419899071162284532e-01 5.563938269956762106e+00 1.050540824392226069e+00 1.073697411332034335e+00 6.950257060878832327e+00 2.164516368893835696e-01 2.172712658590246759e-01 5.367964472061232506e+00
4.962391170922457739e+00 4.960341437268536602e+00 4.459071294813701236e+00 4.459299022840457205e+00 7.289943525115659684e-01 7.794043498647363677e+00 6.048476272480085569e+00 6.044781367262704874e-01 5.826357921661730055e-01 7.341619309444260555e-01 7.532568574989069177e-01 4.669098418581055121e+00 1.470129157173069023e-01 1.476082962674877264e-01 3.583675688777568258e+00
3.184858210777391729e+00 3.183347347818237694e+00 2.934140011203672405e+00 2.934722904754246464e+00 3.727702622159614343e-01 7.250151364178543112e+00 6.372713320422731087e+00 3.108066299259357734e-01 2.984679117195502274e-01 3.780398825611286373e-01 3.889178527929263995e-01 2.345263478578187843e+00 7.432875446197841074e-02 7.464174932696732157e-02 1.793267595331168973e+00
6.086381729203423830e-15 3.185110448053151672e-14 9.804910543513725221e-17 3.074887535641056501e-14 2.649262694311958958e-15 5.125696109977040554e-14 5.065092807749213624e-14 7.470748225160195446e-16 1.058476434076283289e-14 1.904107351394976833e-15 9.159583820356875678e-15 2.923583868443450982e-15 9.479158976084573084e-16 5.049632061684206789e-16 2.527975129139790767e-15
6.086381729203423830e-15 3.185110448053151672e-14 9.804910543513725221e-17 3.074887535641056501e-14 2.649262694311958958e-15 5.125696109977040554e-14 5.065092807749213624e-14 7.470748225160195446e-16 1.058476434076283289e-14 1.904107351394976833e-15 9.159583820356875678e-15 2.923583868443450982e-15 9.479158976084573084e-16 5.049632061684206789e-16 2.527975129139790767e-15
4.956485314311221968e-01 1.442471739848235845e+00 6.154747352851812625e-01 4.604397374155189127e-02 1.627988420383059909e+00 2.056321987138998608e+00 4.412006010783602328e+00 2.060056226096451115e-01 5.795823715001620080e+00 5.848423243897112045e-02 3.099737578335727495e+00 1.095344461160088073e-02 7.578263457382809765e-02 2.135232583258601657e+00 6.079429422347925049e-01
9.864300589139617381e-01 2.778395755902761444e+00 1.208704638991273894e+00 8.833673876438280503e-02 3.473225546870914560e+00 3.522849992502764760e+00 4.322338009825869243e+00 4.018968355844063089e-01 7.304476088714280557e+00 1.200513637505997711e-01 5.655209977513084851e+00 1.867186329865959740e-02 1.489935374611017771e-01 4.239223562008455737e+00 1.202642940152097051e+00
1.467549075692934579e+00 3.910543599647717805e+00 1.760892961543626178e+00 1.236728701445436035e-01 5.430128160895791645e+00 4.243557406278749333e+00 3.067476166141623217e+00 5.782904688842486207e-01 7.757016686598838362e+00 1.875642859237853788e-01 7.553352404409659826e+00 2.010528716489771647e-02 2.171346116458842124e-01 6.280659260681309419e+00 1.771715734420516997e+00
1.934350694239814317e+00 4.759341948132246536e+00 2.259780838209740406e+00 1.498707473310778304e-01 7.120088557441168753e+00 4.352110828275637111e+00 1.771964194424371142e+00 7.271874950225183376e-01 7.904998328201607194e+00 2.634663113722880978e-01 8.965202764458792828e+00 1.255433634121070653e-02 2.778564491993906205e-01 8.228152254057091497e+00 2.304414844182263611e+00
2.382385939713886902e+00 5.269773157812224440e+00 2.702253485052133364e+00 1.661240207779578204e-01 8.331548176099998315e+00 4.024255691089763332e+00 8.063967930089368519e-01 8.424833746984702332e-01 7.920577721983193875e+00 3.496197530757226835e-01 1.009427573079715756e+01 6.198401285044105591e-03 3.290353021881158302e-01 1.005038452106849789e+01 2.792261542555456888e+00
2.807473118328492223e+00 3.096662896897091510e+00 5.417079471195129337e+00 1.731828440324983398e-01 9.106863628957407641e+00 3.397195579200534610e+00 1.643442439179263470e-01 9.202946871818302732e-01 7.862045156150951897e+00 4.471954263657955675e-01 1.109042813760803270e+01 3.779711058879170471e-02 3.688508748045537522e-01 1.171646950707673440e+01 3.229474108978229285e+00
3.465247321238924982e+00 3.205756201257262461e+00 1.733389910411843315e-01 5.211672146269656913e+00 9.541170502412596122e+00 2.575216828300534555e+00 2.560600465995650499e-01 9.590857388441348386e-01 5.566194979057900172e-01 7.756138111601137197e+00 1.204845933269109892e+01 8.326046823068594671e-02 3.958620126310805065e-01 1.319659118612719162e+01 3.613166736993756789e+00
3.846708315775732245e+00 3.573761194225839155e+00 1.702076632144305379e-01 4.702506371813249153e+00 9.683240920455242318e+00 1.649626240916863384e+00 5.341415735582332180e-01 9.596001430635494600e-01 6.775773682744158366e-01 7.618699863684630813e+00 1.302105522225380341e+01 1.429583250197067612e-01 4.090757838088995291e-01 1.446294055534679224e+01 3.943310208242532866e+00
4.297548453880602359e+00 3.908450166591157959e+00 1.683186502120585515e-01 3.975659394629881049e+00 9.530391698493041019e+00 7.111843506695793016e-01 7.160909842399514336e-01 9.246183971616648289e-01 8.090680748219555296e-01 7.461054579872166137e+00 1.402841004758899857e+01 2.166077184288889290e-01 4.080045157288489377e-01 1.549091494625950816e+01 4.222464298352260670e+00
4.887277352578494494e+00 1.725521246240195872e-01 4.207270188016267731e+00 3.143043102785523679e+00 9.047963543371793094e+00 1.506266592272396121e-01 8.270306506609118591e-01 8.585743763389647176e-01 9.494977429346846964e-01 7.291960081810060501e+00 1.506468123033548068e+01 3.032780623633741235e-01 3.927052893562902325e-01 1.626048692698465814e+01 4.455303963899954312e+00
5.677990188699898688e+00 1.874807713016091448e-01 4.468191516445126688e+00 2.319416566495058785e+00 8.200922086208198181e+00 8.611294126359131385e-01 8.814320714413937941e-01 7.670733163622873718e-01 1.096797282004503771e+00 7.117977342749015612e+00 1.610393936261582581e+01 4.014005948213710262e-01 3.637972005464814029e-01 1.675760440531748330e+01 4.647968151402501746e+00
6.682754474501004793e+00 2.167034202284249533e-01 4.689726875245824544e+00 1.595140588614262223e+00 7.001694225156620099e+00 1.378371411839542926e+00 8.893033730486524790e-01 6.563621216165235195e-01 1.248547897277984653e+00 6.943324398738790038e+00 1.710696085284001811e+01 5.087824141303238790e-01 3.224531823038519485e-01 1.697546385723834916e+01 4.807264519199347497e+00
7.826728348669454327e+00 2.622604683441839835e-01 4.870922356619591831e+00 5.551963975374790472e+00 1.018721438144255531e+00 1.701729109719032795e+00 8.594419793721238543e-01 5.328087607601447173e-01 1.402097924012167152e+00 6.769697285228588157e+00 1.802848095134390505e+01 6.226302874386212549e-01 2.703650425645922617e-01 1.691550602777794410e+01 4.939770308737172932e+00
8.965374722874299707e+00 3.242124687066305078e-01 4.025334580279552377e+00 5.011310871695425107e+00 5.973650799136037692e-01 1.864455939768072223e+00 8.008695844332429647e-01 4.024486021475026654e-01 1.554655719431784267e+00 6.596282609768688410e+00 1.882360113589527728e+01 7.395923785709073162e-01 2.096822962569019622e-01 1.658800928361838700e+01 5.050884287069835388e+00
9.963713092745001276e+00 4.004548459725732479e-01 2.587658130346662588e+00 5.110821155723275666e+00 3.109394259912243164e-01 1.915745689143458996e+00 7.231413902129029125e-01 2.706487950999811876e-01 1.703345579601140525e+00 6.420035535128895354e+00 1.945224771176700784e+01 8.558265755388158036e-01 1.429271170945703440e-01 1.601218649179010001e+01 5.143910109429073785e+00
1.075667392465845218e+01 4.868173513328860613e-01 1.335432607304093411e+00 1.286922287169584289e-01 5.169638723734292896e+00 1.903164419999518575e+00 6.359766270953456369e-01 1.419253850127423500e-01 1.845216632373783749e+00 6.236194937325427290e+00 1.988143817547316772e+01 9.671022867263533440e-01 7.288917625861658645e-02 1.521571690535709287e+01 5.219284674436488913e+00
1.134515498139685974e+01 5.774495605655652897e-01 2.980576968325940324e-01 2.338195309131125763e-02 5.188019210312400098e+00 1.862066955294743309e+00 5.485392627862506476e-01 1.993275332454731014e-02 1.977198227628940375e+00 6.038943940760819196e+00 2.008588064399809170e+01 1.068938954404255348e+00 2.505251925532435853e-03 1.423366625799811835e+01 5.274093768590844000e+00
1.176229222377623884e+01 6.654422373764061760e-01 5.307635372301414689e-01 3.982141050740691662e-02 5.166058620528223955e+00 1.812552179398515095e+00 4.686269162145658695e-01 9.249106248368092753e-02 2.095999469242685098e+00 5.822099961835425219e+00 2.004770168401674368e+01 1.156779855103883703e+00 6.527067027801031207e-02 1.310678044423421618e+01 5.302020078150484927e+00
1.204721143358147550e+01 7.435927613645925138e-01 1.167654555183702092e+00 6.072234811039969871e-02 5.103428976890633351e+00 1.761478645970969481e+00 4.019613106497003097e-01 1.929545551763250655e-01 2.197955417246867160e+00 5.579731000546065189e+00 1.975593649136428809e+01 1.226194792779477849e+00 1.276004810378916499e-01 1.187920052566614615e+01 5.293822839998131080e+00
1.223313566074387282e+01 8.051982226863679815e-01 1.630657978635365657e+00 5.639721072600559215e-02 4.999092271655835695e+00 1.706778649317812757e+00 3.517064762871581207e-01 2.794680000535659237e-01 2.278828804497865956e+00 5.306632853226984636e+00 1.920609440195385531e+01 1.273100734027876157e+00 1.818915116553283806e-01 1.059574730786359353e+01 5.238346360573225446e+00
1.234385019540965800e+01 8.447571669597256916e-01 1.936352629940689463e+00 3.293847044679537595e-02 4.851012343493842138e+00 1.642073797628362142e+00 3.182795993516583932e-01 3.501578473024412053e-01 2.333585385329807416e+00 4.998648157584154816e+00 1.839984340514764938e+01 1.293985863374382150e+00 2.259157805322407619e-01 9.299041427531445692e+00 5.123919575914249513e+00
1.239310893467756003e+01 8.584807507667917559e-01 2.100787254329741671e+00 6.282966917809724126e-03 4.655896768402397079e+00 1.560440388773418174e+00 2.994744019450741312e-01 4.032091674337828779e-01 2.356176185252775390e+00 4.652846560206579163e+00 1.734471545164525352e+01 1.286120421924796142e+00 2.579124174527377966e-01 8.026809656613888677e+00 4.939894190487574832e+00
1.238419955547901807e+01 8.445510963917343128e-01 2.140446551321744550e+00 4.938030518797054125e-02 4.409024455185438285e+00 1.456839041821219594e+00 2.908901730954990272e-01 4.369064370788725005e-01 2.339385691863637984e+00 4.267606103768684100e+00 1.605370602530730650e+01 1.247737391312692568e+00 2.766675472622407428e-01 6.809726857401789957e+00 4.678031753275536886e+00
1.230816595126622026e+01 8.031103051979473495e-01 2.072693215412449330e+00 9.426053081641880271e-02 4.104255745857644300e+00 1.329192142110142250e+00 2.866393500906914138e-01 4.497935680870210340e-01 2.274847308540626223e+00 3.842637751934357748e+00 1.454468307634438062e+01 1.178167789537611698e+00 2.815672353047188325e-01 5.670038178208930191e+00 4.333512295111490609e+00
1.213903283838733138e+01 7.360088959285827626e-01 1.915565325508844063e+00 1.320815095107359671e-01 3.734383360874518054e+00 1.178376549926091199e+00 2.802751883942970479e-01 4.409197486296833612e-01 2.153388912570942004e+00 3.378982858652081589e+00 1.283959086097243407e+01 1.077918996636031634e+00 2.726208867893628596e-01 4.621034446136650153e+00 3.905467076322970854e+00
1.182273908766581094e+01 6.463800488612020390e-01 1.687082528321161456e+00 1.560277241391896941e-01 3.292051135652119154e+00 1.007519215286831304e+00 2.658336425161546002e-01 4.101195711898645291e-01 1.965938920271552037e+00 2.878995279009306518e+00 1.096350370165667165e+01 9.486897276384249622e-01 2.504545616622823045e-01 3.667285886600156530e+00 3.397070324501364258e+00
1.125247687670947627e+01 5.381307723265694731e-01 1.404318715634855552e+00 1.611744779060761967e-01 2.771488141130126870e+00 8.209830313468999829e-01 2.388347124297584834e-01 3.582676556204404394e-01 1.705242296957546033e+00 2.346303191686318179e+00 8.943634095813884244e+00 7.933212541400602724e-01 2.162757305185081524e-01 2.805435976324863745e+00 2.815303943818709520e+00
1.021619834979223285e+01 4.154494876004850568e-01 1.082530115947126337e+00 1.454113962464902154e-01 2.171155411283983483e+00 6.233630291419396396e-01 1.970631088167580369e-01 2.874498545332762056e-01 1.368484004269385323e+00 1.785735566549883524e+00 6.808418748734530901e+00 6.156902066440692600e-01 1.718127424696477556e-01 2.025337831155907597e+00 2.170519360124239849e+00
8.307464630616333778e+00 2.824196355803558767e-01 7.345968675509686463e-01 1.099317414555915084e-01 1.496923021632318163e+00 4.187213158355047593e-01 1.409676312862175873e-01 2.010045170534429937e-01 9.604368997029013588e-01 1.203196480752356301e+00 4.586792730290032871e+00 4.205526892450444643e-01 1.192334490739303809e-01 1.311358733421099654e+00 1.475884406246650737e+00
4.928909357298278060e+00 1.428011476875113706e-01 3.709464153114518936e-01 5.914379177678982802e-02 7.645956234620788772e-01 2.101932096228963376e-01 7.358624914070360790e-02 1.034073241897558171e-01 4.959513471165434839e-01 6.054763552793123171e-01 2.307721110540691623e+00 2.133517201394452278e-01 6.104791406386662206e-02 6.437453042981216011e-01 7.467571630471377953e-01
7.929011221657805798e-15 3.728820548061611786e-16 8.730349304466577859e-16 6.410115644923279248e-16 8.528126182955207741e-15 2.132370888076692243e-15 1.282834214534209793e-15 3.407955166817484196e-15 9.619793224653541244e-15 1.150269207936696632e-15 8.425713131363751601e-15 2.113499916357589527e-15 4.072942741856226760e-16 1.408432984728386263e-15 1.098030528889064344e-14
7.929011221657805798e-15 3.728820548061611786e-16 8.730349304466577859e-16 6.410115644923279248e-16 8.528126182955207741e-15 2.132370888076692243e-15 1.282834214534209793e-15 3.407955166817484196e-15 9.619793224653541244e-15 1.150269207936696632e-15 8.425713131363751601e-15 2.113499916357589527e-15 4.072942741856226760e-16 1.408432984728386263e-15 1.098030528889064344e-14
4.906306973134292093e+00 1.393578473613427682e-01 2.541068937069498879e-01 1.674192469719816001e-01 7.556524138214508746e-01 1.844035619426721007e-01 1.003735660120147477e-01 2.239915896294809305e-01 8.155061304301056690e-01 6.032734292711273705e-01 1.139872364411737227e+00 9.494197119922189732e-01 6.024788408493145925e-02 6.381617205604229737e-01 7.461608667794011884e-01
8.251018312819116574e+00 2.582510722894425514e-01 4.893897413219535641e-01 3.192368044553007822e-01 1.444792084751274075e+00 3.578530832918432325e-01 1.999010859064570822e-01 4.461984119913480207e-01 1.560803212785036198e+00 1.198713168343719326e+00 2.271729083542869621e+00 1.899557298917180725e+00 1.142555212964546929e-01 1.280757198898271332e+00 1.487425282925387782e+00
1.011686469843729697e+01 3.372586767482469994e-01 6.886730755732919373e-01 4.407613696394550029e-01 2.018618570097769016e+00 5.100591200615720577e-01 2.973455556915557407e-01 6.646088286271215617e-01 2.184062016707036147e+00 1.778593193983047049e+00 3.387824999561022121e+00 2.850551560328279610e+00 1.563173734441744012e-01 1.931678356656407747e+00 2.219737875906575564e+00
1.109791650603584934e+01 3.589313284956195949e-01 8.378857169611095834e-01 5.190408512329069968e-01 2.453516336550713106e+00 6.320889272866526687e-01 3.907789048034437385e-01 8.767950029071008844e-01 2.659942589997158269e+00 2.335433335851685221e+00 4.480933956041899258e+00 3.801440941288038111e+00 1.817524585873269705e-01 2.593776813285792127e+00 2.940637008386041806e+00
1.159186711767217481e+01 3.085228596571040205e-01 9.271537722508220725e-01 5.435524286098680768e-01 2.747347542975340229e+00 7.170932723010571275e-01 4.774345030004221169e-01 1.079794512370661153e+00 2.986448667977659177e+00 2.862191474045525652e+00 5.544556442716378264e+00 4.749753114052934322e+00 1.873086725199145930e-01 3.268447162316953314e+00 3.649838876571905644e+00
1.180118081159595178e+01 1.745062095125889667e-01 9.514071562942663096e-01 5.067324870453541186e-01 2.910699922527422601e+00 7.610394409759250189e-01 5.537292572628054188e-01 1.270088391662592242e+00 3.176590916407155962e+00 3.352520805555689432e+00 6.573072770762530936e+00 5.691248669594150655e+00 1.714487813464607990e-01 3.955321435032093547e+00 4.349589035049369556e+00
1.182428417583927605e+01 5.107404224575996798e-02 9.104440063184313647e-01 4.043551058007566201e-01 2.958900540438365034e+00 7.633793331047112884e-01 6.154303185660121578e-01 1.443690175005431842e+00 3.250564557706508761e+00 3.801088081235668881e+00 7.561834294320548544e+00 6.619846990720446023e+00 1.344958556623185586e-01 4.652093089775613421e+00 5.044740248616167655e+00
1.170929084704102863e+01 3.722699317874353930e-01 8.084826441214073567e-01 2.357853013311738966e-01 2.907122685707132614e+00 7.275432461600471745e-01 6.579163230601394741e-01 1.596347559348124223e+00 3.230635260290704913e+00 4.203933741403201196e+00 8.507190674636628813e+00 7.527742274969787317e+00 7.862800280056291002e-02 5.354477435649696915e+00 5.742543407353989160e+00
1.147987991450220768e+01 7.888314951100975359e-01 6.533201420970699003e-01 7.418049279868575707e-03 2.768478802631877844e+00 6.611293012250284429e-01 6.764797419038092174e-01 1.723844497805878895e+00 3.138500560780207671e+00 4.558842385481586490e+00 9.406454932989134932e+00 8.405694322720751899e+00 7.724616698635949560e-03 6.056305117761406898e+00 6.452168183858423056e+00
1.114767402619970582e+01 1.295584012635197624e+00 4.552876283240275823e-01 2.844783701056029512e-01 2.554198466996066674e+00 5.756697403400031776e-01 6.666325215422659323e-01 1.822378120819173608e+00 2.994190885786468748e+00 4.865683210459224917e+00 1.025780954894527319e+01 9.243455157216505569e+00 7.292209720641923409e-02 6.749737000918178964e+00 7.183998557527752737e+00
1.071838589710046286e+01 1.881781695658086173e+00 2.262246716146252834e-01 6.192933456613092247e-01 2.274925660621962109e+00 4.859088645531641215e-01 6.244051959548380104e-01 1.888973192504421306e+00 2.815721803684937630e+00 5.126675050399565947e+00 1.106015625700649174e+01 1.003027286150203246e+01 1.570066507002927103e-01 7.425582726895773256e+00 7.948771385433690995e+00
1.019494753352726413e+01 2.530803747520406599e+00 2.208072015907442537e-02 9.879848253136411795e-01 1.942193592403626878e+00 4.086211910693322569e-01 5.466621355850996844e-01 1.921888191093151566e+00 2.619026779559075813e+00 5.346528828857639581e+00 1.181291019276528509e+01 1.075540252650312567e+01 2.376895473674083825e-01 8.073701193128167475e+00 8.756640454081551894e+00
9.579033412496940514e+00 3.220783758563051435e+00 2.752367970432896271e-01 1.376249459734566916e+00 1.569195990944028729e+00 3.611111696252677916e-01 4.314828763507526643e-01 1.920962868471725926e+00 2.417942528532323720e+00 5.532420838221258741e+00 1.251573686652861284e+01 1.140855461842476615e+01 3.081197231936609326e-01 8.683458789106325071e+00 9.616251809013370178e+00
8.871660848460493298e+00 3.926536185448811445e+00 5.225963462715261798e-01 1.769761128983524889e+00 1.170319779335164734e+00 3.596299502682371307e-01 2.786681876853169260e-01 1.887858438743764689e+00 2.224161206278689740e+00 5.693752873188296704e+00 1.316822965680098889e+01 1.198022574640145876e+01 3.619610090260171886e-01 9.244219956622197643e+00 1.053390843762342577e+01
8.073332269377731407e+00 4.622497861568907851e+00 7.516645224949406456e-01 2.156021635236902156e+00 7.596157172312441030e-01 4.179823628590088047e-01 9.040590043844219659e-02 1.826149110828986677e+00 2.047137090790492220e+00 5.841659954037025315e+00 1.376952756029706038e+01 1.246188618289993322e+01 3.938833902647045915e-01 9.745844104049789181e+00 1.151288538473457024e+01
7.184202228418377523e+00 5.285747644149959790e+00 9.507962969455795443e-01 2.526078654760859799e+00 3.490685817963429805e-01 5.465436666498852958e-01 1.279649487758880988e-01 1.741237535423077798e+00 1.893970602776384737e+00 5.988233518906239006e+00 1.431787836182179774e+01 1.284604061981904444e+01 3.999823072586130568e-01 1.017916285263010501e+01 1.255293348712841706e+01
6.204799118628397281e+00 5.898088056261747703e+00 1.108680376790630362e+00 2.875402278705671222e+00 5.241046586270083074e-02 7.517837041063034631e-01 3.671733535323055131e-01 1.640085865689337785e+00 1.769307566486134853e+00 6.145438003433331353e+00 1.481016013454073033e+01 1.312622867728934928e+01 3.780941118051323047e-01 1.053641199236951387e+01 1.364998524663085888e+01
5.137686334780346975e+00 6.446750304187507830e+00 1.214176575932882862e+00 3.203217683321558873e+00 4.386775401452619461e-01 1.036251630363359100e+00 6.136884419850778816e-01 1.530776329756682319e+00 1.675295088941308519e+00 6.323713484265859996e+00 1.524138154903507214e+01 1.329708110274800426e+01 3.279829300304456519e-01 1.081159358663064118e+01 1.479605387390112980e+01
3.989936415979505657e+00 6.923998207037275421e+00 1.255883252080572943e+00 3.510081571058438321e+00 8.055977791229590457e-01 1.398768414494500067e+00 8.499145561152673389e-01 1.421937271143853598e+00 1.611630866368033432e+00 6.530283941093868449e+00 1.560418661196128554e+01 1.335458299006123362e+01 2.513833135750797587e-01 1.100074580549147996e+01 1.597929926893893260e+01
2.775485347524749180e+00 7.326244623701522407e+00 1.221200248956080481e+00 3.794473659988472747e+00 1.149605088796147312e+00 1.834416738937277636e+00 1.055247101734613446e+00 1.322088890636915703e+00 1.575731861538825385e+00 6.767249739249026952e+00 1.588839261607036768e+01 1.329669647370951147e+01 1.518937490355263542e-01 1.110210180827218807e+01 1.718422440708817689e+01
7.653199597432121415e+00 1.515867995811247537e+00 1.094609983795930219e+00 4.050121692239259552e+00 1.466899763607852014e+00 2.333766413826607877e+00 1.238974195030368763e+00 1.207760283202738316e+00 1.563032909755408761e+00 7.029670972524856509e+00 1.608059554487012477e+01 1.312443435374778034e+01 3.472767942945522573e-02 1.111612478126432357e+01 1.839196272019319878e+01
7.907292807459469941e+00 2.399071746041068209e-01 8.548868753941143428e-01 4.265761559378462131e+00 1.753054608428401329e+00 2.880621077680130426e+00 1.178942939347348950e+00 1.286072326343783212e+00 1.567408339802883299e+00 7.304084425194430352e+00 1.616389199582876302e+01 1.284332495610063951e+01 9.365971478775614312e-02 1.104541422260246719e+01 1.958062103848292423e+01
8.093377717465520149e+00 1.032663935228287366e+00 4.710485988355933573e-01 4.427650280224234791e+00 2.003136698099436064e+00 3.447541548134543721e+00 1.146449391579781540e+00 1.270823999282856054e+00 1.581693017039838889e+00 7.568226352070287710e+00 1.611779967519204604e+01 1.246496565326509653e+01 2.260401514105430110e-01 1.089448842078318513e+01 2.072565234050859573e+01
8.218603882489844636e+00 2.269167354579057161e+00 1.029925644712885863e-01 2.212169741838407422e+00 4.523372196196363326e+00 3.988889528942242801e+00 1.143710044763504019e+00 1.145436440839160630e+00 7.792984175752814657e+00 1.598265999307405982e+00 1.591852257491271772e+01 1.200809732136647945e+01 3.549390617791343683e-01 1.066945888787244456e+01 2.180024662091689081e+01
8.292314036082155226e+00 3.458050447848324271e+00 9.309806411514726099e-01 2.375748479071825958e+00 4.544881943714591976e+00 4.433154749928569061e+00 1.170547737615168282e+00 8.962704211733940607e-01 7.947367613651066698e+00 1.609652062958820240e+00 1.553982372406731649e+01 1.149850782691541440e+01 4.731779638868232607e-01 1.037762287889622748e+01 2.277574538995509457e+01
8.325841166749537336e+00 4.591799929301900285e+00 2.093645914308752687e+00 2.490640986604648166e+00 4.489670111760925231e+00 4.681410231364384167e+00 1.224427417179899003e+00 5.128159430731552559e-01 8.006102480627030005e+00 1.609094327457955664e+00 1.495496465826875720e+01 1.096727434704489390e+01 5.743882472859127564e-01 1.002700841839262580e+01 2.362210452071743916e+01
8.332119471449814796e+00 5.669530991897222094e+00 3.664002291577389325e+00 2.555260467543600367e+00 4.360286525321412476e+00 4.626168376643532198e+00 1.300669264978120410e+00 1.104045199662993630e-02 7.957401337718934542e+00 1.591054543906477825e+00 1.414043933323402591e+01 1.044740775713360925e+01 6.534546960065359400e-01 9.625910969614063006e+00 2.430844998526992029e+01
8.325069588298488199e+00 6.693977016096639865e+00 5.657362255363462822e+00 2.569937665663770243e+00 4.163108038058219051e+00 4.203086230610852070e+00 1.392809619660173581e+00 6.732974857748095232e-01 7.806939630660578722e+00 1.551604978284280900e+00 1.308240697310160172e+01 9.969602317768467614e+00 7.068534120751029937e-01 9.182461039320314100e+00 2.480378914140922930e+01
8.318768418700564382e+00 7.668527825150961874e+00 7.975077828799720159e+00 2.536970197960023210e+00 3.907083141626164213e+00 3.453728545436159258e+00 1.493070343569628644e+00 1.457152369065122022e+00 7.575158127688579768e+00 1.488685589758686367e+00 1.178626569903440746e+01 9.558105770136792856e+00 7.328582915763792727e-01 8.704257386572081145e+00 2.507795227406345262e+01
8.326463309566481286e+00 8.594835061674753973e+00 1.041015159043228699e+01 2.460461828099624881e+00 3.602493498734840038e+00 2.530377186397196887e+00 1.592893010650042518e+00 2.322133990748167065e+00 7.288925310027881466e+00 1.402210937360617971e+00 1.028772183897661030e+01 9.227508274948924338e+00 7.316018323810629109e-01 8.198091687491904977e+00 2.510283742907036597e+01
8.359532814169002179e+00 9.471293690662610842e+00 1.273827810455890130e+01 2.345991099023613913e+00 3.241903401200566304e+00 1.596524241861702054e+00 1.683494666228668946e+00 3.198811345686483509e+00 6.972143673407387610e+00 1.294021981817657485e+00 8.659660333973906887e+00 8.980714063274271908e+00 7.049886087740895313e-01 7.669778782655315652e+00 2.485400476206853071e+01
8.426522860283535366e+00 1.029255788105011682e+01 1.480981371138705249e+01 2.200164276492859283e+00 8.221662065117136819e-01 2.881793891868226432e+00 1.756405700866732866e+00 3.995005857212034162e+00 6.639758620870671812e+00 1.167688249508779030e+00 7.006192091549714007e+00 8.807923270166783780e+00 6.564720217798523105e-01 7.124093731230225934e+00 2.431260109908192746e+01
8.532390039174952534e+00 1.105013022140331636e+01 1.656856878356015628e+01 2.030112875623603319e+00 2.388600017354961524e-01 2.516433874590230158e+00 1.803956440394040905e+00 4.617058601880636104e+00 6.296499990951350156e+00 1.028175607904428412e+00 5.440109037160663519e+00 8.686378883621140190e+00 5.907158608539468947e-01 6.564804698640046787e+00 2.346748167565185028e+01
8.678059984205342303e+00 1.173389109093258753e+01 1.802004853706730003e+01 1.842992756487271899e+00 1.707914425695807592e-01 2.139816320585210985e+00 1.819686501516584176e+00 4.996487592085307128e+00 5.938857780516946683e+00 8.814041288650651396e-01 4.053215864328236329e+00 8.580898587225805230e+00 5.131709714465779726e-01 5.994780947166323593e+00 2.231724082418078936e+01
8.860362995550747911e+00 1.233421828728369540e+01 1.919676671162343595e+01 1.645532138971202318e+00 4.163129758399085056e-01 1.766386451549293524e+00 1.798659156341811727e+00 5.103921105553679283e+00 5.558136361861183872e+00 7.337289347590033595e-01 2.896898622411503421e+00 8.445595618294561291e+00 4.296033677926482941e-01 5.416149200415005360e+00 2.087170488098497501e+01
9.072352399212929797e+00 1.284417500182733640e+01 2.013801812103066524e+01 1.443662466010220857e+00 5.238638953284281419e-01 1.387208000517079043e+00 1.737671349292734257e+00 4.936187441950589339e+00 5.143301459861598701e+00 5.913839664782127858e-01 1.981622330009629174e+00 8.227430407932324385e+00 3.456131731318523026e-01 4.830470100905362330e+00 1.915235514800014016e+01
9.303957504494963615e+00 1.326121465506229669e+01 2.088134028121701391e+01 1.242251391093438961e+00 5.205132548348527788e-01 9.148288178302673712e-01 4.438775030261796317e+00 1.635358062238489119e+00 4.683249268055686976e+00 4.599334843942808337e-01 1.289403167618763391e+00 7.872087237139322013e+00 2.661837372825193171e-01 4.238909299618469184e+00 1.719123084401809010e+01
9.542884003556784123e+00 1.358799396973418894e+01 2.145985353515648697e+01 1.044943534326187251e+00 4.360750733302489190e-01 4.184778346961025575e-01 2.895766430570013039e+00 1.492196851176079475e+00 4.168585572816470908e+00 3.437779636546451911e-01 7.883833864947493719e-01 7.331986925504571317e+00 1.952972728817833348e-01 3.642384055848228552e+00 1.502816765889279793e+01
9.775655930357928014e+00 1.383214097542234633e+01 2.190186356470525197e+01 8.541037492001598563e-01 3.041791034253125692e-01 2.828553605937764726e+00 1.229483186490852448e-01 1.310424069777445411e+00 3.593270602209811315e+00 2.457591550994737140e-01 4.431891266184485589e-01 6.575093060613443008e+00 1.356476119184394924e-01 3.041674598888384651e+00 1.270670580057957011e+01
9.988694055450114462e+00 1.400508647298091169e+01 2.223108635483205120e+01 6.708504616301251833e-01 1.616565530687012753e-01 2.771048234602767835e+00 3.040739254786379853e-01 1.093878228385904094e+00 2.956483359634398678e+00 1.669030089423753638e-01 2.202328742648285431e-01 5.592008554849235757e+00 8.847260140391564887e-02 2.437498086010066789e+00 1.026947542806384917e+01
1.016934040729011635e+01 1.412025051124641628e+01 2.246689224346905434e+01 4.951633669082736722e-01 4.478546735611789453e-02 2.180738564251296641e+00 2.684209601367869569e-01 8.477880040469162326e-01 2.264387242593065341e+00 1.063288606422390231e-01 8.952822942173777054e-02 4.398584084779969317e+00 5.351877117637644093e-02 1.830550030100422276e+00 7.754113638463570268e+00
1.030676033897884025e+01 1.419095095391119621e+01 2.262441520245553050e+01 3.260496512377737410e-01 2.391739396567913942e-02 1.482897910081189208e+00 1.799531404000284662e-01 5.785225158405952195e-01 1.530162408645307170e+00 6.133921125774117328e-02 2.470619068755603234e-02 3.032705151865449089e+00 2.913991561357507157e-02 1.221522304023854977e+00 5.190656829569054942e+00
1.039267585073278433e+01 1.422838863791857733e+01 2.271454321216175032e+01 1.617541910394429128e-01 3.093867264784156898e-02 7.481498394919934292e-01 8.853853871887810978e-02 2.933192170513594932e-01 7.704764100447318853e-01 2.768731478591158687e-02 2.473803003717816966e-03 1.546806809502185409e+00 1.251997380318411318e-02 6.111078020008686718e-01 2.600938959315483245e+00
0.000000000000000000e+00 0.000000000000000000e+00 0.000000000000000000e+00 0.000000000000000000e+00 0.000000000000000000e+00 0.000000000000000000e+00 0.000000000000000000e+00 0.000000000000000000e+00 0.000000000000000000e+00 0.000000000000000000e+00 0.000000000000000000e+00 0.000000000000000000e+00 0.000000000000000000e+00 0.000000000000000000e+00 0.000000000000000000e+00
0.000000000000000000e+00 0.000000000000000000e+00 0.000000000000000000e+00 0.000000000000000000e+00 0.000000000000000000e+00 0.000000000000000000e+00 0.000000000000000000e+00 0.000000000000000000e+00 0.000000000000000000e+00 0.000000000000000000e+00 0.000000000000000000e+00 0.000000000000000000e+00 0.000000000000000000e+00 0.000000000000000000e+00 0.000000000000000000e+00
1.358105750762546116e+01 1.352650448425147189e+01 2.189094611046962058e+01 2.676829830198168003e-01 5.837042277461549356e-01 5.839957292779678344e-01 2.431160154647023230e-01 6.343620824007900616e-01 6.352935896292696283e-01 1.353036274333242230e-02 1.783715207174526446e-02 1.508071637078498561e+00 4.854956234443015828e-01 4.866260256751721580e-01 2.345224647672887297e+00
1.355364303986857344e+01 1.349970913373230808e+01 2.182195776650010544e+01 5.802392488157375183e-01 1.074534067071471144e+00 1.076293079545683318e+00 4.868178649579988915e-01 1.248693420405827981e+00 1.251772212309875565e+00 2.794724276559306872e-02 3.787564972665395657e-02 2.962195922870525688e+00 9.554977237249813182e-01 9.575799415860644093e-01 4.681505164514595307e+00
1.350291110902855429e+01 1.344997468871282109e+01 2.170544709443213804e+01 9.651634231538104292e-01 1.485697411756577546e+00 1.490237732783595836e+00 7.315706170093853045e-01 1.832763694223410678e+00 1.839551692535535965e+00 5.603763671255829193e-02 7.107494230573351002e-02 4.305755704713055465e+00 1.403352644658244053e+00 1.406082980017803630e+00 6.997282494536745112e+00
1.342177214841761845e+01 1.337016768027881675e+01 2.153886114325385392e+01 1.423365755167451452e+00 1.842014663678147812e+00 1.849990755494030470e+00 9.775233694190201827e-01 2.384239923692778707e+00 2.395720703401901019e+00 1.160716035992708367e-01 1.342284536177947574e-01 5.481997133783792719e+00 1.831754688228444339e+00 1.834781832305683924e+00 9.276242060216111085e+00
1.330123841228558312e+01 1.325125387989689685e+01 2.131803221602714515e+01 1.930885320262702987e+00 2.149710352928735357e+00 2.161130424592566879e+00 1.223728740801842685e+00 2.904564713352969729e+00 2.920609733819889531e+00 2.207341264199879916e-01 2.412672006695905091e-01 6.442538013973839739e+00 2.247617174780049076e+00 2.250610776113017408e+00 1.149609133850074016e+01
1.313133587664673207e+01 1.308322351092400204e+01 2.103636840514053219e+01 2.447779738454736176e+00 2.437795765214481047e+00 2.459362312123220207e+00 1.456524015315268095e+00 3.397866881994988653e+00 3.417099335843289509e+00 3.803896428306508537e-01 4.032407305903543682e-01 7.157705480780315099e+00 2.657506571464101075e+00 2.660200555320885396e+00 1.362859833349670780e+01
1.290221730486322649e+01 1.285621740150645742e+01 2.068339491197365376e+01 2.927588464856708317e+00 1.585282489830000863e+00 2.787683817017500676e+00 2.692742675227414839e+00 3.870377891678036253e+00 3.890421033071539192e+00 6.053746933881140047e-01 6.304674490204341675e-01 7.623220632257313945e+00 3.065683058804748562e+00 3.067893850473930595e+00 1.564102018380460102e+01
1.260540051614525225e+01 1.256177364349836800e+01 2.024206427986081991e+01 3.322257240931763445e+00 1.970465300353495319e+00 2.563980959996408515e+00 2.567020260146903432e+00 4.328316186327068493e+00 4.346447832771453079e+00 9.062490681435967366e-01 9.332348925576225973e-01 7.860361895126474430e+00 3.473889176807478663e+00 3.475516183376006207e+00 1.749873614107237785e+01
1.223501729368643964e+01 1.219407536199653208e+01 1.968361550173838026e+01 3.580205942207759229e+00 2.227480795947487824e+00 2.502049871975548179e+00 2.500107324255977925e+00 4.774355494025588342e+00 4.788422579259451695e+00 1.293724927717755158e+00 1.321896938898796448e+00 7.910395884916209930e+00 3.881805828800397151e+00 3.882821894591641954e+00 1.916857386519465933e+01
1.178892207185660190e+01 1.175104580850042701e+01 1.895737762606779953e+01 3.636103515336788661e+00 2.479220383151544027e+00 2.344453721360900023e+00 2.335970294453400875e+00 5.204339885172728053e+00 5.213472054747062323e+00 1.778415276411119628e+00 1.806705740987926356e+00 7.826110783769692603e+00 4.287629673616946135e+00 4.288067158848729576e+00 2.062211990437799969e+01
1.126948829666127239e+01 1.123512016614131781e+01 1.797011954196281280e+01 3.388607297474965030e+00 2.728087426565659612e+00 2.113612302259527009e+00 2.099766221700164248e+00 5.606081080809936168e+00 5.610707649816825793e+00 2.370225863239030950e+00 2.397285644960563733e+00 7.663290196268667032e+00 4.688598523248449723e+00 4.688534486156902048e+00 2.183833332427136398e+01
1.068393045929469842e+01 1.065353917340432233e+01 1.654589761048167418e+01 2.658197852229642333e+00 2.973826377376288299e+00 1.941680518483996698e+00 1.925267652935355622e+00 5.960749423564884353e+00 5.961950877093973311e+00 3.077131351477297105e+00 3.101502690497202508e+00 7.473895104846341120e+00 5.081443574442150890e+00 5.080985896384634160e+00 2.280502504677038544e+01
1.004404333324551857e+01 1.001806708289847236e+01 1.436755856556469624e+01 1.126875009403436989e+00 3.215984928703753187e+00 2.420949983389387938e+00 2.409823473018038342e+00 6.246310999860768653e+00 6.245107077023297037e+00 3.903058427729363178e+00 3.923436116234809035e+00 7.301559756778605248e+00 5.462792444135107672e+00 5.462067637559395727e+00 2.351910899247030429e+01
9.365340836222095788e+00 9.344126313594008693e+00 1.101276722449107481e+01 1.627740749127765563e+00 3.454254437956874479e+00 7.294578650255074681e-01 7.286471805426018022e-01 6.442696204590246722e+00 6.439806812480942888e+00 4.844760041070419021e+00 4.860297553202642007e+00 7.179219831120078332e+00 5.829562199905202746e+00 5.828705001055435986e+00 2.398583002725471047e+01
8.665671343268128268e+00 8.649428562071570070e+00 6.509657187619391827e+00 5.576027842519417632e+00 3.687991433626236049e+00 1.441841366766783150e-01 1.373962063320928462e-01 6.538291532682554141e+00 6.534368822884929706e+00 5.888104303666972683e+00 5.898663895525290357e+00 7.128340483807151351e+00 6.179410381634413696e+00 6.178555007650727404e+00 2.421733610225507505e+01
7.963437521464924451e+00 7.952223461931348325e+00 2.120527215555946032e+00 2.812898392043561735e+00 8.352000874215484316e+00 6.726947099101671101e-01 6.699226700943277102e-01 6.535886501729804898e+00 6.531827101237500877e+00 7.005173745864395229e+00 7.011370379887461368e+00 7.159183073384960849e+00 6.511411362198192165e+00 6.510684496848936575e+00 2.423097843833489762e+01
7.275547952719290556e+00 7.269278410422305825e+00 8.677991784849955481e-01 4.152289381162581172e+00 1.199354851862046267e+01 1.278493871315616870e+00 1.277564680280823817e+00 6.454889057554153098e+00 6.451858429976512710e+00 8.154460677485714015e+00 8.157379660506865804e+00 7.271692890952679456e+00 6.827486311120076756e+00 6.827002564801055939e+00 2.404764235710797848e+01
6.615249270287904437e+00 6.613726416433365785e+00 2.464888462103365541e+00 4.382926043615697154e+00 1.318988982383787700e+01 1.875960079745673470e+00 1.875861000297322168e+00 6.327421572264370297e+00 6.326531901490312748e+00 9.286056907464690369e+00 9.286695690887961874e+00 7.456782580104262870e+00 7.136658871452439712e+00 7.136521209141950095e+00 2.369029448615159694e+01
5.993066840545504093e+00 5.990125907750242007e+00 3.176939480043273978e+00 4.615044257897318758e+00 2.447496778564821618e+00 2.448467155338998058e+00 1.355755948279968770e+01 6.191095718994918506e+00 6.189191901352995906e+00 1.035002960291813956e+01 1.035131707977750182e+01 7.697944378716954361e+00 7.473291007241054551e+00 7.472977741275769858e+00 2.318282518068863851e+01
5.407799779576244248e+00 5.400740146822525567e+00 3.376918441741059151e+00 4.851276410565048103e+00 2.983698730897713869e+00 2.985086340884508971e+00 1.348784724781394040e+01 6.074329489262478177e+00 6.069613744704988711e+00 1.130970554507348247e+01 1.131343149170919915e+01 7.973201896181866033e+00 8.014295991612332415e+00 8.013372172184061171e+00 2.254918899870556004e+01
4.851145842648598716e+00 4.840353374614389637e+00 3.269358209309896512e+00 5.094085224705442450e+00 3.464010925034253230e+00 3.466757474207216916e+00 1.318197369002544939e+01 5.993103876305338140e+00 5.986060169982313717e+00 1.214724672932981697e+01 1.215457531387265000e+01 8.257392696500419405e+00 9.319743542307834971e+00 9.318331819745198530e+00 2.181280301191722515e+01
4.309943591710694299e+00 4.295815885343958307e+00 2.964030795665301810e+00 5.345869822664357507e+00 3.874221108388236079e+00 3.878455234265303364e+00 1.275745200342465679e+01 5.952410672413722459e+00 5.943757791270596336e+00 1.286541888732318384e+01 1.287770147052414416e+01 8.524673770640264436e+00 8.067248212596457080e+00 8.067213493049415263e+00 2.099614540335306501e+01
3.766480380102944725e+00 3.749384031789905869e+00 2.524696874817401238e+00 5.608787116238203474e+00 4.197535568301099751e+00 4.203071498994929378e+00 1.227931877333868904e+01 5.948714823353850711e+00 5.939188462710086824e+00 1.348579492563188964e+01 1.350412740088826347e+01 8.751015793770438478e+00 7.982515413495389289e+00 7.983194033097735343e+00 2.012049587255158656e+01
3.201223969974866357e+00 3.181439606329416581e+00 1.993395638409195314e+00 5.884549563892674584e+00 4.416039762342676589e+00 4.422454230829686139e+00 1.178592419870095043e+01 5.973799550347500542e+00 5.964043459983405349e+00 1.404379846840437374e+01 1.406874631671911224e+01 8.916371573726580735e+00 8.070648083519872173e+00 8.071699966764979806e+00 1.920576704580864558e+01
2.597698351615194134e+00 2.575369185220199864e+00 1.401839417402666044e+00 6.174229443607240242e+00 4.511351968332368401e+00 4.518059966260487670e+00 1.129977284682208705e+01 6.017611673844115217e+00 6.008147176684790480e+00 1.457953007512873356e+01 1.461099028747814010e+01 9.006224713597536180e+00 8.168140589615207503e+00 8.169413682222593565e+00 1.827038710490880646e+01
1.955375142262760324e+00 1.930566363644083072e+00 7.765174557075543715e-01 6.478085779050294590e+00 4.466402258900365574e+00 4.472736375774656103e+00 1.083293538928235300e+01 6.069969412057095504e+00 6.061199959579697705e+00 1.511074510507016022e+01 1.514780200431501100e+01 9.012348172421766890e+00 8.254403355058537173e+00 8.255793377255820076e+00 1.733120517319427734e+01
1.340340990241127628e+00 1.314322448189020331e+00 1.406611308836923924e-01 6.795426577267916102e+00 4.268887276636631256e+00 4.274192854263776375e+00 1.039018985192474176e+01 6.121536357850641430e+00 6.113761327572604820e+00 1.555143245098587101e+01 1.559205492654007585e+01 8.932774930010955572e+00 8.325483268069570286e+00 8.326905912931934495e+00 1.640340116060905373e+01
1.087587542744750113e+00 1.071629956324957833e+00 4.853794408510776481e-01 7.124515062754332106e+00 3.916528828905628590e+00 3.920287214371644957e+00 9.971199611707257660e+00 6.164439627818172340e+00 6.157864732172229516e+00 1.558052462635021129e+01 1.562118775505605406e+01 8.771130581033620643e+00 8.380132133135939299e+00 8.381516199263908007e+00 1.550039022849885484e+01
1.620597373196642765e+00 1.621774177878905210e+00 1.084475587628398907e+00 7.462519023136799490e+00 3.423025222800603729e+00 3.424995334206959452e+00 9.572212696182006653e+00 6.192698441727110037e+00 6.187435371494101943e+00 1.482299984285167582e+01 1.485902503372695449e+01 8.535552236242212487e+00 8.417231729624019110e+00 8.418517284900486786e+00 1.463371873907989063e+01
2.589750758001897246e+00 2.597013277783199126e+00 1.643129044425726049e+00 7.805396388224507653e+00 2.821739333437767172e+00 2.822093433441269283e+00 9.187433873292139452e+00 6.202386253473401112e+00 6.198439154754726843e+00 1.352516361837914616e+01 1.355268906825440922e+01 8.237416203718796126e+00 8.435175414438903729e+00 8.436313683136500430e+00 1.381295367693470055e+01
3.684057032383663000e+00 3.691657249992211121e+00 8.145560235778576796e+00 2.149473260823577814e+00 2.162794086544279182e+00 2.162416868167979178e+00 8.810115415967249675e+00 6.191252222922115855e+00 6.188498696017218137e+00 1.229885590856153676e+01 1.231684798208783427e+01 7.890047079633061067e+00 8.431753570394940667e+00 8.432707918874232433e+00 1.304557132641855866e+01
4.746380069098833587e+00 4.751993580963436159e+00 8.486446906785648281e+00 2.607824808848230980e+00 1.499848691719305238e+00 1.500169661351745898e+00 8.433398771100291569e+00 6.157603218954968760e+00 6.155790795694779938e+00 1.136576112479209399e+01 1.137568193186340793e+01 7.507518205648208820e+00 8.404228783893373134e+00 8.404976624631908422e+00 1.233685372410763392e+01
5.677792040869143797e+00 5.681083055823521022e+00 8.811884772026340684e+00 3.007609354218232944e+00 8.858172454883215252e-01 8.865378254431903748e-01 8.050949472167925336e+00 6.098836639074111332e+00 6.097621229230877127e+00 1.065938081198104115e+01 1.066362735382469573e+01 7.103602015556281124e+00 8.349508933587165060e+00 8.350044122010244152e+00 1.168980330976880744e+01
6.450364121752167001e+00 6.452072062957184606e+00 9.117949446998023788e+00 3.354366353639292697e+00 3.601719317677521404e-01 3.604986535342863951e-01 7.657432466111637304e+00 6.010691439402132907e+00 6.009732067156312141e+00 1.008055089142617256e+01 1.008143978376606142e+01 6.690897484378532489e+00 8.264377810980105821e+00 8.264712707244283862e+00 1.110508743582970048e+01
7.078368021985809833e+00 7.079293736092917122e+00 9.397187828728618797e+00 3.652812317902816019e+00 9.801830194254781969e-02 9.739353420766549974e-02 7.248867148018674378e+00 5.887963455353597553e+00 5.887071170024649192e+00 9.564974886964355605e+00 9.564405730675471062e+00 6.280148651684673844e+00 8.145755247560371615e+00 8.145921362388939713e+00 1.058102503204397316e+01
7.581556566923826068e+00 7.582007435156201680e+00 9.641969609490537607e+00 3.908857085513843366e+00 4.180517486632242541e-01 4.180621553228249243e-01 6.822883556555076723e+00 5.726124772741531643e+00 5.725484769022981979e+00 9.078244306410416797e+00 9.077660287804034667e+00 5.879765895808580112e+00 7.990961505721271507e+00 7.991007731818607240e+00 1.011362771532990479e+01
7.976484358099212635e+00 7.976819151313177869e+00 9.844732390480583462e+00 4.128481855858411542e+00 6.701547017607784040e-01 6.701685266045914746e-01 6.378879200972757069e+00 5.523193204679456514e+00 5.522576863438248829e+00 8.603772764952029917e+00 8.603345188902022045e+00 5.495562243011905323e+00 7.797949778502948348e+00 7.797961880894705544e+00 9.696706833519169066e+00
8.277514192878422605e+00 8.279580546063611379e+00 9.998186910504733405e+00 4.316679035103557993e+00 8.511246670087810884e-01 8.511551608791492196e-01 5.918051829113809781e+00 5.281758355431150243e+00 5.276665261133879348e+00 8.134505035082131741e+00 8.132407186082481587e+00 5.130713744795554199e+00 7.565565915506463845e+00 7.565569559088761054e+00 9.322056111494349651e+00
8.498648764379481690e+00 8.504140290680108905e+00 1.009549271557346017e+01 4.476581212035609880e+00 9.749647270739993932e-01 9.749629193026748686e-01 5.443232817036822269e+00 5.009262902104004489e+00 4.986535550193894828e+00 7.666246647973902206e+00 7.662142044279923958e+00 4.785941662201042668e+00 7.293656241205510149e+00 7.293588542236042471e+00 8.979716497729651081e+00
8.651292108254416746e+00 8.662990971629545456e+00 1.013039485022795105e+01 4.608864286618184813e+00 1.054663089754943384e+00 1.054599133394977573e+00 4.873090284636488967e+00 4.782595523333845300e+00 4.628120177596430906e+00 7.197582574332662020e+00 7.191412374166679555e+00 4.459894303816319017e+00 6.983072754803144377e+00 6.982883901006001537e+00 8.658325344065609386e+00
8.743658462100501794e+00 8.766243302642799051e+00 1.009731617085491173e+01 4.711480648821575024e+00 1.100921326400006173e+00 1.100790999982925067e+00 4.305862932688088840e+00 4.380334569941372713e+00 4.476962736414562549e+00 6.728015887441959109e+00 6.719951691783812464e+00 4.149681521583874044e+00 6.635712701015556547e+00 6.635373300627082749e+00 8.345546236275454888e+00
8.779710638413593671e+00 8.821749417719120245e+00 9.991432668815516394e+00 4.779744675913584651e+00 1.121940438118159467e+00 1.121759147206508489e+00 3.953867187823111973e+00 4.007117429640916662e+00 3.992293263366838652e+00 6.257328383437687158e+00 6.247720838066426197e+00 3.851492175929152495e+00 6.254435901837897660e+00 6.253940954721302070e+00 8.028568943889244025e+00
8.757332118507253682e+00 8.837188573628697696e+00 9.808975581802725330e+00 4.806755489163363038e+00 1.123568054985798259e+00 1.123362301056775481e+00 3.582733210510408384e+00 3.630902408470108256e+00 3.518833946003932844e+00 5.785307203554221012e+00 5.774631205570155856e+00 3.561212365744897745e+00 5.842913416679964556e+00 5.842282073664120112e+00 7.694661689671705496e+00
8.662164746945443028e+00 8.832776801889757223e+00 9.550114395437303116e+00 4.784105103677265269e+00 1.109585732576411354e+00 1.109384961612818188e+00 3.205702183375205294e+00 3.252459113936084556e+00 3.062653816470000123e+00 5.311681891600178673e+00 5.300480871061107102e+00 3.274965297129515562e+00 5.405420505734026548e+00 5.404691730346742773e+00 7.331751108665920391e+00
8.437393770802996684e+00 8.990800938029742895e+00 9.260182609213437388e+00 4.702789592019909648e+00 1.081990717419527570e+00 1.081819840519640863e+00 2.831333235611563470e+00 2.877745088129029849e+00 2.629806625450835877e+00 4.836171180668705105e+00 4.825003636875680790e+00 2.989512472530748699e+00 4.946591165463658513e+00 4.945816315630747972e+00 6.928999828819518036e+00
8.893622217586370837e+00 8.851566191034500264e+00 8.208772783196117473e+00 4.554221967969345641e+00 1.041179121372263428e+00 1.041051782369298628e+00 2.466609261139576237e+00 2.512752634771675986e+00 2.225465586283984720e+00 4.358568664544285376e+00 4.347959970308078681e+00 2.702485136847011304e+00 4.471154165253158119e+00 4.470388128619639190e+00 6.477348417103164557e+00
8.265886217762497878e+00 8.312513891713168235e+00 8.025999362896472533e+00 4.331240979247148459e+00 9.862193427769642140e-01 9.861346805333450760e-01 2.117077362558535736e+00 2.162486970062945879e+00 1.853566075473458419e+00 3.878818460364434006e+00 3.869220223783390811e+00 2.412446428633832074e+00 3.983671453335563495e+00 3.982964151761486438e+00 5.969988068139684856e+00
7.612017254068329741e+00 7.863422353539267995e+00 7.672595004570008648e+00 4.029019059583264450e+00 9.156226774767638465e-01 9.155696281011006521e-01 1.786688604335422648e+00 1.830531083063068332e+00 1.516576643199172958e+00 3.397052164792784712e+00 3.388810571045405506e+00 2.118810902492449522e+00 3.488299101189944018e+00 3.487688911202911690e+00 5.402733034787873478e+00
6.861890469153562933e+00 7.307969276571443018e+00 7.164538735306404504e+00 3.645791314131435978e+00 8.282909414093155842e-01 8.282572594793738974e-01 1.477671063772765248e+00 1.518845141427992651e+00 1.215351461111763953e+00 2.913577349234496960e+00 2.906911216624750605e+00 1.821664641051816691e+00 2.988588806321620606e+00 2.988098829852521288e+00 4.774267163156723726e+00
5.998432440870478111e+00 6.591903596190226367e+00 6.480843574207620250e+00 3.183350156364600725e+00 7.239313153635184017e-01 7.239092609285624480e-01 1.190514240078252906e+00 1.227741124079964941e+00 9.490529203285126281e-01 2.428823786581050026e+00 2.423812664080245760e+00 1.521535354614427016e+00 2.487344603190855707e+00 2.486981957219724038e+00 4.086246415093347295e+00
5.013029226082149847e+00 5.678450795065760559e+00 5.593863383258121047e+00 2.647272465001845987e+00 6.031126296165905121e-01 6.030989301883876719e-01 9.240805569947108111e-01 9.560074581288823259e-01 7.151456706664848229e-01 1.943264626202786394e+00 1.939847030714646703e+00 1.219159460050388777e+00 1.986545080124346940e+00 1.986302670838066664e+00 3.343248160186827356e+00
3.903813187847549937e+00 4.543900296820837070e+00 4.482940354194980159e+00 2.046865715903606553e+00 4.673393150880875702e-01 4.673325094249664025e-01 6.758279923985618387e-01 7.011486888545213070e-01 5.094708008646966491e-01 1.457334715580120177e+00 1.455316369065745574e+00 9.152847569255331273e-01 1.487336321288236007e+00 1.487196109571811586e+00 2.552567467268449519e+00
2.679796301253988933e+00 3.188096886153257703e+00 3.148847799177116435e+00 1.394836958562784668e+00 3.191192531215659156e-01 3.191174217760220366e-01 4.421056259340546690e-01 4.596895312283173496e-01 3.264101713490545897e-01 9.713671699187285125e-01 9.704387097028516207e-01 6.105352834499635506e-01 9.900952873901742723e-01 9.900319378117615754e-01 1.723869859202632027e+00
1.365165289485535727e+00 1.647462645471666320e+00 1.628341169803176225e+00 7.067056855544352478e-01 1.619210686308089897e-01 1.619213437509534059e-01 2.184729890637680250e-01 2.274862955708660817e-01 1.591448662038256467e-01 4.855631048848911835e-01 4.853261786899660257e-01 3.053509449984362356e-01 4.945577863326781620e-01 4.945418157696919725e-01 8.687183898488851641e-01
3.837251186450097100e-15 1.483891741557049771e-14 4.427651132703714124e-15 4.160501793292901976e-15 7.766390799162165644e-16 9.883746275973061112e-15 8.093506873990230447e-16 9.023453886639153581e-16 7.881784574158712404e-16 3.597009403111878539e-15 2.787874633409140138e-15 6.069361534198722621e-15 1.225851847544446251e-15 3.757565243244747514e-15 3.263793393962105479e-15
3.837251186450097100e-15 1.483891741557049771e-14 4.427651132703714124e-15 4.160501793292901976e-15 7.766390799162165644e-16 9.883746275973061112e-15 8.093506873990230447e-16 9.023453886639153581e-16 7.881784574158712404e-16 3.597009403111878539e-15 2.787874633409140138e-15 6.069361534198722621e-15 1.225851847544446251e-15 3.757565243244747514e-15 3.263793393962105479e-15
1.030981623368252498e+00 1.239347220731322308e+00 2.301389009975986610e+00 7.074324926162312011e-01 1.918701125835933219e-01 1.512540361701575631e-01 3.707600838553467559e-01 9.503108397954114495e-02 7.006266210164130426e-02 9.301041984694013998e-01 7.451592541175948714e-01 3.728542718173034620e-01 6.941232666686600883e-01 3.188752467377931055e-01 8.853607917378111258e-01
2.012798419889502810e+00 2.420065435450927893e+00 4.414217775483978201e+00 1.392187690871100392e+00 3.835563870518988172e-01 2.993820635067815372e-01 7.497659883046218221e-01 1.969129714743475257e-01 1.447607098068614817e-01 1.859981908313237620e+00 1.483218576355269658e+00 7.394658374370801646e-01 1.390359856946179695e+00 6.418229771211523271e-01 1.751405400947555924e+00
2.907023944656951464e+00 3.495517993863226369e+00 6.218752775192709414e+00 2.032814375553194441e+00 5.753234690988904276e-01 4.416443858825859214e-01 1.144429592609794932e+00 3.122330403950949740e-01 2.287843091327095568e-01 2.789092674725634602e+00 2.207396617179251841e+00 1.094084194542052968e+00 2.090455606081047968e+00 9.726092082109588643e-01 2.579761574534072288e+00
3.692141552309385233e+00 4.437479902170015755e+00 7.681350185439455913e+00 2.610227177676117449e+00 7.682368573117371868e-01 5.760158602802756267e-01 1.560543223152555559e+00 4.469315970419078798e-01 3.267243539522198814e-01 3.716300718129993186e+00 2.911555725052395349e+00 1.431863881069910249e+00 2.795451918243194722e+00 1.314406474292510341e+00 3.353896523649868122e+00
4.363717058000055715e+00 5.235623714345766011e+00 8.827181272789333732e+00 3.108684020916238744e+00 9.643350223992049886e-01 7.014091727275840737e-01 2.001598359829297014e+00 6.058549891959180700e-01 4.427321302477540410e-01 4.639654105937715656e+00 3.590530985973813927e+00 1.749136232420222425e+00 3.505405946199890099e+00 1.669545568080011311e+00 4.059916067773333026e+00
4.930359662726406356e+00 5.892720683314682795e+00 9.704912088961091143e+00 3.516541443122707555e+00 1.166561426320887884e+00 8.177658341904979755e-01 2.468275590731070945e+00 7.924018498315225090e-01 5.801680653355560935e-01 5.556244241018691632e+00 4.240444236074115025e+00 2.043508121282389123e+00 4.219187307722251035e+00 2.039325259830835790e+00 4.687220458356395447e+00
5.408289400079532960e+00 6.419060869351274512e+00 1.036402583589908311e+01 3.826743913555440191e+00 1.378432499138974254e+00 9.260107374462352992e-01 2.958179642921573205e+00 1.008352927293451939e+00 7.413611769553161146e-01 6.462155694717977461e+00 4.858964691675092595e+00 2.313789006413883520e+00 4.934361834076445241e+00 2.423899274270090221e+00 5.228972340416081721e+00
5.816520727430744664e+00 6.828181444548706125e+00 1.084560639234853241e+01 4.037013787798224840e+00 1.603461897007625758e+00 1.027887315301940330e+00 3.465888116633470073e+00 1.253874758183128213e+00 9.274898841904963831e-01 7.352506659928277344e+00 5.445461691529348336e+00 2.559776106730333289e+00 5.647163970881434736e+00 2.822259541511632275e+00 5.682337180319120939e+00
6.173445198269077672e+00 7.134362283927123016e+00 1.118086648531908800e+01 4.149712609318947365e+00 1.844407669422678975e+00 1.125704865931111298e+00 3.983358851567264658e+00 1.527646691091613329e+00 1.138551825418605556e+00 8.221571554912262769e+00 6.000989688605010031e+00 2.781945956635721640e+00 6.352552278925624130e+00 3.232332833970633867e+00 6.048465453583908413e+00
6.494792014130771562e+00 7.351466946932247559e+00 1.139274800847754143e+01 4.171345852846613411e+00 2.102449150562371472e+00 1.222034915146432255e+00 4.500696217230593987e+00 1.827065565760927823e+00 1.373402549039275611e+00 9.062970027477446067e+00 6.528057513214301721e+00 2.981107514603437370e+00 7.044337958774926634e+00 3.651202342228307973e+00 6.332200612121450689e+00
6.792639929495762452e+00 7.492500175556733311e+00 1.149817776451475027e+01 4.111689282394451084e+00 2.376426722633637745e+00 1.319389899001910837e+00 5.007214807293934200e+00 2.148495909211429744e+00 1.629860237177838123e+00 9.869900992730322287e+00 7.030165195083762697e+00 3.158068927105011081e+00 7.715374342892761028e+00 4.075454535317970084e+00 6.541518255767674539e+00
7.075132446764780703e+00 7.569367835275361500e+00 1.151003311286896746e+01 3.982533711919540309e+00 2.662284715111240985e+00 1.419907925404360505e+00 5.492671586433686137e+00 2.487541610303947603e+00 1.904875900548589573e+00 1.063539647789260201e+01 7.511137406491847912e+00 3.313360059535614077e+00 8.357794858591439890e+00 4.501633941747598122e+00 6.686729222400712658e+00
7.346624134685180607e+00 7.592520028423360046e+00 1.143856774318420833e+01 3.796080313118825433e+00 2.952843264359391373e+00 1.525056262968360388e+00 5.948483111143413105e+00 2.839318718732470881e+00 2.194759499708938133e+00 1.135256788587313714e+01 7.974330815218235280e+00 3.447039282118585124e+00 8.963286804383496786e+00 4.926765625510644675e+00 6.779509302819121785e+00
7.608069412740332993e+00 7.570333914590626101e+00 1.129231553630130769e+01 3.563067855498842640e+00 3.237989218322111729e+00 1.635357512674157077e+00 6.368723841870115088e+00 3.198711684309132330e+00 2.495440779395534214e+00 1.201481659723867068e+01 8.421827792538397972e+00 3.558598512348555065e+00 9.523387662033119483e+00 5.348881090692005458e+00 6.831845580411163965e+00
7.857529151066118267e+00 7.508226517542146539e+00 1.107856934154349915e+01 3.290766447966956942e+00 3.505321668214961495e+00 1.750138232307986375e+00 6.750728920078178596e+00 3.560598605431689823e+00 2.802735178703773755e+00 1.261598135328176618e+01 8.853738791628702032e+00 3.646967190943337656e+00 1.002978977084257117e+01 5.767464124523518976e+00 6.855007610395396966e+00
8.090712015912517430e+00 7.407586296138526372e+00 1.080353880230190455e+01 2.981018916849721645e+00 3.741219973828152412e+00 1.867299523509720949e+00 7.095198387810063956e+00 3.920035025734300849e+00 3.112582922731379487e+00 1.315039652971690742e+01 9.267717736161246833e+00 3.710605017020730756e+00 1.047463886974823843e+01 6.183725133439323507e+00 6.858655393391181576e+00
8.301486992305319390e+00 7.264706593594742579e+00 1.047227621000346609e+01 2.628554669787120268e+00 3.932230887498544547e+00 1.983109757754086155e+00 7.405798664777553775e+00 4.272390119933154651e+00 3.421234127916010337e+00 1.361283842631315721e+01 9.658757775525685929e+00 3.747665577931743819e+00 1.085081306040419591e+01 6.600620769492004491e+00 6.850182807768541160e+00
8.482289345217260745e+00 7.070092124005937784e+00 1.008844007752299454e+01 2.219882448862159130e+00 4.066609781224092224e+00 2.092016760610627024e+00 7.688347286799246838e+00 4.613433367357081316e+00 3.725363620973782819e+00 1.399834147645555937e+01 1.001929455054554019e+01 3.756208616825076785e+00 1.115217125284844712e+01 7.022561853685649780e+00 6.834366012490837861e+00
8.624195118670970217e+00 6.809195216182374999e+00 9.653948783919751975e+00 1.733287151113183988e+00 4.135812194376986994e+00 2.186465570383965940e+00 7.949716386124904055e+00 4.939373827009298168e+00 4.022113826743141551e+00 1.430187337402952963e+01 1.033961533515452480e+01 3.734437257499821694e+00 1.137376341343558650e+01 7.454794634834691180e+00 6.813345779371677402e+00
8.714985149160389355e+00 6.470190143021740781e+00 9.168562973999238253e+00 1.140951807787297101e+00 4.135723669865706498e+00 2.256683795703414042e+00 8.196584473807297044e+00 5.246857857010342130e+00 4.309078964679714296e+00 1.451786840067388518e+01 1.060856166810823176e+01 3.680937398649711145e+00 1.151199789709990284e+01 7.902492462817168217e+00 6.786927144259088607e+00
8.687747515025050049e+00 6.175301384392954063e+00 8.629422900166632715e+00 4.149898273003839178e-01 4.067434075689897455e+00 2.290355559063919966e+00 8.434115507729256223e+00 5.532934540306051474e+00 4.584254878813260881e+00 1.463963361235317073e+01 1.081451606156156053e+01 3.594898924721380062e+00 1.156476308389951058e+01 8.369648483502960090e+00 6.753135951235539558e+00
5.721906780746923715e+00 8.561527876933194392e+00 8.030499752367372679e+00 4.607934661408342181e-01 3.937341700977467163e+00 2.272044559905439964e+00 8.664582054954069079e+00 5.795001012949612118e+00 4.845982760436605474e+00 1.465866729243415456e+01 1.094666592728009924e+01 3.476301674673164754e+00 1.153150141076449309e+01 8.857905120795628306e+00 6.708935947670523703e+00
4.778475023170127400e+00 8.569782146893276220e+00 7.358339487801504042e+00 1.473655355693711089e+00 3.752836580269118816e+00 2.182153423283072602e+00 8.885919409948286329e+00 6.030741897799388518e+00 5.092910357056267934e+00 1.456397184918891519e+01 1.099651937060591855e+01 3.326052810746389365e+00 1.141323423259117753e+01 9.365483331089254904e+00 6.650987277405736364e+00
4.033353584488073018e+00 8.356982336262769095e+00 3.540836683033314447e+00 2.569572803330125943e+00 6.611471612043826163e+00 1.995167351387683530e+00 9.090239399643667895e+00 6.238077445289222034e+00 5.323982218269859956e+00 1.434151900969161098e+01 1.095958685545554090e+01 3.146066137145707486e+00 1.121253645700805635e+01 9.886376486620486403e+00 6.576321760997289267e+00
3.357153562014299375e+00 7.999724174200802729e+00 3.312077567215532259e+00 3.659689210470251641e+00 5.766567415128561080e+00 1.677122149217935121e+00 9.262464966156120028e+00 6.415133072261194336e+00 5.538454874779613846e+00 1.397415372355354357e+01 1.083703011277555284e+01 2.939277992056737343e+00 1.093346099748215927e+01 1.040994693876028876e+01 6.482825100242704863e+00
2.824752467131708578e+00 7.465328979255088093e+00 3.083530824840282403e+00 4.651170029667876626e+00 4.803921687092447712e+00 1.183302808533036377e+00 9.379447908082251928e+00 6.560238366504666629e+00 5.735918784735034137e+00 1.344241752241975441e+01 1.063693561928155340e+01 2.709598545306572071e+00 1.058141474977125718e+01 1.092101010137110073e+01 6.369451300938067106e+00
2.487603352589018435e+00 6.706748797898995029e+00 2.874217747178405613e+00 5.480139758668849836e+00 3.708115991116152976e+00 4.605118577613345754e-01 9.410124071590875161e+00 6.671956451127759813e+00 5.916301360304345280e+00 1.272699778168045803e+01 1.037476251111584347e+01 2.461801538360698149e+00 1.016298964454040465e+01 1.140041967033485548e+01 6.236146043724036581e+00
2.352256831620636923e+00 5.686858028345447735e+00 2.698230254177775400e+00 5.406695494235964183e+00 1.331238078460583063e+00 2.468228751849269376e+00 9.317314366609181775e+00 6.749135670450446156e+00 1.181359751067579467e+01 6.079827447633000759e+00 1.007254820770320158e+01 2.201359420422926760e+00 9.685753931164585495e+00 1.182609189969946861e+01 6.083514154544350738e+00
2.389474382364298766e+00 4.431066964231940020e+00 2.564421510031026141e+00 1.759418161574405781e+00 1.087326162093624093e+00 6.606373829578288337e+00 9.061569601398703711e+00 6.790966091566346563e+00 1.070056377067302478e+01 6.226925349638508855e+00 9.756705767584373135e+00 1.934234101608655276e+00 9.158009981361999507e+00 1.217434263709179021e+01 5.912318636362041246e+00
2.551411198471974728e+00 3.084349831704816580e+00 2.474846604059630195e+00 4.080178210578256359e-01 3.089882863999861229e+00 6.934703098157209311e+00 8.606940828512321673e+00 6.797014567037033217e+00 9.408057028693079360e+00 6.358084755416482992e+00 9.454670215643750097e+00 1.666635841946349395e+00 8.588525674055773607e+00 1.242137220336125658e+01 5.722931834026056208e+00
2.785116696974983874e+00 2.423604585226442065e+00 1.872990559488199036e+00 1.960631416915929348e+00 4.288548860222806347e+00 7.144368660793046111e+00 7.927834606470217871e+00 6.767204841920729130e+00 7.984904210494020660e+00 6.473692135893371891e+00 9.191050947662990467e+00 1.404763967633597233e+00 7.986247197745812265e+00 1.254472799132925509e+01 5.514864931312090768e+00
3.040308646667551518e+00 2.396736060034093896e+00 9.600222051730227246e-01 3.483860574183995862e+00 5.186658574586131998e+00 7.261924297184207511e+00 7.015426245903539026e+00 6.701703110117597006e+00 6.507408221911333612e+00 6.573882419673513944e+00 8.984088942181502446e+00 1.154543224200530460e+00 7.360002277973632268e+00 1.252460159281437413e+01 5.286479903489412990e+00
3.273232332776517595e+00 2.373999112343174289e+00 3.687861212758123397e-01 4.874240390255673461e+00 5.753499626603144179e+00 7.309550186573336994e+00 5.881824583423425068e+00 6.600662494032124350e+00 5.066699759907637990e+00 6.658446697446588125e+00 8.843009903429226881e+00 9.213689107951816837e-01 6.718204567872347432e+00 1.234486652090873449e+01 5.034945956433079850e+00
3.448417809838921322e+00 2.332940623191702034e+00 3.473463787426966931e-02 6.032105135792599881e+00 6.044517075154081986e+00 7.305336926886706550e+00 4.560723479215370801e+00 6.463767628447677716e+00 3.748390580595372779e+00 6.726820013310356394e+00 8.766430152596097258e+00 7.098728515136457640e-01 6.068571985329872298e+00 1.199381945039114505e+01 4.756452527128266716e+00
3.539322907629784964e+00 2.254440462278531676e+00 1.243666125182006643e-01 6.880262674027354919e+00 6.130556148145656969e+00 7.263870595918203499e+00 3.104726335554059968e+00 6.289495291998263404e+00 2.614416998088824329e+00 6.778139237338915990e+00 8.741526959442992961e+00 5.237210447776228239e-01 5.417873496873347960e+00 1.146463772156488936e+01 4.446645009262191195e+00
3.528305572837743487e+00 2.127536556134828061e+00 1.754495824665054382e-01 7.372636899547821976e+00 6.065804103598538610e+00 7.196744029910737694e+00 1.581203369837328676e+00 6.073958645429560654e+00 6.811306896017734758e+00 1.695273895866350466e+00 8.743358805089593844e+00 3.654525867592709476e-01 4.771719398922970257e+00 1.075559825382810786e+01 4.101215591333581933e+00
1.951184494840613848e+00 3.406144964126336383e+00 1.666560038188173720e-01 7.492431314285459720e+00 5.881930401108969697e+00 7.112695762819289946e+00 7.005604220186249786e-02 5.809123328638648331e+00 6.824911253466967587e+00 9.932189545818727039e-01 8.733479791295160055e+00 2.363680398968222018e-01 4.134408836045180280e+00 9.870113903314095438e+00 3.716563072171157334e+00
1.732211239277040793e+00 3.171253749870678096e+00 1.301261529325336008e-01 7.245095092081106358e+00 5.589626235841278046e+00 7.017082956244492742e+00 1.340273532016222902e+00 5.480090979625797942e+00 6.816683348472179382e+00 4.914180896132104293e-01 8.656683451069346447e+00 1.364735030957799911e-01 3.508844890242106995e+00 8.816634859028155802e+00 3.290431392700584379e+00
1.480954279217686853e+00 2.828686525705712107e+00 6.651563456700232635e+00 8.644700580864585204e-02 5.179431688884418961e+00 6.910019103258696838e+00 2.539569525270994443e+00 5.061168495889519114e+00 6.781712240327810726e+00 1.653327349214017417e-01 8.434197262240456183e+00 6.448399675637635220e-02 2.896522464472260250e+00 7.608441931119322987e+00 2.822443999957629845e+00
1.207157514712689172e+00 5.744376023948757570e+00 2.389023095287739373e+00 4.781794212000774896e-02 4.620413043734010294e+00 6.780940068809845123e+00 3.394544767416145081e+00 4.511094663792993842e+00 6.707047522296213593e+00 5.959758105071207013e-02 7.951281059527292250e+00 1.788711131390063186e-02 2.297588296428555665e+00 6.263335107531166734e+00 2.314466813070470419e+00
9.179462916436190723e-01 4.566594660611105638e+00 1.867196165039428868e+00 2.020804690408613616e-02 3.859956612980484980e+00 6.590554608162067396e+00 3.729426071566898315e+00 3.770617842768720251e+00 6.553535806663722596e+00 1.243217051392050410e-01 7.039984871290434931e+00 6.954994209318147817e-03 1.710966945363268099e+00 4.803203780891550423e+00 1.770753798171865512e+00
6.180100238013681579e-01 3.172075575245220769e+00 1.281340926416471238e+00 4.909350186057793129e-03 2.835950325017155382e+00 6.194351562705363357e+00 3.326611784647471648e+00 2.773293732318220517e+00 6.179018046110254403e+00 1.245744320445417025e-01 5.476996065617325549e+00 1.458505759074399909e-02 1.134542516067314155e+00 3.253460598955793426e+00 1.197853871214188404e+00
3.108733584430991570e-01 1.625374649847760367e+00 6.517503824199166740e-01 6.053583057724544079e-04 1.521622596375073355e+00 2.021781613798139698e+00 4.909273633542884596e+00 1.489440843948503845e+00 4.904526667661864181e+00 7.478905504079109978e-02 3.078739880859558742e+00 1.032922047895990306e-02 5.653837648317290299e-01 1.642329886417079443e+00 6.042841166058752211e-01
6.086381729203423830e-15 3.185110448053151672e-14 9.804910543513725221e-17 3.074887535641056501e-14 2.649262694311958958e-15 5.125696109977040554e-14 5.065092807749213624e-14 7.470748225160195446e-16 1.058476434076283289e-14 1.904107351394976833e-15 9.159583820356875678e-15 2.923583868443450982e-15 9.479158976084573084e-16 5.049632061684206789e-16 2.527975129139790767e-15
3.837251186450097100e-15 1.483891741557049771e-14 4.427651132703714124e-15 4.160501793292901976e-15 7.766390799162165644e-16 9.883746275973061112e-15 8.093506873990230447e-16 9.023453886639153581e-16 7.881784574158712404e-16 3.597009403111878539e-15 2.787874633409140138e-15 6.069361534198722621e-15 1.225851847544446251e-15 3.757565243244747514e-15 3.263793393962105479e-15
4.939541353422073622e-02 2.309709550553629143e+00 2.309709550553602053e+00 6.718837175463386879e-01 1.923974996634948698e-01 1.923974996634961188e-01 3.708770436924535563e-01 3.708770436924516134e-01 2.076919193181609724e-01 2.055693950641149126e+00 3.744948524256867528e-01 3.744948524256896949e-01 8.926160076359513917e-01 1.253225683111240940e-01 8.850105290670234881e-01
1.015034684854006497e-01 4.431224664222840559e+00 4.431224664222781051e+00 1.330300251886801899e+00 3.838375863291846879e-01 3.838375863291825785e-01 7.427331555680433128e-01 7.427331555680435349e-01 4.041857624058172171e-01 4.098204833999420593e+00 7.443441758652795670e-01 7.443441758652816764e-01 1.809171764995490150e+00 2.458305270730309633e-01 1.735923672206095336e+00
1.589098921891116123e-01 6.246408220079962881e+00 6.246408220079851858e+00 1.962143780817022565e+00 5.734378767233331287e-01 5.734378767233373475e-01 1.116397973509022146e+00 1.116397973509022590e+00 5.789114334007824381e-01 6.113187883540486034e+00 1.104962452567429532e+00 1.104962452567432418e+00 2.771083046412327278e+00 3.568982103146768892e-01 2.521344137032849986e+00
2.239542454096780655e-01 7.724998725356849505e+00 7.724998725356852169e+00 2.555052290628792466e+00 7.604357746140908425e-01 7.604357746140877339e-01 1.492433362979892930e+00 1.492433362979898037e+00 7.225191572277320784e-01 8.084270422427442426e+00 1.451890488266781576e+00 1.451890488266782686e+00 3.794774748048073576e+00 4.542709448452799115e-01 3.215100136271873410e+00
2.986250405648216977e-01 8.897084063499326234e+00 8.897084063499319129e+00 3.097816651565441060e+00 9.441785151175592361e-01 9.441785151175609014e-01 1.871069750206461046e+00 1.871069750206461713e+00 8.273988955077622443e-01 9.992706923630567672e+00 1.780871257170127731e+00 1.780871257170130839e+00 4.889406377122324621e+00 5.342334689861714114e-01 3.798368035025654788e+00
3.844742171804916842e-01 9.817053083473815889e+00 9.817053083473812336e+00 3.580796805238851466e+00 1.124044838298421389e+00 1.124044838298429161e+00 2.252207824278195325e+00 2.252207824278198434e+00 8.880885685062244184e-01 1.181766378425263042e+01 2.087933642091190922e+00 2.087933642091197584e+00 6.055041578318966167e+00 5.937583128740222538e-01 4.261136395873581506e+00
4.825537809917919141e-01 1.054008800103416910e+01 1.054008800103416732e+01 3.996300865269885705e+00 1.299298520442074834e+00 1.299298520442074834e+00 2.635481420108816142e+00 2.635481420108816142e+00 9.015359290050233287e-01 1.353711094812522475e+01 2.369477706054722077e+00 2.369477706054722521e+00 7.281598157932837267e+00 6.306282507225858813e-01 4.602729984284586351e+00
5.933751341363151521e-01 1.111222257495110810e+01 1.111222257495105303e+01 4.338868800887012434e+00 1.468888036083439985e+00 1.468888036083436655e+00 3.020364170854604069e+00 3.020364170854606733e+00 8.671889069267985084e-01 1.512918325631155092e+01 2.622352310988367741e+00 2.622352310988365520e+00 8.548894093070302347e+00 6.435276678436639974e-01 4.831184222502957759e+00
7.168895638389004565e-01 1.156831738610687310e+01 1.156831738610681981e+01 4.605405625159968430e+00 1.631216981175292569e+00 1.631216981175297898e+00 3.406293799237254838e+00 3.406293799237255726e+00 7.869065301910862509e-01 1.657379576673158894e+01 2.843915886720077779e+00 2.843915886720073338e+00 9.827938062991586676e+00 6.320986519029907491e-01 4.961447141752761247e+00
8.524867302115460843e-01 1.193328185084620330e+01 1.193328185084617488e+01 4.795130748889574690e+00 1.783912190695062128e+00 1.783912190695082112e+00 3.792785218230731115e+00 3.792785218230736444e+00 6.647046528522023712e-01 1.785425889655148168e+01 3.032073770197622142e+00 3.032073770197620366e+00 1.108333200550274356e+01 5.969588272312981170e-01 5.012659855021728283e+00
9.990068862946063222e-01 1.222409572218317386e+01 1.222409572218314722e+01 4.909345378263572535e+00 1.923606215005649434e+00 1.923606215005641662e+00 4.179507026736837716e+00 4.179507026736840380e+00 5.063729263661035374e-01 1.895863683185486082e+01 3.185289734756554303e+00 3.185289734756559632e+00 1.227636704160820358e+01 5.396793918167723803e-01 5.005027739530352626e+00
1.154761943947446357e+00 1.245162331395563093e+01 1.245162331395555100e+01 4.951058964010941033e+00 2.045722752963384572e+00 2.045722752963383240e+00 4.566304382031819209e+00 4.566304382031820985e+00 3.190162694958375567e-01 1.988061962672676586e+01 3.302573704814209421e+00 3.302573704814205868e+00 1.336823703746865633e+01 4.627234519411395630e-01 4.956917029273113506e+00
1.317560253669950221e+00 1.262186303370291718e+01 1.262186303370290830e+01 4.924547473087085514e+00 2.144198648957932551e+00 2.144198648957924558e+00 4.953162596120558092e+00 4.953162596120557204e+00 1.105813183852232123e-01 2.061973090844680812e+01 3.383450931446096099e+00 3.383450931446098764e+00 1.432284031837346561e+01 3.693465136967915563e-01 4.882725633806010990e+00
1.484729941530832598e+00 1.273645431061935440e+01 1.273645431061934907e+01 4.834930905732193196e+00 2.210971359629110289e+00 2.210971359629113842e+00 5.340117663863721553e+00 5.340117663863721553e+00 1.105799350084527843e-01 2.118076613168623012e+01 3.427919360580027774e+00 3.427919360580021557e+00 1.510885234571258806e+01 2.634627909719878258e-01 4.791821063245774504e+00
1.653135690600529228e+00 1.279214436109650244e+01 1.279214436109649711e+01 4.687849637776269063e+00 2.234842365725404623e+00 2.234842365725405067e+00 5.727129834810891218e+00 5.727129834810888553e+00 3.360548710549846607e-01 2.157244722391541814e+01 3.436401504080085267e+00 3.436401504080083047e+00 1.570101086076544483e+01 1.494827120386933439e-01 4.688532684763126568e+00
1.819183854817688406e+00 1.277842456126127324e+01 1.277842456126126613e+01 4.489289545135239479e+00 2.198809318824245462e+00 2.198809318824244130e+00 6.113942345276575097e+00 6.113942345276591972e+00 2.180538096026639749e+01 5.576377345404440744e-01 3.409695378139952382e+00 3.409695378139956379e+00 1.608074146893763867e+01 3.212852755256614262e-02 4.572952373658797143e+00
1.978810715794579567e+00 1.267116658656946449e+01 1.267116658656945560e+01 4.245561448922491543e+00 2.073584850768710464e+00 2.073584850768708687e+00 6.499948459932354261e+00 6.499948459932356926e+00 2.188950855087984948e+01 7.674857641086541005e-01 3.348926883465075388e+00 3.348926883465073612e+00 1.623631500551263684e+01 8.376387860603416724e-02 4.442195831931558203e+00
2.127448644395951494e+00 1.241610210317596064e+01 1.241610210317591978e+01 3.963392896581055425e+00 1.801052481349370904e+00 1.801052481349372236e+00 6.884085905709278919e+00 6.884085905709283359e+00 2.183131826315140245e+01 9.582231145256849825e-01 3.255504228573295578e+00 3.255504228573295578e+00 1.616269237160520333e+01 1.934480987546310371e-01 4.291793285408560976e+00
2.259965277242406145e+00 1.188431822681279293e+01 1.188431822681278582e+01 3.650053028878731176e+00 1.249765826353147702e+00 1.249765826353137710e+00 2.163114956711672576e+01 7.264769121147804043e+00 7.264769121147800490e+00 1.123016800941369242e+00 3.131074180150736019e+00 3.131074180150739572e+00 1.586113888754446677e+01 2.924660701999707291e-01 4.116961615715114320e+00
2.370572431518875867e+00 3.313415524422743452e+00 1.075665185531340562e+01 1.075665185531341983e+01 9.934038863076449788e-02 9.934038863078768766e-02 2.128094284359526256e+01 7.639856903515245712e+00 7.639856903515250153e+00 1.255667414328418552e+00 2.977480127436022084e+00 2.977480127436026525e+00 1.533863297634403366e+01 3.768337758510869051e-01 3.913609282262164424e+00
2.452706171882760078e+00 2.961876020741470050e+00 8.376318911344846185e+00 8.376318911344839080e+00 2.306926207804373075e+00 2.306926207804367746e+00 2.076279121679490203e+01 8.006635115809066505e+00 8.006635115809071834e+00 1.350743699985566648e+00 2.796722810407918924e+00 2.796722810407916704e+00 1.460707785741872478e+01 4.432055795138865051e-01 3.679009948894090165e+00
2.498890713353085768e+00 2.604076964260546578e+00 4.604321076735605089e+00 4.604321076735895524e+00 6.106618175025555040e+00 6.106618175025277040e+00 2.004864715457391711e+01 8.361766655187489405e+00 8.361766655187498287e+00 1.403772704193888998e+00 2.590925488781257613e+00 2.590925488781258501e+00 1.368234495748433055e+01 4.890101626596618511e-01 3.412140884756628800e+00
2.500622892279175780e+00 2.248444955736279560e+00 1.486682611628049822e+00 1.486682611627924144e+00 9.250806018375239859e+00 9.250806018375341111e+00 1.910154029603928905e+01 8.701110471911237099e+00 8.701110471911237099e+00 1.411476828123002569e+00 2.362305750955878469e+00 2.362305750955874917e+00 1.258321256450160064e+01 5.125525291403684180e-01 3.113720983939173070e+00
2.448360248752607049e+00 1.902598733067623060e+00 5.422154230840530061e-03 5.422154230720337142e-03 1.076339449162858131e+01 1.076339449162869677e+01 1.787866802170971425e+01 9.019199890594693514e+00 9.019199890594677527e+00 1.372031065831486041e+00 2.113155747634962722e+00 2.113155747634963610e+00 1.133029042991570634e+01 5.130782610538356936e-01 2.786007574790015262e+00
2.331774662097100492e+00 1.572724813127701182e+00 5.733670997660811341e-01 5.733670997660050839e-01 1.133757257309824240e+01 1.133757257309832944e+01 1.633667737569855305e+01 9.307882149070849209e+00 9.307882149070845657e+00 1.285301985516015932e+00 1.845831397058273593e+00 1.845831397058273149e+00 9.945027471393443008e+00 4.907980182788664880e-01 2.432426439514331129e+00
2.140543695966655946e+00 1.263031800441106745e+00 7.340293552415633194e-01 7.340293552415591005e-01 1.147504556829820643e+01 1.147504556829819578e+01 1.443925853676654114e+01 9.552764478723627661e+00 9.552764478723638319e+00 1.153026690754076933e+00 1.562749383227680644e+00 1.562749383227679312e+00 8.448884589341361107e+00 4.468720602101161066e-01 2.057117611733578766e+00
1.866046102197147061e+00 9.753809068454044606e-01 7.067227886142963822e-01 7.067227886142868343e-01 1.136313500619684724e+01 1.136313500619685435e+01 1.216666598008353262e+01 9.723158764562766621e+00 9.723158764562773726e+00 9.788949159648115961e-01 1.266389085736668640e+00 1.266389085736671305e+00 6.862725866866025370e+00 3.833562348879751003e-01 1.664479848871263101e+00
1.504254622453572665e+00 7.091555568080821770e-01 5.845374093899563528e-01 5.845374093899489143e-01 9.525871479233664729e+00 1.101302106231219824e+01 1.101302106231220890e+01 9.739027205762429418e+00 9.739027205762416983e+00 7.685086619440906208e-01 9.592954863535283483e-01 9.592954863535289034e-01 5.206449613246683761e+00 3.031123586746053977e-01 1.258787684192859579e+00
1.059605404789016658e+00 4.613892441103307762e-01 4.115584045787240575e-01 4.115584045787178957e-01 6.558872089632822977e+00 1.020181366580206372e+01 1.020181366580209570e+01 9.335743546259026360e+00 9.335743546259054781e+00 5.292085687734526811e-01 6.440789837845575239e-01 6.440789837845578569e-01 3.498853521613733975e+00 2.096871581005057827e-01 8.439362503638794255e-01
5.485066015136680351e-01 2.271309488153014089e-01 2.116648434445527194e-01 2.116648434445490556e-01 3.345813509800629415e+00 7.804397356444110478e+00 7.804397356444064293e+00 7.367041683054239343e+00 7.367041683054280199e+00 2.697717613869436981e-01 3.234089882782721359e-01 3.234089882782726355e-01 1.757708275470583725e+00 1.071649497915319049e-01 4.233424051846437774e-01
7.929011221657805798e-15 3.728820548061611786e-16 8.730349304466577859e-16 6.410115644923279248e-16 8.528126182955207741e-15 2.132370888076692243e-15 1.282834214534209793e-15 3.407955166817484196e-15 9.619793224653541244e-15 1.150269207936696632e-15 8.425713131363751601e-15 2.113499916357589527e-15 4.072942741856226760e-16 1.408432984728386263e-15 1.098030528889064344e-14
