0.000000000000000000e+00
2.114164904862579370e-03
4.228329809725158740e-03
6.342494714587738544e-03
8.456659619450317480e-03
1.057082452431289642e-02
1.268498942917547709e-02
1.479915433403805602e-02
1.691331923890063496e-02
1.902748414376321390e-02
2.114164904862579283e-02
2.325581395348837177e-02
2.536997885835095418e-02
2.748414376321353311e-02
2.959830866807611205e-02
3.171247357293868752e-02
3.382663847780126992e-02
3.594080338266385233e-02
3.805496828752642779e-02
4.016913319238901020e-02
4.228329809725158567e-02
4.439746300211416807e-02
4.651162790697674354e-02
4.862579281183932595e-02
5.073995771670190835e-02
5.285412262156448382e-02
5.496828752642706623e-02
5.708245243128964169e-02
5.919661733615222410e-02
6.131078224101479957e-02
6.342494714587737503e-02
6.553911205073996438e-02
6.765327695560253984e-02
6.976744186046511531e-02
7.188160676532770466e-02
7.399577167019028012e-02
7.610993657505285559e-02
7.822410147991543106e-02
8.033826638477802040e-02
8.245243128964059587e-02
8.456659619450317134e-02
8.668076109936576068e-02
8.879492600422833615e-02
9.090909090909091161e-02
9.302325581395348708e-02
9.513742071881607643e-02
9.725158562367865189e-02
9.936575052854122736e-02
1.014799154334038167e-01
1.035940803382663922e-01
1.057082452431289676e-01
1.078224101479915431e-01
1.099365750528541325e-01
1.120507399577167079e-01
1.141649048625792834e-01
1.162790697674418589e-01
1.183932346723044482e-01
1.205073995771670237e-01
1.226215644820295991e-01
1.247357293868921885e-01
1.268498942917547501e-01
1.289640591966173533e-01
1.310782241014799288e-01
1.331923890063425042e-01
1.353065539112050797e-01
1.374207188160676552e-01
1.395348837209302306e-01
1.416490486257928061e-01
1.437632135306554093e-01
1.458773784355179848e-01
1.479915433403805602e-01
1.501057082452431357e-01
1.522198731501057112e-01
1.543340380549682866e-01
1.564482029598308621e-01
1.585623678646934653e-01
1.606765327695560408e-01
1.627906976744186163e-01
1.649048625792811917e-01
1.670190274841437672e-01
1.691331923890063427e-01
1.712473572938689181e-01
1.733615221987315214e-01
1.754756871035940968e-01
1.775898520084566723e-01
1.797040169133192478e-01
1.818181818181818232e-01
1.839323467230443987e-01
1.860465116279069742e-01
1.881606765327695774e-01
1.902748414376321529e-01
1.923890063424947283e-01
1.945031712473573038e-01
1.966173361522198793e-01
1.987315010570824547e-01
2.008456659619450302e-01
2.029598308668076334e-01
2.050739957716702089e-01
2.071881606765327843e-01
2.093023255813953598e-01
2.114164904862579353e-01
2.135306553911205107e-01
2.156448202959830862e-01
2.177589852008456617e-01
2.198731501057082649e-01
2.219873150105708404e-01
2.241014799154334158e-01
2.262156448202959913e-01
2.283298097251585668e-01
2.304439746300211422e-01
2.325581395348837177e-01
2.346723044397463209e-01
2.367864693446088964e-01
2.389006342494714719e-01
2.410147991543340473e-01
2.431289640591966228e-01
2.452431289640591983e-01
2.473572938689217737e-01
2.494714587737843769e-01
2.515856236786469524e-01
2.536997885835095001e-01
2.558139534883721034e-01
2.579281183932347066e-01
2.600422832980972543e-01
2.621564482029598575e-01
2.642706131078224052e-01
2.663847780126850084e-01
2.684989429175475562e-01
2.706131078224101594e-01
2.727272727272727626e-01
2.748414376321353103e-01
2.769556025369979135e-01
2.790697674418604612e-01
2.811839323467230645e-01
2.832980972515856122e-01
2.854122621564482154e-01
2.875264270613108186e-01
2.896405919661733663e-01
2.917547568710359696e-01
2.938689217758985173e-01
2.959830866807611205e-01
2.980972515856236682e-01
3.002114164904862714e-01
3.023255813953488746e-01
3.044397463002114224e-01
3.065539112050740256e-01
3.086680761099365733e-01
3.107822410147991765e-01
3.128964059196617242e-01
3.150105708245243274e-01
3.171247357293869307e-01
3.192389006342494784e-01
3.213530655391120816e-01
3.234672304439746293e-01
3.255813953488372325e-01
3.276955602536997803e-01
3.298097251585623835e-01
3.319238900634249867e-01
3.340380549682875344e-01
3.361522198731501376e-01
3.382663847780126853e-01
3.403805496828752886e-01
3.424947145877378363e-01
3.446088794926004395e-01
3.467230443974630427e-01
3.488372093023255904e-01
3.509513742071881937e-01
3.530655391120507414e-01
3.551797040169133446e-01
3.572938689217758923e-01
3.594080338266384955e-01
3.615221987315010987e-01
3.636363636363636465e-01
3.657505285412262497e-01
3.678646934460887974e-01
3.699788583509514006e-01
3.720930232558139483e-01
3.742071881606765515e-01
3.763213530655391548e-01
3.784355179704017025e-01
3.805496828752643057e-01
3.826638477801268534e-01
3.847780126849894566e-01
3.868921775898520043e-01
3.890063424947146076e-01
3.911205073995772108e-01
3.932346723044397585e-01
3.953488372093023617e-01
3.974630021141649094e-01
3.995771670190275127e-01
4.016913319238900604e-01
4.038054968287526636e-01
4.059196617336152668e-01
4.080338266384778145e-01
4.101479915433404178e-01
4.122621564482029655e-01
4.143763213530655687e-01
4.164904862579281164e-01
4.186046511627907196e-01
4.207188160676532673e-01
4.228329809725158706e-01
4.249471458773784738e-01
4.270613107822410215e-01
4.291754756871036247e-01
4.312896405919661724e-01
4.334038054968287756e-01
4.355179704016913234e-01
4.376321353065539266e-01
4.397463002114165298e-01
4.418604651162790775e-01
4.439746300211416807e-01
4.460887949260042284e-01
4.482029598308668317e-01
4.503171247357293794e-01
4.524312896405919826e-01
4.545454545454545858e-01
4.566596194503171335e-01
4.587737843551797368e-01
4.608879492600422845e-01
4.630021141649048877e-01
4.651162790697674354e-01
4.672304439746300386e-01
4.693446088794926419e-01
4.714587737843551896e-01
4.735729386892177928e-01
4.756871035940803405e-01
4.778012684989429437e-01
4.799154334038054914e-01
4.820295983086680947e-01
4.841437632135306979e-01
4.862579281183932456e-01
4.883720930232558488e-01
4.904862579281183965e-01
4.926004228329809997e-01
4.947145877378435475e-01
4.968287526427061507e-01
4.989429175475687539e-01
5.010570824524313016e-01
5.031712473572939048e-01
5.052854122621565081e-01
5.073995771670190003e-01
5.095137420718816035e-01
5.116279069767442067e-01
5.137420718816068099e-01
5.158562367864694131e-01
5.179704016913319053e-01
5.200845665961945086e-01
5.221987315010571118e-01
5.243128964059197150e-01
5.264270613107823182e-01
5.285412262156448104e-01
5.306553911205074137e-01
5.327695560253700169e-01
5.348837209302326201e-01
5.369978858350951123e-01
5.391120507399577155e-01
5.412262156448203188e-01
5.433403805496829220e-01
5.454545454545455252e-01
5.475687103594080174e-01
5.496828752642706206e-01
5.517970401691332238e-01
5.539112050739958271e-01
5.560253699788583193e-01
5.581395348837209225e-01
5.602536997885835257e-01
5.623678646934461289e-01
5.644820295983087322e-01
5.665961945031712244e-01
5.687103594080338276e-01
5.708245243128964308e-01
5.729386892177590340e-01
5.750528541226216372e-01
5.771670190274841294e-01
5.792811839323467327e-01
5.813953488372093359e-01
5.835095137420719391e-01
5.856236786469344313e-01
5.877378435517970345e-01
5.898520084566596378e-01
5.919661733615222410e-01
5.940803382663848442e-01
5.961945031712473364e-01
5.983086680761099396e-01
6.004228329809725428e-01
6.025369978858351461e-01
6.046511627906977493e-01
6.067653276955602415e-01
6.088794926004228447e-01
6.109936575052854479e-01
6.131078224101480512e-01
6.152219873150105434e-01
6.173361522198731466e-01
6.194503171247357498e-01
6.215644820295983530e-01
6.236786469344609563e-01
6.257928118393234485e-01
6.279069767441860517e-01
6.300211416490486549e-01
6.321353065539112581e-01
6.342494714587738613e-01
6.363636363636363535e-01
6.384778012684989568e-01
6.405919661733615600e-01
6.427061310782241632e-01
6.448202959830866554e-01
6.469344608879492586e-01
6.490486257928118619e-01
6.511627906976744651e-01
6.532769556025370683e-01
6.553911205073995605e-01
6.575052854122621637e-01
6.596194503171247669e-01
6.617336152219873702e-01
6.638477801268499734e-01
6.659619450317124656e-01
6.680761099365750688e-01
6.701902748414376720e-01
6.723044397463002753e-01
6.744186046511627675e-01
6.765327695560253707e-01
6.786469344608879739e-01
6.807610993657505771e-01
6.828752642706131804e-01
6.849894291754756726e-01
6.871035940803382758e-01
6.892177589852008790e-01
6.913319238900634822e-01
6.934460887949260854e-01
6.955602536997885776e-01
6.976744186046511809e-01
6.997885835095137841e-01
7.019027484143763873e-01
7.040169133192388795e-01
7.061310782241014827e-01
7.082452431289640860e-01
7.103594080338266892e-01
7.124735729386892924e-01
7.145877378435517846e-01
7.167019027484143878e-01
7.188160676532769910e-01
7.209302325581395943e-01
7.230443974630021975e-01
7.251585623678646897e-01
7.272727272727272929e-01
7.293868921775898961e-01
7.315010570824524994e-01
7.336152219873149916e-01
7.357293868921775948e-01
7.378435517970401980e-01
7.399577167019028012e-01
7.420718816067654044e-01
7.441860465116278966e-01
7.463002114164904999e-01
7.484143763213531031e-01
7.505285412262157063e-01
7.526427061310783095e-01
7.547568710359408017e-01
7.568710359408034050e-01
7.589852008456660082e-01
7.610993657505286114e-01
7.632135306553911036e-01
7.653276955602537068e-01
7.674418604651163101e-01
7.695560253699789133e-01
7.716701902748415165e-01
7.737843551797040087e-01
7.758985200845666119e-01
7.780126849894292151e-01
7.801268498942918184e-01
7.822410147991544216e-01
7.843551797040169138e-01
7.864693446088795170e-01
7.885835095137421202e-01
7.906976744186047235e-01
7.928118393234672157e-01
7.949260042283298189e-01
7.970401691331924221e-01
7.991543340380550253e-01
8.012684989429176285e-01
8.033826638477801207e-01
8.054968287526427240e-01
8.076109936575053272e-01
8.097251585623679304e-01
8.118393234672305336e-01
8.139534883720930258e-01
8.160676532769556291e-01
8.181818181818182323e-01
8.202959830866808355e-01
8.224101479915433277e-01
8.245243128964059309e-01
8.266384778012685342e-01
8.287526427061311374e-01
8.308668076109937406e-01
8.329809725158562328e-01
8.350951374207188360e-01
8.372093023255814392e-01
8.393234672304440425e-01
8.414376321353065347e-01
8.435517970401691379e-01
8.456659619450317411e-01
8.477801268498943443e-01
8.498942917547569476e-01
8.520084566596194398e-01
8.541226215644820430e-01
8.562367864693446462e-01
8.583509513742072494e-01
8.604651162790698526e-01
8.625792811839323448e-01
8.646934460887949481e-01
8.668076109936575513e-01
8.689217758985201545e-01
8.710359408033826467e-01
8.731501057082452499e-01
8.752642706131078532e-01
8.773784355179704564e-01
8.794926004228330596e-01
8.816067653276955518e-01
8.837209302325581550e-01
8.858350951374207582e-01
8.879492600422833615e-01
8.900634249471459647e-01
8.921775898520084569e-01
8.942917547568710601e-01
8.964059196617336633e-01
8.985200845665962666e-01
9.006342494714587588e-01
9.027484143763213620e-01
9.048625792811839652e-01
9.069767441860465684e-01
9.090909090909091717e-01
9.112050739957716639e-01
9.133192389006342671e-01
9.154334038054968703e-01
9.175475687103594735e-01
9.196617336152220767e-01
9.217758985200845689e-01
9.238900634249471722e-01
9.260042283298097754e-01
9.281183932346723786e-01
9.302325581395348708e-01
9.323467230443974740e-01
9.344608879492600773e-01
9.365750528541226805e-01
9.386892177589852837e-01
9.408033826638477759e-01
9.429175475687103791e-01
9.450317124735729823e-01
9.471458773784355856e-01
9.492600422832981888e-01
9.513742071881606810e-01
9.534883720930232842e-01
9.556025369978858874e-01
9.577167019027484907e-01
9.598308668076109829e-01
9.619450317124735861e-01
9.640591966173361893e-01
9.661733615221987925e-01
9.682875264270613958e-01
9.704016913319238880e-01
9.725158562367864912e-01
9.746300211416490944e-01
9.767441860465116976e-01
9.788583509513743008e-01
9.809725158562367930e-01
9.830866807610993963e-01
9.852008456659619995e-01
9.873150105708246027e-01
9.894291754756870949e-01
9.915433403805496981e-01
9.936575052854123014e-01
9.957716701902749046e-01
9.978858350951375078e-01
1.000000000000000000e+00
