0.000000000000000000e+00 0.000000000000000000e+00 0.000000000000000000e+00 0.000000000000000000e+00 0.000000000000000000e+00 0.000000000000000000e+00
1.005018037024084543e-06 1.351986386733452575e-05 -1.122624713140633796e-05 1.703228876938458034e-09 4.205980285559212470e-09 -5.909427381488615163e-09
3.769907503668607265e-07 3.253596431510899716e-06 -2.806122455942932689e-06 9.091880095682245074e-10 2.053105800851060139e-09 -2.962730891226407133e-09
3.401371408242844765e-07 1.272703669635904667e-06 -1.246620202154582739e-06 6.778861813669903726e-10 1.307401354565921041e-09 -1.985943233312584541e-09
4.533031918175211521e-07 4.533600987081756757e-07 -7.008203324691077951e-07 5.972775693054044042e-10 9.020822692154014368e-10 -1.500234834594641412e-09
4.664980773573585028e-07 1.133436850932550927e-07 -4.482220721261698173e-07 5.899839002231315215e-10 6.197219922242685871e-10 -1.210799049318199796e-09
3.704706139219261793e-07 3.181263656511302406e-08 -3.109880939664275600e-07 6.301800897165177358e-10 3.888666968223751354e-10 -1.020360946135892432e-09
2.835482424189212107e-07 1.169708622211954723e-08 -2.282589810154617029e-07 6.866715515927174982e-10 1.969500163366232039e-10 -8.851525526826522695e-10
2.205222307661408589e-07 5.227792210204741593e-09 -1.745461813634817974e-07 7.127746523109862365e-10 7.168507962075586463e-11 -7.862151741582317603e-10
1.754647941708735285e-07 2.653665120567343096e-09 -1.377317644080012086e-07 6.923013398111940100e-10 1.560595513967911675e-11 -7.098816641077265872e-10
1.425856378736636735e-07 1.460235020984080293e-09 -1.113969216074096619e-07 6.479845179563853045e-10 -1.975490170010568733e-14 -6.501606416139827281e-10
1.179899317797694927e-07 8.411541678349687956e-10 -9.190805184931002780e-08 5.998823115686881156e-10 3.120711994538153786e-14 -6.023346118973520323e-10
9.916385143194088060e-08 4.925326240500880805e-10 -7.708761328043480215e-08 5.554611370940718818e-10 4.960397629749475581e-12 -5.630711243348855217e-10
8.444922191977604246e-08 2.828453940962217603e-10 -6.555221643265105525e-08 5.171015546231552304e-10 1.088301732507406485e-11 -5.308599788008203209e-10
7.273910522671012603e-08 1.499728995656228974e-10 -5.639821866949587699e-08 4.843258129350704605e-10 1.664338864582870251e-11 -5.040674208106036878e-10
6.327672204969770155e-08 6.240424859266440964e-11 -4.901654451092485576e-08 4.560105804742503132e-10 2.183667102678008205e-11 -4.811809209639995435e-10
5.551650095674054823e-08 2.530455007828989086e-12 -4.297178454250410176e-08 4.318477042112374551e-10 2.651299242764162904e-11 -4.619303091513887527e-10
4.907686140420362813e-08 -3.960362031839741791e-11 -3.796128210349912339e-08 4.109811814448229293e-10 3.077518199192600644e-11 -4.455722734469750115e-10
4.367704920488178547e-08 -7.000564888729803873e-11 -3.376360202762800052e-08 3.926480209350527743e-10 3.466274987755665193e-11 -4.313667578449246071e-10
3.910331337146536596e-08 -9.226759496763594734e-11 -3.021055645128377114e-08 3.764769795269508817e-10 3.824447817019656823e-11 -4.190241506825058921e-10
3.519364581136000249e-08 -1.088812813639921166e-10 -2.717508527688213413e-08 3.623904835779285819e-10 4.160722657580660273e-11 -4.085522296564872545e-10
3.182854574320050253e-08 -1.215403139038128678e-10 -2.456351500385478577e-08 3.497207672485882390e-10 4.476722600889017431e-11 -3.993093890677322028e-10
2.891113311888222491e-08 -1.311398019958915759e-10 -2.230030073247290334e-08 3.382474202860692788e-10 4.777679304512060755e-11 -3.911134320299523887e-10
2.636356041221771492e-08 -1.385443234899016356e-10 -2.032454728259261065e-08 3.279038111325039776e-10 5.065513036412546389e-11 -3.839325058315523955e-10
2.412587590559288138e-08 -1.443023014802372165e-10 -1.858954056783424693e-08 3.186170285097441564e-10 5.344289836589126347e-11 -3.777146714104320744e-10
2.215224084101789085e-08 -1.487084896639248570e-10 -1.705957949104255233e-08 3.099869154249983580e-10 5.612857636031307931e-11 -3.720848284494654312e-10
2.039991672007903077e-08 -1.521060889867711747e-10 -1.570143824121378449e-08 3.020437732968701572e-10 5.875681424283308135e-11 -3.670795028645613930e-10
1.883833776850505002e-08 -1.547341844716568376e-10 -1.449123872120359099e-08 2.946999528880117322e-10 6.131859129308774184e-11 -3.626210575729315747e-10
1.744112770547295100e-08 -1.567273218874434950e-10 -1.340854717762978285e-08 2.877497376881756619e-10 6.381898723919558100e-11 -3.585163124236828503e-10
1.618436946773824702e-08 -1.581423601171380044e-10 -1.243471577016363062e-08 2.813054670408317381e-10 6.628369047129829056e-11 -3.548937934704634847e-10
1.505123409228399349e-08 -1.591444371603665925e-10 -1.155677658299467748e-08 2.751362233977424984e-10 6.870340980740872379e-11 -3.515237593733579958e-10
1.402479064105577391e-08 -1.597990765609184530e-10 -1.076144262077612175e-08 2.692633233875696808e-10 7.106604808190942733e-11 -3.484261839462248590e-10
1.309314455707268451e-08 -1.601469378957673723e-10 -1.003956310571464238e-08 2.635842092400732778e-10 7.340455105661206992e-11 -3.455158232311418044e-10
1.224481951293903724e-08 -1.602041933616659662e-10 -9.382274931974488752e-09 2.580614132871808171e-10 7.572336754300585035e-11 -3.427553082435583360e-10
1.146959448403497172e-08 -1.600502006695740307e-10 -8.781588750205768708e-09 2.526350243854085628e-10 7.800296099225511968e-11 -3.400886563083117322e-10
1.075860420833847041e-08 -1.596920201149651509e-10 -8.230628943268266260e-09 2.474148787615183048e-10 8.024431063760684824e-11 -3.376240810323226414e-10
1.010588477167038516e-08 -1.591668919847512038e-10 -7.724736015921651747e-09 2.422232523934058664e-10 8.246159581108843602e-11 -3.351958482239312567e-10
9.505226719871598959e-09 -1.584568470306421145e-10 -7.259171887153597283e-09 2.370539553680247134e-10 8.465669256485337236e-11 -3.328024817719668313e-10
8.950529412684828674e-09 -1.576209097166792304e-10 -6.829086252819458025e-09 2.318934591408792756e-10 8.681169754227454783e-11 -3.304278333424192721e-10
8.437937151666601681e-09 -1.566511525784936366e-10 -6.431628215386278104e-09 2.266770622869762092e-10 8.892633291819712979e-11 -3.280039820683362754e-10
7.962755904254624833e-09 -1.555538421566195176e-10 -6.063046725477487378e-09 2.214159050237937511e-10 9.104046306724030244e-11 -3.255690062599469888e-10
7.521308010246007216e-09 -1.543369526047287449e-10 -5.720614111188361236e-09 2.160875596220246664e-10 9.309270067851315333e-11 -3.230767490588392065e-10
7.110650300951118055e-09 -1.530127534891752817e-10 -5.401945079963846776e-09 2.106675418005768331e-10 9.511922012678213311e-11 -3.205186429320150793e-10
6.727548281209875916e-09 -1.515800147350661188e-10 -5.104533488678983036e-09 2.051543999430436945e-10 9.712311667951161750e-11 -3.179039482488106937e-10
6.370241008514239554e-09 -1.500463114151302949e-10 -4.827039849313580986e-09 1.994438793764895578e-10 9.908220022171241079e-11 -3.151226050304044882e-10
6.036335752213245549e-09 -1.484087929439722418e-10 -4.567631253739429460e-09 1.935473124368459649e-10 1.010100107244135815e-10 -3.121897791999490882e-10
5.723049903101026053e-09 -1.466794438910157425e-10 -4.324144695029117841e-09 1.875427357091726108e-10 1.028980123507326488e-10 -3.091858287612566857e-10
5.429242425786311384e-09 -1.448563506325608900e-10 -4.095674386119991563e-09 1.812978420342545234e-10 1.047497092353749350e-10 -3.059878710164623549e-10
5.153342133932964316e-09 -1.429277182220097241e-10 -3.880944154597318181e-09 1.748280769615129924e-10 1.065401804306527176e-10 -3.026144088522631723e-10
4.893612214900366987e-09 -1.409028954006999599e-10 -3.678694918779774839e-09 1.681299288419959108e-10 1.082824396341072151e-10 -2.990645728977376989e-10
4.648640313233387929e-09 -1.387756427026583837e-10 -3.487771874981238738e-09 1.612150323895495828e-10 1.099824355695509274e-10 -2.953534802416565885e-10
4.417810944699815783e-09 -1.365503485024806892e-10 -3.307738332789676749e-09 1.539854439207201502e-10 1.115987858566060095e-10 -2.913927494417555656e-10
4.199613321402708937e-09 -1.342261316209637433e-10 -3.137387463249828758e-09 1.464744019286276069e-10 1.131893126933977994e-10 -2.872197401624961123e-10
3.993146189542534580e-09 -1.317912476348225211e-10 -2.976034540009355485e-09 1.386561988114765935e-10 1.146963306518337966e-10 -2.828120730166414569e-10
3.797728839258638629e-09 -1.292612165394808161e-10 -2.823123131215195479e-09 1.305125399620813068e-10 1.161292722865397299e-10 -2.781501898721158451e-10
3.612388508095440579e-09 -1.266139579817799381e-10 -2.677901210876083364e-09 1.220149321403988947e-10 1.174838619117483179e-10 -2.732212748479345351e-10
3.436510996057966219e-09 -1.238534736015561135e-10 -2.539921870792068357e-09 1.131471787026990465e-10 1.187577031494183750e-10 -2.680184545003848379e-10
3.269142229531898027e-09 -1.209869608860042080e-10 -2.408357369544074397e-09 1.039145488213781552e-10 1.199379426904123625e-10 -2.625466097324437087e-10
3.110019015783253843e-09 -1.179947091648581256e-10 -2.283063436284495554e-09 9.426348420849221839e-11 1.209984366403684087e-10 -2.567575565545947819e-10
2.958320524307844978e-09 -1.148773450649173225e-10 -2.163349318220218187e-09 8.419850744740158679e-11 1.219385176290904347e-10 -2.506662786781795952e-10
2.813849946641157996e-09 -1.116010577874520750e-10 -2.049093377676471337e-09 7.367741254654206701e-11 1.227681284011214745e-10 -2.442469259434262802e-10
2.675718154851950894e-09 -1.082128821897684706e-10 -1.939525219718643642e-09 6.269697999819005338e-11 1.234442639336306934e-10 -2.374893289708896975e-10
2.544098993336728906e-09 -1.046635926221947194e-10 -1.834881958200362099e-09 5.122098823233135632e-11 1.239815389737610145e-10 -2.303781974749584706e-10
2.417926249932344678e-09 -1.009830006362560534e-10 -1.734190656803912282e-09 3.923080955955162283e-11 1.243285756454631555e-10 -2.229001915499041792e-10
2.297100301232557378e-09 -9.712587928312340972e-11 -1.637401456486496624e-09 2.669562296936848633e-11 1.244759683445996870e-10 -2.150349159899779577e-10
2.181284356999029810e-09 -9.312160181757625474e-11 -1.544256842623123091e-09 1.359549768758506496e-11 1.244268201726917663e-10 -2.067632459220009702e-10
2.070227231478855482e-09 -8.891602143143729545e-11 -1.454506035304840864e-09 -1.008793403418395578e-13 1.241248032357989429e-10 -1.980831860498121637e-10
1.963680918411243244e-09 -8.453236830304589049e-11 -1.367929760123551849e-09 -1.441241936914474724e-11 1.235336522077779992e-10 -1.889836777743838190e-10
1.861162003022512611e-09 -7.994015279843383208e-11 -1.284098214810799548e-09 -2.938613551452057733e-11 1.226338806953904085e-10 -1.794269619474190610e-10
1.762496456799725697e-09 -7.513617372218764312e-11 -1.202856731135234494e-09 -4.505757609753102472e-11 1.213826446034157455e-10 -1.693907136027247016e-10
1.667492787946324177e-09 -7.010248994126289840e-11 -1.124014723578923545e-09 -6.144592221646792202e-11 1.197416805750981274e-10 -1.588709074988751380e-10
1.575844298622630682e-09 -6.485597565097442320e-11 -1.047256586111421530e-09 -7.860905973769499261e-11 1.176400888879013494e-10 -1.478264486966885926e-10
1.487526689241687830e-09 -5.932081811237032993e-11 -9.725498621083110319e-10 -9.654960790358888001e-11 1.150303907418530628e-10 -1.362806949295652225e-10
1.401959812613786891e-09 -5.353613587212345010e-11 -8.992726807244801258e-10 -1.153956902910357989e-10 1.118040882484953817e-10 -1.240953147367415822e-10
1.319383777762079327e-09 -4.746112256094556434e-11 -8.275956417269486315e-10 -1.350941353063609558e-10 1.079077902637500629e-10 -1.113785692369749172e-10
1.239383282564248573e-09 -4.108558600855343057e-11 -7.570588858628373349e-10 -1.557679230993187928e-10 1.032067807957021257e-10 -9.799561995942808587e-11
1.161856101525078846e-09 -3.439281522107227112e-11 -6.874202846698521771e-10 -1.774376368360660984e-10 9.755407222026949889e-11 -8.396804879198765067e-11
1.086712048870447749e-09 -2.732758078516126861e-11 -6.185563659638611675e-10 -2.001557172530190522e-10 9.086848755795411028e-11 -6.926682117974243463e-11
1.013721862275914151e-09 -1.991570866823990462e-11 -5.500301476730214695e-10 -2.240194824397491343e-10 8.290384543708753070e-11 -5.380405165044023667e-11
9.427651907836145808e-10 -1.208965008198378366e-11 -4.815081073855297025e-10 -2.490892856066720298e-10 7.343656448391892189e-11 -3.755686637697688616e-11
8.738090755939728788e-10 -3.841632379338653813e-12 -4.127275741512834641e-10 -2.753838344116343470e-10 6.218212633896681299e-11 -2.051921202649231190e-11
8.066520363999796828e-10 4.820453773368792846e-12 -3.431790057190742701e-10 -3.030546341865362359e-10 4.884153107695384787e-11 -2.559935142161339371e-12
7.411341819454002904e-10 1.395318003098074740e-11 -2.722854923543608717e-10 -3.321973690929255480e-10 3.291327816839360152e-11 1.639145882681659752e-11
6.773194394649455426e-10 2.360730299290368246e-11 -1.996231246734888505e-10 -3.628250396386012315e-10 1.392884512423638505e-11 3.630783008708975239e-11
6.150307086130295131e-10 3.376491642619692251e-11 -1.243107292486085474e-10 -3.950781280117000555e-10 -8.859774679302530473e-12 5.732400519995279968e-11
5.541709924703033745e-10 4.448368545349312966e-11 -4.541994076726023143e-11 -4.291052495874210931e-10 -3.633471992786324253e-11 7.957715816005136960e-11
4.946848896517298300e-10 5.573183315592132499e-11 3.832645770508854263e-11 -4.650348016493148813e-10 -6.973167766442920153e-11 1.031996913401856774e-10
4.366148488600612088e-10 6.758801517558509282e-11 1.283641000460908639e-10 -5.028595020929501748e-10 -1.105877761355049395e-10 1.281684012674477155e-10
3.798679407314540269e-10 8.003135232386673509e-11 2.269005091930457726e-10 -5.427891659827806754e-10 -1.610454052593545768e-10 1.547057255556710445e-10
3.244311622898580678e-10 9.304173520913082288e-11 3.370380431206102177e-10 -5.850233940700507151e-10 -2.242752628009066341e-10 1.830996164880418389e-10
2.703620247581291415e-10 1.066584104242895221e-10 4.627973674486000336e-10 -6.295261915442258302e-10 -3.044310385456780678e-10 2.133268223663706129e-10
2.176926509944919710e-10 1.207816189674040233e-10 6.108941834742468282e-10 -6.765625173270166656e-10 -4.083343907260495509e-10 2.458246466132171550e-10
1.664850916297540828e-10 1.353709126800753326e-10 7.913396830432496898e-10 -7.261822195452399149e-10 -5.462803961446999925e-10 2.808519072714822414e-10
1.169099199133277237e-10 1.503671969128884440e-10 1.020857818688290627e-09 -7.782333256037724002e-10 -7.353983962938811348e-10 3.185945665180297630e-10
6.908976382572921063e-11 1.656029115392785996e-10 1.330137164952028700e-09 -8.326454852963731909e-10 -1.007033930806314069e-09 3.595865784101788305e-10
2.323639661813842887e-11 1.809139116981736416e-10 1.780397369166845740e-09 -8.888995418164075816e-10 -1.423553939180589390e-09 4.044710911973447082e-10
-2.039249004108917878e-11 1.960963863840528704e-10 2.515830103900305085e-09 -9.449659116429840528e-10 -2.131750457514648362e-09 4.536914705108429080e-10
-6.150253513401780328e-11 2.108315318518483749e-10 3.977444345232120206e-09 -9.945738165881770004e-10 -3.579894290752421284e-09 5.083021331166985395e-10
-9.976005175979772717e-11 2.247317997140503711e-10 8.470321820366156883e-09 -1.001999936906837710e-09 -8.110056543714201739e-09 5.695352671022968770e-10
-1.348103505362256541e-10 2.374367852512660970e-10 -3.701675931087957000e-09 1.591186962948907811e-07 -1.561131285607797021e-07 6.385353573337688516e-10
-1.662494623527435021e-10 2.484103543995179566e-10 -1.443222910712439539e-09 8.683233881146481764e-09 -8.002507438351573048e-09 7.177688141991578402e-10
-1.937824524247303309e-10 2.572041711011502415e-10 -1.486668157723183574e-09 4.810087085794862277e-09 -4.166437227193518253e-09 8.094569609586040168e-10
-2.170269783639467511e-10 2.631801417490315480e-10 -1.583834350910936827e-09 3.471244319154878575e-09 -2.829681830005334672e-09 9.184640838843264486e-10
-2.357441789248723228e-10 2.658200460018657125e-10 -1.708616015372607613e-09 2.784968391329912672e-09 -2.142089330664731549e-09 1.050563635221667344e-09
-2.495613605462352045e-10 2.643922509454587006e-10 -1.847188499712204059e-09 2.342943371318904017e-09 -1.718004671156228285e-09 1.214843796391509246e-09
-1.611902799344303409e-23 1.618062992275478519e-23 -4.707462995673046607e-23 4.905624067074806072e-23 -3.172449820699631331e-14 3.172453330705016725e-14
-1.611902799344303409e-23 1.618062992275478519e-23 -4.707462995673046607e-23 4.905624067074806072e-23 -3.172449820699631331e-14 3.172453330705016725e-14
-9.612347971853590911e-01 1.940808292128936019e+00 -7.996034835087537651e+00 6.276146074794916041e-01 -1.243476963570219862e+00 7.545673452225298838e+00
-1.922316771927654822e+00 3.877483787964941531e+00 -1.516573475646391955e+01 1.254849645081678844e+00 -2.486094881157315584e+00 1.426540832192558206e+01
-2.883093159653565607e+00 5.805896648505444624e+00 -2.105080624868060113e+01 1.881325956553272949e+00 -3.726981842686855284e+00 1.970130399341572769e+01
-3.843411311483883264e+00 7.721922353552093554e+00 -2.560792021208704838e+01 2.506665211743489330e+00 -4.965239782946070157e+00 2.381041741606992801e+01
-4.803118751967756062e+00 9.621442852693746772e+00 -2.902897376902046389e+01 3.130490316795079053e+00 -6.199930314262096509e+00 2.678502151547009191e+01
-5.762063236681521872e+00 1.150034585129914966e+01 -3.156592754220813291e+01 3.752425820921567290e+00 -7.430059187225732664e+00 2.887743911332574243e+01
-6.720092809647214338e+00 1.335452151298752810e+01 -3.344337931619553217e+01 4.372098318663038441e+00 -8.654558809987385359e+00 3.031261327943707329e+01
-7.677055860525582531e+00 1.517985576574828421e+01 -3.483492048512144379e+01 4.989136846536664116e+00 -9.872268149866352260e+00 3.126446053169598827e+01
-8.632801181539782931e+00 1.697221926575050688e+01 -3.586682263872258858e+01 5.603173273031035961e+00 -1.108190919302436050e+01 3.185955424894342514e+01
-9.587178024084611394e+00 1.872745088878209074e+01 -3.662884533927889663e+01 6.213842680928178375e+00 -1.228205893705274221e+01 3.218792936261130677e+01
-1.054003615497685331e+01 2.044133436733184439e+01 -3.718455244801310045e+01 6.820783740983161536e+00 -1.347111562115731154e+01 3.231339569918554844e+01
-1.149122591230410606e+01 2.210956634835892487e+01 -3.757925304569166514e+01 7.423639076034976192e+00 -1.464725753647730500e+01 3.228147603206051741e+01
-1.244059826082671449e+01 2.372771368081961896e+01 -3.784564439174295813e+01 8.022055614678512470e+00 -1.580839227351071230e+01 3.212504630121713234e+01
-1.338800484689106440e+01 2.529115710901096747e+01 -3.800769624006643710e+01 8.615684933690081593e+00 -1.695209361110405766e+01 3.186821733327244388e+01
-1.433329805281062441e+01 2.679501768698532871e+01 -3.808329801476591570e+01 9.204183588463275001e+00 -1.807552237170136067e+01 3.152897957972095000e+01
-1.527633105067234887e+01 2.823406105678309785e+01 -3.808606473362934963e+01 9.787213430830821181e+00 -1.917532637710019117e+01 3.112100677592082931e+01
-1.621695785552643088e+01 2.960257313324845896e+01 -3.802657746010449813e+01 1.036444191379884749e+01 -2.024751302239975814e+01 3.065489431636514439e+01
-1.715503337791811589e+01 3.089419855171690088e+01 -3.791324377689696945e+01 1.093554238327742745e+01 -2.128728578479000078e+01 3.013901785410715206e+01
-1.809041347572056679e+01 3.210173024550768872e+01 -3.775290147014089115e+01 1.150019435920501465e+01 -2.228883298351843223e+01 2.958013532786361566e+01
-1.902295500522777871e+01 3.321683443891130594e+01 -3.755124711516118197e+01 1.205808382790779554e+01 -2.324505303428367853e+01 2.898381412207489305e+01
-1.995251587146850625e+01 3.422968979504839382e+01 -3.731314398256650122e+01 1.260890443968080099e+01 -2.414719575793069595e+01 2.835473779245020154e+01
-2.087895507770145187e+01 3.512851199523263546e+01 -3.704284580063585253e+01 -2.498438284211280092e+01 1.315235151424397664e+01 2.769692890610409464e+01
-2.180213277405323069e+01 3.589892517399077576e+01 -3.674416113962909236e+01 -2.574299676959017447e+01 1.368813682929265596e+01 2.701391277422620973e+01
-2.272191030526100164e+01 3.652312907852048340e+01 -3.642057538089434843e+01 -2.640583491644446568e+01 1.421597211548454176e+01 2.630883905143980783e+01
-2.363815025748360910e+01 3.697879588324302347e+01 -3.607534201414532760e+01 -2.695102034224547083e+01 1.473557893941572772e+01 2.558457295527003694e+01
-2.455071650414308593e+01 3.723761533723266837e+01 -3.571155147962184628e+01 -2.735054932000277006e+01 1.524668643449695793e+01 2.484376433104847948e+01
-2.545947425076259663e+01 3.726339763506447156e+01 -3.533218336387851366e+01 -2.756839956623671739e+01 1.574903153762058672e+01 2.408890037796005146e+01
-2.636429007876479247e+01 3.700965572560717476e+01 -3.494014609624672829e+01 -2.755811820318688987e+01 1.624235913419645883e+01 2.332234618839955331e+01
-2.726503198819744256e+01 3.641665777715335395e+01 -3.453830713417017506e+01 -2.725988015874519022e+01 1.672642217979251100e+01 2.254637609191570746e+01
-2.816156943935273205e+01 3.540813826105807038e+01 -3.412951580902591076e+01 -2.659720539649893567e+01 1.720098180475547167e+01 2.176319797622659635e+01
-2.905377339324811814e+01 3.388831583547005266e+01 -3.371662042282857641e+01 -2.547398308821244939e+01 1.766580740321332499e+01 2.097497217420232118e+01
-2.994151635093821895e+01 -3.330248076847878735e+01 3.174079390057240246e+01 -2.377337853607091844e+01 1.812067670707423162e+01 2.018382608547432966e+01
-3.082467239162571104e+01 -3.288997694316334730e+01 2.883251541963930364e+01 -2.136179438096274907e+01 1.856537584548209807e+01 1.939186539567390000e+01
-3.170311720954486390e+01 -3.248201510271870518e+01 2.502803052215731228e+01 -1.810314456133241379e+01 1.899969939016950349e+01 1.860118253183237513e+01
-3.257672814958636565e+01 -3.208153064110488373e+01 2.022041205894637983e+01 -1.388977614716112008e+01 1.942345038716733185e+01 1.781386282610332827e+01
-3.344538424163852142e+01 -3.169148915749958206e+01 1.438119214159887704e+01 -8.692412042222745328e+00 1.983644037535565730e+01 1.703198873562937621e+01
1.554663002369327716e-10 3.224503655007339602e-09 -4.744202269336969860e-10 -3.499661038873453594e-09 -1.408264970172987575e-10 9.461596512094146319e-10
1.601577080532292673e-10 3.295721019301483055e-09 -6.853638147808085478e-10 -3.327420243117802865e-09 -1.440049081619157289e-10 9.181285414626761001e-10
1.649081022588215619e-10 3.394117705621501195e-09 -9.653534106167393220e-10 -3.114958964418753424e-09 -1.471542828059845557e-10 8.917383014949819669e-10
1.694940705985429909e-10 3.515919015882406344e-09 -1.301533541649713508e-09 -2.871285361888186911e-09 -1.501091377342258796e-10 8.668714363072042839e-10
1.741074963495938068e-10 3.661321761206966023e-09 -1.678678126667272128e-09 -2.611596862171715993e-09 -1.529457335563575810e-10 8.433370933259864006e-10
1.786693121894146721e-10 3.831265420891204819e-09 -2.082132209440483294e-09 -2.351397633073015635e-09 -1.557298154318852583e-10 8.210543975412303716e-10
1.834121278589501220e-10 4.028476042894275463e-09 -2.501344133122994307e-09 -2.103884633410686652e-09 -1.585889646817783795e-10 7.999002649247669309e-10
1.879927046902113926e-10 4.257468484788285144e-09 -2.932146523526849419e-09 -1.877533501688755920e-09 -1.612199400607834070e-10 7.797472853807298573e-10
1.926480016360398828e-10 4.523570916242010827e-09 -3.376395319336043092e-09 -1.675809345094187649e-09 -1.637891700991832817e-10 7.605297142776297173e-10
1.971368466838141395e-10 4.834371090568376294e-09 -3.841224644243667416e-09 -1.499054203497850890e-09 -1.662068863418426368e-10 7.421342706209214692e-10
2.017978378317919399e-10 5.200235794074395036e-09 -4.338803493541962139e-09 -1.345385572525278762e-09 -1.686366927410796689e-10 7.244988134285595213e-10
2.064133948119898501e-10 5.635006778265238154e-09 -4.885186421086666279e-09 -1.212422022882359999e-09 -1.709930859465450880e-10 7.075083715291926142e-10
2.109137737969704761e-10 6.158050131584391060e-09 -5.502715484611127759e-09 -1.097175527104116437e-09 -1.731179876459452630e-10 6.911250313872831740e-10
2.155750518467010537e-10 6.796368455400992363e-09 -6.221079867942036909e-09 -9.969302695469688461e-10 -1.753063736806217404e-10 6.752771917864168487e-10
2.201561898881619015e-10 7.590882048829280923e-09 -7.083329858113586054e-09 -9.093885714279748565e-10 -1.773966842847799331e-10 6.598573848762404090e-10
2.245865095050747673e-10 8.603189603874115517e-09 -8.153161673745368961e-09 -8.325078397968328059e-10 -1.792523050696555166e-10 6.448485166389385496e-10
2.291351103484585744e-10 9.933642369741197155e-09 -9.532337175165753879e-09 -7.646017837059532903e-10 -1.811197586356057828e-10 6.301362582608909618e-10
2.335998177616857869e-10 1.175422073519734879e-08 -1.139459475200989121e-08 -7.040792283790062018e-10 -1.828432399228497382e-10 6.157005092844852039e-10
2.380242296465626248e-10 1.439131927939706391e-08 -1.406710200583244778e-08 -6.498991213072817286e-10 -1.844862137579464797e-10 6.014346803641237923e-10
2.425585126551704795e-10 1.853871504772596214e-08 -1.824468726080309393e-08 -6.010407378671211110e-10 -1.860782922858028585e-10 5.873043018919610539e-10
2.469655745503235900e-10 2.599420012664676345e-08 -2.572594399896269588e-08 -5.565828107787208169e-10 -1.875277734116757431e-10 5.732051203052990301e-10
2.514293117011966635e-10 4.327593360817866745e-08 -4.302962402385995339e-08 -5.159381784533026779e-10 -1.889181696552018291e-10 5.591068229996044818e-10
2.558806456875178645e-10 1.268492254325001005e-07 -1.266216013835590864e-07 -4.783421633835926668e-10 -1.902132373318920643e-10 5.449230284185889397e-10
2.602209474175463667e-10 1.396304835302377996e-07 -1.394186664967851862e-07 -4.434206690738890428e-10 -1.913594989724171459e-10 5.305740930372604674e-10
2.645725588320381149e-10 4.558725540480649031e-08 -4.538868756751975732e-08 -4.107094372929545709e-10 -1.924484512308947332e-10 5.159633513006761428e-10
2.689188965899621406e-10 2.745919132454124209e-08 -2.727175159481013766e-08 -3.797483059535403653e-10 -1.934316167152328321e-10 5.010424413722515573e-10
2.731110949885351407e-10 1.976570998010076414e-08 -1.958734597724164059e-08 -3.502527537379785782e-10 -1.942617945702848599e-10 4.856632395999890162e-10
2.774403264040529344e-10 1.551810350232777422e-08 -1.534703727499457363e-08 -3.218815438572892080e-10 -1.950750196847046073e-10 4.697329003612540557e-10
2.817144730803130266e-10 1.282831316629245757e-08 -1.266303949717043679e-08 -2.942337356737549125e-10 -1.957603280264217383e-10 4.531524504255685401e-10
2.859037800655634733e-10 1.097750981554564036e-08 -1.081655916511081080e-08 -2.671018187545028597e-10 -1.963412219005383928e-10 4.357545202424680855e-10
2.900637720369291788e-10 9.628380597175337836e-09 -9.470432699302887306e-09 -2.401936578785228449e-10 -1.968176174372930499e-10 4.173978249548234331e-10
2.942041980077717069e-10 8.604515341938302863e-09 -8.448418356039689809e-09 -2.131813834865108117e-10 -1.971988845395701497e-10 3.979008052796382901e-10
2.983234401864914676e-10 7.803353697890571032e-09 -7.647969453026234728e-09 -1.857293594519108307e-10 -1.974933881600095581e-10 3.770261378021037295e-10
3.023872140505037027e-10 7.161458237035941602e-09 -7.005726661681524566e-09 -1.575311062643977392e-10 -1.976936379198116487e-10 3.545348678076879085e-10
3.064745364859166111e-10 6.637582222545201772e-09 -6.480527286112009874e-09 -1.282051965405518108e-10 -1.977985309881453029e-10 3.301118927803387619e-10
3.104455101280299853e-10 6.203825977236767544e-09 -6.044557392351888945e-09 -9.723719227818974465e-11 -1.977953662081274100e-10 3.033750695617134937e-10
3.144277764834247474e-10 5.840771703058785701e-09 -5.678378940929005536e-09 -6.414965062907920298e-11 -1.977063506064740986e-10 2.738628647611515636e-10
3.183943189451510403e-10 5.533796962997031449e-09 -5.367389544862302915e-09 -2.832025391708164159e-11 -1.975290395506410116e-10 2.409813143683200041e-10
3.222874719163406788e-10 5.272150382085363967e-09 -5.100965115937599990e-09 1.109266735198089311e-11 -1.972381391494374160e-10 2.039930716323997734e-10
3.261413865309019749e-10 5.048163314738249914e-09 -4.871398299398790062e-09 5.507975479260325341e-11 -1.968535747381486873e-10 1.619116903832907510e-10
3.299957505019011296e-10 4.855914087301159321e-09 -4.672788791764342888e-09 1.049696444701166516e-10 -1.964067291122063673e-10 1.134780835178346609e-10
3.337286338814927487e-10 4.689640020614198186e-09 -4.499374395482715907e-09 -1.958308471889402674e-10 1.625759980078339166e-10 5.689919848944679549e-11
3.375033019882093974e-10 4.546820319756668692e-09 -4.348646332860286189e-09 -1.951970903276807454e-10 2.302321334411768052e-10 -1.014799488042801921e-11
3.412019190465750228e-10 4.423945692901322600e-09 -4.217114021487282579e-09 -1.944590340468048949e-10 3.114785329484609542e-10 -9.114848411925997374e-11
3.448961815203522898e-10 4.318534588405789231e-09 -4.102240769583063344e-09 -1.936438320615571317e-10 4.114008451007370913e-10 -1.911484108394939781e-10
3.485081137800379964e-10 4.228097728703570506e-09 -4.001645349904290547e-09 -1.927272724068373250e-10 5.379682237417855037e-10 -3.181175433872543935e-10
3.520413337779453948e-10 4.152067561236717322e-09 -3.914640220577699410e-09 -1.917099806918840736e-10 7.038788483554762257e-10 -4.847083721992805691e-10
3.556210793250976113e-10 4.088212950115284161e-09 -3.839019032992608209e-09 -1.906417900878961469e-10 9.316826684599755416e-10 -7.134680329804506861e-10
3.591114775440469325e-10 4.036119837335637213e-09 -3.774312677328691674e-09 -1.894643480123306394e-10 1.264367129863766128e-09 -1.047366185383570202e-09
3.625813964880957125e-10 3.994334624017595249e-09 -3.719129734005245744e-09 -1.882141658164364757e-10 1.796883050454327135e-09 -1.581320077047153003e-09
3.659606148821833681e-10 3.962499034974650077e-09 -3.672996165400260922e-09 -1.868665566168253507e-10 2.785975540849762141e-09 -2.572058615065459807e-09
3.693023103605421370e-10 3.939668017077660824e-09 -3.634992628749070484e-09 -1.854505678591950236e-10 5.255786468780174427e-09 -5.043714193405608875e-09
3.726173125465509569e-10 3.925517993306085653e-09 -3.604777735456330291e-09 -1.839476423826061540e-10 2.231844714449279146e-08 -2.210839310190703818e-08
3.758947360405666182e-10 3.919991661448596922e-09 -3.582157169651655603e-09 -1.823800018009673512e-10 1.245501313070134335e-08 -1.224715061111655183e-08
3.791042087539958215e-10 3.922227910238991510e-09 -3.566290697149965652e-09 -1.807064792178636879e-10 5.406268091322540366e-09 -5.200747735852634405e-09
3.823187059792616972e-10 3.933136005970646626e-09 -3.557924432088124956e-09 -1.789903391545600310e-10 3.656232355224783999e-09 -3.453197511819877480e-09
3.854269784441847001e-10 3.951095211919368074e-09 -3.555558676632834744e-09 -1.771682407220336645e-10 2.864154787327004641e-09 -2.663742183004872477e-09
3.885312284477953744e-10 3.976972375762024114e-09 -3.559870269196144842e-09 -1.752991635254886303e-10 2.413309567823210691e-09 -2.215616156692630510e-09
3.915743471904581100e-10 4.010449367009685658e-09 -3.570455438280133978e-09 -1.733518495276465208e-10 2.123224875344554162e-09 -1.928384782756684141e-09
3.945488715289930893e-10 4.052365296980281519e-09 -3.588078372767028604e-09 -1.713118217247814288e-10 1.921314817258554108e-09 -1.729408645778452839e-09
3.974787499575911956e-10 4.101898611420494810e-09 -3.611844451934024767e-09 -1.692168418284010823e-10 1.773610834611975093e-09 -1.584738427681487691e-09
4.003591716314257039e-10 4.159113510921483178e-09 -3.641735759499985876e-09 -1.670531771913319934e-10 1.661526223957938736e-09 -1.475768289381868396e-09
4.032189536141104555e-10 4.225199756319896218e-09 -3.678733486138794322e-09 -1.648195771571607110e-10 1.573881448460181157e-09 -1.391317157176077223e-09
4.059952724856765163e-10 4.299761847913183600e-09 -3.722408396762472652e-09 -1.625137497301665460e-10 1.504207817488717429e-09 -1.324898961345944415e-09
4.087296069318160509e-10 4.383740306531292069e-09 -3.773463614364735619e-09 -1.601477648567716928e-10 1.447760199934579975e-09 -1.271776280692490069e-09
4.114179047985516245e-10 4.477113346889809885e-09 -3.831738884372284626e-09 -1.577217908611120122e-10 1.401875185964290842e-09 -1.229272933763842868e-09
4.140747654835055009e-10 4.580921626630507030e-09 -3.898060674758357679e-09 -1.552353562657333804e-10 1.364158974325373677e-09 -1.194985184774625731e-09
4.166247773332468379e-10 4.694988322335184738e-09 -3.972194857338472604e-09 -1.526743027190333550e-10 1.333262204107444827e-09 -1.167567267846011521e-09
4.191737511088167071e-10 4.821283997414476757e-09 -4.055583251948846179e-09 -1.500628626829718131e-10 1.307810418909672622e-09 -1.145643028199793433e-09
4.216544018677971324e-10 4.959796930528329717e-09 -4.148199638964452855e-09 -1.473847325815023392e-10 1.287142486869132436e-09 -1.128537608752469585e-09
4.240641665827506752e-10 5.111799921799153528e-09 -4.250912719948428054e-09 -1.446468473434298113e-10 1.270627860825213542e-09 -1.115618567340301407e-09
4.263866797460569575e-10 5.278214364363215293e-09 -4.364362749129902838e-09 -1.418511983805587227e-10 1.257794737192241370e-09 -1.106412535749514277e-09
4.287670967887882008e-10 5.460487221764846967e-09 -4.489607054169402698e-09 1.248232327017058269e-09 -1.390214642014798395e-10 -1.100499818368616921e-09
4.309676842875953379e-10 5.660411468374580203e-09 -4.627934710975522070e-09 1.241559131126985663e-09 -1.361185845352079067e-10 -1.097500291778504940e-09
4.331966982856223194e-10 5.879673689124055355e-09 -4.780508945264267478e-09 1.237564023233412344e-09 -1.331741173048687197e-10 -1.097211727574549313e-09
4.353441849308366872e-10 6.119251302871159559e-09 -4.947975129673198856e-09 1.236407439010214130e-09 -1.301660540011480861e-10 -1.099782649347412728e-09
4.374722433076912564e-10 6.382672135320706136e-09 -5.132965609656509936e-09 1.237680771050614429e-09 -1.271276018189464781e-10 -1.104796008129756588e-09
4.395499176651388458e-10 6.672545463953872995e-09 -5.337351668927562998e-09 1.241320160235435764e-09 -1.240401026517496017e-10 -1.112188283248804643e-09
4.414458257809998154e-10 6.990781230197718113e-09 -5.562422382008042730e-09 1.247508718399874580e-09 -1.208839320571316025e-10 -1.122139578417521809e-09
4.433852053812406145e-10 7.341267897735082264e-09 -5.811020374440790517e-09 1.256265344387397783e-09 -1.176924119316981258e-10 -1.134672573060735402e-09
4.453088180865516436e-10 7.728762576255353379e-09 -6.086545253785782297e-09 1.267370649048518066e-09 -1.144775512125778468e-10 -1.149575486813986531e-09
4.471000868794383653e-10 8.157693935848468556e-09 -6.392265303119046258e-09 1.281102914051756449e-09 -1.111839405012007892e-10 -1.167097504422795005e-09
4.488847757241351326e-10 8.634602183872730727e-09 -6.732848447862071771e-09 1.297488584300643646e-09 -1.078759389682298747e-10 -1.187291917306164754e-09
4.505605698534470656e-10 9.164389798966868339e-09 -7.111784852860048434e-09 1.316837919359911318e-09 -1.045185333402844144e-10 -1.210445225437550441e-09
4.521882903278683382e-10 9.757069689101433865e-09 -7.536398867482984400e-09 1.339117955603213307e-09 -1.011204392710320837e-10 -1.236535192770430975e-09
4.537516018675772673e-10 1.041967194983816259e-08 -8.011600920307976596e-09 1.364866068020405349e-09 -9.769129873147496307e-11 -1.266092372983541341e-09
4.553218006418852176e-10 1.116682100892755606e-08 -8.548155300982107954e-09 1.394109354992952192e-09 -9.422136692705328711e-11 -1.299161745160040534e-09
4.567957632481404114e-10 1.200973222170764656e-08 -9.153963208101033326e-09 1.427406678161777444e-09 -9.073153737340690127e-11 -1.336278810629927747e-09
4.582364275765522779e-10 1.296751364521322693e-08 -9.842971169769193881e-09 1.465011424434423662e-09 -8.719190032485248627e-11 -1.377706160030252112e-09
4.595475586213304919e-10 1.406041094870054655e-08 -1.062973146568177557e-08 1.507537340957532166e-09 -8.362659981300345513e-11 -1.424047135032682336e-09
4.608226491279549556e-10 1.531497478737740954e-08 -1.153345708804003862e-08 1.555578325213272600e-09 -8.002563634397714630e-11 -1.475909302663999174e-09
4.621266446191200147e-10 1.676372516176258573e-08 -1.257760159393861793e-08 1.610050689730982264e-09 -7.641082859868685508e-11 -1.534199686700632550e-09
4.632254859183118347e-10 1.844870389715367668e-08 -1.379255038172905474e-08 1.671630958896147617e-09 -7.275079437475272928e-11 -1.599586483963824979e-09
4.643411539423939562e-10 2.042484128057306108e-08 -1.521796924768146764e-08 1.741447315250254758e-09 -6.907618315665599686e-11 -1.673231415146521621e-09
4.654278885186700947e-10 2.275952779127890743e-08 -1.690252604047728289e-08 1.821375588836827899e-09 -6.537334754322477497e-11 -1.756966384782943990e-09
4.664158835490240824e-10 2.554716147166002187e-08 -1.891448713868860169e-08 1.912824618602095290e-09 -6.164781527627634761e-11 -1.852217644626067414e-09
4.673583402831855674e-10 2.891401323307312035e-08 -2.134500978920828413e-08 2.017967465470011045e-09 -5.790241012627928927e-11 -1.961175867393729305e-09
4.682224805655961660e-10 3.302881479195834664e-08 -2.431602084713693105e-08 2.139964460827763088e-09 -5.412962824757360951e-11 -2.086974455245535717e-09
4.691087753396896477e-10 3.812987739469828374e-08 -2.799961844787193318e-08 2.282516615022323546e-09 -5.035073610321505167e-11 -2.233330324311290953e-09
4.698138316108640926e-10 4.455916838773525037e-08 -3.264291962026837749e-08 2.450880978301262128e-09 -4.654304019007312712e-11 -2.405498006466821308e-09
4.706018835140992036e-10 5.282849845291306463e-08 -3.861572356847476155e-08 2.651580169421276103e-09 -4.272682014551873487e-11 -2.609986077848135867e-09
4.712000903140655625e-10 6.369111229713119744e-08 -4.646201228840603638e-08 2.894972681890844644e-09 -3.888798883330672776e-11 -2.857174358701512092e-09
4.718074674812241235e-10 7.837758460967439877e-08 -5.707087614139817664e-08 3.194970589292566315e-09 -3.504030284307039264e-11 -3.160958755856087005e-09
4.723063827386719646e-10 9.891418383215650457e-08 -7.190631125073878438e-08 3.572414047824104419e-09 -3.117850096487631161e-11 -3.542193353096586584e-09
4.726458553601994772e-10 1.288743590529138819e-07 -9.354973908310628700e-08 4.060953047138158425e-09 -2.730749873345853911e-11 -4.034506299545268230e-09
4.731322536158546039e-10 1.750306473154978732e-07 -1.268939112494969884e-07 4.715316913126174748e-09 -2.342460854541083211e-11 -4.692654636742088270e-09
4.734627649170749877e-10 2.515736630605395310e-07 -1.821906323833736849e-07 5.636043646642725185e-09 -1.953208768292494936e-11 -5.617166485620643030e-09
4.738537548606762635e-10 3.925034931636237028e-07 -2.840027991983214794e-07 7.021985269007872839e-09 -1.563109471293483698e-11 -7.006879006773313639e-09
4.741258575532095286e-10 6.969884791381954216e-07 -5.039729962113314856e-07 9.339205090691906285e-09 -1.172848459635431974e-11 -9.327878487512694725e-09
4.737251621812741635e-10 1.566846301844409164e-06 -1.132388436402778495e-06 1.398414572222116306e-08 -7.821003217811086528e-12 -1.397659195874169250e-08
4.730607325845222703e-10 6.264310871790388087e-06 -4.526000000662895981e-06 2.793742995641935949e-08 -3.938594543799969787e-12 -2.793362490995016062e-08
0.000000000000000000e+00 0.000000000000000000e+00 0.000000000000000000e+00 0.000000000000000000e+00 0.000000000000000000e+00 0.000000000000000000e+00
0.000000000000000000e+00 0.000000000000000000e+00 0.000000000000000000e+00 0.000000000000000000e+00 0.000000000000000000e+00 0.000000000000000000e+00
7.344672571125303762e+01 6.928441512625819598e+01 1.101156966528008212e+02 -4.715332799099372640e-01 -4.378111083550926264e-01 -2.052214008943311907e-01
7.342796626625393230e+01 6.926707844768725408e+01 1.100857295782764993e+02 -9.428176342242808872e-01 -8.754378077121931501e-01 -4.107996030197616499e-01
7.339587315197867667e+01 6.923899046214631881e+01 1.100357923454004236e+02 -1.413640715311889284e+00 -1.312658372452290001e+00 -6.170907199331990833e-01
7.335120842660789720e+01 6.919935553896894476e+01 1.099658949782342887e+02 -1.883814884174418225e+00 -1.749224932725869763e+00 -8.244494467865718379e-01
7.329267207833265729e+01 6.914942723081712472e+01 1.098760520021747169e+02 -2.352993800155834592e+00 -2.185046147000979211e+00 -1.033228367704500661e+00
7.322253238221712479e+01 6.908687739228302860e+01 1.097662820580269027e+02 -2.820995661716698688e+00 -2.619863231291332362e+00 -1.243777251351665836e+00
7.313800466565481884e+01 6.901441722412398860e+01 1.096366078035771068e+02 -3.287645359669155276e+00 -3.053407069528258244e+00 -1.456442347426236239e+00
7.304016917459381375e+01 6.893087921297313869e+01 1.094870558241284328e+02 -3.752575738659855720e+00 -3.485596208518025207e+00 -1.671565683404890645e+00
7.293071075095679134e+01 6.883447723045090072e+01 1.093176565310030099e+02 -4.215635888150479182e+00 -3.916127814873906043e+00 -1.889484361403641399e+00
7.280792033580134159e+01 6.872680477330347060e+01 1.091284440439858656e+02 -4.676668383035575971e+00 -4.344699672492598808e+00 -2.110529854886645573e+00
7.267115646847284438e+01 6.860837317300827465e+01 1.089194560561928000e+02 -5.135253514085976079e+00 -4.771265179039926529e+00 -2.335027304940929138e+00
7.252231028737878660e+01 6.847714626884034317e+01 1.086907336803236888e+02 -5.591100978826430534e+00 -5.195640869569269071e+00 -2.563294815676327776e+00
7.235920724977147245e+01 6.833513832668023724e+01 1.084423212750976973e+02 -6.044155268007040505e+00 -5.617400230883491830e+00 -2.795642748183234882e+00
7.218311467066706655e+01 6.818090610315064737e+01 1.081742662507235622e+02 -6.494047173881408064e+00 -6.036421379247784103e+00 -3.032373012334392826e+00
7.199292491118981729e+01 6.801536522470156854e+01 1.078866188519481426e+02 -6.940534173582795674e+00 -6.452445847064253392e+00 -3.273778355530704953e+00
7.178920683096914956e+01 6.783773826674706697e+01 1.075794319172127871e+02 -7.383239823058202589e+00 -6.865338342040668174e+00 -3.520141647290079945e+00
7.157315177315564370e+01 6.764660826437818741e+01 1.072527606121145141e+02 -7.821869922179026879e+00 -7.274869717313753092e+00 -3.771735158373271002e+00
7.134239117783640438e+01 6.744410055873336773e+01 1.069066621352176014e+02 -8.256428361345147238e+00 -7.680500241433387387e+00 -4.028819832873041129e+00
7.109766081134125670e+01 6.722921799178084257e+01 1.065411953940063938e+02 -8.686372168293107876e+00 -8.082223648852743025e+00 -4.291644551431533117e+00
7.084029670236812137e+01 6.700034435878154682e+01 1.061564206484810597e+02 -9.111408183497600177e+00 -8.479769542066261323e+00 -4.560445383442088385e+00
7.056746315120359725e+01 6.676001575261072674e+01 1.057523991196093647e+02 -9.531275785127512279e+00 -8.872819724177041678e+00 -4.835444825741152641e+00
7.028105263033893380e+01 6.650601998228150080e+01 1.053291925594899396e+02 -9.945609726390420846e+00 -9.261144399025942775e+00 -5.116851024933759540e+00
6.997930185452531759e+01 6.623977978851310411e+01 1.048868627797210138e+02 -1.035443449571556052e+01 -9.644106828697385225e+00 -5.404856980050705140e+00
6.966372752953748204e+01 6.595941634824714583e+01 1.044254711340120423e+02 -1.075671858566783179e+01 -1.002210806307971858e+01 -5.699639721786049051e+00
6.933333538787617556e+01 6.566553946141242193e+01 1.039450779506142482e+02 -1.115258526450299392e+01 -1.039437514852903099e+01 -6.001359464024440982e+00
6.898766263832679613e+01 6.535820429497802309e+01 1.034457419095938633e+02 -1.154183660379864662e+01 -1.076043606359591998e+01 -6.310158722781997298e+00
6.862713055368995185e+01 6.503655796235806008e+01 1.029275193593619377e+02 -1.192390141355667232e+01 -1.112017073230988196e+01 -6.626161397034292300e+00
6.825212981679156599e+01 6.469975332106281485e+01 1.023904635661748017e+02 -1.229828140689164151e+01 -1.147336379538646867e+01 -6.949471805157545035e+00
6.786005758510059138e+01 6.434991103185510042e+01 1.018346238895503859e+02 -1.266465352414028800e+01 -1.181960121265137964e+01 -7.280173669896426780e+00
6.745358541910016470e+01 6.398385073861318517e+01 1.012600448756394229e+02 -1.302261452089979166e+01 -1.215852459607738112e+01 -7.618329043826235214e+00
6.703067641543171362e+01 6.360307303307178728e+01 1.006667652596145643e+02 -1.337199368112500864e+01 -1.248951741705456620e+01 -7.963977166248763950e+00
6.659157567370445463e+01 6.320676808168605021e+01 1.000548168669721321e+02 -1.371204283820320136e+01 -1.281251391072377643e+01 -8.317133241266398969e+00
6.613597773558140602e+01 6.279464728325626766e+01 9.942422340237419576e+01 -1.404218208088254016e+01 -1.312725230734252158e+01 -8.677787125458751305e+00
6.566403252426766812e+01 6.236593643765245787e+01 9.877499911317765680e+01 -1.436276596530298200e+01 -1.343250757754875657e+01 -9.045901912071306228e+00
6.517354293689939482e+01 6.192217728302489377e+01 9.810714731312462789e+01 -1.467263171928581933e+01 -1.372854221488561777e+01 -9.421412396923127375e+00
6.466637562274109996e+01 6.146081588002256524e+01 9.742065874978624151e+01 -1.497129260497912107e+01 -1.401491190059268277e+01 -9.804223409309312132e+00
6.414103865847989994e+01 6.098262414492683092e+01 9.671550979717143548e+01 -1.525841866104626909e+01 -1.429098384235571650e+01 -1.019420798897287561e+01
6.359818854360660367e+01 6.048619212385992938e+01 9.599166045246059298e+01 -1.553392234017424478e+01 -1.455585028607871934e+01 -1.059120538773522213e+01
6.303701797532906426e+01 5.997153956593577107e+01 9.524905211301978625e+01 -1.579650216625432790e+01 -1.480978409335262924e+01 -1.099501887153775748e+01
6.245559425696303890e+01 5.943977696111971909e+01 9.448760510665235302e+01 -1.604613717487593050e+01 -1.505174364041268831e+01 -1.140541329542570637e+01
6.185640502656923445e+01 5.888755937835323095e+01 9.370721594441077684e+01 -1.628198277251204118e+01 -1.528147642527576977e+01 -1.182211242034675003e+01
6.123688710279698455e+01 5.831655733220730298e+01 9.290775426114235813e+01 -1.650351076730900957e+01 -1.549837865509799961e+01 -1.224479593646842801e+01
6.059598533792301822e+01 5.772689781636511697e+01 9.208905940423824177e+01 -1.671023135311439489e+01 -1.570177306019242636e+01 -1.267309615298737491e+01
5.993633403978935092e+01 5.711498297391984380e+01 9.125093662568254160e+01 -1.690165589645819466e+01 -1.589094611642793531e+01 -1.310659430902583722e+01
5.925372331051204355e+01 5.648402409184553363e+01 9.039315282642822069e+01 -1.707691806841932092e+01 -1.606552716910005785e+01 -1.354481645411711632e+01
5.855048689674992346e+01 5.583065436388646674e+01 8.951543179522987259e+01 -1.723563522698838568e+01 -1.622462759148577760e+01 -1.398722883987406362e+01
5.782428644500360093e+01 5.515614557139570451e+01 8.861744887627352796e+01 -1.737689364733104114e+01 -1.636785642346778502e+01 -1.443323275664398686e+01
5.707551006930268755e+01 5.445901082183814879e+01 8.769882499118982366e+01 -1.750012636033008917e+01 -1.649444377674200979e+01 -1.488215874017640061e+01
5.630377978804743577e+01 5.373849883944223649e+01 8.675911993119744636e+01 -1.760451520711770712e+01 -1.660384044994886565e+01 -1.533326006350233861e+01
5.550789330191954463e+01 5.299465439145305368e+01 8.579782482418171696e+01 -1.768993147396042431e+01 -1.669477944456500751e+01 -1.578570541826540463e+01
5.468773201989283450e+01 5.222641300233805595e+01 8.481435366940635845e+01 -1.775487325664010996e+01 -1.676734129161658871e+01 -1.623857067764342332e+01
5.384320248916478135e+01 5.143266286324438141e+01 8.380803381929864315e+01 -1.779886556719115731e+01 -1.682055723930982793e+01 -1.669082961974074308e+01
5.297204508657637234e+01 5.061444014555868876e+01 8.277809527344005858e+01 -1.782141234385425932e+01 -1.685346120697972694e+01 -1.714134347602576369e+01
5.207412833224896787e+01 4.977063942692952025e+01 8.172365863472815306e+01 -1.782193124299574549e+01 -1.686515969554132965e+01 -1.758884915422429174e+01
5.115019592583388430e+01 4.889927220022313747e+01 8.064372156202222186e+01 -1.779879057825535682e+01 -1.685580035990191305e+01 -1.803194596943549044e+01
5.019771562146046762e+01 4.800162442081921910e+01 7.953714353807353632e+01 -1.775239550981704539e+01 -1.682349221178657928e+01 -1.846908070172663585e+01
4.921847615939100251e+01 4.707466694486095804e+01 7.840262875712321033e+01 -1.768139486857434761e+01 -1.676810613869434263e+01 -1.889853078406112274e+01
4.820933687136864165e+01 4.612031430938577614e+01 7.723870692472645771e+01 -1.758534326851722085e+01 -1.668862115343382513e+01 -1.931838541259223874e+01
4.717033362415504882e+01 4.513732825278938776e+01 7.604371175526998172e+01 -1.746333245679923252e+01 -1.658450248760158985e+01 -1.972652436427720346e+01
4.610192538777544513e+01 4.412408174441116415e+01 7.481575695345082977e+01 -1.731480085812459180e+01 -1.645490262754679733e+01 -2.012059430758190004e+01
4.500335769595403690e+01 4.308020730031340406e+01 7.355270947913749069e+01 -1.713893285460752125e+01 -1.629927379609763349e+01 -2.049798240520524928e+01
4.387336861981115987e+01 4.200590399438260647e+01 7.225215992677983934e+01 -1.693528344360967708e+01 -1.611675626763492986e+01 -2.085578703951620483e+01
4.271113357655356424e+01 4.090100685490216392e+01 7.091138990953541565e+01 -1.670321670927225455e+01 -1.590675409255359618e+01 -2.119078555041047096e+01
4.151703380095756302e+01 3.976423380793301021e+01 6.952733643631800931e+01 -1.644197282724644182e+01 -1.566888350064049540e+01 -2.149939897334530414e+01
4.029056801656677322e+01 3.859529059231624615e+01 6.809655342289876501e+01 -1.615127081181755742e+01 -1.540238673579628959e+01 -2.177765391825012387e+01
3.903107398183322374e+01 3.739416690052424030e+01 6.661517070693786025e+01 -1.583054915794147632e+01 -1.510690909893523504e+01 -2.202114195877586056e+01
3.773818084276273055e+01 3.616070270611667326e+01 6.507885126853332736e+01 -1.547971918875657948e+01 -1.478176428071156145e+01 -2.222497723306597095e+01
3.641205971175813261e+01 3.489435720863033197e+01 6.348274782678804939e+01 -1.509802766694152254e+01 -1.442709127612647890e+01 -2.238375342616700081e+01
3.505246139545733541e+01 3.359519127768830060e+01 6.182146063086400289e+01 -1.468586360729289098e+01 -1.404206774812420555e+01 -2.249150195217350756e+01
3.365899467449553839e+01 3.226360974870370057e+01 6.008899913966661899e+01 -1.424287422602361275e+01 -1.362681465988378804e+01 -2.254165402989876910e+01
3.223213485153771529e+01 3.089937355771978389e+01 5.827875144023965248e+01 -1.376900837057223370e+01 -1.318137353581348492e+01 -2.252701050181002529e+01
3.077196800820699707e+01 2.950287592670391490e+01 5.638346674064059272e+01 -1.326448118629919115e+01 -1.270576224671926013e+01 -2.243972473167234583e+01
2.927990599873260535e+01 2.807344717293248593e+01 5.439525812169486585e+01 -1.272924596750105763e+01 -1.220052297308845191e+01 -2.227130576499105885e+01
2.775463713041522951e+01 2.661342274724545476e+01 5.230563493764343974e+01 -1.216448187938813597e+01 -1.166525321463520548e+01 -2.201265114196539940e+01
2.619780086052708867e+01 2.512248568648714553e+01 5.010557673706190940e+01 -1.157001557402876735e+01 -1.110120133795615338e+01 -2.165412123404728817e+01
2.461024119775929009e+01 2.360142827667966259e+01 4.778566312373487079e+01 -1.094712668079696094e+01 -1.050847616635531701e+01 -2.118566952349405241e+01
2.299277727504438218e+01 2.205139392727774705e+01 4.533627618734158915e+01 -1.029624707095300806e+01 -9.888360179383685278e+00 -2.059704545543836218e+01
2.134641107174605779e+01 2.047367874407634503e+01 4.274789332737730518e+01 -9.618581606588891830e+00 -9.241698077706628212e+00 -1.987808768528827486e+01
1.967267467796922631e+01 1.886938989062575089e+01 4.001148745494661085e+01 -8.915407419450813720e+00 -8.569603153056615241e+00 -1.901912470312153403e+01
1.797347059638623179e+01 1.723960676331070374e+01 3.711904732747432689e+01 -8.187993163613077385e+00 -7.873539631127480121e+00 -1.801149549854111243e+01
1.624968668069393019e+01 1.558676296185540977e+01 3.406422157556684738e+01 -1.684819470507969186e+01 -7.438117073999750417e+00 -7.154800856144979626e+00
1.450349379899928515e+01 1.391234063092272955e+01 3.084307437806429064e+01 -1.552462704238897118e+01 -6.667295290270833341e+00 -6.415274659093120668e+00
1.273695802739545258e+01 1.221824513655346678e+01 2.745491808095162156e+01 -1.403944233377417916e+01 -5.877425131842849204e+00 -5.656785010670221325e+00
1.095239464773483640e+01 1.050643269716229078e+01 2.390315943248237929e+01 -1.239538099965872675e+01 -5.070386094199246685e+00 -4.881473854055141004e+00
9.151869430301326602e+00 8.779385522822648724e+00 2.019606539217422991e+01 -1.060004061193948921e+01 -4.248597267917716636e+00 -4.091219822938287010e+00
7.337835905289148641e+00 7.039445944967131830e+00 1.634732891156457768e+01 -8.666442098876315114e+00 -3.414286081471781920e+00 -3.288340937795460217e+00
5.513157283901505501e+00 5.288761217931202907e+00 1.237630469159250524e+01 -6.613265939296941731e+00 -2.569743100889267495e+00 -2.475306555412929210e+00
3.680008241042066697e+00 3.530344276266973669e+00 8.307799969636270987e+00 -4.464643388319101902e+00 -1.717479734224929055e+00 -1.654542230201029529e+00
1.841387706543093472e+00 1.766519940286302770e+00 4.171352063637240981e+00 -2.249434460958521065e+00 -8.600537430313776044e-01 -8.285632253523202984e-01
5.926330487053782123e-15 5.751317042445172474e-15 1.507100536102203357e-14 -7.863075366076859834e-15 -3.308127544748158941e-15 -3.395825796012328011e-15
5.926330487053782123e-15 5.751317042445172474e-15 1.507100536102203357e-14 -7.863075366076859834e-15 -3.308127544748158941e-15 -3.395825796012328011e-15
-1.473172701217789760e+00 -2.836764257877703699e+00 4.929910125020519063e-01 8.707099536658754468e-01 6.146951597009127077e-01 -4.643784176306190448e-01
-2.945154619289144460e+00 -5.665872477444437116e+00 9.825611644420100266e-01 1.749367193073559701e+00 1.220598389938548634e+00 -9.250378882247346501e-01
-4.414758600056685189e+00 -8.479727923792371058e+00 1.465330629078589242e+00 2.643470872331060040e+00 1.809364751708967489e+00 -1.378298794577909936e+00
-5.880804413960266430e+00 -1.127085155761839985e+01 1.938000662141429409e+00 3.559607331057085489e+00 2.373559870771291713e+00 -1.820559248676846709e+00
-7.342122244149628330e+00 -1.403193779037787969e+01 2.397391725928291084e+00 4.502975697603861072e+00 2.907133188619471564e+00 -2.248331573238070646e+00
-8.797555987882621054e+00 -1.675590686835305831e+01 2.840478837638639398e+00 5.476949591159790742e+00 3.405855115664264243e+00 -2.658276074143444134e+00
-1.024596642798422685e+01 -1.943595283954176622e+01 3.264423414826589376e+00 6.482758513273772394e+00 3.867634482673635965e+00 -3.047231384334953663e+00
-1.168623424089490115e+01 -2.206558630188427372e+01 3.666601042066003568e+00 7.519385817215386680e+00 4.292619399716244288e+00 -3.412240821348196729e+00
-1.311726281442109965e+01 -2.463867130137433747e+01 4.044624750962740656e+00 8.583750096783841599e+00 4.683014678351775650e+00 -3.750574367570195466e+00
-1.453798085191585443e+01 -2.714945593487072273e+01 4.396363579780301123e+00 9.671165004144794963e+00 5.042620804880604268e+00 -4.059746055462133185e+00
-1.594734474323009898e+01 -2.959259640286829196e+01 4.719956348900090859e+00 1.077598797726259860e+01 5.376183981669522716e+00 -4.337526708943173936e+00
-1.734434068656922534e+01 -3.196317444327616286e+01 5.013820745165887161e+00 1.189231346015339952e+01 5.688701651109901114e+00 -4.581952147777490048e+00
-1.872798654934137019e+01 -3.425670825076564796e+01 5.276657944794937549e+00 1.301456787933165771e+01 5.984826236924657650e+00 -4.791327097169438609e+00
-2.009733346009506505e+01 -3.646915714130133068e+01 5.507453116150446526e+00 1.413791526891750117e+01 6.268458208800447018e+00 -4.964225154957144781e+00
-2.145146712761875207e+01 -3.859692035349910100e+01 5.705472227721755551e+00 1.525845218672263393e+01 6.542549826963141690e+00 -5.099485251338125913e+00
-2.278950888716911649e+01 -4.063683048454212354e+01 5.870255642767814308e+00 1.637322596652497708e+01 6.809085521014488052e+00 -5.196205090531972992e+00
-2.411061647750568326e+01 -4.258614213737946841e+01 6.001609011669774674e+00 1.748013630438313015e+01 7.069178905469297725e+00 -5.253732091659871095e+00
-2.541398455587048133e+01 -4.444251640810561810e+01 6.099591978944926218e+00 1.857777986943663606e+01 7.323226742791830723e+00 -5.271652350232431061e+00
-2.669884496122872264e+01 -4.620400186935822973e+01 6.164505207831751044e+00 1.966528290237815924e+01 7.571074893164702502e+00 -5.249778125730152567e+00
-2.796446673890592294e+01 -4.786901270984051138e+01 6.196876195602341042e+00 2.074214875946555381e+01 7.812169297007153901e+00 -5.188134329108680554e+00
-2.921015594221348621e+01 -4.943630467494028835e+01 6.197444311584435539e+00 2.180813248498457213e+01 8.045679913008111583e+00 -5.086944440947530843e+00
-3.043525522867492938e+01 -5.090494942251910970e+01 6.167145441368164782e+00 2.286314473242921608e+01 8.270595299277614387e+00 -4.946616240519817964e+00
-3.163914327011285010e+01 -5.227430786506317872e+01 6.107096568434414507e+00 2.390718215624938381e+01 8.485790726312099963e+00 -4.767727671896261121e+00
-3.282123399702734190e+01 -5.354400301824637154e+01 6.018580571525862233e+00 2.494027935575664046e+01 8.690074753963740406e+00 -4.551013118399415802e+00
-3.398097569851315569e+01 -5.471389281995665499e+01 5.903031464864230138e+00 2.596247722797337687e+01 8.882219433305492018e+00 -4.297350303672442529e+00
-3.511784999931052198e+01 -5.578404332611766137e+01 5.762020260553790685e+00 2.697380321590742724e+01 9.060978669274339481e+00 -4.007747988136023842e+00
-3.623137073560537402e+01 -5.675470263276623228e+01 5.597241589373922466e+00 2.797425984724821646e+01 9.225098377036214714e+00 -3.683334584823755087e+00
-3.732108275083618310e+01 -5.762627582003614890e+01 5.410501178285393564e+00 2.896381885171659576e+01 9.373321178419123711e+00 -3.325347779221206945e+00
-3.838656063207532299e+01 -5.839930116463746401e+01 5.203704250599996861e+00 2.994241890189864108e+01 9.504387635988532423e+00 -2.935125204005436750e+00
-3.942740740660104137e+01 -5.907442782434992523e+01 4.978844887774783068e+00 3.090996561320985947e+01 9.617035440711594774e+00 -2.514096191429457949e+00
-4.044325321704175025e+01 -5.965239516187543245e+01 4.737996369852250034e+00 3.186633287680492899e+01 9.709997541697140022e+00 -2.063774603175396738e+00
-4.143375399205048382e+01 -6.013401384659552917e+01 4.483302494155462448e+00 3.281136491267311328e+01 9.781999905470598833e+00 -1.585752719337183203e+00
-4.239859012784140901e+01 -6.052014885161657531e+01 4.216969858353358802e+00 3.374487864832460104e+01 9.831759388293395574e+00 -1.081696154164167423e+00
-4.333746519417417886e+01 -6.081170444989750479e+01 3.941261083765469131e+00 3.466666617692985142e+01 9.857982072731596546e+00 -5.533397556695943686e-01
-4.425010467647869916e+01 -6.100961130702544466e+01 3.658488947098817778e+00 3.557649714773424421e+01 9.859362338851553886e+00 -2.484438500932636355e-03
-4.513625476386746271e+01 -6.111481576883260658e+01 3.371011383024303587e+00 3.647412100613231445e+01 9.834582895938639879e+00 5.690051060683396500e-01
-4.599568119074457684e+01 -6.112827144893290665e+01 3.081227315478290762e+00 3.735926904184580621e+01 9.782315981413841399e+00 1.159201883178885284e+00
-4.682816813764868158e+01 -6.105093323345427336e+01 2.791573271678756019e+00 3.823165622885026238e+01 9.701225931679102743e+00 1.766117313683831958e+00
-4.763351719483274138e+01 -6.088375383666841856e+01 2.504520729032794435e+00 3.909098285530645001e+01 9.589973339038193600e+00 2.387701265646803073e+00
-4.841154638992233572e+01 -6.062768306033584764e+01 2.222574140800833931e+00 3.993693594931188073e+01 9.447221025131387506e+00 3.021841466855950120e+00
-4.916208927874091472e+01 -6.028366992955362491e+01 1.948269581070520839e+00 4.076919050914772669e+01 9.271642080723477619e+00 3.666362370719044250e+00
-4.988499409605248758e+01 -5.985266789625196537e+01 1.684173942751021613e+00 4.158741054631042999e+01 9.061930240761254751e+00 4.319023552601014337e+00
-5.058012296046717182e+01 -5.933564331521850477e+01 1.432884613415313479e+00 4.239124994688481962e+01 8.816812878826118194e+00 4.977517719987494260e+00
-5.124735112499131162e+01 -5.873358740277510037e+01 1.197029542357480159e+00 4.318035315210435243e+01 8.535066912590915322e+00 5.639468428244399867e+00
-5.188656626157944629e+01 -5.804753188027745381e+01 9.792675976325392329e-01 4.395435565231900199e+01 8.215537907168043219e+00 6.302427604668563887e+00
-5.249766776432364423e+01 -5.727856847773522020e+01 7.822890935047138727e-01 4.471288427969580681e+01 7.857162641209106013e+00 6.963872997392482667e+00
-5.308056605136400208e+01 -5.642787242028614969e+01 6.088163459700237645e-01 4.545555727310236449e+01 7.458995355428961638e+00 7.621205682964827588e+00
-5.363518183979591925e+01 -5.549672993417169664e+01 4.616040860881220342e-01 4.618198407252204873e+01 7.020237828497181809e+00 8.271747787442659927e+00
-5.416144536019161393e+01 -5.448656968051501082e+01 3.434395268746892049e-01 4.689176477803018628e+01 6.540273314336317867e+00 8.912740600920434630e+00
-5.465929546700262875e+01 -5.339899784502566149e+01 2.571418384178760230e-01 4.758448917671297096e+01 6.018704221466212978e+00 9.541343294807390407e+00
-5.512867858673616439e+01 -5.223583636959105547e+01 2.055607363588444481e-01 4.825973519499895303e+01 5.455393213998394941e+00 1.015463248489226444e+01
-5.556954742545891435e+01 -5.099916349680064087e+01 1.915738291787566216e-01 4.891706656579958690e+01 4.850507162404610995e+00 1.074960292112308302e+01
-5.598185932780801721e+01 -4.969135539891743036e+01 2.180822973569160328e-01 4.955602939679923935e+01 4.204563071275669195e+00 1.132316962654579484e+01
-5.636557413657745030e+01 -4.831512716372103000e+01 2.880043887057553986e-01 5.017614716678495057e+01 3.518474767439757844e+00 1.187217185200197633e+01
-5.672065133747634746e+01 -4.687357078843196945e+01 4.042661030769262864e-01 5.077691342476704506e+01 2.793598758785667879e+00 1.239337925837256904e+01
-5.704704617558064683e+01 -4.537018704859482199e+01 5.697882963244234045e-01 5.135778105837068352e+01 2.031777294372863363e+00 1.288350078197775872e+01
-5.734470427785678481e+01 -4.380890707965897235e+01 7.874692408454652126e-01 5.191814631990968820e+01 1.235376301912156416e+00 1.333919667783361085e+01
-5.761355407536726858e+01 -4.219409806592641843e+01 1.060161408133365901e+00 5.245732464045371302e+01 4.073155905604654570e-01 1.375709426531738266e+01
-5.785349592900912086e+01 -4.053054522061572129e+01 1.390640833091071338e+00 5.297451322192586787e+01 -4.489114666227551620e-01 1.413380791558165228e+01
-5.806438621616921836e+01 -3.882339851375427031e+01 1.781566779764802932e+00 5.346873167564836393e+01 -1.329231564293146262e+00 1.446596381261368869e+01
-5.824601353363513567e+01 -3.707806575099101565e+01 2.235428363378836547e+00 5.393872491486654752e+01 -2.229000999483131462e+00 1.475022998165616173e+01
-5.839806223548903574e+01 -3.530002004969259843e+01 2.754472924592602290e+00 5.438279849679871347e+01 -3.143033245273919807e+00 1.498335200022856029e+01
-5.852005500287593520e+01 -3.349446119000203481e+01 3.340607558231629692e+00 5.479852732353181466e+01 -4.065645983993521284e+00 1.516219467814881838e+01
-5.861125948457448942e+01 -3.166570624844660742e+01 3.995258729142505683e+00 5.518221357646281433e+01 -4.990728057836269826e+00 1.528378980402978371e+01
-5.867053089005552380e+01 -2.981603090977256798e+01 4.719162007123141045e+00 5.552781458586956376e+01 -5.911825635339478247e+00 1.534538979873892828e+01
-5.869603505111135178e+01 -2.794328039122650864e+01 5.512026916529503495e+00 5.582465760365910512e+01 -6.822245621702990981e+00 1.534452678675404869e+01
-5.868473604809630473e+01 -2.603540154944830221e+01 6.371961876849163708e+00 5.605208981578365268e+01 -7.715173074913944440e+00 1.527907619541442052e+01
-5.863138932417781746e+01 -2.405617820204773238e+01 7.294401500828577412e+00 5.616534126194066801e+01 -8.583798260232626376e+00 1.514732352903294732e+01
-5.852641180833902013e+01 -2.190116588594327496e+01 8.269909619589610017e+00 5.605159165695574330e+01 -9.421448113673715596e+00 1.494803245938425817e+01
-5.835094238583988613e+01 -1.922619815715080094e+01 9.279173738330717569e+00 5.535860750416823350e+01 -1.022171639962831691e+01 1.468051185800698022e+01
-5.806394754524551871e+01 -1.451926206338554515e+01 1.028004859979927765e+01 5.256674137535589608e+01 -1.097858680707828327e+01 1.434467891345381929e+01
-5.756280629690966322e+01 1.758844139509328608e+00 3.812970110666240942e+01 1.116808617442514873e+01 -1.168654364774397614e+01 1.394111508355435625e+01
-5.653313142933386359e+01 4.079417514181823634e+01 8.549802107960051689e-01 1.162631270799212047e+01 -1.234066565516368996e+01 1.347111139105125055e+01
-1.581272927919974691e+01 1.581272927991249055e+01 1.593309900398559131e+00 -1.593309901891155178e+00 1.581685037112039360e+01 -1.581685037047497744e+01
-1.581272927919974691e+01 1.581272927991249055e+01 1.593309900398559131e+00 -1.593309901891155178e+00 1.581685037112039360e+01 -1.581685037047497744e+01
-1.786582059366033093e+01 1.786582059429775882e+01 1.483537001062986693e-01 -1.483537015313044771e-01 1.669112199881251257e+01 -1.669112199816026632e+01
-1.880124621789911643e+01 1.880124621801027374e+01 -3.865353710724496183e-01 3.865353701668572395e-01 1.753467782431159705e+01 -1.753467782365318683e+01
-1.918647744939302413e+01 1.918647744910346020e+01 -8.310954675381252432e-01 8.310954670271938349e-01 1.834971451362911310e+01 -1.834971451296521749e+01
-1.951474134653463466e+01 1.951474134605203048e+01 -1.331273013971671526e+00 1.331273013648386794e+00 1.913312770216598935e+01 -1.913312770149732600e+01
-1.995696650986281995e+01 1.995696650931306593e+01 -1.863744171058832499e+00 1.863744170798278699e+00 1.988478373476471717e+01 -1.988478373409203925e+01
-2.053971372569955633e+01 2.053971372514316229e+01 -2.404645164782283295e+00 2.404645164524795486e+00 2.060506289760344600e+01 -2.060506289692747117e+01
-2.122087640300777167e+01 2.122087640247119111e+01 -2.943601264162136300e+00 2.943601263882046126e+00 2.129251411144743500e+01 -2.129251411076889866e+01
-2.198040562150005783e+01 2.198040562099267703e+01 -3.483414571519497738e+00 3.483414571208335531e+00 2.194796874346730320e+01 -2.194796874278700471e+01
-2.276674525477099564e+01 2.276674525429555374e+01 -4.022271809911474705e+00 4.022271809567447676e+00 2.256634469066226600e+01 -2.256634468998095144e+01
-2.354690714285334252e+01 2.354690714240920713e+01 -4.563097448513494747e+00 4.563097448138283774e+00 2.315303889940080850e+01 -2.315303889871942289e+01
-2.431934827764654372e+01 2.431934827723126347e+01 -5.111629005130479797e+00 5.111629004727437753e+00 2.370328660309726132e+01 -2.370328660241663954e+01
-2.505271947490253481e+01 2.505271947451384307e+01 -5.666213829758718568e+00 5.666213829331223195e+00 2.421741871527158096e+01 -2.421741871459262185e+01
-2.572131471643508149e+01 2.572131471607050912e+01 -6.229171015604367589e+00 6.229171015155969826e+00 2.469166108067733134e+01 -2.469166108000105098e+01
-2.634646853735305783e+01 2.634646853701008595e+01 -6.806653350848941741e+00 6.806653350383373713e+00 2.513052613480028796e+01 -2.513052613412767755e+01
-2.687939110098226791e+01 2.687939110065888926e+01 -7.393742149158297750e+00 7.393742148678786208e+00 2.552760441362108779e+01 -2.552760441295328775e+01
-2.735196865735017013e+01 2.735196865704448754e+01 -7.994771240297186665e+00 7.994771239807045404e+00 2.588904635719775271e+01 -2.588904635653594255e+01
-2.773270820325601349e+01 2.773270820296632166e+01 -8.609828054942232356e+00 8.609828054444466972e+00 2.620205790072194674e+01 -2.620205790006734858e+01
-2.804871995868171197e+01 2.804871995840652588e+01 -9.242010491281531515e+00 9.242010490779119181e+00 2.647736896565479725e+01 -2.647736896500876824e+01
-2.825640928818950925e+01 2.825640928792784479e+01 -9.882229531917007037e+00 9.882229531412724199e+00 2.670320303938447637e+01 -2.670320303874855483e+01
-2.840865412793770162e+01 2.840865412768818388e+01 -1.054446540516968156e+01 1.054446540466644855e+01 2.688727470899956629e+01 -2.688727470837524791e+01
-2.845365515951137780e+01 2.845365515927333533e+01 -1.121483156402405079e+01 1.121483156352454280e+01 2.702225716515847509e+01 -2.702225716454757176e+01
-2.841387853991078316e+01 2.841387853968338106e+01 -1.190110217281125315e+01 1.190110217231840117e+01 2.710214554898617934e+01 -2.710214554839057755e+01
-2.829257853132232015e+01 2.829257853110492604e+01 -1.260199594963978420e+01 1.260199594915648014e+01 2.713875083407706157e+01 -2.713875083349890360e+01
-2.810440516088485552e+01 2.810440516067675887e+01 -1.331518790157829812e+01 1.331518790110765416e+01 2.711737331688460984e+01 -2.711737331632612680e+01
-2.782047561051481566e+01 2.782047561031567540e+01 -1.403623415830856302e+01 1.403623415785372686e+01 2.703705264376998940e+01 -2.703705264323381030e+01
-2.745656531822028157e+01 2.745656531802971045e+01 -1.476694079102597890e+01 1.476694079059037001e+01 2.689749368396496365e+01 -2.689749368345398395e+01
-2.701949695158869247e+01 2.701949695140636720e+01 -1.550284534004572379e+01 1.550284533963305300e+01 2.669864477994677188e+01 -2.669864477946413928e+01
-2.651704335168138016e+01 2.651704335150694547e+01 -1.624852755475103194e+01 1.624852755436536356e+01 2.642785475969854758e+01 -2.642785475924788585e+01
-2.593417561023484197e+01 2.593417561006814864e+01 -1.699606165908184963e+01 1.699606165872758012e+01 2.608747129342979676e+01 -2.608747129301508849e+01
-2.529194281988291948e+01 2.529194281972368330e+01 -1.774585623995782058e+01 1.774585623963982073e+01 2.566871311407895462e+01 -2.566871311370477216e+01
-2.457984508548165792e+01 2.457984508532985402e+01 -1.848887293609496041e+01 1.848887293581865521e+01 2.517261619786082250e+01 -2.517261619753228175e+01
-2.380132006311337989e+01 2.380132006296889813e+01 -1.922082095364050147e+01 1.922082095341194830e+01 2.458871247544365346e+01 -2.458871247516658798e+01
-2.297436598336575742e+01 2.297436598322845214e+01 -1.994691506530917380e+01 1.994691506513523294e+01 2.391079537029112601e+01 -2.391079537007210831e+01
-2.208257675136027842e+01 2.208257675123009278e+01 -2.064823012307851968e+01 2.064823012296682236e+01 2.313055988860175205e+01 -2.313055988844823929e+01
-2.114348014591026725e+01 2.114348014578722257e+01 -2.132135446559507486e+01 2.132135446555428970e+01 2.223870411150110371e+01 -2.223870411142155845e+01
-2.015057180150754945e+01 2.015057180139161375e+01 -2.195638940936476757e+01 2.195638940940452599e+01 2.122966916931179426e+01 -2.122966916931576264e+01
-1.911780082178544760e+01 1.911780082167656047e+01 -2.254326902912898234e+01 2.254326902926018406e+01 2.008621611040801724e+01 -2.008621611050613609e+01
-1.803550076419485748e+01 1.803550076409303315e+01 -2.306158680389652815e+01 2.306158680413111384e+01 1.880309429488316297e+01 -1.880309429508734098e+01
-1.691700442228600565e+01 1.691700442219127609e+01 -2.349492931193861622e+01 2.349492931228962433e+01 1.736760768222005069e+01 -1.736760768254312737e+01
-1.575503109638424704e+01 1.575503109629664422e+01 -2.381473854173755456e+01 2.381473854221869146e+01 1.577417258757477825e+01 -1.577417258803043509e+01
-1.456712176330271546e+01 1.456712176322220742e+01 -2.399354587752029389e+01 2.399354587814521977e+01 1.400767212319354016e+01 -1.400767212379533433e+01
-1.333899295983642297e+01 1.333899295976314647e+01 -2.398323836436843592e+01 2.398323836514968477e+01 1.208141782045515100e+01 -1.208141782121561114e+01
-1.208663925841817210e+01 1.208663925835210584e+01 -2.373946307280673906e+01 2.373946307375314291e+01 1.000359568167349167e+01 -1.000359568260132193e+01
-1.080831068430958908e+01 1.080831068425073838e+01 -2.319466576448846951e+01 2.319466576560182602e+01 7.816625207369381378e+00 -7.816625208466383867e+00
-9.508830901092217402e+00 9.508830901040603578e+00 -2.227265976437958273e+01 2.227265976564920535e+01 5.586166897041053403e+00 -5.586166898296402117e+00
-8.185070241850370465e+00 8.185070241806110758e+00 -2.088372460026160127e+01 2.088372460165726707e+01 3.431763000945660114e+00 -3.431763002329192069e+00
-6.847151151414812453e+00 6.847151151377887324e+00 -1.893895142118183728e+01 1.893895142264451437e+01 1.497857550580384833e+00 -1.497857552032959783e+00
-5.494233305546909030e+00 5.494233305517329136e+00 -1.635706098904639205e+01 1.635706099048167417e+01 -2.019402715579942179e-02 2.019402572856383166e-02
-4.130175382756376301e+00 4.130175382734200262e+00 -1.309536419098744808e+01 1.309536419226655113e+01 -9.437884936094741439e-01 9.437884923363508705e-01
-2.758646036187221373e+00 2.758646036172453186e+00 -9.180227488476907283e+00 9.180227489450127010e+00 -1.175676126360655660e+00 1.175676125391386107e+00
-1.380505072111472664e+00 1.380505072104102560e+00 -4.738711879004294580e+00 4.738711879533375360e+00 -7.780894378064537875e-01 7.780894372793165648e-01
-1.611902799344303409e-23 1.618062992275478519e-23 -4.707462995673046607e-23 4.905624067074806072e-23 -3.172449820699631331e-14 3.172453330705016725e-14
