0.000000000000000000e+00 0.000000000000000000e+00 0.000000000000000000e+00 0.000000000000000000e+00 0.000000000000000000e+00 0.000000000000000000e+00
1.349819114645346190e+02 1.349819090737627789e+02 1.746407066265769004e+02 -8.377644695795583019e-01 -8.377644703374049762e-01 -2.352430631224941282e-01
1.349658431061725139e+02 1.349658425159050239e+02 1.746070494935093791e+02 -1.675497025829478126e+00 -1.675497027296627861e+00 -4.709458609561582576e-01
1.349390665025424028e+02 1.349390662637961498e+02 1.745509630994063173e+02 -2.513165636894495680e+00 -2.513165638952944203e+00 -7.075676695286645668e-01
1.349015795885486853e+02 1.349015795162098073e+02 1.744724633290273914e+02 -3.350738033476544864e+00 -3.350738035886446919e+00 -9.455668482750134718e-01
1.348533819331976815e+02 1.348533819469789705e+02 1.743715716115404177e+02 -4.188181589132769389e+00 -4.188181591424696038e+00 -1.185400383674480418e+00
1.347944731711372413e+02 1.347944732022826884e+02 1.742483154096954365e+02 -5.025463199363862543e+00 -5.025463200689464394e+00 -1.427523435200438673e+00
1.347248528143678357e+02 1.347248528442874260e+02 1.741027282592584413e+02 -5.862549158949657446e+00 -5.862549158159652940e+00 -1.672388884342320026e+00
1.346445202353465049e+02 1.346445202612260630e+02 1.739348497699346012e+02 -6.699405037032944321e+00 -6.699405033393620812e+00 -1.920446887448961526e+00
1.345534746089787177e+02 1.345534746310960372e+02 1.737447256186097775e+02 -7.535995550138968824e+00 -7.535995543835132260e+00 -2.172144433130331453e+00
1.344517148566454239e+02 1.344517148757717564e+02 1.735324075394302668e+02 -8.372284432666203813e+00 -8.372284424240357126e+00 -2.427924904939820827e+00
1.343392395877717149e+02 1.343392396046270107e+02 1.732979533121681754e+02 -9.208234303364520201e+00 -9.208234293235967982e+00 -2.688227650042473549e+00
1.342160470348886463e+02 1.342160470500631106e+02 1.730414267488068276e+02 -1.004380652768301374e+01 -1.004380651609724673e+01 -2.953487554555470407e+00
1.340821349809723699e+02 1.340821349949380306e+02 1.727628976787985948e+02 -1.087896107577513582e+01 -1.087896106286698661e+01 -3.224134626225926059e+00
1.339375006783932918e+02 1.339375006915200004e+02 1.724624419327397788e+02 -1.171365637548422356e+01 -1.171365636132719068e+01 -3.500593585088130677e+00
1.337821407589193541e+02 1.337821407715086650e+02 1.721401413246816787e+02 -1.254784915962602199e+01 -1.254784914425954945e+01 -3.783283462717374590e+00
1.336160511343268809e+02 1.336160511466239598e+02 1.717960836330028940e+02 -1.338149430688901020e+01 -1.338149429033285287e+01 -4.072617210671034549e+00
1.334392268868647875e+02 1.334392268990693253e+02 1.714303625798509358e+02 -1.421454467562998758e+01 -1.421454465789209110e+01 -4.369001318679263335e+00
1.332516621490257762e+02 1.332516621613099801e+02 1.710430778091550224e+02 -1.504695092978370852e+01 -1.504695091086446013e+01 -4.672835443118152909e+00
1.330533499718449093e+02 1.330533499843528205e+02 1.706343348632435664e+02 -1.587866135603655060e+01 -1.587866133593119500e+01 -4.984512046267581376e+00
1.328442821808747851e+02 1.328442821937333918e+02 1.702042451580099112e+02 -1.670962167133939502e+01 -1.670962165003953004e+01 -5.304416046823620334e+00
1.326244492189694597e+02 1.326244492322913118e+02 1.697529259566878750e+02 -1.753977481975035957e+01 -1.753977479724489186e+01 -5.632924482102699137e+00
1.323938399748294614e+02 1.323938399887174739e+02 1.692805003421783283e+02 -1.836906075750370704e+01 -1.836906073377931747e+01 -5.970406182341009504e+00
1.321524415962050512e+02 1.321524416107498041e+02 1.687870971879846991e+02 -1.919741622509551249e+01 -1.919741620013711625e+01 -6.317221457458157552e+00
1.319002392864692013e+02 1.319002393017576651e+02 1.682728511276978338e+02 -2.002477450505943324e+01 -2.002477447885034323e+01 -6.673721796619124014e+00
1.316372160832232794e+02 1.316372160993342391e+02 1.677379025230794696e+02 -2.085106516397296872e+01 -2.085106513649516202e+01 -7.040249580893394032e+00
1.313633526173510973e+02 1.313633526343569997e+02 1.671823974307166054e+02 -2.167621377708782759e+01 -2.167621374832194547e+01 -7.417137809274986004e+00
1.310786268508308012e+02 1.310786268688034966e+02 1.666064875672499852e+02 -2.250014163381191423e+01 -2.250014160373745042e+01 -7.804709838291038260e+00
1.307830137914038175e+02 1.307830138104097841e+02 1.660103302731806139e+02 -2.332276542208601455e+01 -2.332276539068127974e+01 -8.203279135391936094e+00
1.304764851819827243e+02 1.304764852020859962e+02 1.653940884752555576e+02 -2.414399688948972056e+01 -2.414399685673194185e+01 -8.613149046280453192e+00
1.301590091624520937e+02 1.301590091837165346e+02 1.647579306474165435e+02 -2.496374247867935026e+01 -2.496374244454460367e+01 -9.034612576302736286e+00
1.298305499012561768e+02 1.298305499237408753e+02 1.641020307703330445e+02 -2.578190293449789650e+01 -2.578190289896130238e+01 -9.467952185989869207e+00
1.294910671938490623e+02 1.294910672176153241e+02 1.634265682894997269e+02 -2.659837287980490927e+01 -2.659837284284037295e+01 -9.913439600805437735e+00
1.291405160247858248e+02 1.291405160498916587e+02 1.627317280719047403e+02 -2.741304035674217587e+01 -2.741304031832265764e+01 -1.037133563512094270e+01
1.287788460898131859e+02 1.287788461163166005e+02 1.620177003612653550e+02 -2.822578632978076385e+01 -2.822578628987806226e+01 -1.084189003041008625e+01
1.284060012739464582e+02 1.284060013019021369e+02 1.612846807318324522e+02 -2.903648414647508602e+01 -2.903648410506000488e+01 -1.132534130762119950e+01
1.280219190809957865e+02 1.280219191104614822e+02 1.605328700407545170e+02 -2.984499895137706105e+01 -2.984499890841932768e+01 -1.182191663365749967e+01
1.276265300095182909e+02 1.276265300405489711e+02 1.597624743790096318e+02 -3.065118704803036209e+01 -3.065118700349854919e+01 -1.233183170186627464e+01
1.272197568695224845e+02 1.272197569021732733e+02 1.589737050208911739e+02 -3.145489520336099787e+01 -3.145489515722265850e+01 -1.285529062641022691e+01
1.268015140335947279e+02 1.268015140679214170e+02 1.581667783720538125e+02 -3.225595988809705261e+01 -3.225595984031858876e+01 -1.339248585036833994e+01
1.263717066153418642e+02 1.263717066513988527e+02 1.573419159161127538e+02 -3.305420644607849567e+01 -3.305420639662515470e+01 -1.394359806738852647e+01
1.259302295671441101e+02 1.259302296049861383e+02 1.564993441597947026e+02 -3.384944818443823067e+01 -3.384944813327432200e+01 -1.450879615669104972e+01
1.254769666882423280e+02 1.254769667279252303e+02 1.556392945766357911e+02 -3.464148537564074104e+01 -3.464148532272925252e+01 -1.508823713119921983e+01
1.250117895330319158e+02 1.250117895746102903e+02 1.547620035492248576e+02 -3.543010416122988460e+01 -3.543010410653280218e+01 -1.568206609855396216e+01
1.245345562081401454e+02 1.245345562516696418e+02 1.538677123099862740e+02 -3.621507534584880261e+01 -3.621507528932690434e+01 -1.629041623474878620e+01
1.240451100454195483e+02 1.240451100909550064e+02 1.529566668805029508e+02 -3.699615306862276043e+01 -3.699615301023573721e+01 -1.691340877010526356e+01
1.235432781362731731e+02 1.235432781838703420e+02 1.520291180093657317e+02 -3.777307333732010619e+01 -3.777307327702644812e+01 -1.755115298729172935e+01
1.230288697108446883e+02 1.230288697605595161e+02 1.510853211085565135e+02 -3.854555240878742950e+01 -3.854555234654454665e+01 -1.820374623107399614e+01
1.225016743433927218e+02 1.225016743952816114e+02 1.501255361883515604e+02 -3.931328499696450507e+01 -3.931328493272864222e+01 -1.887127392947413540e+01
1.219614599626651028e+02 1.219614600167843719e+02 1.491500277907439909e+02 -4.007594228727344898e+01 -4.007594222099975667e+01 -1.955380962600040107e+01
1.214079706432093531e+02 1.214079706996155608e+02 1.481590649213759718e+02 -4.083316973329831256e+01 -4.083316966494084710e+01 -2.025141502260241921e+01
1.208409241502535281e+02 1.208409242090042426e+02 1.471529209799820990e+02 -4.158458460837052684e+01 -4.158458453788227871e+01 -2.096414003299637940e+01
1.202600092070020850e+02 1.202600092681541923e+02 1.461318736893302344e+02 -4.232977328087984858e+01 -4.232977320821284195e+01 -2.169202284599753483e+01
1.196648824488145664e+02 1.196648825124255922e+02 1.450962050226564770e+02 -4.306828817777019935e+01 -4.306828810287535703e+01 -2.243508999849181862e+01
1.190551650237324708e+02 1.190551650898604521e+02 1.440462011295893774e+02 -4.379964439565698342e+01 -4.379964431848441109e+01 -2.319335645767203502e+01
1.184304387930243081e+02 1.184304388617269694e+02 1.429821522605525104e+02 -4.452331591322134585e+01 -4.452331583372026103e+01 -2.396682571216314983e+01
1.177902420787559095e+02 1.177902421500910748e+02 1.419043526896413141e+02 -4.523873135186820349e+01 -4.523873126998713445e+01 -2.475548987165647929e+01
1.171340648977004406e+02 1.171340649717260192e+02 1.408131006359634796e+02 -4.594526922394651791e+01 -4.594526913963338899e+01 -2.555932977467282186e+01
1.164613436120375098e+02 1.164613436888111124e+02 1.397086981834364963e+02 -4.664225259895687969e+01 -4.664225251215911783e+01 -2.637831510407418989e+01
1.157714549170363227e+02 1.157714549966157449e+02 1.385914511990343385e+02 -4.732894310792930526e+01 -4.732894301859398922e+01 -2.721240450994447713e+01
1.150637090741110313e+02 1.150637091565522496e+02 1.374616692494705319e+02 -4.800453419433247149e+01 -4.800453410240668006e+01 -2.806154573946212949e+01
1.143373422839739817e+02 1.143373423693334843e+02 1.363196655163140179e+02 -4.866814350623084806e+01 -4.866814341166191582e+01 -2.892567577339051965e+01
1.135915080788987837e+02 1.135915081672313107e+02 1.351657567095224692e+02 -4.931880430867141740e+01 -4.931880421140711945e+01 -2.980472096881454291e+01
1.128252675949492527e+02 1.128252676863084361e+02 1.340002629793872018e+02 -4.995545577714656105e+01 -4.995545567713551804e+01 -3.069859720775856005e+01
1.120375785641850683e+02 1.120375786586218823e+02 1.328235078268753853e+02 -5.057693201211704093e+01 -5.057693190930924487e+01 -3.160721005132420203e+01
1.112272828428849465e+02 1.112272829404488448e+02 1.316358180123630177e+02 -5.118194959062168437e+01 -5.118194948496897467e+01 -3.253045489899401588e+01
1.103930922644127008e+02 1.103930923651494282e+02 1.304375234627420923e+02 -5.176909344357505205e+01 -5.176909333503189004e+01 -3.346821715275206088e+01
1.095335725740681880e+02 1.095335726780201782e+02 1.292289571768966425e+02 -5.233680081607682411e+01 -5.233680070460074774e+01 -3.442037238568233448e+01
1.086471251677857879e+02 1.086471252749905716e+02 1.280104551295287365e+02 -5.288334303257613556e+01 -5.288334291812896737e+01 -3.538678651470981862e+01
1.077319663165814916e+02 1.077319664270704607e+02 1.267823561733278694e+02 -5.340680474876829464e+01 -5.340680463131712941e+01 -3.636731597716137543e+01
1.067861035140429067e+02 1.067861036278412570e+02 1.255450019394687899e+02 -5.390506032750201371e+01 -5.390506020702040502e+01 -3.736180791082935571e+01
1.058073085350396383e+02 1.058073086521633712e+02 1.242987367364210343e+02 -5.437574692684708566e+01 -5.437574680331648835e+01 -3.837010033722938118e+01
1.047930867406519866e+02 1.047930868611073691e+02 1.230439074470653935e+02 -5.481623383530657634e+01 -5.481623370871824363e+01 -3.939202234775722644e+01
1.037406421082549599e+02 1.037406422320355688e+02 1.217808634240955712e+02 -5.522358753308132151e+01 -5.522358740343840111e+01 -4.042739429245256844e+01
1.026468374087711766e+02 1.026468375358562213e+02 1.205099563836946714e+02 -5.559453190138516021e+01 -5.559453176870503199e+01 -4.147602797109337303e+01
1.015081488988920171e+02 1.015081490292427162e+02 1.192315402974706586e+02 -5.592540294758254760e+01 -5.592540281189965867e+01 -4.253772682635000990e+01
1.003206148501455175e+02 1.003206149837027539e+02 1.179459712826404854e+02 -5.621209736800916090e+01 -5.621209722937857833e+01 -4.361228613874084914e+01
9.907977720779672381e+01 9.907977734447590024e+01 1.166536074904415727e+02 -5.645001424143375601e+01 -5.645001409993498243e+01 -4.469949322313922835e+01
9.778061567377635299e+01 9.778061581346389630e+01 1.153548089927618747e+02 -5.663398914733947720e+01 -5.663398900308102668e+01 -4.579912762659319725e+01
9.641747355851187251e+01 9.641747370105917980e+01 1.140499376669694129e+02 -5.675822005387036029e+01 -5.675821990699500219e+01 -4.691096132722782386e+01
9.498397487467558165e+01 9.498397501989343539e+01 1.127393570789292880e+02 -5.681618444843721960e+01 -5.681618429912833790e+01 -4.803475893401216013e+01
9.347293239146530652e+01 9.347293253911624333e+01 1.114234323641910436e+02 -5.680054742957366898e+01 -5.680054727806221848e+01 -4.917027788718016978e+01
9.187624678712073489e+01 9.187624693691212485e+01 1.101025301073314040e+02 -5.670306089772226699e+01 -5.670306074429462484e+01 -5.031726865910686541e+01
9.018479770714498045e+01 9.018479785871853949e+01 1.087770182194385455e+02 -5.651445465239219601e+01 -5.651445449739907190e+01 -5.147547495544878871e+01
8.838832856014002459e+01 8.838832871306337324e+01 1.074472658137219128e+02 -5.622432122758030459e+01 -5.622432107144700097e+01 -5.264463391637042378e+01
8.647532839878155642e+01 8.647532855253695061e+01 1.061136430792323466e+02 -5.582099781294704144e+01 -5.582099765618345799e+01 -5.382447631768389584e+01
8.443291641295478200e+01 8.443291656692818492e+01 1.047765211526798339e+02 -5.529145078775066935e+01 -5.529145063096301271e+01 -5.501472677174034231e+01
8.224673761326140209e+01 8.224673776673076020e+01 1.034362719883313702e+02 -5.462117144572211203e+01 -5.462117128962398738e+01 -5.621510392792174571e+01
7.990088243638376753e+01 7.990088258850957459e+01 1.020932682259788180e+02 -5.379409564234207863e+01 -5.379409548776463623e+01 -5.742532067258778739e+01
7.737784847908804409e+01 7.737784862890427462e+01 1.007478830569595090e+02 -5.279256557127541782e+01 -5.279256541917583689e+01 -5.864508432834326612e+01
7.465856950537404657e+01 7.465856965178384996e+01 9.940049008821948462e+01 -5.159735881444676409e+01 -5.159735866591308451e+01 -5.987409685249881619e+01
7.172254520723649307e+01 7.172254534901317413e+01 9.805146320440594820e+01 -5.018781814619606507e+01 -5.018781800244577340e+01 -6.111205503460688249e+01
6.854811446040278611e+01 6.854811459620074743e+01 9.670117642797603708e+01 -4.854212483285302682e+01 -4.854212469522214946e+01 -6.235865069295980589e+01
6.511292381915791339e+01 6.511292394753547796e+01 9.535000377731286392e+01 -4.663776717181440290e+01 -4.663776704173479004e+01 -6.361357086994924259e+01
6.139464945989114852e+01 6.139464957935153677e+01 9.399831912283895008e+01 -4.445226247973540978e+01 -4.445226235869423448e+01 -6.487649802618884110e+01
5.737203094280388171e+01 5.737203105185658103e+01 9.264649604111642134e+01 -4.196419089924487622e+01 -4.196419078872293795e+01 -6.614711023331190631e+01
5.302626355993883323e+01 5.302626365718502655e+01 9.129490766692747172e+01 -3.915458779231622088e+01 -3.915458769370201964e+01 -6.742508136536133634e+01
4.834276591670651158e+01 4.834276600095059706e+01 8.994392654332985160e+01 -3.600871136744370204e+01 -3.600871128192263626e+01 -6.871008128869632969e+01
4.331328421602215428e+01 4.331328428640578210e+01 8.859392446967950718e+01 -3.251814700970345484e+01 -3.251814693812337964e+01 -7.000177605034599537e+01
3.793821137408765054e+01 3.793821143023403408e+01 -2.868312644269700940e+01 -2.868312638542447957e+01 8.724527234761957573e+01 -7.129982806474528445e+01
3.222889284539427024e+01 3.222889288754961257e+01 -2.451483359992657185e+01 -2.451483355670490383e+01 8.589834002503262411e+01 -7.260389629879729512e+01
2.620958079483672520e+01 2.620958082398335875e+01 -2.003735884344946072e+01 -2.003735881328618618e+01 8.455349613795819153e+01 -7.391363645520722514e+01
1.991861898551978527e+01 1.991861900343202407e+01 -1.528888389836581574e+01 -1.528888387947668903e+01 8.321110795047412978e+01 -7.522870115404154490e+01
1.340843800555443366e+01 1.340843801477338104e+01 -1.032167712640874235e+01 -1.032167711624542683e+01 8.187154119255204421e+01 -7.654874011246941734e+01
6.744053743613852347e+00 6.744053747323563996e+00 -5.200592048383399835e+00 -5.200592043774347140e+00 8.053515989588740354e+01 -7.787340032264791034e+01
2.765902733277133995e-14 2.765902744666668301e-14 -2.134140368712860169e-14 -2.134140362297026974e-14 1.759577669008714111e-03 -1.759577668997818096e-03
2.765902733277133995e-14 2.765902744666668301e-14 -2.134140368712860169e-14 -2.134140362297026974e-14 1.759577669008714111e-03 -1.759577668997818096e-03
-1.215361204334602740e-11 -4.190086523077827323e-11 -4.805736567442723175e-10 6.090929423362267457e-12 4.279201865228302225e-08 -4.227898361822766496e-08
-2.438500971911000224e-11 -8.399406816970670882e-11 -8.911296686612904635e-10 1.223555745011223379e-11 2.145797360090475774e-08 -2.050178212140921988e-08
-3.650376891238893388e-11 -1.262319355442996796e-10 -1.195675876916933249e-09 1.828612330785810952e-11 1.437577310454041882e-08 -1.308222029971298490e-08
-4.846202491182807119e-11 -1.687173362972047535e-10 -1.396723230968585719e-09 2.420515336399630150e-11 1.086137292913507981e-08 -9.333631717982216112e-09
-6.067075266937184825e-11 -2.118611501898355828e-10 -1.515194940838293473e-09 3.030854160954344903e-11 8.767103151355403905e-09 -7.087224556315269680e-09
-7.249988016888243185e-11 -2.553719582362536126e-10 -1.575440199597432860e-09 3.607877763672071723e-11 7.388225647696689624e-09 -5.613846923358037652e-09
-8.425120343691229814e-11 -2.995187966087510281e-10 -1.597721779994209952e-09 4.178954374078164905e-11 6.417020453773784456e-09 -4.585411804094529912e-09
-9.577117897826522001e-11 -3.445451335053135373e-10 -1.595943527976716408e-09 4.727694987126466070e-11 5.700803822185322730e-09 -3.835070531356037458e-09
-1.071725389221001514e-10 -3.905043310324503937e-10 -1.580036993641607109e-09 5.265974660154988899e-11 5.155000227583745123e-09 -3.268246206699727646e-09
-1.183001774605408581e-10 -4.375988932508408346e-10 -1.555910492404870433e-09 5.779515440347440200e-11 4.729309228460245642e-09 -2.828497529352354247e-09
-1.292629808520282031e-10 -4.860294044788014187e-10 -1.527701068698094248e-09 6.276869944853292147e-11 4.391381458114324415e-09 -2.479136430248905059e-09
-1.400879191304712482e-10 -5.362105641128685279e-10 -1.497330712838526414e-09 6.760313035275143248e-11 4.118972690121139860e-09 -2.195597863837884082e-09
-1.506257848018812647e-10 -5.882869733013921701e-10 -1.466382731216698328e-09 7.218198472657606105e-11 3.897856051985879501e-09 -1.961936337378771946e-09
-1.610225870048992137e-10 -6.426755634017288482e-10 -1.435687472532309150e-09 7.662527154171484629e-11 3.717760692929509526e-09 -1.766605032519716792e-09
-1.711064653963748028e-10 -6.997554129322783394e-10 -1.405467173566404219e-09 8.077864882419841903e-11 3.570947487666738709e-09 -1.601241238860444438e-09
-1.808846938437888108e-10 -7.600061360467777228e-10 -1.375511280914759036e-09 8.465742186851392216e-11 3.451587562231668315e-09 -1.459736635259748122e-09
-1.903977057526437517e-10 -8.240296241425530363e-10 -1.345852641412852439e-09 8.828963116951670774e-11 3.355694039812514370e-09 -1.337450845519636834e-09
-1.996559231116609726e-10 -8.925743404652190407e-10 -1.315955970125830209e-09 9.169622808149754111e-11 3.279963130430230697e-09 -1.230890481493128777e-09
-2.086769827318457718e-10 -9.668793506306793855e-10 -1.284901454369050976e-09 9.488453902251728056e-11 3.221708425962383230e-09 -1.137065324076444618e-09
-2.173973007744392526e-10 -1.048125569524490564e-09 -1.251504980693955240e-09 9.780455431335699887e-11 3.178840719043690763e-09 -1.053907629533390025e-09
-2.258722012966785777e-10 -1.138063281111318630e-09 -1.214411712441967981e-09 1.004998092820239097e-10 3.150203366763978100e-09 -9.798244640533260861e-10
-2.340431709102389115e-10 -1.239128956958008101e-09 -1.171101166021082024e-09 3.134407313791034865e-09 1.029206893445379751e-10 -9.134851646446979946e-10
-2.420130038967003170e-10 -1.354915472502569177e-09 -1.118513687522164960e-09 3.130599569220315966e-09 1.051581910464979787e-10 -8.535858083066096995e-10
-2.496686570562053418e-10 -1.490263488263677601e-09 -1.051907049190986373e-09 3.138175237661085509e-09 1.071263776424813196e-10 -7.993680344939079837e-10
-2.570806526437185644e-10 -1.653392472564744685e-09 -9.630083661003032666e-10 3.156347253047125874e-09 1.088720371537162149e-10 -7.500820886705790629e-10
-2.641649450768142150e-10 -1.857741023648348160e-09 -8.383904321178525352e-10 3.184231034869965588e-09 1.103393850257608640e-10 -7.048796249530224839e-10
-2.710184098644871989e-10 -2.127012286136909939e-09 -6.543285248440306483e-10 3.221623444626831352e-09 1.115983862523945377e-10 -6.635520446581315875e-10
-2.776298074805418918e-10 -2.510981774003153575e-09 -3.608204663756852186e-10 3.267500566539364996e-09 1.126858743855722096e-10 -6.253491775267821674e-10
-2.840478097809911438e-10 -3.125796261399510174e-09 1.594400274123718081e-10 3.320533517036989285e-09 1.135858555661872645e-10 -5.900582227202110087e-10
-2.902216690190417052e-10 -4.331915969277206795e-09 1.268093468638242607e-09 3.379068707267632845e-09 1.142632050246449127e-10 -5.573199588604857306e-10
-2.962043722029648278e-10 -8.052990760527736677e-09 4.891249126671259873e-09 3.440452501161643251e-09 1.147989347247044883e-10 -5.268484313855068790e-10
-3.020021265369777785e-10 -9.108745460539623809e-08 8.783172558342202384e-08 3.500000030398041627e-09 1.151532422190548827e-10 -4.983812438685523246e-10
-3.074160235982430185e-10 -8.497188958978319052e-09 5.157745995822158742e-09 3.551345932046310842e-09 1.152502005407336034e-10 -4.717658481876974629e-10
-3.127414770940098427e-10 -5.636093723125638172e-09 2.230569828610465145e-09 3.586602195746324905e-09 1.152418274649218738e-10 -4.467136617748984177e-10
-3.178293266480045690e-10 -4.707093393718092203e-09 1.265043411587190125e-09 3.593964936313854835e-09 1.150460310738791025e-10 -4.232189600070559870e-10
-3.227545210421921203e-10 -4.296796973263157036e-09 8.585257731778750997e-10 3.562267623945423313e-09 1.147315970812166366e-10 -4.009839897245804801e-10
3.344538424481656591e+01 3.169148915895506846e+01 -1.438119215155830766e+01 8.692412120244298990e+00 -1.983644043897469800e+01 -1.703198874126472973e+01
3.428569391849326564e+01 3.132486120625430814e+01 -7.810472193736852198e+00 2.791050840558261026e+00 -2.022776862219848226e+01 -1.627845367385206643e+01
3.512109180147188425e+01 3.097373705524742959e+01 -6.143256029480098634e-01 -3.692390626968090395e+00 -2.060858116576375565e+01 -1.553396335807006956e+01
3.595147123585659443e+01 3.064091941404780783e+01 6.835475502498088218e+00 -1.038708115587038527e+01 -2.097872762056435292e+01 -1.480043655438961281e+01
3.677672718362368443e+01 3.032922606214956929e+01 1.413370313514016630e+01 -1.688878824095329634e+01 -2.133806510846029170e+01 -1.407979096574534594e+01
3.759675625072896565e+01 3.004148369309447375e+01 2.094531621936290833e+01 -2.286351623720034354e+01 -2.168645828869170344e+01 -1.337394080957111875e+01
3.841145671000852957e+01 2.978052063496139468e+01 2.706834693578753814e+01 -2.811038836309231570e+01 -2.202377931591940907e+01 -1.268479337948580721e+01
3.922072852285775468e+01 2.954915849380623527e+01 3.243577394223223109e+01 -3.256351578589052309e+01 -2.234990779038657038e+01 -1.201424461722271353e+01
4.002447335967405451e+01 2.935020275911366383e+01 3.707785276454741563e+01 -3.625432408395173667e+01 -2.266473070069677576e+01 -1.136417370837637542e+01
4.082259461904812525e+01 2.918643240841158359e+01 4.107670061566224717e+01 -3.926613434387838453e+01 -2.296814235970676066e+01 -1.073643671294035506e+01
4.161499744569340464e+01 2.906058855009791841e+01 4.453166414727311206e+01 -4.169952739442324940e+01 -2.326004433402524185e+01 -1.013285924310831554e+01
4.240158874710036940e+01 2.897536214903056973e+01 4.753918886790896181e+01 -4.365220990667180700e+01 -2.354034536761151486e+01 -9.555228206199569030e+00
4.318227720890598675e+01 2.893338088836380706e+01 5.018378806554626692e+01 -4.520998019305790905e+01 -2.380896129995465671e+01 -9.005282639690042501e+00
4.395697330896896204e+01 2.893719523333710342e+01 5.253557355357240510e+01 -4.644425601721805208e+01 -2.406581497930975644e+01 -8.484703678035380392e+00
4.472558933014265392e+01 2.898926377806296273e+01 5.465097890393473534e+01 -4.741279507079514133e+01 -2.431083617145629105e+01 -7.995103707083182520e+00
4.548803937173826739e+01 2.909193797458060615e+01 5.657470101997046186e+01 -4.816163396122740181e+01 -2.454396146443301419e+01 -7.538014781140513598e+00
4.624423935967256227e+01 2.924744636420939159e+01 5.834187236341760041e+01 -4.872725801602022955e+01 -2.476513416968963455e+01 -7.114876399837251952e+00
4.699410705529573562e+01 2.945787845408877104e+01 5.998004293586141955e+01 -4.913858099436756532e+01 -2.497430422008195805e+01 -6.727022766323594638e+00
4.773756206289527171e+01 2.972516840610021305e+01 6.151083702812717036e+01 -4.941859971000813800e+01 -2.517142806512253017e+01 -6.375669674409983223e+00
4.847452583587355690e+01 3.005107873035739985e+01 6.295127793951905915e+01 -4.958571675747676011e+01 -2.535646856388210324e+01 -6.061901199188044487e+00
4.920492168159878332e+01 3.043718420013699699e+01 6.431482249977838705e+01 -4.965477316487924497e+01 -2.552939487591960344e+01 -5.786656392455395093e+00
4.992867476492805423e+01 3.088485622837797706e+01 6.561215921416105346e+01 -4.963784478392312138e+01 -2.569018235060282862e+01 -5.550716209734238404e+00
5.064571211040439636e+01 3.139524796640820270e+01 6.685182076487471647e+01 -4.954485314094613813e+01 -2.583881241516130700e+01 -5.354690918504668495e+00
5.135596260313133854e+01 6.804065353006384953e+01 3.196928040197223453e+01 -4.938403340084476412e+01 -2.597527246179775062e+01 -5.199008256036343312e+00
5.205935698832585246e+01 6.918417807274792608e+01 3.260762974449796303e+01 -4.916229338730238396e+01 -2.609955573416187846e+01 -5.083902618428257192e+00
5.275582786955832404e+01 7.028686684337145607e+01 3.331071638944077762e+01 -4.888548989428095126e+01 -2.621166121347655675e+01 -5.009405568713130918e+00
5.344530970568263939e+01 7.135235906429473118e+01 3.407869574920695044e+01 -4.855864224875755042e+01 -2.631159350458122148e+01 -4.975337949839933493e+00
5.412773880646557245e+01 7.238362786907995883e+01 3.491145122452364546e+01 -4.818609818957855140e+01 -2.639936272214687207e+01 -4.981303876929639607e+00
5.480305332692272913e+01 7.338311103774370281e+01 3.580858956647179525e+01 -4.777166339601021861e+01 -2.647498437729005616e+01 -5.026686861659443117e+00
5.547119326037409337e+01 7.435281385999213910e+01 3.676943884544520103e+01 -4.731870319080700682e+01 -2.653847926480101904e+01 -5.110648289656553267e+00
5.613210043022534990e+01 7.529439055689491056e+01 3.779304919925332484e+01 -4.683022284145737757e+01 -2.658987335118284889e+01 -5.232128429575514161e+00
5.678571848049161730e+01 7.620920912281944481e+01 3.887819647925887523e+01 -4.630893131504680582e+01 -2.662919766367475916e+01 -5.389850100869870708e+00
5.743199286507639556e+01 7.709840327823597761e+01 4.002338885218745190e+01 -4.575729217136706950e+01 -2.665648818042331314e+01 -5.582325067513595585e+00
5.807087083581873799e+01 7.796291434777464247e+01 4.122687634802305467e+01 -4.517756440307614696e+01 -2.667178572194625374e+01 -5.807863159009051479e+00
5.870230142932694406e+01 7.880352522029788531e+01 4.248666327362194295e+01 -4.457183537450411137e+01 -2.667513584400623472e+01 -6.064584050357122003e+00
5.932623545261499487e+01 7.962088805226311194e+01 4.380052334014257553e+01 -4.394204751560014444e+01 -2.666658873200434243e+01 -6.350431562057215373e+00
5.994262546756107923e+01 8.041554700066252792e+01 4.516601728310712360e+01 -4.329002005294691457e+01 -2.664619909695826294e+01 -6.663190272661367430e+00
6.055142577420708960e+01 8.118795698668512273e+01 4.658051268992399940e+01 -4.261746677508132564e+01 -2.661402607303358891e+01 -7.000504172972635608e+00
6.115259239292092275e+01 8.193849927333195637e+01 4.804120569387561090e+01 -4.192601061227234993e+01 -2.657013311614524653e+01 -7.359897035528804032e+00
6.174608304544259596e+01 8.266749447285468477e+01 4.954514414842377334e+01 -4.121719564795204604e+01 -2.651458789908052438e+01 -7.738794128069065081e+00
6.233185713483997148e+01 8.337521347067139743e+01 5.108925186318545286e+01 -4.049249744248115235e+01 -2.644746180625597631e+01 -8.134544867228479248e+00
6.290987572439544095e+01 8.406188665215341871e+01 5.267035346438467514e+01 -2.636883213580524910e+01 -3.975332894542448514e+01 -8.544445990066018126e+00
6.348010151545189927e+01 8.472771174048227749e+01 5.428519943857424579e+01 -2.627877707373536964e+01 -3.900105223762310658e+01 -8.965764816790278147e+00
6.404249882424265650e+01 8.537286049248251629e+01 5.593049092871899575e+01 -2.617738085487593835e+01 -3.823697893340848708e+01 -9.395762188006008486e+00
6.459703355773530120e+01 8.599748445105333872e+01 5.760290387542897150e+01 -2.606473085882238294e+01 -3.746237769188743982e+01 -9.831714683048831560e+00
6.514367318851627431e+01 8.660171991460482843e+01 5.929911213161710748e+01 -2.594091815075360330e+01 -3.667847748666705598e+01 -1.027093576093325566e+01
6.568238672874826989e+01 8.718569225350037755e+01 6.101580922405771190e+01 -2.580603738656487423e+01 -3.588647084376918173e+01 -1.071079551002991614e+01
6.621314470323054024e+01 8.774951967921553830e+01 6.274972848778667611e+01 -2.566018672859883765e+01 -3.508751650669056232e+01 -1.114873874438700518e+01
6.673591912159309913e+01 8.829331655240966370e+01 6.449766135639011111e+01 -2.550346776430043505e+01 -3.428274162236048284e+01 -1.158230124100017377e+01
6.725068344966054212e+01 8.881719630037211743e+01 6.625647365034853919e+01 -2.533598542698222289e+01 -3.347324351950118881e+01 -1.200912397071453874e+01
6.775741258001656320e+01 8.932127400154855934e+01 6.802311976427748164e+01 -2.515784791850439817e+01 -3.266009113788289397e+01 -1.242696523333829717e+01
6.825608280180645693e+01 8.980566868447426998e+01 6.979465470991212328e+01 -2.496916663379603207e+01 -3.184432615682508683e+01 -1.283371066278346007e+01
6.874667176981299122e+01 9.027050537994266222e+01 7.156824402323221079e+01 -2.477005608715942486e+01 -3.102696386315907873e+01 -1.322738111880718392e+01
6.922915847283962876e+01 9.071591695826951707e+01 7.334117158978791906e+01 -2.456063384030193220e+01 -1.360613852682209313e+01 -3.020899379226936077e+01
6.970352320144375824e+01 9.114204577775494442e+01 7.511084548114097004e+01 -2.434102043204113386e+01 -1.396828976533312350e+01 -2.939138017046112239e+01
7.016974751505334496e+01 9.154904516567611950e+01 7.687480192685086422e+01 -2.411133930963445948e+01 -1.431228873133650836e+01 -2.857506218252079933e+01
7.062781420850949132e+01 9.193708074917786632e+01 7.863070757050707016e+01 -2.387171676166361678e+01 -1.463673673737050862e+01 -2.776095408479017124e+01
7.107770727807192657e+01 9.230633165010894459e+01 8.037636017514630282e+01 -2.362228185243147038e+01 -1.494038141006307718e+01 -2.694994518114109994e+01
7.151941188692963181e+01 9.265699155507542173e+01 8.210968795349943150e+01 -2.336316635779090589e+01 -1.522211426947893287e+01 -2.614289967690606886e+01
7.195291433025960259e+01 9.298926966964191365e+01 8.382874770258037245e+01 -2.309450470236492947e+01 -1.548096717202013650e+01 -2.534065642386230621e+01
7.237820199986936132e+01 9.330339156363559994e+01 8.553172192097635218e+01 -2.281643389807988598e+01 -1.571610779790736423e+01 -2.454402856784818709e+01
7.279526334847203373e+01 9.359959991284347325e+01 8.721691508171491591e+01 -2.252909348395588651e+01 -1.592683435825102833e+01 -2.375380310932223082e+01
7.320408785363346738e+01 9.387815514098031144e+01 8.888274922467179806e+01 -2.223262546709491971e+01 -1.611256968731273531e+01 -2.297074038618763225e+01
7.360466598143410977e+01 9.413933596461204445e+01 9.052775902100260907e+01 -2.192717426479278231e+01 -1.627285487362141225e+01 -2.219557348743722613e+01
7.399698914989191678e+01 9.438343984271217835e+01 9.215058644882925876e+01 -2.161288664772476764e+01 -1.640734256994430496e+01 -2.142900760555232864e+01
7.438104969218673546e+01 9.461078333169402299e+01 9.374997520511563209e+01 -2.128991168413577739e+01 -1.651579010743028419e+01 -2.067171933515705717e+01
7.475684081973398065e+01 9.482170234604684822e+01 9.532476496389978138e+01 -2.095840068497630071e+01 -1.659805252414659194e+01 -1.992435592509530551e+01
7.512435658514930026e+01 9.501655232415191676e+01 9.687388557635745201e+01 -2.061850714992247546e+01 -1.665407560322678293e+01 -1.918753449088246654e+01
7.548359184515011577e+01 9.519570829837773829e+01 9.839635129391999158e+01 -2.027038671422374705e+01 -1.668388900132914188e+01 -1.846184119435204352e+01
7.583454222344030882e+01 9.535956486822232137e+01 9.989125508218606342e+01 -1.991419709632048551e+01 -1.668759953437793442e+01 -1.774783039726002798e+01
7.617720407361996138e+01 9.550853607500451403e+01 1.013577630808308783e+02 -1.955009804616989655e+01 -1.666538467483054120e+01 -1.704602379562293990e+01
7.651157444216758563e+01 9.564305517645480847e+01 1.027951092533238295e+02 -1.917825129423703601e+01 -1.661748630312266428e+01 -1.635690954159821331e+01
7.683765103153984910e+01 9.576357431949125498e+01 1.042025902600161373e+02 -1.654420474555916343e+01 -1.879882050108619040e+01 -1.568094135983221449e+01
7.715543216343276356e+01 9.587056410947288043e+01 1.055795605791416705e+02 -1.644589312176222151e+01 -1.841197120752787342e+01 -1.501853766529926837e+01
7.746491674224891710e+01 9.596451307433136435e+01 1.069254278924286723e+02 -1.632295201683617591e+01 -1.801787078527290120e+01 -1.437008068979978326e+01
7.776610421881758839e+01 9.604592702216174871e+01 1.082396487453047769e+02 -1.617582448661012862e+01 -1.761668838804289905e+01 -1.373591562443776404e+01
7.805899455440911083e+01 9.611532829111160936e+01 1.095217244860273240e+02 -1.600499139860058762e+01 -1.720859490309564421e+01 -1.311634978553954767e+01
7.834358818509119260e+01 9.617325489074497114e+01 1.107711974833993764e+02 -1.581096710660639459e+01 -1.679376290312077202e+01 -1.251165181162470574e+01
7.861988598646965443e+01 9.622025953448114421e+01 1.119876476189271841e+02 -1.559429545301644104e+01 -1.637236659846104558e+01 -1.192205089917261418e+01
7.888788923885232407e+01 9.625690856317538646e+01 1.131706890462761379e+02 -1.535554608987244407e+01 -1.594458178962999817e+01 -1.134773608502168685e+01
7.914759959288925018e+01 9.628378076048642242e+01 1.143199672085451937e+02 -1.509531110739126269e+01 -1.551058582007879316e+01 -1.078885558333857375e+01
7.939901903572291531e+01 9.630146606128418796e+01 1.154351561021601071e+02 -1.481420195691743835e+01 -1.507055752918287439e+01 -1.024551618512238171e+01
7.964214985769311284e+01 9.631056415503867640e+01 1.165159557749613271e+02 -1.451284665405968966e+01 -1.462467720541591376e+01 -9.717782728214075405e+00
7.987699461964122349e+01 9.631168298687227036e+01 1.175620900452740756e+02 -1.419188724698232029e+01 -1.417312653968017422e+01 -9.205677645735006465e+00
8.010355612084524068e+01 9.630543715974970098e+01 1.185733044283091431e+02 -1.385197753440271207e+01 -1.371608857876456966e+01 -8.709180600773246184e+00
8.032183736763994375e+01 9.629244624211196424e+01 1.195493642560984711e+02 -1.349378101771963756e+01 -1.325374767890297711e+01 -8.228228214974937060e+00
8.053184154274791240e+01 9.627333298612600743e+01 1.204900529772639857e+02 -1.311796907181075866e+01 -1.278628945941404282e+01 -7.762713898461448991e+00
8.073357197536539331e+01 9.624872146262555361e+01 1.213951706231857770e+02 -1.272521931933531292e+01 -1.231390075639096260e+01 -7.312487788208382078e+00
8.092703211204101876e+01 9.621923511970410914e+01 1.222645324275634380e+02 -1.231621419382240923e+01 -1.183676957643471894e+01 -6.877356801629567862e+00
8.111222548838453861e+01 9.618549477286357785e+01 1.230979675868726133e+02 -1.189163967737347072e+01 -1.135508505039504179e+01 -6.457084811692133997e+00
8.128915570163627535e+01 9.614811653548977688e+01 1.238953181498342246e+02 -1.145218419943276800e+01 -1.086903738712048373e+01 -6.051392949330367088e+00
8.145782638413483312e+01 9.610770969933047070e+01 1.246564380246549035e+02 -1.099853768375368368e+01 -1.037881782719105317e+01 -5.659960038356212308e+00
8.161824117772161458e+01 9.606487457547645192e+01 1.253811920934750219e+02 -1.053139073139131732e+01 -9.884618596625683651e+00 -5.282423167369754147e+00
8.177040370910610534e+01 9.602020030716268195e+01 1.260694554241707124e+02 -1.005143392826467696e+01 -9.386632860551610946e+00 -4.918378402430844787e+00
8.191431756622105809e+01 9.597426266640196957e+01 1.267211125703201304e+02 -9.559357266542836129e+00 -8.885054676829318154e+00 -4.567381643426531745e+00
8.204998627560824787e+01 9.592762184713762963e+01 1.273360569508812006e+02 -9.055849669805464686e+00 -8.380078949622053130e+00 -4.228949626189999478e+00
8.217741328086439978e+01 9.588082026817117764e+01 1.279141903017172410e+02 -8.541598612603161556e+00 -7.871901382904671785e+00 -3.902561071476733812e+00
8.229660192213725622e+01 9.583438039952906706e+01 1.284554221918608619e+02 -8.017289825688695970e+00 -7.360718433906469294e+00 -3.587657980907196897e+00
8.240755541677296492e+01 9.578880262632694098e+01 1.289596695978853518e+02 -7.483607078803448331e+00 -6.846727266490066022e+00 -3.283647078939647468e+00
8.251027684104819571e+01 9.574456316434408620e+01 1.294268565305103493e+02 -6.941232033480329022e+00 -6.330125704452372659e+00 -2.989901398879519334e+00
8.260476911306420789e+01 9.570211204162410468e+01 1.298569137079558118e+02 -6.390844158862483582e+00 -5.811112184762450283e+00 -2.705762009807675117e+00
8.269103497682530701e+01 9.566187116035941074e+01 1.302497782712313779e+02 -5.833120704036817372e+00 -5.289885710721495826e+00 -2.430539880234627415e+00
8.276907698744497566e+01 9.562423245300212216e+01 1.306053935369554040e+02 -5.268736720839873655e+00 -4.766645805062203145e+00 -2.163517873151155069e+00
8.283889749754439435e+01 9.558955614632895958e+01 1.309237087838554032e+02 -4.698365131513512871e+00 -4.241592462974937305e+00 -1.903952866087593732e+00
8.290049864474518415e+01 9.555816914649373928e+01 1.312046790695010259e+02 -4.122676835967213016e+00 -3.714926105084822794e+00 -1.651077988698065324e+00
8.295388234016580498e+01 9.553036355764585608e+01 1.314482650744538432e+02 -3.542340853745206797e+00 -3.186847530376207605e+00 -1.404104969394947888e+00
8.299905025732029173e+01 9.550639534582212775e+01 1.316544329717145274e+02 -2.958024496099931344e+00 -2.657557869098547521e+00 -1.162226581560890093e+00
8.303600381960445986e+01 9.548648315977156642e+01 1.318231543210936252e+02 -2.370393563839567008e+00 -2.127258535718210108e+00 -9.246191789412827600e-01
8.306474417887785933e+01 9.547080732233584399e+01 1.319544059954251907e+02 -1.780112566847945832e+00 -1.596151182147772962e+00 -6.904453088417230600e-01
8.308527213384313370e+01 9.545950902745478572e+01 1.320481701928430027e+02 -1.187844961370631225e+00 -1.064437652361335918e+00 -4.588563901587356941e-01
8.309758731275360333e+01 9.545269010993270342e+01 1.321044352847292487e+02 -5.942534013224746170e-01 -5.323199484628674538e-01 -2.289954336974262816e-01
0.000000000000000000e+00 0.000000000000000000e+00 0.000000000000000000e+00 0.000000000000000000e+00 0.000000000000000000e+00 0.000000000000000000e+00
0.000000000000000000e+00 0.000000000000000000e+00 0.000000000000000000e+00 0.000000000000000000e+00 0.000000000000000000e+00 0.000000000000000000e+00
8.207703380869624255e+01 6.065410591274895324e+01 1.101156977967485489e+02 -4.718016780381340536e-01 -4.375427886775251074e-01 -2.052213224490208043e-01
8.205543567508919978e+01 6.063960869455070934e+01 1.100857299068508581e+02 -9.434192786391986107e-01 -8.748362039276136315e-01 -4.107995624028094594e-01
8.201994992323473355e+01 6.061491348976112192e+01 1.100357925230007794e+02 -1.414631759144581613e+00 -1.311667357253749611e+00 -6.170906913259838200e-01
8.197006443912952989e+01 6.058049937568424781e+01 1.099658951030413618e+02 -1.885191814815204037e+00 -1.747848025188622145e+00 -8.244494237317203655e-01
8.190656313234035224e+01 6.053553604966639767e+01 1.098760521025844099e+02 -2.355007348901917208e+00 -2.183032618414123771e+00 -1.033228347626595767e+00
8.182796196194792060e+01 6.048144769855788638e+01 1.097662821452206003e+02 -2.823819547568697796e+00 -2.617039363941889629e+00 -1.243777232976596592e+00
8.173596130379551994e+01 6.041646048025834403e+01 1.096366078828392716e+02 -3.291359097767033504e+00 -3.049693349016908694e+00 -1.456442330029488419e+00
8.162980563905878739e+01 6.034124264848826869e+01 1.094870558982862860e+02 -3.757541890811594065e+00 -3.480630073498323096e+00 -1.671565666543578299e+00
8.150834647322143667e+01 6.025684141242130920e+01 1.093176566017031917e+02 -4.222064119929076043e+00 -3.909699600082098492e+00 -1.889484344789631454e+00
8.137256942568272677e+01 6.016215559105138055e+01 1.091284441122541438e+02 -4.684622264138234904e+00 -4.336745808444782746e+00 -2.110529838330142738e+00
8.122277165110244823e+01 6.005675790086588250e+01 1.089194561227074587e+02 -5.145164132773906829e+00 -4.761354577630812379e+00 -2.335027288311795068e+00
8.105763948202258007e+01 5.994181698721191509e+01 1.086907337455444065e+02 -5.603500639164351149e+00 -5.183241226851976080e+00 -2.563294798884701020e+00
8.087841164209297062e+01 5.981593384968928007e+01 1.084423213393559138e+02 -6.059203844495849367e+00 -5.602351672446434172e+00 -2.795642731169879269e+00
8.068414436433748449e+01 5.967987632700422296e+01 1.081742663142554903e+02 -6.512143394583212341e+00 -6.018325177098978962e+00 -3.032372995061213938e+00
8.047537595469935923e+01 5.953291410083100033e+01 1.078866189149368324e+02 -6.962054623120187635e+00 -6.430925416637141012e+00 -3.273778337975555619e+00
8.025157916555180293e+01 5.937536585388058796e+01 1.075794319797964391e+02 -7.408789774426153052e+00 -6.839788410384730177e+00 -3.520141629444088593e+00
8.001180787989588339e+01 5.920795208141559129e+01 1.072527606744028503e+02 -7.852108839215001801e+00 -7.244630820627543599e+00 -3.771735140237594486e+00
7.975736190587360852e+01 5.902912975653970307e+01 1.069066621972968676e+02 -8.291470401964861736e+00 -7.645458221831289869e+00 -4.028819814456150006e+00
7.948755455828599281e+01 5.883932417276237459e+01 1.065411954559457541e+02 -8.726846878006382369e+00 -8.041748960848606131e+00 -4.291644532749653962e+00
7.920131665527890164e+01 5.863932433590415627e+01 1.061564207103368176e+02 -9.157953131659990476e+00 -8.433224616325084355e+00 -4.560445364515589795e+00
7.890017817650435461e+01 5.842730065948100560e+01 1.057523991814280464e+02 -9.584456075443673839e+00 -8.819639457009024852e+00 -4.835444806597113399e+00
7.858268493987051784e+01 5.820438760709139103e+01 1.053291926213101277e+02 -1.000610569400151739e+01 -9.200648455303072737e+00 -5.116851005601708025e+00
7.824966689476158876e+01 5.796941468482292947e+01 1.048868628415753363e+02 -1.042226422120598173e+01 -9.576277127845555626e+00 -5.404856960563630075e+00
7.789985863280649880e+01 5.772328518376313866e+01 1.044254711959275994e+02 -1.083327331470556310e+01 -9.945553359437866447e+00 -5.699639702180729017e+00
7.753357428701225729e+01 5.746530050333620210e+01 1.039450780126125409e+02 -1.123836024771642883e+01 -1.030860019147438322e+01 -6.001359444339156468e+00
7.715075634981421615e+01 5.719511052685814434e+01 1.034457419716936784e+02 -1.163703851671644784e+01 -1.066523417760264003e+01 -6.310158703057855867e+00
7.675078485234304537e+01 5.691290360941190585e+01 1.029275194215782534e+02 -1.202915073449469041e+01 -1.101492143906358834e+01 -6.626161377313611212e+00
7.633303147038400027e+01 5.661885161554519641e+01 1.023904636285200809e+02 -1.241443888331350820e+01 -1.135720634742211210e+01 -6.949471785485163977e+00
7.589871865052994337e+01 5.631124991689532067e+01 1.018346239520340930e+02 -1.279246242233918274e+01 -1.169179234367365616e+01 -7.280173650317351530e+00
7.544575465632692612e+01 5.599168145427353949e+01 1.012600449382687628e+02 -1.316282478610474271e+01 -1.201831436085263860e+01 -7.618329024387114679e+00
7.497496199392567462e+01 5.565878740990298468e+01 1.006667653223941414e+02 -1.352489563444403409e+01 -1.233661549446896366e+01 -7.963977146996570333e+00
7.448571235845079741e+01 5.531263135471935755e+01 1.000548169299048169e+02 -1.387854069861467465e+01 -1.264601608179103565e+01 -8.317133222248987323e+00
7.397769575021705180e+01 5.495292922886574871e+01 9.942422346546170786e+01 -1.422343766289823996e+01 -1.294599675754088963e+01 -8.677787106724608179e+00
7.345029880260784694e+01 5.457967012203226176e+01 9.877499917641853244e+01 -1.455840230554365533e+01 -1.323687127024615329e+01 -9.045901893668727212e+00
7.290433492418159744e+01 5.419138526094153718e+01 9.810714737651659334e+01 -1.488357926780469320e+01 -1.351759470001530872e+01 -9.421412378900758000e+00
7.233806432745063830e+01 5.378912714299035969e+01 9.742065881332507615e+01 -1.519846918855873241e+01 -1.378773535135715278e+01 -9.804223391715270353e+00
7.175180650753794964e+01 5.337185626602065724e+01 9.671550986085098600e+01 -1.550239901155066491e+01 -1.404700352687387799e+01 -1.019420797185506622e+01
7.114452718053553326e+01 5.293985345954826727e+01 9.599166051627346974e+01 -1.579447481604375092e+01 -1.429529784589089836e+01 -1.059120537114145755e+01
7.051605481023224797e+01 5.249250270610229308e+01 9.524905217695639692e+01 -1.607479805371744064e+01 -1.453148824220948931e+01 -1.099501885551466174e+01
6.986689604926438335e+01 5.202847514632183135e+01 9.448760517070252263e+01 -1.634234700086528846e+01 -1.475553385135818374e+01 -1.140541328001963173e+01
6.919479137947544700e+01 5.154917300536229163e+01 9.370721600856170141e+01 -1.659674979219563085e+01 -1.496670944311675555e+01 -1.182211240560273069e+01
6.850056718491877916e+01 5.105287723238470221e+01 9.290775432538049472e+01 -1.683735564473604995e+01 -1.516453381575748693e+01 -1.224479592243083914e+01
6.778408561737109039e+01 5.053879752156880301e+01 9.208905946854783053e+01 -1.706342676655710022e+01 -1.534857768536851630e+01 -1.267309613969904802e+01
6.704292191057399464e+01 5.000839509010293682e+01 9.125093669004624530e+01 -1.727420363651113178e+01 -1.551839841549360521e+01 -1.310659429652865349e+01
6.627881264105342041e+01 4.945893475054624844e+01 9.039315289082757943e+01 -1.746919317689058104e+01 -1.567325210021252602e+01 -1.354481644245136707e+01
6.548945381435432012e+01 4.889168743775341852e+01 8.951543185964399640e+01 -1.764747916698340902e+01 -1.581278369150222929e+01 -1.398722882907863507e+01
6.467538097984652268e+01 4.830505103020237101e+01 8.861744894068071687e+01 -1.780855314250812782e+01 -1.593619696869024871e+01 -1.443323274675577039e+01
6.383541959693026513e+01 4.769910128998358800e+01 8.769882505556606134e+01 -1.795155909154193807e+01 -1.604301108627497641e+01 -1.488215873123102462e+01
6.296885197577538662e+01 4.707342664955126565e+01 8.675911999551706799e+01 -1.807586062898151269e+01 -1.613249506912990228e+01 -1.533326005553320748e+01
6.207543357220946234e+01 4.642711412100012325e+01 8.579782488841725296e+01 -1.818020376648684433e+01 -1.620450719333526379e+01 -1.578570541130401494e+01
6.115423339594426011e+01 4.575991162805496515e+01 8.481435373352861973e+01 -1.826442972889689642e+01 -1.625778486085712871e+01 -1.623857067171929103e+01
6.020429162418110280e+01 4.507157373185506799e+01 8.380803388327633741e+01 -1.832752194736569251e+01 -1.629190090077907271e+01 -1.669082961488118144e+01
5.922595033041015711e+01 4.436053490713367609e+01 8.277809533723996083e+01 -1.836847638604108113e+01 -1.630639720652597546e+01 -1.714134347225570210e+01
5.821824048995364365e+01 4.362652727633436456e+01 8.172365869831499197e+01 -1.838633469543038501e+01 -1.630075628486861916e+01 -1.758884915156641426e+01
5.717965426080692026e+01 4.286981387397523235e+01 8.064372162535849498e+01 -1.838095300058917658e+01 -1.627363797929514533e+01 -1.803194596791011506e+01
5.611068047145152349e+01 4.208865958107980276e+01 7.953714360111956694e+01 -1.835059988814529319e+01 -1.622528787508344550e+01 -1.846908070135149060e+01
5.500917805282131212e+01 4.128396506311628400e+01 7.840262881983673537e+01 -1.829491802811173073e+01 -1.615458302060958218e+01 -1.889853078485144167e+01
5.387602126006324710e+01 4.045362993371433902e+01 7.723870698706288351e+01 -1.821284914297995172e+01 -1.606111532017720833e+01 -1.931838541456057712e+01
5.271016992607442830e+01 3.959749196513094915e+01 7.604371181718194350e+01 -1.810372947104491814e+01 -1.594410551423757383e+01 -1.972652436743354798e+01
5.151035385397243971e+01 3.871565329361020957e+01 7.481575701488804953e+01 -1.796663976066814783e+01 -1.580306376547875402e+01 -2.012059431193367232e+01
5.027608719786352509e+01 3.780747781482908465e+01 7.355270954004672035e+01 -1.780091498925010995e+01 -1.563729170143870206e+01 -2.049798241075710692e+01
4.900723368941213920e+01 3.687203894212726851e+01 7.225215998710451970e+01 -1.760565630623642264e+01 -1.544638344440999411e+01 -2.085578704627035052e+01
4.770346053509791773e+01 3.590867991451294472e+01 7.091138996921546322e+01 -1.738018175228373963e+01 -1.522978908826745581e+01 -2.119078555836671285e+01
4.636377834988860513e+01 3.491748927785324952e+01 6.952733649528954629e+01 -1.712396669556812157e+01 -1.498688967026795993e+01 -2.149939898250143955e+01
4.498781852831421446e+01 3.389804010000106871e+01 6.809655348109383510e+01 -1.683624012713250195e+01 -1.471741745754895270e+01 -2.177765392860228388e+01
4.357542497890036515e+01 3.284981592335361000e+01 6.661517076428395967e+01 -1.651656407644346203e+01 -1.442089421650749692e+01 -2.202114197031910692e+01
4.212637569546984651e+01 3.177250787365249707e+01 6.507885132495322011e+01 -1.616425888639464503e+01 -1.409722461803493587e+01 -2.222497724579547196e+01
4.064026621175890597e+01 3.066615072909983297e+01 6.348274788219929121e+01 -1.577929384605605634e+01 -1.374582513073160328e+01 -2.238375344007941692e+01
3.911710106575007018e+01 2.953055162797406297e+01 6.182146068517828752e+01 -1.536097215444867459e+01 -1.336695923330533020e+01 -2.249150196726959194e+01
3.755714095896442473e+01 2.836546348480245783e+01 6.008899919278965029e+01 -1.490931295923493138e+01 -1.296037595746976301e+01 -2.254165404618697721e+01
3.596031682085726544e+01 2.717119160883827078e+01 5.827875149207038419e+01 -1.442432339135816832e+01 -1.252605854410616892e+01 -2.252701051931264686e+01
3.432700265280849550e+01 2.594784130229313845e+01 5.638346679107085180e+01 -1.390605148576634065e+01 -1.206419197440043689e+01 -2.243972475043569759e+01
3.265699566372369844e+01 2.469635752776855853e+01 5.439525817060882673e+01 -1.335494766151731305e+01 -1.157482130402921250e+01 -2.227130578510227821e+01
3.095198385217752346e+01 2.341607604483257887e+01 5.230563498491712693e+01 -1.277088037409907351e+01 -1.105885474234730736e+01 -2.201265116358460006e+01
2.921212589467352316e+01 2.210816067110071259e+01 5.010557678256289904e+01 -1.215491910964249023e+01 -1.051629782174549987e+01 -2.165412125746932404e+01
2.743833169667869498e+01 2.077333779582243167e+01 4.778566316732211305e+01 -1.150741030869419568e+01 -9.948192554076904059e+00 -2.118566954928381207e+01
2.563180675400365516e+01 1.941236446557787687e+01 4.533627622886526609e+01 -1.082958225596729740e+01 -9.355025004815868073e+00 -2.059704548477657582e+01
2.379393409853632591e+01 1.802615573364231594e+01 4.274789336667913631e+01 -1.012242976046686849e+01 -8.737849925980594179e+00 -1.987808772108270716e+01
2.192606927569847386e+01 1.661599530825398574e+01 4.001148749186058495e+01 -9.387205399750175872e+00 -8.097805156191595799e+00 -1.901912475557487170e+01
2.002963900334719582e+01 1.518343837061836865e+01 3.711904736182783182e+01 -8.625476937639268371e+00 -7.436055686113429708e+00 -1.801149570313332759e+01
1.810697571807133599e+01 1.372947393757369916e+01 3.406422160718243930e+01 -1.684819465650706150e+01 -7.838765870276341197e+00 -6.754152139535444910e+00
1.615992063568766213e+01 1.225591380607973946e+01 3.084307440676223067e+01 -1.552462702895078728e+01 -7.029075034126406329e+00 -6.053494957034621038e+00
1.419065230905629349e+01 1.076455086541731987e+01 2.745491810655321530e+01 -1.403944232937271508e+01 -6.198426251476838900e+00 -5.335783920840244221e+00
1.220145651248433083e+01 9.257370841554065422e+00 2.390315945481407667e+01 -1.239538099894807033e+01 -5.349125316108970019e+00 -4.602734655090833904e+00
1.019500811836932463e+01 7.736246842457862094e+00 2.019606541107243203e+01 -1.060004061287056309e+01 -4.483361808815259586e+00 -3.856455299979730800e+00
8.173960473183793596e+00 6.203321383291529934e+00 1.634732892688103689e+01 -8.666442100420878702e+00 -3.603674525427794428e+00 -3.098952507623709440e+00
6.140903475241477949e+00 4.661015031288542332e+00 1.237630470319986919e+01 -6.613265940860046932e+00 -2.712751099998488513e+00 -2.332298566377739135e+00
4.098996524048896362e+00 3.111355996407525026e+00 8.307799977433402816e+00 -4.464643389537538809e+00 -1.813289292571121480e+00 -1.558732678463213395e+00
2.051016942617148953e+00 1.556890705790723084e+00 4.171352067553826259e+00 -2.249434461617854986e+00 -9.080771627044678107e-01 -7.805398089542787687e-01
7.426023160441322852e-15 6.218367865753899871e-15 1.423942646716370601e-14 -7.961025616106919279e-15 -3.081661619557256324e-15 -2.069025541910195553e-15
7.426023160441322852e-15 6.218367865753899871e-15 1.423942646716370601e-14 -7.961025616106919279e-15 -3.081661619557256324e-15 -2.069025541910195553e-15
1.473172633064027570e+00 2.836764326018054394e+00 -4.929910125032116452e-01 -8.707099538537865779e-01 -6.146951679101494426e-01 4.643784260279724685e-01
2.945154585201330555e+00 5.665872511505471110e+00 -9.825611644442791004e-01 -1.749367193436093704e+00 -1.220598394151001687e+00 9.250378928000984047e-01
4.414758577320057498e+00 8.479727946488907264e+00 -1.465330629082072456e+00 -2.643470872843707742e+00 -1.809364754635405026e+00 1.378298798017614013e+00
5.880804396895661590e+00 1.127085157462963139e+01 -1.938000662146037723e+00 -3.559607331688146026e+00 -2.373559873091177330e+00 1.820559251628625530e+00
7.342122230485379042e+00 1.403193780397568879e+01 -2.397391725934093110e+00 -4.502975698318817166e+00 -2.907133190602661177e+00 2.248331575937287052e+00
8.797555976481653772e+00 1.675590687967459402e+01 -2.840478837645573407e+00 -5.476949591925579064e+00 -3.405855117448251868e+00 2.658276076694547907e+00
1.024596641819865184e+01 1.943595284923507194e+01 -3.264423414834588755e+00 -6.482758514060583011e+00 -3.867634484333187572e+00 3.047231386782852880e+00
1.168623423231946035e+01 2.206558631035499474e+01 -3.666601042074974171e+00 -7.519385817998979427e+00 -4.292619401297689485e+00 3.412240823714891125e+00
1.311726280678462864e+01 2.463867130889376256e+01 -4.044624750972751315e+00 -8.583750097545280511e+00 -4.683014679883487297e+00 3.750574369865215640e+00
1.453798084502958687e+01 2.714945594162795572e+01 -4.396363579791223053e+00 -9.671165004871291160e+00 -5.042620806380947229e+00 4.059746057690960974e+00
1.594734473695656440e+01 2.959259640900106092e+01 -4.719956348911893862e+00 -1.077598797794582630e+01 -5.376183983149269707e+00 4.337526711108283806e+00
1.734434068080421554e+01 3.196317444888897441e+01 -5.013820745178446003e+00 -1.189231346078913454e+01 -5.688701652576069634e+00 4.581952149881603376e+00
1.872798654400591900e+01 3.425670825593772406e+01 -5.276657944808232692e+00 -1.301456787991836528e+01 -5.984826238380271057e+00 4.791327099214111485e+00
2.009733345512660563e+01 3.646915714609557568e+01 -5.507453116164381157e+00 -1.413791526945606414e+01 -6.268458210246885542e+00 4.964225156944519490e+00
2.145146712296658009e+01 3.859692035796648213e+01 -5.705472227736361646e+00 -1.525845218721486241e+01 -6.542549828401448053e+00 5.099485253271216934e+00
2.278950888279288378e+01 4.063683048872333359e+01 -5.870255642782812977e+00 -1.637322596697383759e+01 -6.809085522444327410e+00 5.196205092413236137e+00
2.411061647337211156e+01 4.258614214130804498e+01 -6.001609011685169470e+00 -1.748013630479183433e+01 -7.069178906890375202e+00 5.253732093492257782e+00
2.541398455195146866e+01 4.444251641181013213e+01 -6.099591978960581251e+00 -1.857777986980831386e+01 -7.323226744203248373e+00 5.271652352018128873e+00
2.669884495749977660e+01 4.620400187286320914e+01 -6.164505207847680524e+00 -1.966528290271597612e+01 -7.571074894566343971e+00 5.249778127472360723e+00
2.796446673534785177e+01 4.786901271316565953e+01 -6.196876195618002292e+00 -2.074214875977266459e+01 -7.812169298399020079e+00 5.188134330810197703e+00
2.921015593880870753e+01 4.943630467810335460e+01 -6.197444311599911160e+00 -2.180813248526355252e+01 -8.045679914390500898e+00 5.086944442611420314e+00
3.043525522540950234e+01 5.090494942553441859e+01 -6.167145441383225624e+00 -2.286314473268262049e+01 -8.270595300650201764e+00 4.946616242148218490e+00
3.163914326697209489e+01 5.227430786794545270e+01 -6.107096568448844742e+00 -2.390718215647941136e+01 -8.485790727675476930e+00 4.767727673491932272e+00
3.282123399400064301e+01 5.354400302100654585e+01 -6.018580571539623669e+00 -2.494027935596520251e+01 -8.690074755318050848e+00 4.551013119964537168e+00
3.398097569559054421e+01 5.471389282260494724e+01 -5.903031464876875134e+00 -2.596247722816232439e+01 -8.882219434651871026e+00 4.297350305209787003e+00
3.511784999648225636e+01 5.578404332866380599e+01 -5.762020260565146934e+00 -2.697380321607823461e+01 -9.060978670613334174e+00 4.007747989647659104e+00
3.623137073286390120e+01 5.675470263521798131e+01 -5.597241589383815885e+00 -2.797425984740212712e+01 -9.225098378368393526e+00 3.683334586311579173e+00
3.732108274817359472e+01 5.762627582240144619e+01 -5.410501178293593227e+00 -2.896381885185494198e+01 -9.373321179744907639e+00 3.325347780686947807e+00
3.838656062948557235e+01 5.839930116692229944e+01 -5.203704250606033810e+00 -2.994241890202231815e+01 -9.504387637309292813e+00 2.935125205451404984e+00
3.942740740407812439e+01 5.907442782656055869e+01 -4.978844887778308248e+00 -3.090996561331991899e+01 -9.617035442027937364e+00 2.514096192857172785e+00
4.044325321458033784e+01 5.965239516401686615e+01 -4.737996369853084033e+00 -3.186633287690202820e+01 -9.709997543009730947e+00 2.063774604586415595e+00
4.143375398964473533e+01 6.013401384867356825e+01 -4.483302494153324602e+00 -3.281136491275795208e+01 -9.781999906780161069e+00 1.585752720733047072e+00
4.239859012548746620e+01 6.052014885363489327e+01 -4.216969858347722422e+00 -3.374487864839782958e+01 -9.831759389600877697e+00 1.081696155546451266e+00
4.333746519186745871e+01 6.081170445186036488e+01 -3.941261083756048222e+00 -3.466666617699199548e+01 -9.857982074037439091e+00 5.533397570395305332e-01
4.425010467421526528e+01 6.100961130893677620e+01 -3.658488947084795218e+00 -3.557649714778592909e+01 -9.859362340156835103e+00 2.484439859954257288e-03
4.513625476164274630e+01 6.111481577069636018e+01 -3.371011383005744655e+00 -3.647412100617371777e+01 -9.834582897243622668e+00 -5.690051047192097311e-01
4.599568118855555099e+01 6.112827145075180368e+01 -3.081227315454468485e+00 -3.735926904187743958e+01 -9.782315982719110181e+00 -1.159201881838531678e+00
4.682816813549165147e+01 6.105093323523136206e+01 -2.791573271649106402e+00 -3.823165622887239579e+01 -9.701225932985190425e+00 -1.766117312351204394e+00
4.763351719270491458e+01 6.088375383840612898e+01 -2.504520728996754375e+00 -3.909098285531936767e+01 -9.589973340345647301e+00 -2.387701264320882810e+00
4.841154638782010977e+01 6.062768306203698643e+01 -2.222574140757981542e+00 -3.993693594931573898e+01 -9.447221026440304925e+00 -3.021841465535981985e+00
4.916208927666084350e+01 6.028366993122069317e+01 -1.948269581020253716e+00 -4.076919050914270315e+01 -9.271642082034198040e+00 -3.666362369404113419e+00
4.988499409399195628e+01 5.985266789788677499e+01 -1.684173942692596126e+00 -4.158741054629678757e+01 -9.061930242073517050e+00 -4.319023551290777085e+00
5.058012295842254957e+01 5.933564331682366344e+01 -1.432884613348063052e+00 -4.239124994686257963e+01 -8.816812880140378894e+00 -4.977517718680901204e+00
5.124735112296000494e+01 5.873358740435219261e+01 -1.197029542280634740e+00 -4.318035315207369251e+01 -8.535066913906870667e+00 -5.639468426941122381e+00
5.188656625955869117e+01 5.804753188182802148e+01 -9.792675975454659953e-01 -4.395435565228007846e+01 -8.215537908485098129e+00 -6.302427603368341735e+00
5.249766776230977428e+01 5.727856847926130257e+01 -7.822890934066398794e-01 -4.471288427964854151e+01 -7.857162642526897223e+00 -6.963872996094877976e+00
5.308056604935396905e+01 5.642787242178955864e+01 -6.088163458602041667e-01 -4.545555727304667926e+01 -7.458995356746977556e+00 -7.621205681669599663e+00
5.363518183778660386e+01 5.549672993565381063e+01 -4.616040859655450856e-01 -4.618198407245817805e+01 -7.020237829814322872e+00 -8.271747786149868276e+00
5.416144535817962691e+01 5.448656968197739303e+01 -3.434395267388221651e-01 -4.689176477795781040e+01 -6.540273315651201180e+00 -8.912740599630373239e+00
5.465929546498359315e+01 5.339899784647074199e+01 -2.571418382674285907e-01 -4.758448917663237410e+01 -6.018704222777594204e+00 -9.541343293520251123e+00
5.512867858470678328e+01 5.223583637101980770e+01 -2.055607361930854304e-01 -4.825973519490977282e+01 -5.455393215304346732e+00 -1.015463248360857484e+01
5.556954742341471842e+01 5.099916349821537409e+01 -1.915738289964511454e-01 -4.891706656570202938e+01 -4.850507163703041691e+00 -1.074960291984371707e+01
5.598185932574449453e+01 4.969135540032020515e+01 -2.180822971573591618e-01 -4.955602939669308427e+01 -4.204563072563773929e+00 -1.132316962527190540e+01
5.636557413448924336e+01 4.831512716511419114e+01 -2.880043884874587401e-01 -5.017614716667009844e+01 -3.518474768714657586e+00 -1.187217185073505377e+01
5.672065133535825510e+01 4.687357078981785463e+01 -4.042661028389922806e-01 -5.077691342464338220e+01 -2.793598760043379148e+00 -1.239337925711463306e+01
5.704704617342558493e+01 4.537018704997748131e+01 -5.697882960655303863e-01 -5.135778105823801809e+01 -2.031777295609124234e+00 -1.288350078073128024e+01
5.734470427565830164e+01 4.380890708104145403e+01 -7.874692405641201542e-01 -5.191814631976807703e+01 -1.235376303121822339e+00 -1.333919667660185837e+01
5.761355407311624077e+01 4.219409806731430734e+01 -1.060161407827481472e+00 -5.245732464030366060e+01 -4.073155917372424661e-01 -1.375709426410445957e+01
5.785349592669610530e+01 4.053054522201419019e+01 -1.390640832758856194e+00 -5.297451322176714683e+01 4.489114654858135656e-01 -1.413380791439234407e+01
5.806438621378249110e+01 3.882339851517071594e+01 -1.781566779403975120e+00 -5.346873167548121586e+01 1.329231563205037547e+00 -1.446596381145471355e+01
5.824601353116077007e+01 3.707806575243466085e+01 -2.235428362985657724e+00 -5.393872491469208796e+01 2.229000998454314431e+00 -1.475022998053563406e+01
5.839806223291014931e+01 3.530002005117514585e+01 -2.754472924162244318e+00 -5.438279849661866194e+01 3.143033244317163355e+00 -1.498335199915712757e+01
5.852005500017103401e+01 3.349446119153883927e+01 -3.340607557758100921e+00 -5.479852732334845911e+01 4.065645983124844598e+00 -1.516219467714011593e+01
5.861125948171698496e+01 3.166570625005753215e+01 -3.995258728616079225e+00 -5.518221357628137724e+01 4.990728057076221802e+00 -1.528378980310201207e+01
5.867053088701075581e+01 2.981603091148449636e+01 -4.719162006530011055e+00 -5.552781458569812401e+01 5.911825634714505284e+00 -1.534538979791642177e+01
5.869603504783086834e+01 2.794328039307839973e+01 -5.512026915846766961e+00 -5.582465760351328754e+01 6.822245621248979930e+00 -1.534452678607054743e+01
5.868473604451554593e+01 2.603540155149514135e+01 -6.371961876035897809e+00 -5.605208981569627724e+01 7.715173074681109355e+00 -1.527907619491843327e+01
5.863138932020267191e+01 2.405617820437403154e+01 -7.294401499810607703e+00 -5.616534126197822729e+01 8.583798260296099158e+00 -1.514732352879779320e+01
5.852641180382423869e+01 2.190116588869297232e+01 -8.269909618199992707e+00 -5.605159165728483117e+01 9.421448114151377951e+00 -1.494803245952653370e+01
5.835094238054021076e+01 1.922619816060737818e+01 -9.279173736087491520e+00 -5.535860750531088570e+01 1.022171640072549792e+01 -1.468051185873062714e+01
5.806394753869864189e+01 1.451926206824924037e+01 -1.028004859396206427e+01 -5.256674138029047327e+01 1.097858680920383811e+01 -1.434467891516719185e+01
5.756280628803089172e+01 -1.758844130953922225e+00 -3.812970109366471405e+01 -1.116808618791859509e+01 1.168654365191703803e+01 -1.394111508727603344e+01
5.653313141409191189e+01 -4.079417512593857253e+01 -8.549802076872615730e-01 -1.162631271259648003e+01 1.234066566545780042e+01 -1.347111140085467973e+01
-1.287406813171134701e+01 1.287406812914377063e+01 2.248988201091630390e-01 -2.248988176577955689e-01 -4.748105576817304829e+00 4.748105576701537878e+00
-1.287406813171134701e+01 1.287406812914377063e+01 2.248988201091630390e-01 -2.248988176577955689e-01 -4.748105576817304829e+00 4.748105576701537878e+00
-8.836130611927798029e+00 8.836130608425996513e+00 -2.312482034441531553e+00 2.312482037816975033e+00 -4.486310639497252062e+00 4.486310639391774657e+00
-5.271645010378462004e+00 5.271645006990083537e+00 -5.239211666079047980e+00 5.239211669331021781e+00 -4.215260436791790966e+00 4.215260436696771862e+00
-2.798031410105431771e+00 2.798031407331203813e+00 -7.645513167838276836e+00 7.645513170466050390e+00 -3.935506664588339198e+00 3.935506664503937380e+00
-1.232415023662956743e+00 1.232415021512236697e+00 -9.403942628157620831e+00 9.403942630151899351e+00 -3.646278174733195598e+00 3.646278174659563831e+00
-2.658568377682340445e-01 2.658568361121203538e-01 -1.067272017391869099e+01 1.067272017540835094e+01 -3.347496316216360679e+00 3.347496316153713902e+00
3.335720868894051505e-01 -3.335720881752503586e-01 -1.159842022083713253e+01 1.159842022194668232e+01 -3.038728862369834971e+00 3.038728862318290869e+00
7.027155326815393011e-01 -7.027155336924545415e-01 -1.228934253143596855e+01 1.228934253226073281e+01 -2.720019788146137873e+00 2.720019788105868308e+00
9.266088845978552868e-01 -9.266088854022700438e-01 -1.281839226782613750e+01 1.281839226843449886e+01 -2.391122644028131905e+00 2.391122643999386010e+00
1.056062604098790159e+00 -1.056062604744875344e+00 -1.322563416633597910e+01 1.322563416677618342e+01 -2.051291006251231952e+00 2.051291006234181591e+00
1.122306290469197609e+00 -1.122306290991882172e+00 -1.354309560873189611e+01 1.354309560903890031e+01 -1.701011823956407376e+00 1.701011823951211754e+00
1.144842004135712354e+00 -1.144842004560928439e+00 -1.378917617729501188e+01 1.378917617749463176e+01 -1.339484469372597575e+00 1.339484469379534248e+00
1.138114222284528854e+00 -1.138114222631215755e+00 -1.397343493381424295e+01 1.397343493392543046e+01 -9.665766195847333986e-01 9.665766196040010971e-01
1.111114047136409155e+00 -1.111114047418811479e+00 -1.410589104372953351e+01 1.410589104376662917e+01 -5.818467217881303499e-01 5.818467218199209201e-01
1.070909658696670652e+00 -1.070909658926476160e+00 -1.420097378855430925e+01 1.420097378852871373e+01 -1.851415479187245028e-01 1.851415479634309080e-01
1.020453957568630221e+00 -1.020453957754580809e+00 -1.425432849473259900e+01 1.425432849465306973e+01 2.239366911007229788e-01 -2.239366910428941537e-01
9.645129094918675206e-01 -9.645129096413123104e-01 -1.427283285290338277e+01 1.427283285277701097e+01 6.458435318235536959e-01 -6.458435317522159824e-01
9.044315936455900040e-01 -9.044315937641298486e-01 -1.425742256810685227e+01 1.425742256793924234e+01 1.080799511682415392e+00 -1.080799511597317020e+00
8.429088653706692247e-01 -8.429088654630637611e-01 -1.421282233112976989e+01 1.421282233092543379e+01 1.529541055702176244e+00 -1.529541055602932298e+00
7.811524054241401060e-01 -7.811524054944267714e-01 -1.413814546538879569e+01 1.413814546515148685e+01 1.991820213949893947e+00 -1.991820213836022369e+00
7.202207110273819435e-01 -7.202207110787554045e-01 -1.403239732915389304e+01 1.403239732888659930e+01 2.469217036912506824e+00 -2.469217036783602381e+00
6.606853211126242353e-01 -6.606853211477273780e-01 -1.389941828815015690e+01 1.389941828785523015e+01 2.961311431802419403e+00 -2.961311431658013582e+00
6.027498398937879420e-01 -6.027498399151252073e-01 -1.373954231965398520e+01 1.373954231933350911e+01 3.468564926710998364e+00 -3.468564926550511185e+00
5.476523459677995476e-01 -5.476523459775153313e-01 -1.355557361907687586e+01 1.355557361873244204e+01 3.992846936061874796e+00 -3.992846935884655668e+00
4.950645939257579675e-01 -4.950645939255253758e-01 -1.333666529683050328e+01 1.333666529646333743e+01 4.533748051854267658e+00 -4.533748051659650002e+00
4.451949849007460491e-01 -4.451949848922055475e-01 -1.309608905741571583e+01 1.309608905702678250e+01 5.091330150108400510e+00 -5.091330149895583190e+00
3.984601905015063283e-01 -3.984601904859694788e-01 -1.282555876301799103e+01 1.282555876260786398e+01 5.666928858221225163e+00 -5.666928857989346646e+00
3.548560660394062816e-01 -3.548560660179894133e-01 -1.252666552546011758e+01 1.252666552502912545e+01 6.262002770031316778e+00 -6.262002769779384082e+00
3.145382316308752424e-01 -3.145382316046181348e-01 -1.219948086970566870e+01 1.219948086925388786e+01 6.875942707039386370e+00 -6.875942706766336343e+00
2.768967048980866541e-01 -2.768967048679819576e-01 -1.184451746888146850e+01 1.184451746840874797e+01 7.510038531003438322e+00 -7.510038530707989324e+00
2.422502243683883338e-01 -2.422502243351900009e-01 -1.145819400005067301e+01 1.145819399955650475e+01 8.165111534070961241e+00 -8.165111533751703732e+00
2.106994712842076289e-01 -2.106994712486629784e-01 -1.104340409281555502e+01 1.104340409229919295e+01 8.841826772412913371e+00 -8.841826772068220208e+00
1.818445894206634494e-01 -1.818445893834905180e-01 -1.059872342570793435e+01 1.059872342516833221e+01 9.539088402293467439e+00 -9.539088401921469895e+00
1.558210143762100430e-01 -1.558210143380098500e-01 -1.012346289092709561e+01 1.012346289036289981e+01 1.025948055417634386e+01 -1.025948055377501689e+01
1.322995798847762527e-01 -1.322995798460493422e-01 -9.617316236871776169e+00 9.617316236281338249e+00 1.100093534138109241e+01 -1.100093534094812142e+01
1.113746702938835237e-01 -1.113746702549930218e-01 -9.077790295862426362e+00 9.077790295243621799e+00 1.176259334943073576e+01 -1.176259334896352904e+01
9.269210723481212388e-02 -9.269210719631661155e-02 -8.507930780240945623e+00 8.507930779591440285e+00 1.254241653824114167e+01 -1.254241653773673626e+01
7.628442523539905040e-02 -7.628442519772518637e-02 -7.905477974913947214e+00 7.905477974231010840e+00 1.333616876910501681e+01 -1.333616876856013711e+01
6.194465337503593516e-02 -6.194465333853423766e-02 -7.272669914194619167e+00 7.272669913475229286e+00 1.413515018082080843e+01 -1.413515018023204028e+01
4.952110152230948525e-02 -4.952110148722892180e-02 -6.609621796418720052e+00 6.609621795659636589e+00 1.493447116890593840e+01 -1.493447116826965981e+01
3.892438233899486733e-02 -3.892438230555343714e-02 -5.920460978294354248e+00 5.920460977492425947e+00 1.571421540984441556e+01 -1.571421540915717507e+01
2.990468032279930410e-02 -2.990468029177983586e-02 -5.208181315361684938e+00 5.208181314514203741e+00 1.644181503988727044e+01 -1.644181503914573739e+01
2.245639093748205001e-02 -2.245639090827208223e-02 -4.479190010566496127e+00 4.479190009671731865e+00 1.709621116861875834e+01 -1.709621116782139438e+01
1.635063972911496646e-02 -1.635063970215317949e-02 -3.743913623217030917e+00 3.743913622275536923e+00 1.761548131799536776e+01 -1.761548131714231502e+01
1.146749871217033964e-02 -1.146749868781070207e-02 -3.016323436971750205e+00 3.016323435987956714e+00 1.792415920779393090e+01 -1.792415920688929987e+01
7.676622368305943168e-03 -7.676622346714008331e-03 -2.314734841507564145e+00 2.314734840492191026e+00 1.791632715875739379e+01 -1.791632715781168628e+01
4.829942155848759508e-03 -4.829942137129540625e-03 -1.663468711825411450e+00 1.663468710798700512e+00 1.747403898721212556e+01 -1.747403898624540375e+01
2.800126160304129350e-03 -2.800126144497623940e-03 -1.090675103255960510e+00 1.090675102251290163e+00 1.643655614860328029e+01 -1.643655614764886153e+01
1.428826012410230623e-03 -1.428825999594798748e-03 -6.253376931172021091e-01 6.253376921838295077e-01 1.466823708749363853e+01 -1.466823708660063019e+01
6.024927307515282352e-04 -6.024927210953424450e-04 -2.905892827504169551e-01 2.905892819529301008e-01 1.206803645677999093e+01 -1.206803645601285879e+01
1.784632177415046927e-04 -1.784632111627478391e-04 -9.275944290416632265e-02 9.275944231520352745e-02 8.635529645901030449e+00 -8.635529645332400861e+00
2.230318495990623668e-05 -2.230318163747383654e-05 -1.215532449412291827e-02 1.215532417966032341e-02 4.513261686976990816e+00 -4.513261686672728423e+00
2.765902733277133995e-14 2.765902744666668301e-14 -2.134140368712860169e-14 -2.134140362297026974e-14 1.759577669008714111e-03 -1.759577668997818096e-03
