0.000000000000000000e+00 0.000000000000000000e+00 0.000000000000000000e+00 0.000000000000000000e+00 0.000000000000000000e+00 0.000000000000000000e+00
-7.188235766266007724e-06 -1.621298623888125210e-05 -7.306944610186158481e-06 3.363898200500550866e-07 1.562615800786242832e-07 2.451701563579284372e-07
-6.852259132313486051e-06 -1.574981322773546873e-05 -7.328730666420395886e-06 6.526527455747766684e-07 2.969931649717453707e-07 4.718110031970054372e-07
-6.298592600466452127e-06 -1.499853096260313143e-05 -7.363683765843604778e-06 9.288014196498859935e-07 4.075458227083680470e-07 6.704620711495636032e-07
-5.536786725499944357e-06 -1.398821706964617364e-05 -7.409545113038176218e-06 1.149200558629863711e-06 4.748685124213593639e-07 8.396374024038892566e-07
-4.580900426785650278e-06 -1.275665479301660947e-05 -7.463163589124856809e-06 1.302521689412520324e-06 4.879878368337272798e-07 9.837088348595481413e-07
-3.449919353612808856e-06 -1.134976454074664246e-05 -7.520271816495443186e-06 1.382446696600134146e-06 4.382663815929878817e-07 1.108892928222149060e-06
-2.168164385601049211e-06 -9.820849024132852900e-06 -7.575175074307680395e-06 1.387901160222600318e-06 3.195530115876121033e-07 1.220787550931129099e-06
-7.654979861116163030e-07 -8.229172015293829528e-06 -7.620438302161680112e-06 1.322990737748594209e-06 1.283536045046946342e-07 1.323359485735888034e-06
7.227202553114947526e-07 -6.637573760470632137e-06 -7.646751612522021763e-06 1.196711920571933749e-06 -1.358725753115137391e-07 1.418731285482618146e-06
2.256106096808206198e-06 -5.109262167574271422e-06 -7.643092644265447983e-06 1.022449219366120753e-06 -4.702658244037107065e-07 1.507294161098533912e-06
-3.703680743407864076e-06 3.790016096240792064e-06 -7.597279994338477904e-06 -8.680149704857561149e-07 8.171799207468425982e-07 1.587929496833221788e-06
-2.473118482256096605e-06 5.278004803329805691e-06 -7.496908308697847812e-06 -1.317926341519198227e-06 6.003590308222944359e-07 1.658275046216198356e-06
-1.456767449080011948e-06 6.672227424762932526e-06 -7.330568090965425107e-06 -1.803996880769691976e-06 3.920703497758763944e-07 1.715026439013708777e-06
7.927623529742898963e-06 -6.787030757265057640e-07 -7.089220798026457165e-06 2.112597663413221950e-07 -2.306045044528229600e-06 1.754291111231459510e-06
9.003939042931707710e-06 -1.446602768332078558e-07 -6.767534813777160326e-06 7.301151212652163777e-08 -2.800367688472729941e-06 1.772000049392547048e-06
9.868627239716942315e-06 1.585423609983473101e-07 -6.365014748855951961e-06 -1.336318588944919381e-08 -3.261855116540386141e-06 1.764378662812273777e-06
1.049909099096792797e-05 2.617805749480512842e-07 -5.886749860520106105e-06 -4.598448145070490890e-08 -3.666295642884176210e-06 1.728457283395754967e-06
1.088415413932807925e-05 2.104074400667332201e-07 -5.343648093531780664e-06 -3.079065449155274385e-08 -3.992999555331167762e-06 1.662590144865298372e-06
1.102454698113754982e-05 5.941752371298604587e-08 -4.752069247260754576e-06 1.934256304736318022e-08 -4.226996720749374600e-06 1.566933006801069407e-06
1.093240002817029537e-05 -1.323923822775553802e-07 -4.132834066474993381e-06 8.660764647344603840e-08 -4.360380236792475226e-06 1.443818848643216092e-06
1.062989705998191457e-05 -3.085389811918262725e-07 -3.509690793429912837e-06 1.509288631127305764e-07 -4.392591144180867099e-06 1.297965712571799787e-06
1.014731088497298369e-05 -4.205516700489293480e-07 -2.907395304197623176e-06 1.927441989923489392e-07 -4.329741557403327550e-06 1.136449373383141474e-06
9.520627627105942125e-06 -4.326858990127783308e-07 -2.349633755906865733e-06 1.954901892740146650e-07 -4.183267361031464640e-06 9.683874719069182717e-07
8.788933168851052830e-06 -3.252216092718514226e-07 -1.857013613672771913e-06 1.475754349148409082e-07 -3.968250123442633369e-06 8.042987454787569673e-07
7.991732383743015941e-06 -9.606956860291381066e-08 -1.445328586555552914e-06 4.378962471071307569e-08 -3.701687068570797881e-06 6.551456027104608698e-07
7.166369591938669233e-06 2.394644618495386138e-07 -1.124246899438170090e-06 -1.138415744688953616e-07 -3.400899090275829716e-06 5.311226124141822295e-07
6.507251185061573786e-07 6.345762993216743229e-06 -8.965223834796621573e-07 -3.082166795122244051e-06 -3.157980663339631554e-07 4.403255209653268431e-07
1.095372998274376011e-06 5.556641528428246474e-06 -7.577908346228465857e-07 -2.759673999867870211e-06 -5.454676754846265756e-07 3.874981037889505181e-07
1.524270291595479064e-06 4.818471988001623907e-06 -6.969718966216268613e-07 -2.444750933324106643e-06 -7.803619014270537310e-07 3.730784548256085787e-07
1.887048351484162604e-06 4.143170210201466498e-06 -6.972652802794062323e-07 -2.145490705026019257e-06 -9.941359873053402713e-07 3.927444837782639483e-07
2.137689318526707414e-06 3.535625331868814995e-06 -7.376834442161235515e-07 -1.866732792964551149e-06 -1.159322878262157166e-06 4.375864899353950127e-07
2.239468715832622401e-06 2.994944325564899053e-06 -7.950166700283275596e-07 -1.610423893588014749e-06 -1.250471871594223534e-06 4.949391015710621798e-07
2.168708989323044371e-06 2.516226935904666047e-06 -8.460749797406076125e-07 -1.376309788118509219e-06 -1.247265806396599624e-06 5.498059553342633568e-07
1.916992811533471403e-06 2.092616157024414179e-06 -8.700061288143712803e-07 -1.162866877623056826e-06 -1.137158624320035661e-06 5.867243645024260666e-07
1.491741089606008156e-06 1.717326957308649183e-06 -8.504572172208115066e-07 -9.683315060297321796e-07 -9.171656542351292630e-07 5.918512233507381176e-07
9.152726431857765813e-07 1.385377427088169213e-06 -7.773339557945737482e-07 -7.916670825272124678e-07 -5.945980728733657042e-07 5.550062561903251425e-07
2.226078415912989662e-07 1.094792127413193906e-06 -6.479250737896207101e-07 -6.333081813508613395e-07 -1.867125672619310721e-07 4.713871775447808515e-07
-5.416742611442164161e-07 8.471307041538545372e-07 -4.671999078013356072e-07 -4.955551964198568304e-07 2.806155271402337236e-07 3.426799549710183881e-07
-1.327218846445281136e-06 6.472742153825785130e-07 -2.471675749135154482e-07 -3.825491654054759254e-07 7.750244079458446472e-07 1.773300424827771822e-07
5.025069414898878963e-07 -2.082042251827323113e-06 -5.303183594575018870e-09 1.260414259177306005e-06 -2.998135194771335957e-07 -1.017673757680173442e-08
4.210278936580179013e-07 -2.756774823510130523e-06 2.377905285950555182e-07 1.700146291461443995e-06 -2.534112606671203521e-07 -2.010496947611597863e-07
4.100810863721973402e-07 -3.308672442727757961e-06 4.611373719310238387e-07 2.060559390905851849e-06 -2.488429937485459396e-07 -3.748074093960017503e-07
4.740039569522732835e-07 -3.705089212452480917e-06 6.460626198915551965e-07 2.314607938830123241e-06 -2.898284468793222365e-07 -5.124374556602778334e-07
6.124781578376012625e-07 -3.926055961165578217e-06 7.782739089080683764e-07 2.445305521400388374e-06 -3.771649397171962363e-07 -5.995766387378353720e-07
8.192677830927358750e-07 -3.965683936510328201e-06 8.490265666801277093e-07 2.448393996547423377e-06 -5.078462885100509668e-07 -6.290565317542831692e-07
1.081656877769762909e-06 -3.832229600072905962e-06 8.554309642496393308e-07 2.333408310450789074e-06 -6.745956913074241547e-07 -6.021734482712677662e-07
1.380691965697135371e-06 -3.546816169658167647e-06 8.003002410688926971e-07 2.122334896161153893e-06 -8.659092334226834959e-07 -5.282663346742867659e-07
1.692215753351484945e-06 -3.140980883778976688e-06 6.919227738515294399e-07 1.845664961981691513e-06 -1.066638217881119583e-06 -4.226133180413336884e-07
1.988578790605457286e-06 -2.653361137773330737e-06 5.437039307141075839e-07 1.536706218054692857e-06 -1.259057961877315448e-06 -3.031576805523564031e-07
2.240837691475947636e-06 -2.125900809629954623e-06 3.731801447758594190e-07 1.225900441070674309e-06 -1.424313673238642860e-06 -1.869426376827872918e-07
2.421224173344587530e-06 -1.599975677331243562e-06 2.000055725701326692e-07 9.368595104601596041e-07 -1.544096311104401709e-06 -8.719248383883361136e-08
2.505656352053869661e-06 -1.112782056747028091e-06 4.314489230651577179e-08 6.848502096734926370e-07 -1.602373894197991687e-06 -1.169878296455592755e-08
-6.942651700251251525e-07 2.476073379066335800e-06 -8.191973419392582051e-08 -1.587017923867483197e-06 4.773324968047187827e-07 3.730436009109216977e-08
-3.647920904171202472e-07 2.322382807222102613e-06 -1.651408014433830514e-07 -1.491147360462124302e-06 3.155557507527473175e-07 6.204844558477049045e-08
-1.337296089639037487e-07 2.043831313466915269e-06 -2.026456459092112896e-07 -1.314058610652581330e-06 1.963477817427944311e-07 6.747026945896569355e-08
1.000702675454249224e-09 1.649588371035219322e-06 -1.964047503941763215e-07 -1.061614301341052972e-06 1.136147360767802913e-07 5.938113746123949768e-08
5.231607888570884399e-08 1.158435344797944093e-06 -1.532337026450053573e-07 -7.460110922066630542e-07 5.942897615280189945e-08 4.303899161686765175e-08
4.236107208723550078e-08 5.974843768818279681e-07 -8.353004465250262770e-08 -3.849120939550842742e-07 2.476700813897606254e-08 2.238652400066955078e-08
1.101266568791600027e-22 1.388428391672370899e-21 -1.974970427423713896e-22 -8.945629826847182944e-22 5.314995262244550251e-23 5.208193420852394548e-23
1.101266568791600027e-22 1.388428391672370899e-21 -1.974970427423713896e-22 -8.945629826847182944e-22 5.314995262244550251e-23 5.208193420852394548e-23
3.362840598057221242e-01 2.776449543047860402e+00 -5.766426743766844831e-01 -7.372795497645809881e-01 1.595644552858941134e+00 -6.135192931285408102e-01
6.440590674626570644e-01 5.714272489784511855e+00 -1.154442895605771957e+00 -1.482213224103247518e+00 3.189091947560829254e+00 -1.229839367682073581e+00
8.988401163651739134e-01 8.931594743974835993e+00 -1.735057866111774594e+00 -2.241239857243572331e+00 4.774696081795656966e+00 -1.851816360191493427e+00
1.083580235576522277e+00 1.246821509397800298e+01 -2.320999713507589490e+00 -3.018513294319243201e+00 6.340728587540972683e+00 -2.482363039214077194e+00
1.190964761975610742e+00 1.626620564084365839e+01 -2.915730018860919426e+00 -3.815107862908803771e+00 7.868020937957957983e+00 -3.124352794474332562e+00
1.224257553015055899e+00 2.017159974766850894e+01 -3.523429595755248389e+00 -4.628598004640418040e+00 9.329863623190441047e+00 -3.780402460881167048e+00
1.196592823955673346e+00 2.395837166941835150e+01 -4.148448322389520548e+00 -5.453068735982701476e+00 1.069284104773042898e+01 -4.452534164726267285e+00
1.128831316495117365e+00 2.737020170648241901e+01 -4.794513082033101448e+00 -6.279563715687226377e+00 1.191831958459117224e+01 -5.141741572220531076e+00
1.046294159592426443e+00 3.017033287082000470e+01 -5.463834775265555166e+00 -7.096925493689022701e+00 1.296463693177969034e+01 -5.847509650746773424e+00
9.748314820796423197e-01 3.218750511955196458e+01 -6.156293540819090637e+00 -7.892933937010341516e+00 1.379043464542733410e+01 -6.567357516643014925e+00
9.367658550277787599e-01 3.334756375769479320e+01 -6.868884891560055550e+00 -8.655609807090165475e+00 1.435972104148277495e+01 -7.296489030088330274e+00
9.472697211815117591e-01 3.368498858797104845e+01 -7.595576438965283117e+00 -9.374526073194365594e+00 1.464887943127247816e+01 -8.027642072614895596e+00
1.011690023402086247e+00 3.333416982732356360e+01 -8.327661949290646959e+00 -1.004196313726340506e+01 1.465489161629074388e+01 -8.751220259823019987e+00
1.124222250275530577e+00 3.250471361417098137e+01 -9.054619699017573353e+00 -1.065375673139924118e+01 1.440286384356797456e+01 -9.455766051296063068e+00
1.268164053509716727e+00 3.144719862328681259e+01 -9.765400272910884638e+00 -1.120971735510953593e+01 1.395024016277147361e+01 -1.012879088286280904e+01
1.417758723683417266e+00 3.041547289106078722e+01 -1.044999702689950816e+01 -1.171354413134150008e+01 1.338558538670522324e+01 -1.075792058801427764e+01
1.541397713210171050e+00 2.962960975179923651e+01 -1.110109732168566055e+01 -1.217220886051369177e+01 1.282161958938635138e+01 -1.133225318412119087e+01
1.605727974704775463e+00 2.924159146132076614e+01 -1.171557744907315879e+01 -1.259484230845544417e+01 1.238445666428938630e+01 -1.184377435247750832e+01
1.580047777077680182e+00 2.930524850321946317e+01 -1.229559202088433167e+01 -1.299120913220201423e+01 1.220236804668521025e+01 -1.228864542383369773e+01
1.440310010271544483e+00 2.975364090485816959e+01 -1.284902594542933585e+01 -1.336990589664877582e+01 1.239679543816353657e+01 -1.266817519906806133e+01
3.548181142945129275e-06 -1.666100691993028064e-06 1.341526201798581028e-06 -2.486100993078781167e-06 -3.115992697894967052e-07 4.920779319981629036e-07
3.577398709803150414e-06 -2.367587937195458962e-06 2.191868582756684062e-06 -2.524606054450655918e-06 -3.213701429933392648e-07 4.057796493665976283e-07
3.577182960210253745e-06 -1.208696044213044978e-05 1.209379849947183621e-05 -2.542596284827769814e-06 -3.028216791885745317e-07 2.646166430506185782e-07
3.528027979707511263e-06 -3.816518214508132959e-07 5.969888792614737347e-07 -2.525454030049358840e-06 -2.534607035748128140e-07 7.031113282263973755e-08
3.413854325960835482e-06 2.843664592555440871e-07 -2.460654795359515542e-06 1.525189291564267339e-07 -1.619740934200456882e-07 -1.798985610435845939e-07
3.223869570642324676e-06 5.801638733311787606e-07 -2.339246657945944937e-06 7.327875522724284802e-08 1.957944113191594683e-07 -6.968938772387424537e-07
2.954024295404218675e-06 7.693941187441643347e-07 -2.157091725706577109e-06 7.321076334634661727e-08 -4.214051816879588912e-07 -2.218030211530388567e-07
2.607986028767223796e-06 8.997464629960980641e-07 -1.915785638258303687e-06 7.977919104083766256e-08 -6.963647629322037901e-07 -5.140155745953925661e-08
2.197581122185250614e-06 9.789802544271449679e-07 -1.623191433052913012e-06 6.105965526507922359e-08 -8.574225674879896092e-07 6.309963789003193557e-08
1.742656233454274155e-06 1.003723410396741999e-06 -1.293525456621195538e-06 7.488561007370272674e-10 -9.328199821846618103e-07 1.668782776686753035e-07
1.270289879113393319e-06 9.682721188620677632e-07 -9.469140180934221395e-07 -1.071050055805176668e-07 -9.180865977708482907e-07 2.655776714893562340e-07
8.132581720184550520e-07 8.685408360804116259e-07 -6.083132676187665857e-07 -2.596562412052722474e-07 -8.129524205509022623e-07 3.599855199136217877e-07
4.076637960284147174e-07 7.041037477970702838e-07 -3.056816167429369462e-07 -4.464524549584341767e-07 -6.255589839104139491e-07 4.494782626009351682e-07
8.972231417639299842e-08 4.790497468195664448e-07 -6.736523115340576540e-08 -6.510213654675232140e-07 -3.722598067545296013e-07 5.325326852856626724e-07
-1.080981042094565700e-07 2.019085338108302677e-07 8.115980708737886816e-08 -8.529418068683317493e-07 -7.554451072031877890e-08 6.066549597166057935e-07
-1.610844222978349265e-07 -1.151579653672063288e-07 1.207554610791462322e-07 -1.030279250089874448e-06 2.391248089122183369e-07 6.682092111233313547e-07
-5.564293737974848176e-08 -4.576780551368580165e-07 4.157873912489570701e-08 -1.162159348379282708e-06 5.469670464137183256e-07 7.123348113799217078e-07
2.088564526522453590e-07 -8.104562165377968923e-07 -1.552918037159688248e-07 -1.231165296333326803e-06 8.274242434407288907e-07 7.330525034608453116e-07
6.203493042431060091e-07 -1.159163879672338120e-06 -4.581258955205449698e-07 -1.225173024831629775e-06 1.066967426191392717e-06 7.236113410001498187e-07
1.156437452350798450e-06 -1.491692789804445233e-06 -8.466961499516011612e-07 -1.138218900554939052e-06 1.260569096107700630e-06 6.770811209388176078e-07
1.788150891526938069e-06 -1.799082613535249003e-06 -1.295675259079901332e-06 -9.701062582711817019e-07 1.411420934147324303e-06 5.871365404124647558e-07
2.484044812899937976e-06 -2.075919557564043902e-06 -1.778286323249514969e-06 -7.247646223150112590e-07 1.528879414970836720e-06 4.489085699248071532e-07
3.213642669456180304e-06 -2.320209675647393086e-06 -2.269304479896110321e-06 -4.078440720556548611e-07 1.625192479535810651e-06 2.597332408827725604e-07
3.949644243404753775e-06 -2.532816582255068230e-06 -2.746910471349135850e-06 -2.441995756486684617e-08 1.712021878139822941e-06 1.963856173886559288e-08
4.668796978753027464e-06 -2.716590294627184391e-06 -3.193354462877409220e-06 4.223036051764305744e-07 1.797794463037685022e-06 -2.685073472182919031e-07
5.351675220772303724e-06 -2.875303233646099368e-06 -3.594705860207863311e-06 9.308563974087209967e-07 1.886435075815761257e-06 -5.991591000433022209e-07
5.981765465566499481e-06 -3.012486795388782212e-06 -3.940087269911967405e-06 1.500136938004287252e-06 1.977378485426484158e-06 -9.644617586438261629e-07
6.544262007736133569e-06 -3.130266256382494994e-06 -4.220768383861474514e-06 2.127460067617502316e-06 2.066348931428099515e-06 -1.354699858211010560e-06
7.024903833846548550e-06 -3.228321018285681217e-06 -4.429397846025465536e-06 2.806711084245192036e-06 2.146377803258753270e-06 -1.758729589948243079e-06
7.409090126825439431e-06 -3.303127085389546719e-06 3.527079094056412657e-06 -4.559540383323357988e-06 2.208755652483628698e-06 -2.164341819541630928e-06
7.681421846409647682e-06 -3.347630553808481633e-06 4.272549558277584295e-06 -4.605582292035515384e-06 2.243859861803729872e-06 -2.558544221203287853e-06
7.825735240104974725e-06 -3.351461317642937587e-06 5.022121500673042443e-06 -4.562982943328870536e-06 2.241938255969919263e-06 -2.927790662001181564e-06
7.825622034873341127e-06 -3.301719725928070240e-06 5.750596603209760201e-06 -4.428782824561622876e-06 2.193949557818168986e-06 -3.258209075810632537e-06
7.665373655499860565e-06 -3.184299450665750601e-06 6.429766644243564706e-06 -4.202237309239883860e-06 2.092513483962098743e-06 -3.535904401767398378e-06
7.331233371106634072e-06 -2.985647081575378314e-06 7.029847237599723205e-06 -3.885426766013996372e-06 1.932948047319679621e-06 -3.747424275747470972e-06
6.812813601505609123e-06 -2.694828136820186250e-06 7.521057153662095776e-06 -3.483709775902836096e-06 1.714304850916074665e-06 -3.880472373625397457e-06
6.104519655539885669e-06 -2.305747837830660223e-06 7.875290555204543581e-06 -3.005924337482434784e-06 1.440261615467851650e-06 -3.924919609904948594e-06
5.206819291167381813e-06 -1.819354719583820067e-06 8.067843566172907302e-06 -2.464291460914174074e-06 1.119709234999669859e-06 -3.874074945864408087e-06
4.127217983741397526e-06 -1.245605986265766426e-06 8.079134277814465384e-06 -1.874030944928475790e-06 7.668666647847945604e-07 -3.726037873206072149e-06
2.880817717672433425e-06 -6.049125180456927790e-07 7.896289025115395109e-06 -1.252735068686667623e-06 4.007800594132898959e-07 -3.484796561996758503e-06
1.490373955897066784e-06 7.126373651165887164e-08 7.514405123169606969e-06 -6.195687927810495511e-07 4.411445081683334906e-08 -3.160649823738605810e-06
-1.419877153927204095e-08 7.409455315853373162e-07 6.937279844820737440e-06 5.632508064507365953e-09 -2.787462725574592303e-07 -2.769622809100720019e-06
-1.596870368964996039e-06 1.353428394637991053e-06 6.177458463474543782e-06 6.033032463955348774e-07 -5.441047518747981421e-07 -2.331839981201556504e-06
-3.217038033800342875e-06 1.852207334391201483e-06 5.255560690286749075e-06 1.155073397701032545e-06 -7.314983496467091775e-07 -1.869196275203143246e-06
-4.831468566779402380e-06 2.178727071265358102e-06 4.198966818942998885e-06 1.644637976264057444e-06 -8.259430136393518709e-07 -1.402912032825227745e-06
-6.396501103358134802e-06 2.276543005906281390e-06 3.040029926506939519e-06 2.058533817059681544e-06 -8.194924634299051425e-07 -9.515439368084460900e-07
-7.870349451506061293e-06 2.095517078758686142e-06 1.814015048280929776e-06 2.386787131133229146e-06 -7.119338464165343527e-07 -5.297793036582667673e-07
-9.215334634649475801e-06 1.595740527285298458e-06 5.569713403467633581e-07 2.623392447285267538e-06 -5.106532455882065210e-07 -1.480472310406631861e-07
-1.039989806120823014e-05 7.509540118633323253e-07 -6.962877573832819450e-07 2.766581544913815438e-06 -2.298553457776727246e-07 1.872320846569427717e-07
-1.140026308289535750e-05 -4.487215700855697976e-07 -1.913950976867705054e-06 2.818840568200372635e-06 1.106336911963426878e-07 4.730112329503229447e-07
-1.220165767988950731e-05 -1.994906275995079220e-06 -3.068618465576353089e-06 2.786647979135669488e-06 4.867803039267433625e-07 7.088134230874545453e-07
-1.279902302333256966e-05 -3.860062691673142143e-06 -4.138292638638220288e-06 2.679920534018670839e-06 8.718436336964301190e-07 8.959123038828567463e-07
-1.319718183219367810e-05 -5.997683405487833406e-06 -5.106918048896635626e-06 2.511192461631154169e-06 1.237902231299343753e-06 1.036565664916285214e-06
-1.341044761268438556e-05 -8.343608611063123480e-06 -5.964471404306937903e-06 2.294583729840152682e-06 1.557400680867743367e-06 1.133317954271748210e-06
-1.346167314358105771e-05 -1.081847019926050906e-05 -6.706633561857683078e-06 2.044648943661960125e-06 1.804737535459017482e-06 1.188353777655754551e-06
-1.338077652404329930e-05 -1.333118460472763264e-05 -7.334092713353898774e-06 1.775223627252258282e-06 1.957914549985253555e-06 1.202875594319742166e-06
-1.320280025830606172e-05 -1.578332689144030252e-05 -7.851564464382236513e-06 1.498389152562210873e-06 2.000228809899769357e-06 1.176503570694631722e-06
-1.296559337877959252e-05 -1.807418792504852549e-05 -8.266612669379588371e-06 1.223662886165059061e-06 1.921930123225986565e-06 1.106787048172112818e-06
-1.270726235598574751e-05 -2.010618419074592126e-05 -8.588386479081695042e-06 9.574937871006162437e-07 1.721671325309406762e-06 9.891462953383152228e-07
-1.246354497078758357e-05 -2.179031499872700580e-05 -8.826368255333035182e-06 7.030986672799939650e-07 1.407488827522171346e-06 8.179989663800976711e-07
-1.226530708800816836e-05 -2.305123435305663775e-05 -8.989256753468429325e-06 4.606385910454240459e-07 9.969915583196539517e-07 5.902238679410475153e-07
-1.213633512344582795e-05 -2.383154879877415826e-05 -9.084086225002120429e-06 2.276969247202093176e-07 5.164074367071168883e-07 3.114091621012663207e-07
0.000000000000000000e+00 0.000000000000000000e+00 0.000000000000000000e+00 0.000000000000000000e+00 0.000000000000000000e+00 0.000000000000000000e+00
0.000000000000000000e+00 0.000000000000000000e+00 0.000000000000000000e+00 0.000000000000000000e+00 0.000000000000000000e+00 0.000000000000000000e+00
3.854307319839506363e+01 2.786386966304366908e+01 5.795604114477745838e+01 -1.103351184953096364e+00 2.026414353927374012e+00 5.095140646275373797e+01
3.989259639122850842e+01 2.645646822922857666e+01 5.790375706753793139e+01 8.246343307664574240e-01 8.302203167316298815e-01 9.468492303762832307e+01
3.399399975303523291e+01 3.225445913362326422e+01 5.781775830970855168e+01 5.137772129691787093e+00 -3.105812474170408510e+00 1.268288327121882446e+02
2.590066075037724858e+01 4.019900168913954985e+01 5.769935482083722889e+01 -6.809254431300979959e+00 8.751678620570556788e+00 1.464086659441376810e+02
2.679596509507556945e+01 3.910046090016871290e+01 5.754991241630148124e+01 -5.919643617964726268e+00 7.261323316332846112e+00 1.546319494583804044e+02
3.763436826634487176e+01 2.799850415264663894e+01 5.737065937906656643e+01 1.157231645319220092e+01 -1.131355481304900223e+01 1.535396870551836059e+02
3.043983650841760280e+01 3.486480549342638824e+01 5.716248414000623512e+01 -4.673955293190113380e+00 3.466333580623985888e+00 1.452363139539188239e+02
3.497792945795488606e+01 2.993187225675729124e+01 5.692574105594724188e+01 6.225080362981827875e+00 -9.127282026537368864e+00 1.316067349650821541e+02
3.052703730756215350e+01 3.392228289430340027e+01 5.666011397896005519e+01 3.438870345255924388e+00 -8.072306693479816886e+00 1.142710222803045639e+02
2.708210031407604745e+01 3.684488694200510395e+01 5.636457990785844885e+01 -1.117766463661559762e+01 4.979332813134967672e+00 9.461787213948129249e+01
2.543624095127963258e+01 3.791253070188485452e+01 5.603749672242741298e+01 -2.541514920217606832e+00 -4.867324374803126297e+00 7.384837936213628495e+01
3.445549433337566825e+01 2.826624291915082310e+01 5.567681904738696375e+01 5.428776195121682857e-01 -8.659645453359958722e+00 5.300837378009741485e+01
2.640634995597420698e+01 3.564639213941594420e+01 5.528042589194321010e+01 -2.648455636950217240e+00 -5.585762462346343327e+00 3.300584323710073420e+01
3.194215108856399254e+01 2.940504985870409982e+01 5.484652401753900364e+01 -2.398308905558849347e+00 -5.348516231963591494e+00 1.461557998804140901e+01
3.482941099292055043e+01 2.577877148251134543e+01 5.437407424226037733e+01 -7.492081916301560618e-01 -5.968501857858814930e+00 -1.525757484766001149e+00
3.459393987204121146e+01 2.524209970690425209e+01 5.386317680504755856e+01 2.494093578510445386e-01 -5.530489951730904963e+00 -1.493110464973840656e+01
2.513090342546014355e+01 3.389775147111448206e+01 5.331534895876406921e+01 7.014093594031739487e-01 -4.327281879342106841e+00 -2.527796485196752130e+01
3.231160345209936224e+01 2.587065109048334932e+01 5.273363482662573887e+01 -3.567522733471773844e+00 1.596043603128411092e+00 -3.242346603720931597e+01
2.832409323056206318e+01 2.896853932648619079e+01 5.212250475305908992e+01 -2.619429850593689935e+00 2.080336660703991036e+00 -3.641519649157213934e+01
3.052930964834822447e+01 2.582724537127362652e+01 5.148752798352667526e+01 4.359563609582925992e+00 -3.882614989138801320e+00 -3.749258575864809728e+01
3.097491541006434446e+01 2.439816366715090012e+01 5.083483599980232981e+01 5.241875484661849605e+00 -4.308413285185693553e+00 -3.607336633475989629e+01
2.674498206930197597e+01 2.759954043760993159e+01 5.017043004137107687e+01 4.112221285753318689e+00 -3.357289834472043655e+00 -3.272104790324181067e+01
2.855775811428524591e+01 2.471909254104235387e+01 4.949941957204966769e+01 3.095951648351388918e+00 -3.155589922279007364e+00 -2.809292809590724005e+01
2.386905830190205791e+01 2.831025534909207408e+01 4.882530214741314012e+01 5.787425889675945179e+00 -7.227138544051003421e+00 -2.287347055441176735e+01
2.543529145015986614e+01 2.562798157422938417e+01 4.814940325925469011e+01 -4.881752664921533480e+00 1.626943587621162868e+00 -1.770308604016129905e+01
2.612236651062452353e+01 2.381793281251760419e+01 4.747058356484086517e+01 2.224995793434175528e+00 -7.557448321094518029e+00 -1.311500534732174472e+01
2.370442293892129726e+01 2.511535828031276552e+01 4.678529033784883495e+01 -1.219840598252672415e+01 4.718557275115527361e+00 -9.491457135271399892e+00
2.382235602423637033e+01 2.388407252774623402e+01 4.608798338725825516e+01 3.480723456645645086e+00 -1.298728980597816829e+01 -7.045238930412367928e+00
2.395903915264873518e+01 2.263909931524144525e+01 4.537190888994245341e+01 2.003514258114310387e+00 -1.324922596186677559e+01 -5.826295368058241664e+00
2.256041177031680789e+01 2.292428150423329569e+01 4.463013497941098251e+01 8.474155402699528050e-01 -1.341881279043847996e+01 -5.747718835656320913e+00
2.234147286798911125e+01 2.200618225578614684e+01 -3.840591951308990115e+00 -9.570122862266281061e+00 4.385670928070273789e+01 -6.623134911010840398e+00
2.174042658774722625e+01 2.142119754287220346e+01 -1.302212770323210478e+00 -1.244673129623852503e+01 4.304776037973202563e+01 -8.207634932425975194e+00
2.096209271987572365e+01 2.093467452386180128e+01 -2.100753864834390860e+00 -1.152665142746110583e+01 4.220235103334473337e+01 -1.023621463091981454e+01
2.040702027927744666e+01 2.011524065611124712e+01 -5.181619623208773895e+00 -7.952592148527057425e+00 4.132290615430901681e+01 -1.245591120853071310e+01
1.915691020216442908e+01 1.985317526407208888e+01 -5.011108696081837621e+00 -7.378018097491366944e+00 4.041508371551142886e+01 -1.464975531848197754e+01
1.801298100644438804e+01 1.932553309942348818e+01 -4.934582773991360027e-01 -1.103117055706006155e+01 3.948702655387719318e+01 -1.665201192204450464e+01
1.770378576578146834e+01 1.779089324027279773e+01 -6.974371736470089678e-01 -9.968490669300569706e+00 3.854801690103710854e+01 -1.835503864027548104e+01
1.713111115697989106e+01 1.634464048700071359e+01 -3.660667307579156482e+00 -6.252202081272489664e+00 3.760663722535077369e+01 -1.970862218977995539e+01
1.661793153485028540e+01 1.467057833456231108e+01 -8.693903391948524240e-01 -8.456940607570425428e+00 3.666859861792871556e+01 -2.071301834781374396e+01
1.537288964817166104e+01 1.357444346797802481e+01 1.514945101586226417e-01 -9.072422231211398014e+00 3.573440087890345040e+01 -2.140718353815019626e+01
1.378182067138249955e+01 1.268912459827835804e+01 -8.607683294824257203e+00 -5.712490405246491848e-02 3.479688900275363750e+01 -2.185380673880763069e+01
1.233326797010425757e+01 1.154522984849361400e+01 -7.808380506444405178e+00 -6.779053270002388665e-01 3.383847943660153135e+01 -2.212258940591285850e+01
9.942783064441119478e+00 1.124304896161120837e+01 -9.981114988780332986e-01 -7.288112094618129255e+00 3.282714211263196802e+01 -2.227251200761221384e+01
8.974441607610138760e+00 9.428474924183859684e+00 1.752766967976995827e-01 -8.129812728489936191e+00 3.170860138461632616e+01 -2.233199730890078527e+01
7.115216673716449058e+00 8.418193598893981999e+00 -5.703197579364781555e-01 -6.818511091585171435e+00 3.038808915488666784e+01 -2.227138276928192084e+01
5.898578990406472933e+00 6.678325863026405074e+00 -2.114216101636455569e+00 -4.398706151658704933e+00 2.868348066532911034e+01 -2.195015104677004203e+01
5.082914349352633643e+00 4.450657445859418360e+00 -1.112416682717089156e+00 -4.180170404307057552e+00 2.619789921408329647e+01 -2.098716078820977060e+01
3.453389560424047655e+00 2.956423553208581634e+00 -6.662532689064037950e-02 -3.678953333040505314e+00 2.197444727307607337e+01 -1.841630422765926056e+01
1.753247795907821427e+00 1.469329707088026904e+00 -2.710790145064278511e-01 -1.671891692991557710e+00 1.385471449949094591e+01 -1.204874177941543323e+01
3.306715816429628739e-15 2.986365416420198206e-15 -1.733702606734795922e-15 -2.100636364338804809e-15 3.027545059712952767e-14 -2.673744538317732098e-14
3.306715816429628739e-15 2.986365416420198206e-15 -1.733702606734795922e-15 -2.100636364338804809e-15 3.027545059712952767e-14 -2.673744538317732098e-14
-5.135712186490164477e-01 -1.791474126953752410e+00 -1.045093640224487697e+00 -3.102468308023786037e+00 1.926552385868507411e+00 6.510319566810626180e-01
-1.006591402124496382e+00 -3.562100801772655867e+00 -2.054540206391395785e+00 -6.143106683524591105e+00 3.840230916004851558e+00 1.298642853297182320e+00
-1.460401672864913403e+00 -5.291525541621229678e+00 -2.996739302294078477e+00 -9.064116764183639319e+00 5.728645900935656066e+00 1.939917720992711203e+00
-1.860110181160057552e+00 -6.960410730883338282e+00 -3.847667499141805170e+00 -1.181515495543114191e+01 7.580323651648579464e+00 2.572882604729473499e+00
-2.196354193083009942e+00 -8.550995975386534553e+00 -4.593462136913458060e+00 -1.435570350211795621e+01 9.385039095948597421e+00 3.196806421331659820e+00
-2.466751150511845569e+00 -1.004766258043845362e+01 -5.231778011662292727e+00 -1.665620356539014324e+01 1.113401249628683942e+01 3.812325178253520352e+00
-2.676782283908926363e+00 -1.143743821746705436e+01 -5.771812432746049382e+00 -1.869801640100152440e+01 1.281994720884661554e+01 4.421367060569917129e+00
-2.839879442802044185e+00 -1.271036732048292173e+01 -6.233060724958756182e+00 -2.047245013050577711e+01 1.443690051510528072e+01 5.026882695806683010e+00
-2.976592751782234370e+00 -1.385968775705005029e+01 -6.642996573348747269e+00 -2.197915628813473887e+01 1.597999362911239096e+01 5.632410061544382174e+00
-3.112865246809469522e+00 -1.488178843923278727e+01 -7.033960320215727258e+00 -2.322418079491861320e+01 1.744497699437729921e+01 6.241524798496455695e+00
-3.277585697208265092e+00 -1.577596284782417513e+01 -7.439586751167765577e+00 -2.421788423948136781e+01 1.882766913744665871e+01 6.857241522843006365e+00
-3.499699923134077295e+00 -1.654400636638217037e+01 -7.891121733920614112e+00 -2.497285702405738306e+01 2.012327639165047799e+01 7.481438408948942076e+00
-3.805220094983701618e+00 -1.718972127807811390e+01 -8.413973902789450676e+00 -2.550185926597849928e+01 2.132556817025650275e+01 8.114375214290594940e+00
-4.214480976323145001e+00 -1.771838904896650035e+01 -9.024828489213478022e+00 -2.581570428070748591e+01 2.242581159953908809e+01 8.754364452001819785e+00
-4.739958890542266268e+00 -1.813624874250407260e+01 -9.729614157392491691e+00 -2.592083991332906123e+01 2.341122414293458931e+01 9.397637873085360027e+00
-5.384901726846369918e+00 -1.844999274531918587e+01 -1.052255369135581198e+01 -2.581607247945916939e+01 2.426239822664907564e+01 1.003842776640337142e+01
-6.142924397474666343e+00 -1.866626981421999076e+01 -1.138643716661292871e+01 -2.548720326345734577e+01 2.494847435586666506e+01 1.066925725059123664e+01
-6.998612155439240645e+00 -1.879118339751890687e+01 -1.229412773273345927e+01 -2.489673624336629842e+01 2.541722318759022414e+01 1.128140840147785084e+01
-7.929054879445675219e+00 -1.882979563400107281e+01 -1.321115292681114184e+01 -2.396169238585699190e+01 2.557307051716865232e+01 1.186551444391663246e+01
-8.906122976346804165e+00 -1.878568683658415139e+01 -1.409907270058880968e+01 -2.250149826788996776e+01 2.522503167129016433e+01 1.241220483396945973e+01
-9.899206044938470228e+00 -1.866065608992051139e+01 -1.491918704964299103e+01 -2.010904229385104358e+01 2.395765101523939222e+01 1.291272188865462489e+01
-1.087808339418093162e+01 -1.845465634757317375e+01 -1.563608997443551374e+01 -1.585044388906698032e+01 2.083050092411438925e+01 1.335942599651605711e+01
-1.181558950238474637e+01 -1.816602353286064542e+01 -1.622061318422986531e+01 -7.942108233598250244e+00 1.405482971775805368e+01 1.374611377406971968e+01
-1.268977711746154213e+01 -1.779199162271165946e+01 -1.665182244234120645e+01 4.271725299378561935e+00 2.970591351425861948e+00 1.406808922342096224e+01
-1.348535614383667713e+01 -1.732941139050386781e+01 -1.691789420858119897e+01 1.565994549281811921e+01 -7.295117421864733664e+00 1.432195038162095813e+01
-1.419428116815006113e+01 -1.677553995216541693e+01 -1.701586335968772445e+01 2.221049336497493343e+01 -1.273463160573550468e+01 1.450508062335037351e+01
-1.481545535353209075e+01 -1.612875906403109028e+01 -1.695035888239585375e+01 2.535262496572078561e+01 -1.478265416574276614e+01 1.461486157264413954e+01
-1.535359579180127731e+01 -1.538910997285336535e+01 -1.673152059543740222e+01 2.682722950471686119e+01 -1.518725745280618966e+01 1.464765032195540506e+01
-1.581735066915178933e+01 -1.455858466622802005e+01 -1.637232326144986061e+01 2.747805227445193665e+01 -1.480181462174805951e+01 1.459758502641541256e+01
-1.621675865264750982e+01 -1.364116730365210550e+01 2.767102772934863708e+01 -1.588554254688997958e+01 -1.400513373132560169e+01 1.445529995683893887e+01
-1.656007824936247275e+01 -1.264266070845985013e+01 2.756886196642715348e+01 -1.528060042367289029e+01 -1.297709483985027390e+01 1.420664846249117197e+01
-1.684985597334308949e+01 -1.157035531199729306e+01 2.724294413484613742e+01 -1.456054691929688083e+01 -1.181220263094485823e+01 1.383156289052607057e+01
-1.707777500779850754e+01 -1.043260366138743933e+01 2.671606582928996687e+01 -1.371949694163939881e+01 -1.056519193591917549e+01 1.330324972944464079e+01
-1.721717696302201972e+01 -9.238358412843833634e+00 2.597626479799945898e+01 -1.274098162184880856e+01 -9.270295768062506880e+00 1.258806644236442374e+01
-1.721086795851266515e+01 -7.996722174970360975e+00 2.497498202597086348e+01 -1.159793348002389024e+01 -7.949914719812833930e+00 1.164669903437747855e+01
-1.694939113419406951e+01 -6.716548399717557238e+00 2.361068925368307347e+01 -1.025540067470584127e+01 -6.618789441127278295e+00 1.043765712401497225e+01
-1.623122262886002432e+01 -5.406125513500073865e+00 2.169187417816450747e+01 -8.677397107305420576e+00 -5.286191140657261478e+00 8.924445942586126890e+00
-1.469639303269253894e+01 -4.072970512485056815e+00 1.887195185222680394e+01 -6.838953797906557774e+00 -3.957234120870781524e+00 7.087470558893524952e+00
-1.176382138688290979e+01 -2.723750571437004719e+00 1.458690962473282227e+01 -4.742381312527019332e+00 -2.633819133610657559e+00 4.939709564244354922e+00
-6.799312709222233408e+00 -1.364339427413961525e+00 8.222933215398166240e+00 -2.432360374733819608e+00 -1.315445829527794652e+00 2.540834864295454576e+00
-7.212720498660045999e-07 7.840578637493451385e-07 1.150276854901245726e-06 -2.811593252591209287e-07 -4.228816313809594465e-07 -2.823609994716280701e-07
-7.212720498660045999e-07 7.840578637493451385e-07 1.150276854901245726e-06 -2.811593252591209287e-07 -4.228816313809594465e-07 -2.823609994716280701e-07
-9.225952727510958428e-07 1.340531364188845756e-06 4.458741305962496869e-07 -1.270396246290850608e-07 -2.468706415144789007e-07 -3.372172631651591121e-07
-1.091693118660761387e-06 1.242949510726660690e-06 3.629884157800927449e-07 1.387645651697043537e-08 -1.747816348482950847e-07 -2.753636440426342211e-07
-1.144784373525411565e-06 1.063988904235249513e-06 2.794441721726924546e-07 1.009534113727062091e-07 -7.718639933439815721e-08 -2.125785089642550305e-07
-9.889671958930555131e-07 7.363527497626695961e-07 1.968532514009617926e-07 9.740335230926120038e-08 6.302873502734949580e-08 -1.501322448594084649e-07
-5.441179740323350466e-07 1.932427692236852692e-07 1.171589182079447000e-07 -2.292196186834208187e-08 2.623532441164480565e-07 -8.956001266179865361e-08
2.315736968566077964e-07 -6.086809153647976140e-07 4.237622936618003120e-08 -2.698601722111244421e-07 5.327390402096346752e-07 -3.246190730751139057e-08
1.321138119951704451e-06 -1.668770751468380743e-06 -2.557016531260529096e-08 -6.336373180843877883e-07 8.778382293900217856e-07 1.962497028410677091e-08
2.642799375438506717e-06 -2.933413620073562280e-06 -8.493739887960224020e-08 -1.084768744529924659e-06 1.290120996314663926e-06 6.530064268665417582e-08
4.062353013697296131e-06 -4.302907283126762053e-06 -1.342185269780364593e-07 -1.577333493417154378e-06 1.749492849057002713e-06 1.033473253206779851e-07
5.419138961480659548e-06 -5.650324617336117676e-06 -1.721868460165023483e-07 -2.055100588389819003e-06 2.223824317448673994e-06 1.327663576643857874e-07
6.555146195890469749e-06 -6.843292796815836618e-06 -1.979459828487489619e-07 -2.459455626655094954e-06 2.671552483454750467e-06 1.528185358342115625e-07
7.337727009607380325e-06 -7.760727040229181619e-06 -2.109891400501945794e-07 -2.737837353703540633e-06 3.046256203020992447e-06 1.630711518137628795e-07
7.671484341791243969e-06 -8.301471601979468936e-06 -2.112645918688452680e-07 -2.851434482471615097e-06 3.302842900580389661e-06 1.634494669467484911e-07
7.499223333600821606e-06 -8.385612434505171952e-06 -1.992415371613665457e-07 -2.781163992087202868e-06 3.404729063792608815e-06 1.542883543725215683e-07
6.792609860646017381e-06 -7.949192438463337129e-06 -1.759689849116075897e-07 -2.531348149431619483e-06 3.331156248760310406e-06 1.363787048571097986e-07
5.528318407915062014e-06 -6.927329246494851197e-06 -1.431160253627622750e-07 -2.130931262732742695e-06 3.083624969061058634e-06 1.109991285884182123e-07
3.623804919765270220e-06 -5.198355980949595983e-06 -1.029748679638893492e-07 -1.632466465711367115e-06 2.690447864888199690e-06 7.991899515839996297e-08
6.713973646999898377e-07 -2.325792101572449715e-06 -5.840346214012694212e-08 -1.109410958760618713e-06 2.208696473015085169e-06 4.535380529778948503e-08
-6.695024430015401767e-06 5.069363829812234384e-06 -1.268654089920896448e-08 -6.525181211111411872e-07 1.723369256162133707e-06 9.857052627145480693e-09
-1.872808291479997260e-05 1.723456549575707466e-05 3.069169293547295651e-08 -3.663404524262767243e-07 1.344360589593593987e-06 -2.385727423035114715e-08
-3.993578597834414218e-06 2.714125921813796107e-06 6.834748348789215712e-08 -3.672342219211274180e-07 1.202755477695602841e-06 -5.314925884118581713e-08
3.407461442394010700e-07 -1.357000352681786025e-06 9.733029441710185980e-08 -7.851313327886414120e-07 1.449292138976202616e-06 -7.571348545218640493e-08
3.737427818926102946e-06 -4.478456037777798234e-06 1.154331540439358122e-07 -1.773758852008753120e-06 2.260484330287914453e-06 -8.982224471350949935e-08
7.084294195053012716e-06 -7.572240689173799097e-06 1.214258402393308204e-07 -3.541079573924525644e-06 3.865011233704899797e-06 -9.450867010995364811e-08
1.091723937943908586e-05 -1.119953961279603330e-05 1.151729937718706410e-07 -6.435240402490544355e-06 6.626359598332269819e-06 -8.965990213297429819e-08
1.618632509907375034e-05 -1.632323188853291787e-05 9.762581448761954700e-08 -1.121521852658994264e-05 1.131137487223071074e-05 -7.601155511673962239e-08
2.559241980222869340e-05 -2.564361373002946917e-05 7.070254027935871226e-08 -2.015031129513905148e-05 2.018906879493499525e-05 -5.505515793946705816e-08
5.239453494129559923e-05 -5.240718757276337372e-05 3.708985465171065326e-08 -4.473678642093371774e-05 4.474795664849456249e-05 -2.888331518918520494e-08
1.101266568791600027e-22 1.388428391672370899e-21 -1.974970427423713896e-22 -8.945629826847182944e-22 5.314995262244550251e-23 5.208193420852394548e-23
