0.000000000000000000e+00 0.000000000000000000e+00 0.000000000000000000e+00 0.000000000000000000e+00 0.000000000000000000e+00 0.000000000000000000e+00
-7.250137029350388531e-06 -1.629880317454978240e-05 -7.303074831322930758e-06 2.264299668185089331e-07 1.057324104472821288e-07 1.659763141920788334e-07
-7.098506825910981789e-06 -1.608896340553142991e-05 -7.312766982595919415e-06 4.476020925612811180e-07 2.067468017976303704e-07 3.251119660739862258e-07
-6.847151088559151735e-06 -1.574288589243930743e-05 -7.329048891978003775e-06 6.560483842335498693e-07 2.984460381383780818e-07 4.742366339923670776e-07
-6.497897539403043414e-06 -1.526722269107092414e-05 -7.351253488291223559e-06 8.463142487864496206e-07 3.764754757011239422e-07 6.105410657609008255e-07
-6.053355797253620289e-06 -1.467041200091893809e-05 -7.378733936499313682e-06 1.013485635863087609e-06 4.368058414787005704e-07 7.332748159910462802e-07
-5.517156833270863235e-06 -1.396252329780584074e-05 -7.410691008618410746e-06 1.153463903243005365e-06 4.758056775947964472e-07 8.431678147643702180e-07
-4.893784965493123142e-06 -1.315544649180507819e-05 -7.446117295239876669e-06 1.263094648353609034e-06 4.902923019772503006e-07 9.418045814255064954e-07
-4.188729333995316034e-06 -1.226269212342872132e-05 -7.483791380589776227e-06 1.340247213838846535e-06 4.775565428712671941e-07 1.031092490469253324e-06
-3.408550939941492662e-06 -1.129933107448543652e-05 -7.522216651048397877e-06 1.383849242236754070e-06 4.353831690099538871e-07 1.112898756385311377e-06
-2.560898479267906784e-06 -1.028186306413623131e-05 -7.559586939788663653e-06 1.393894636985515772e-06 3.620681090422308740e-07 1.188841081205282035e-06
-1.654551471971883319e-06 -9.227998621816976374e-06 -7.593737364871504830e-06 1.371425327425904030e-06 2.564447738618569650e-07 1.260190660394842313e-06
-6.994200276634300236e-07 -8.156342228444806250e-06 -7.622123177411536833e-06 1.318496330349540622e-06 1.179190902868499518e-07 1.327841728250598488e-06
2.934939395844569270e-07 -7.086016656007679061e-06 -7.641816399138893207e-06 1.238123868283118460e-06 -5.347950935555332142e-08 1.392316163671978416e-06
1.312163158057538405e-06 -6.036191144524626766e-06 -7.649540711449899185e-06 1.134210188684202070e-06 -2.570319450282696525e-07 1.453786450852019784e-06
2.343677904722654629e-06 -5.025574583501809023e-06 -7.641737321905919735e-06 1.011443895167979396e-06 -4.912541057186912793e-07 1.512105245636346593e-06
3.374422017314863714e-06 -4.071849635211484091e-06 -7.614670399403761975e-06 8.751924255924205071e-07 -7.538457378932219565e-07 1.566839389398550628e-06
-3.190896105769189320e-06 4.390122530304208388e-06 -7.564567600715020066e-06 -1.041497168192390616e-06 7.312025443596963526e-07 1.617307167286277669e-06
-2.396667054287966202e-06 5.376587238007817251e-06 -7.487780891419131326e-06 -1.350114695557624495e-06 5.856497655852173407e-07 1.662618010081213389e-06
-1.700074043067726006e-06 6.319465163117191413e-06 -7.380971969675783637e-06 -1.674543540192216752e-06 4.445993077204811145e-07 1.701717033049088740e-06
7.205018853125748117e-06 -1.108926328256432963e-06 -7.241300888954537803e-06 3.138338169444873409e-07 -2.008753433318310849e-06 1.733434685194806916e-06
8.020277176526528705e-06 -6.273412094332789481e-07 -7.066612970268563297e-06 1.985361570849311058e-07 -2.345972585112380139e-06 1.756541806112503622e-06
8.753583424194147936e-06 -2.556952837609823757e-07 -6.855606355306094337e-06 1.029546963014299424e-07 -2.678878742139028659e-06 1.769809806255348221e-06
9.394835405484390010e-06 9.543148440171413487e-09 -6.607980977977058446e-06 3.008605302732709860e-08 -2.999848607955115080e-06 1.772077233028739449e-06
9.935873526150558330e-06 1.756006049790545776e-07 -6.324543595557133410e-06 -1.851603745637844730e-08 -3.301323450314244769e-06 1.762318241346069756e-06
1.037070995517571559e-05 2.530905205096667443e-07 -6.007275346213308514e-06 -4.289166485871105333e-08 -3.576148051684246213e-06 1.739714583375038773e-06
1.069570231374560855e-05 2.555028262260013729e-07 -5.659341678198314088e-06 -4.467657650086612027e-08 -3.817936473116479701e-06 1.703725367931918671e-06
1.090962760428779754e-05 1.985565074068297467e-07 -5.285051375079313543e-06 -2.699803100527745324e-08 -4.021379599088036742e-06 1.654153716955397266e-06
1.101366645402450611e-05 9.943636329905879700e-08 -4.889754481191168259e-06 5.748373585817880433e-09 -4.182484857119035867e-06 1.591205263349117376e-06
1.101129720692375482e-05 -2.402640670558711715e-08 -4.479685500435662915e-06 4.821055667943516833e-08 -4.298723510765809233e-06 1.515534826070976122e-06
1.090811561936696159e-05 -1.541942695920462059e-07 -4.061757680998542178e-06 9.444539263428312823e-08 -4.369076229977523750e-06 1.428277692283210886e-06
1.071159658616337081e-05 -2.744396812969020105e-07 -3.643315496327296293e-06 1.383057019637907697e-07 -4.393984832532213480e-06 1.331059651040327146e-06
1.043080470263762570e-05 -3.698935708558063742e-07 -3.231863301064523681e-06 1.738161913807796686e-07 -4.375225436664287704e-06 1.225984572357743027e-06
1.007607305221384114e-05 -4.280990786204959633e-07 -2.834779702114876945e-06 1.955163922661554945e-07 -4.315724039898140046e-06 1.115594062516161990e-06
9.658655883839723590e-06 -4.395429885078287204e-07 -2.459034447089334661e-06 1.987575458022357331e-07 -4.219335977565854378e-06 1.002797680274094152e-06
9.190367306783870456e-06 -3.980419915523934949e-07 -2.110922872452514165e-06 1.799475362712042816e-07 -4.090609010936770716e-06 8.907736153132743011e-07
8.683215102430889130e-06 -3.009732757070505316e-07 -1.795824971748732526e-06 1.367452370483933587e-07 -3.934546276362142929e-06 7.828390243512928799e-07
8.149040189930498114e-06 -1.493351710925561819e-07 -1.518003921156937890e-06 6.820332657691020633e-08 -3.756379266088212243e-06 6.822957079438631132e-07
7.599173129472372759e-06 5.236100183893328583e-08 -1.280446893772045769e-06 -2.513786725258966894e-08 -3.561359714259665239e-06 5.922562140538744867e-07
7.044122354696090423e-06 2.963645427737978435e-07 -1.084755055895561466e-06 -1.412112418418283868e-07 -3.354573298238327490e-06 5.154606645231508528e-07
5.721047215072172722e-07 6.493313230245062803e-06 -9.310861813192414487e-07 -3.140778847429311122e-06 -2.764430902114470496e-07 4.540959244779268600e-07
8.667751596406361100e-07 5.954851618350176955e-06 -8.181531107822700879e-07 -2.924279439213942054e-06 -4.258367152346126699e-07 4.096321816367819193e-07
1.165976568808578982e-06 5.435400331497518476e-06 -7.432762593096154282e-07 -2.708817535997818772e-06 -5.831353210801946309e-07 3.826892863858487050e-07
1.454473280916496280e-06 4.940086739342227360e-06 -7.024922258388510428e-07 -2.497504944538198757e-06 -7.410589740338986063e-07 3.729467384246052685e-07
1.716964850565328855e-06 4.472503799659840224e-06 -6.907143746061868118e-07 -2.292786698066474423e-06 -8.916150863114361753e-07 3.791066942035015015e-07
1.938853795716128217e-06 4.034781252437467177e-06 -7.019418697741333225e-07 -2.096438446285634622e-06 -1.026473110271845177e-06 3.989164587238818118e-07
2.106962237297321300e-06 3.627726863900989948e-06 -7.295102920797194846e-07 -1.909598901419649381e-06 -1.137383549160922966e-06 4.292520539311583454e-07
2.210163640699583842e-06 3.251025133185804607e-06 -7.663757632870383365e-07 -1.732835577652691766e-06 -1.216616593567227551e-06 4.662610370339734299e-07
2.239894548552090207e-06 2.903482940333671451e-06 -8.054221447533457203e-07 -1.566240479422822031e-06 -1.257391293174088237e-06 5.055584659453032472e-07
2.190528545697871852e-06 2.583303787468350116e-06 -8.397782632742860156e-07 -1.409549298016065581e-06 -1.254267164062323735e-06 5.424659961699004035e-07
2.059599151505100712e-06 2.288373711244657855e-06 -8.631322386505306133e-07 -1.262276982666437802e-06 -1.203471412691066073e-06 5.722824849154174087e-07
1.847872315153997547e-06 2.016540131600751000e-06 -8.700276165173123994e-07 -1.123860363731534552e-06 -1.103141968610461577e-06 5.905710324037008376e-07
1.559276154986370868e-06 1.765866846661389705e-06 -8.561258164466020326e-07 -9.937962460889643531e-07 -9.534749457845839795e-07 5.934458105037335159e-07
1.200703494321940673e-06 1.534849051276259857e-06 -8.184209236347318207e-07 -8.717663774411241348e-07 -7.567701594835212014e-07 5.778423542965865821e-07
7.817051707414753626e-07 1.322576243755859755e-06 -7.553920263015542977e-07 -7.577396273688559862e-07 -5.173774020890060007e-07 5.417521715715120597e-07
3.140933547134812286e-07 1.128834455467469269e-06 -6.670816061527901498e-07 -6.520419023590227745e-07 -2.415522041787864108e-07 4.844056024903864050e-07
-1.885250437689990042e-07 9.541410268136029479e-07 -5.550914907585363558e-07 -5.553905628997672856e-07 6.277066959931134960e-08 4.063868315078359238e-07
-7.112680381990953778e-07 7.997116495846889021e-07 -4.224904480819959166e-07 -4.688884224445406835e-07 3.862723546997338580e-07 3.096678998626529708e-07
-1.238535320899589319e-06 6.673616800846860045e-07 -2.736348329313620660e-07 -3.939788476710106445e-07 7.186043594557243976e-07 1.975526360345701132e-07
5.593414515462041143e-07 -1.754577838562953103e-06 -1.139082697036389378e-07 1.048785296775110790e-06 -3.323579205179475364e-07 7.452571028024602078e-08
4.781421016653718723e-07 -2.244091145548027561e-06 5.060510927146037523e-08 1.365644851406318170e-06 -2.858619657814767011e-07 -5.399150953386229156e-08
4.262285554784786664e-07 -2.692756414648498954e-06 2.134914127268657608e-07 1.658287762650827231e-06 -2.563190314335479779e-07 -1.819694867496807995e-07
4.057883969514069816e-07 -3.087782596136201918e-06 3.683934317170952183e-07 1.916585709349865407e-06 -2.453899188125714343e-07 -3.031671010859943846e-07
4.184575570147573075e-07 -3.418369587801464759e-06 5.093780707693837555e-07 2.131674025507765724e-06 -2.543994542401613489e-07 -4.115705337785593332e-07
4.650676953539220476e-07 -3.676099873919689010e-06 6.312524350687836644e-07 2.296439582217764925e-06 -2.841739830150639833e-07 -5.018416423948036182e-07
5.454280085575017943e-07 -3.855231595210085666e-06 7.298018106158085018e-07 2.405967125984030776e-06 -3.348950173922895891e-07 -5.697362502597816374e-07
6.581558286314608045e-07 -3.952877359327858944e-06 8.019364005012891432e-07 2.457903420037902525e-06 -4.059813525574370087e-07 -6.124492931297112750e-07
8.005743855631354020e-07 -3.969063128234046967e-06 8.457528760883351237e-07 2.452682375053595959e-06 -4.960074432377938009e-07 -6.288462912806928636e-07
9.686782000748614579e-07 -3.906657405923443551e-06 8.605342978633335274e-07 2.393556418748185820e-06 -6.026668487974354464e-07 -6.195491038782668514e-07
1.157176612959051766e-06 -3.771180869301998956e-06 8.467199942054976896e-07 2.286387339719923117e-06 -7.227843857270082620e-07 -5.868574231995006886e-07
1.359609668214029552e-06 -3.570505258199889365e-06 8.058735126808319907e-07 2.139184167734273430e-06 -8.523777863249795186e-07 -5.345094741773300377e-07
1.568532997042869869e-06 -3.314459907205010906e-06 7.406545435866281462e-07 1.961422212312512039e-06 -9.867668966334074305e-07 -4.673058903973165141e-07
1.775759726651793784e-06 -3.014367606444844667e-06 6.547753476276391318e-07 1.763231328557465887e-06 -1.120726471170108264e-06 -3.906419149726514445e-07
1.972649050841495701e-06 -2.682534710356268476e-06 5.529031200144829099e-07 1.554571416125152484e-06 -1.248674091207399763e-06 -3.100059334429073592e-07
2.150428042209209155e-06 -2.331720615091638779e-06 4.404716881615110859e-07 1.344518167576049260e-06 -1.364884579977481226e-06 -2.305065568411448422e-07
2.300530743919796534e-06 -1.974608392679508109e-06 3.233884177986892442e-07 1.140751080953452414e-06 -1.463721894177099417e-06 -1.564829540235440526e-07
2.414943347791984874e-06 -1.623299691358714458e-06 2.076575488911284706e-07 9.492791490777053443e-07 -1.539877029524985374e-06 -9.123786407764839283e-08
2.486541097335844473e-06 -1.288851134516527720e-06 9.896950178878938212e-08 7.743865929150267304e-07 -1.588600029868838457e-06 -3.691141535645305235e-08
2.509400500429687716e-06 -9.808632153887784602e-07 2.317543905411775644e-09 6.187504704572384594e-07 -1.605922431076929333e-06 5.507816411786229991e-09
-7.071522844268647976e-07 2.479092408422361649e-06 -7.830513517681132376e-08 -1.588845367564185001e-06 4.836476031049175308e-07 3.605559462058990373e-08
-4.734601925378427480e-07 2.392888522303610139e-06 -1.400974436911259249e-07 -1.535509669349767836e-06 3.692154000101120476e-07 5.558233318221185284e-08
-2.833059776008029892e-07 2.249966773471363793e-06 -1.815255589239244195e-07 -1.445307825644959964e-06 2.746903162609738304e-07 6.549938713363392377e-08
-1.378821153307141778e-07 2.051500022580918959e-06 -2.022965173401682428e-07 -1.318954635512301481e-06 1.986247733085454530e-07 6.751890971190690423e-08
-3.606444263128459612e-08 1.800685138398133707e-06 -2.032559302555342904e-07 -1.158503628871103965e-06 1.390654348958972399e-07 6.341918941624755882e-08
2.548598280079351951e-08 1.502682318222349587e-06 -1.862384731848398193e-07 -9.673024870852522331e-07 9.369075821632394022e-08 5.485900714117831717e-08
5.212646175482247007e-08 1.164466832297110776e-06 -1.538956541746330534e-07 -7.498910407570684273e-07 5.991735511814854661e-08 4.325498490508002983e-08
5.095193898330740490e-08 7.945910009740950341e-07 -1.095185380740071160e-07 -5.118424184368410886e-07 3.498005569242612167e-08 2.972667499517824615e-08
3.043406991552806659e-08 4.028700051767623545e-07 -5.686565962291532344e-08 -2.595547047269122226e-07 1.599373919299854847e-08 1.510588134379428670e-08
1.101266569158923204e-22 1.388428391696254687e-21 -1.974970427426832718e-22 -8.945629827571812205e-22 5.314995234626091836e-23 5.208193420803824297e-23
1.101266569158923204e-22 1.388428391696254687e-21 -1.974970427426832718e-22 -8.945629827571812205e-22 5.314995234626091836e-23 5.208193420803824297e-23
2.187937080671669976e-01 1.780622835628314249e+00 -3.719608381659459950e-01 -4.751697592812835769e-01 1.029545139346849325e+00 -3.956438446046079416e-01
4.297692038605101517e-01 3.606337421300477519e+00 -7.442118089222096167e-01 -9.524436856966477238e-01 2.058642212312500330e+00 -7.920372102179603635e-01
6.255718331719299918e-01 5.517221956137845496e+00 -1.117102165535368119e+00 -1.433786867043924440e+00 3.086438001231139427e+00 -1.189937033693008850e+00
7.997444519491984094e-01 7.543712199998041434e+00 -1.491092358687857056e+00 -1.920893190938112616e+00 4.111311698421117988e+00 -1.590112437586109984e+00
9.471042663961309893e-01 9.702735340914154349e+00 -1.866792588178090240e+00 -2.415066822723723305e+00 5.130589371430986922e+00 -1.993344433941798055e+00
1.064039050918347495e+00 1.199496194025751450e+01 -2.244982446164631273e+00 -2.917123297544557126e+00 6.140354981394559708e+00 -2.400418570720663780e+00
1.148704749362845501e+00 1.440347735160358766e+01 -2.626607842288956274e+00 -3.427315333767382732e+00 7.135361191936413938e+00 -2.812109120090435344e+00
1.201113008916454783e+00 1.689407597171159381e+01 -3.012753357249263519e+00 -3.945287317977955954e+00 8.109029389581968061e+00 -3.229154108733577999e+00
1.223104230682737992e+00 1.941723641789273103e+01 -3.404590379373957809e+00 -4.470061051783709161e+00 9.053520588888034126e+00 -3.652221249660001057e+00
1.218208729804039825e+00 2.191165520902647401e+01 -3.803303672786008782e+00 -5.000053843745380533e+00 9.959858857996165327e+00 -4.081865607760730263e+00
1.191405138627942728e+00 2.430902775172562968e+01 -4.210001214332394603e+00 -5.533128441281535359e+00 1.081809616182725620e+01 -4.518480583683754048e+00
1.148790921192516690e+00 2.653960412692271120e+01 -4.625614018631734936e+00 -6.066672699928151502e+00 1.161751989556283782e+01 -4.962244509277296878e+00
1.097184569949383404e+00 2.853794714659218457e+01 -5.050794058284980181e+00 -6.597705357893008049e+00 1.234691843308490000e+01 -5.413065795022093063e+00
1.043682596924688122e+00 3.024830248103682706e+01 -5.485819128887993834e+00 -7.123002900034776097e+00 1.299493160994360963e+01 -5.870530135413993378e+00
9.951967516994569829e-01 3.162905728556931351e+01 -5.930513515060477303e+00 -7.639241330754292569e+00 1.355051791741628797e+01 -6.333853731879057314e+00
9.579979760080199469e-01 3.265589800806630905e+01 -6.384192567935329521e+00 -8.143145794346601463e+00 1.400356454343124213e+01 -6.801846789257944614e+00
9.372934297334856169e-01 3.332345115650237233e+01 -6.845637868501374790e+00 -8.631640434714038079e+00 1.434564796581812729e+01 -7.272891621614470559e+00
9.368614843716575047e-01 3.364537078519214930e+01 -7.313107656396706346e+00 -9.101990706664116360e+00 1.457092198043827835e+01 -7.744939499455276710e+00
9.587668675730266488e-01 3.365299560463644468e+01 -7.784384830738781069e+00 -9.551930550425582922e+00 1.467707106018433727e+01 -8.215529822901826762e+00
1.003174166139370715e+00 3.339281735986158139e+01 -8.256862279803652171e+00 -9.979767410300778963e+00 1.466622821670537391e+01 -8.681834276352155655e+00
1.068272715441402898e+00 3.292306982466956811e+01 -8.727662762464529322e+00 -1.038445898808503465e+01 1.454572951405980952e+01 -9.140727311439563962e+00
1.150319666236071736e+00 3.230976226605645962e+01 -9.193788205304972649e+00 -1.076565682524878120e+01 1.432857347404675430e+01 -9.588882669271169945e+00
1.243800984013500699e+00 3.162244857149709887e+01 -9.652291206540345669e+00 -1.112371324490787750e+01 1.403347995900134393e+01 -1.002289379647192824e+01
1.341702684919912736e+00 3.092995747610829937e+01 -1.010045981467657761e+01 -1.145964978703880455e+01 1.368449878614895354e+01 -1.043941408477395605e+01
1.435877242339483439e+00 3.029623137042375447e+01 -1.053600530513297784e+01 -1.177508696662918197e+01 1.331019286594857043e+01 -1.083531105020167651e+01
1.517483379608113969e+00 2.977635523767501269e+01 -1.095724172973647548e+01 -1.207213690417514407e+01 1.294249611326307026e+01 -1.120782704525332107e+01
1.577471979267827784e+00 2.941282528066899715e+01 -1.136324549522043981e+01 -1.235326205574468261e+01 1.261540226776866547e+01 -1.155473801688231994e+01
1.607087106879047322e+00 2.923212220787204885e+01 -1.175398320681435216e+01 -1.262110484777661590e+01 1.236365999005219152e+01 -1.187450128077855638e+01
1.598349550001661790e+00 2.924171760255020303e+01 -1.213039660383922502e+01 -1.287829445054414812e+01 1.222162300029698656e+01 -1.216638330388168043e+01
1.544490998833103035e+00 2.942774039294377886e+01 -1.249443475842509521e+01 -1.312723816295521395e+01 1.222233192168334526e+01 -1.243055902550214853e+01
1.440310010271544705e+00 2.975364090485817670e+01 -1.284902594542933585e+01 -1.336990589664877582e+01 1.239679543816353657e+01 -1.266817519906806133e+01
3.548181142945129275e-06 -1.666100692101988688e-06 1.341526201798581028e-06 -2.486100993151805995e-06 -3.115992698584943150e-07 4.920779319981629036e-07
3.569908080748330308e-06 -1.993144451755220523e-06 1.763818497530219148e-06 -2.513298906846738380e-06 -3.211482382901829011e-07 4.406274347348719727e-07
3.581608274526396130e-06 -3.223287046322143502e-06 3.104957201037143231e-06 -2.533629793054700276e-06 -3.184373846557481035e-07 3.647983621319364706e-07
3.577182960210253745e-06 -1.208696044215529325e-05 1.209379849949755213e-05 -2.542596285105750780e-06 -3.028216791528131184e-07 2.646166430415044507e-07
3.550935673121483456e-06 -9.354046905297890830e-07 1.079047028262462565e-06 -2.535904958952693666e-06 -2.736117532587250284e-07 1.408261365586504790e-07
3.497852042027616550e-06 -7.092671871687218007e-08 3.594516468602215095e-07 -2.509678214414936709e-06 -2.290266003142493110e-07 -6.057549676050063120e-09
3.413854326156306969e-06 2.843664592000678760e-07 -2.460654795359515542e-06 1.525189291422176768e-07 -1.619740934028727040e-07 -1.798985610129627912e-07
3.296022861626878177e-06 4.982751476850813170e-07 -2.386372011694240846e-06 8.484509174462166341e-08 -2.878164140475180264e-08 -4.201957805088041239e-07
3.142778821179703486e-06 6.512728332450212613e-07 -2.285324067904494089e-06 6.946979362102165020e-08 1.329022007332218815e-06 -1.880366101947144393e-06
2.954024290520860705e-06 7.693941599358571450e-07 -2.157091728699685342e-06 7.321074289406705567e-08 -4.214052578283581601e-07 -2.218029336021962601e-07
2.731236939641759228e-06 8.619978274376346285e-07 -2.002439935865488742e-06 7.923871811489874391e-08 -6.225282955798514511e-07 -9.585724626344358011e-08
2.477516561033721478e-06 9.318929295669833136e-07 -1.823379800952805103e-06 7.739494921765120332e-08 -7.595394571220942667e-07 -1.113384691723352040e-08
2.197581122185250614e-06 9.789802544602639562e-07 -1.623191433004562042e-06 6.105965516936086095e-08 -8.574225676213259359e-07 6.309963776918094072e-08
1.897708395777554982e-06 1.001888305083940038e-06 -1.406403576282306389e-06 2.603259008952619833e-08 -9.174836949964408112e-07 1.329600436523679060e-07
1.585618335439633210e-06 9.988551235709650335e-07 -1.178723954989926247e-06 -2.988978148837095874e-08 -9.380937805444294261e-07 2.002603461106967563e-07
1.270289879096936739e-06 9.682721188540349263e-07 -9.469140180320855192e-07 -1.071050054312209895e-07 -9.180865978138321422e-07 2.655776717897492160e-07
9.617062570589492331e-07 9.090421090952728562e-07 -7.186006314954671068e-07 -2.043434067624126179e-07 -8.577201194176649468e-07 3.290122666618129611e-07
6.705236702619027693e-07 8.208118760494697202e-07 -5.020185407016093968e-07 -3.188241952531969044e-07 -7.589753401083191764e-07 3.904196461620708715e-07
4.076637960781830911e-07 7.041037477160632290e-07 -3.056816167335631502e-07 -4.464524550316761628e-07 -6.255589838556026588e-07 4.494782628525241235e-07
1.838373751353284861e-07 5.603616101737900247e-07 -1.379876887945360796e-07 -5.820619122424683820e-07 -4.627223169011896802e-07 5.056952614247105221e-07
9.018527093902409355e-09 3.919199573961477086e-07 -6.772277921615297564e-09 -7.196991620004013844e-07 -2.769483198171173237e-07 5.583871671348012233e-07
-1.080980987504084622e-07 2.019085241621212645e-07 8.115981232896278107e-08 -8.529418017347940224e-07 -7.554451727851068064e-08 6.066549478417768908e-07
-1.606114155025229734e-07 -5.895621255248464648e-09 1.204842459958369400e-07 -9.752364779364117265e-07 1.338245761179168788e-07 6.493626439750849444e-07
-1.438452791182156321e-07 -2.272544315001754234e-07 1.077377287664960894e-07 -1.080242219241756960e-06 3.436309222025807109e-07 6.851287680142535253e-07
-5.564293738988364125e-08 -4.576780556302087567e-07 4.157873916334869994e-08 -1.162159348182703937e-06 5.469670465413543323e-07 7.123348111401333508e-07
1.035183869857516239e-07 -6.926423503918626820e-07 -7.711264967087900682e-08 -1.216021184394246045e-06 7.379840912925701151e-07 7.291538649717639240e-07
3.306137482739557709e-07 -9.277990215001805575e-07 -2.453160194132123052e-07 -1.237924267888368450e-06 9.122464838491466981e-07 7.336019193997344660e-07
6.203493041044502096e-07 -1.159163879680277148e-06 -4.581258954437472453e-07 -1.225173026313344933e-06 1.066967426449803411e-06 7.236113409674400532e-07
9.655965489599003940e-07 -1.383272113178789928e-06 -7.091462314824173517e-07 -1.176316818923182360e-06 1.201096254303020947e-06 6.971245076133695141e-07
1.357922972287499983e-06 -1.597290541960393519e-06 -9.909693022496271160e-07 -1.091068402000415432e-06 1.315239805023946890e-06 6.522017838190627409e-07
1.788150891201581490e-06 -1.799082613574827464e-06 -1.295675259182713768e-06 -9.701062587224874207e-07 1.411420934194913579e-06 5.871365399960317011e-07
2.246880340935318214e-06 -1.987224195093348537e-06 -1.615293840534148201e-06 -8.147849188542514086e-07 1.492700544690406372e-06 5.005659116306046259e-07
2.724926535974115590e-06 -2.160974760847556906e-06 -1.942183592206680272e-06 -6.267970219885323102e-07 1.562714603524346657e-06 3.915678688250211554e-07
3.213642669004872256e-06 -2.320209675631681896e-06 -2.269304479999135785e-06 -4.078440725250488097e-07 1.625192479573474818e-06 2.597332410633163096e-07
3.705118871414129503e-06 -2.465321796239396293e-06 -2.590378382895520017e-06 -1.593763525550982942e-07 1.683525609564968535e-06 1.052086121593874285e-07
4.192265251113997846e-06 -2.597099888519484988e-06 -2.899948101577301093e-06 1.175539307169084827e-07 1.740439184440222442e-06 -7.129270434836376670e-08
4.668796981445749439e-06 -2.716590295322700084e-06 -3.193354469927391918e-06 4.223035967530594967e-07 1.797794466539593241e-06 -2.685073490576097074e-07
5.129146123357409224e-06 -2.824947383073003954e-06 -3.466656553480167345e-06 7.545237891358479276e-07 1.856518627272792942e-06 -4.846611227454948666e-07
5.568324958803647728e-06 -2.923278526500489172e-06 -3.716518753090171805e-06 1.113949606688480442e-06 1.916638115565069953e-06 -7.175223824361656340e-07
5.981765489827579687e-06 -3.012486807485871713e-06 -3.940087282591158700e-06 1.500136983365188990e-06 1.977378474446394793e-06 -9.644617581110945316e-07
6.365153833915663141e-06 -3.093121994541782211e-06 -4.134872491139792892e-06 1.912192981481072719e-06 2.037297120633136052e-06 -1.222512702850027064e-06
6.714278569831370360e-06 -3.165245617274183698e-06 -4.298651428424720545e-06 2.348536349556091188e-06 2.094421388532234730e-06 -1.488428046342289508e-06
7.024903847658533756e-06 -3.228321012058128546e-06 -4.429397842637034744e-06 2.806711152440225430e-06 2.146377807685734547e-06 -1.758729624303289556e-06
7.292677630207246970e-06 -3.281137577545773460e-06 -4.525245137799994707e-06 3.283268942841373674e-06 2.190507980186305926e-06 -2.029750441514600612e-06
7.513081184458968661e-06 -3.321777509576644943e-06 3.773720151622788079e-06 -4.584482580435990539e-06 2.223974019041019790e-06 -2.297670006353113506e-06
7.681421843668576220e-06 -3.347630557016935288e-06 4.272549559636101476e-06 -4.605582291829827832e-06 2.243859862161630092e-06 -2.558544220812471510e-06
7.792871622805206606e-06 -3.355460238295879482e-06 4.773289339797855141e-06 -4.587253723654862404e-06 2.247275440679371159e-06 -2.808333860494665416e-06
7.842546050212386579e-06 -3.341520346009808653e-06 5.268634629598824328e-06 -4.528516058168622603e-06 2.231468942096313506e-06 -3.042933643105123861e-06
7.825622034189675424e-06 -3.301719727053910011e-06 5.750596605127065017e-06 -4.428782824766590450e-06 2.193949558338551300e-06 -3.258209074513760720e-06
7.737487172289018317e-06 -3.231829134376827313e-06 6.210677991498204440e-06 -4.287948727095602385e-06 2.132620291612789948e-06 -3.450043572668096055e-06
7.573911173993959497e-06 -3.127722623571942630e-06 6.640067681843458612e-06 -4.106469241900215714e-06 2.045916962055077560e-06 -3.614403293354407108e-06
7.331233402199185769e-06 -2.985647078260896463e-06 7.029847241618166092e-06 -3.885426771298388443e-06 1.932948040114119840e-06 -3.747424270565654167e-06
7.006554577904391315e-06 -2.802508992472779767e-06 7.371205458583981719e-06 -3.626575754379768561e-06 1.793626431252025255e-06 -3.845525041617786401e-06
6.597925380755732243e-06 -2.576171096729389995e-06 7.655661265662604036e-06 -3.332363648850487903e-06 1.628784327688914743e-06 -3.905547014414033725e-06
6.104519723060881585e-06 -2.305747790566584296e-06 7.875290546883129277e-06 -3.005924381492860225e-06 1.440261606994761273e-06 -3.924919616413872480e-06
5.526787514142425613e-06 -1.991887801177608457e-06 8.022956187014090905e-06 -2.651046163482252243e-06 1.230957043781656271e-06 -3.901841114064075841e-06
4.866576712080655678e-06 -1.637028494202912015e-06 8.092535060310211142e-06 -2.272114006008136606e-06 1.004833136721018611e-06 -3.835460422579504113e-06
4.127217978633775302e-06 -1.245605986759084344e-06 8.079134280020537284e-06 -1.874030945330676256e-06 7.668666656327779845e-07 -3.726037874359144877e-06
3.313567442218117949e-06 -8.242001043573922529e-07 7.979285495908156956e-06 -1.462121777273795413e-06 5.229377380706807666e-07 -3.575058776844911810e-06
2.432003556128528728e-06 -3.815946190753673946e-07 7.791104867460337641e-06 -1.042023837196266539e-06 2.796544281856396200e-07 -3.385274248832120703e-06
1.490373987186213134e-06 7.126374046601613197e-08 7.514405103844807775e-06 -6.195688051005297759e-07 4.411444234299863581e-08 -3.160649844704620278e-06
4.978931954210913285e-07 5.214180544029747085e-07 7.150749624755873154e-06 -2.006592927817118814e-07 -1.763874372076282367e-07 -2.906214594788938786e-06
-5.350064989195099829e-07 9.541661994731377842e-07 6.703443343034306794e-06 2.088554797759253422e-07 -3.746890811421109299e-07 -2.627821130241537643e-06
-1.596870373995520478e-06 1.353428394548297252e-06 6.177458457800486908e-06 6.033032464011984573e-07 -5.441047519418291532e-07 -2.331839981655121895e-06
-2.675453937749787774e-06 1.702198673448693403e-06 5.579299343142293002e-06 9.773080474364246375e-07 -6.787549040652434155e-07 -2.024824589034285160e-06
-3.757988365792021011e-06 1.983058877429894129e-06 4.916814594948953333e-06 1.325903498154135503e-06 -7.738552688303125792e-07 -1.713186293155521711e-06
-4.831468562127898927e-06 2.178727068074795478e-06 4.198966824173546766e-06 1.644637976450460809e-06 -8.259430133731174513e-07 -1.402912033698623534e-06
-5.882955414104484571e-06 2.272618748455697679e-06 3.435573253338250372e-06 1.929669714134575710e-06 -8.330272316960162930e-07 -1.099348925458737293e-06
-6.899881256266655691e-06 2.249400095828094600e-06 2.637027121537305115e-06 2.177849207865875214e-06 -7.946602287872962960e-07 -8.070639966899666933e-07
-7.870349446296612156e-06 2.095517075862680495e-06 1.814015047873480671e-06 2.386787131548309171e-06 -7.119338484476417509e-07 -5.297793047653193476e-07
-8.783418374355285002e-06 1.799684309687147901e-06 9.772386730890747639e-07 2.554904810980696618e-06 -5.874118911864713596e-07 -2.703703599042484714e-07
-9.629361626513292653e-06 1.353326401325666993e-06 1.371499429546355480e-07 2.681465172960338796e-06 -4.250128088303091160e-07 -3.091353189071960536e-08
-1.039989806134463463e-05 7.509540510662205746e-07 -6.962876725874123418e-07 2.766581551994587360e-06 -2.298553692260262729e-07 1.872320576018949819e-07
-1.108838179914722380e-05 -9.524991366456130273e-09 -1.513813177807240462e-06 2.811201625560244259e-06 -8.081661876731775575e-09 3.833247287496630348e-07
-1.168995610790034182e-05 -9.265779977653665464e-07 -2.307044026802104556e-06 2.817067419903219786e-06 2.333333259098817629e-07 5.571304213830332272e-07
-1.220165777249158078e-05 -1.994906391526745807e-06 -3.068618399305089066e-06 2.786647985364690490e-06 4.867803114353840258e-07 7.088134247775491258e-07
-1.262247458526582296e-05 -3.205392853118325908e-06 -3.792294040950664116e-06 2.723047468296302126e-06 7.442145563894314192e-07 8.388303282985800931e-07
-1.295335816359619971e-05 -4.545153165511741260e-06 -4.473013056900547772e-06 2.629891344349800842e-06 9.973580722497109504e-07 9.478312839657827642e-07
-1.319718197413520729e-05 -5.997683702317923379e-06 -5.106917902513792509e-06 2.511192487612117833e-06 1.237902291260626307e-06 1.036565667119730889e-06
-1.335865385760616082e-05 -7.543108331992280124e-06 -5.691339499257235717e-06 2.371204326813728962e-06 1.457712747155462952e-06 1.105796025907645509e-06
-1.344417868223391612e-05 -9.158531308940978351e-06 -6.224740912970646453e-06 2.214266346490029545e-06 1.649040831872027617e-06 1.156212907887014979e-06
-1.346167315129464117e-05 -1.081847015794777641e-05 -6.706633655893299672e-06 2.044648919662925655e-06 1.804737518891445210e-06 1.188353795506438378e-06
-1.342034043103352883e-05 -1.249538493567878417e-05 -7.137464027330866222e-06 1.866405742722993132e-06 1.918476379209881957e-06 1.202521169393401014e-06
-1.333040241398422312e-05 -1.416027233314572279e-05 -7.518477452737620051e-06 1.683239687687087193e-06 1.984977199519294335e-06 1.198703536776881860e-06
-1.320279993908965074e-05 -1.578332657893456427e-05 -7.851564571535802386e-06 1.498389142269297102e-06 2.000228696744943712e-06 1.176503671873314641e-06
-1.304886741704884625e-05 -1.733463484135237299e-05 -8.139098417012169539e-06 1.314539554948519976e-06 1.961700512435792047e-06 1.135085887869585508e-06
-1.287999126999537967e-05 -1.878490353100905618e-05 -8.383762552952471388e-06 1.133763979675954252e-06 1.868530273337185394e-06 1.073174323966675801e-06
-1.270726248305891097e-05 -2.010618439159211383e-05 -8.588386266310688038e-06 9.574938041995930582e-07 1.721671235376218912e-06 9.891463749589713841e-07
-1.254112962936823306e-05 -2.127257183362968519e-05 -8.755788348477317219e-06 7.865201295857757686e-07 1.523979720069779483e-06 8.812952053941086614e-07
-1.239107368533139315e-05 -2.226088086033794518e-05 -8.888621588926559042e-06 6.210248751618951944e-07 1.280223266508531212e-06 7.483402202659182581e-07
-1.226530708074129483e-05 -2.305123434956641817e-05 -8.989256757301097557e-06 4.606385908521117515e-07 9.969915584113429389e-07 5.902238672445390990e-07
-1.217050764898464741e-05 -2.362754567797857455e-05 -9.059691262999058965e-06 3.045213512019071976e-07 6.824839380202108401e-07 4.090964221626713224e-07
-1.211161013036317841e-05 -2.397777160287510733e-05 -9.101574385591554222e-06 1.514633813859961600e-07 3.460583778887112087e-07 2.102488815683423363e-07
0.000000000000000000e+00 0.000000000000000000e+00 0.000000000000000000e+00 0.000000000000000000e+00 0.000000000000000000e+00 0.000000000000000000e+00
0.000000000000000000e+00 0.000000000000000000e+00 0.000000000000000000e+00 0.000000000000000000e+00 0.000000000000000000e+00 0.000000000000000000e+00
2.756739018465126989e+01 3.885027485352330956e+01 5.796599168800329949e+01 4.640137995157840867e-01 1.554788756557722584e-01 3.400874407687295786e+01
2.662123418073775127e+01 3.977177906369543336e+01 5.794324326562503558e+01 4.346282381606470402e+00 -3.162921154106598909e+00 6.582177873883460961e+01
3.929551416508629558e+01 2.705560020753757300e+01 5.790557024053345003e+01 5.331182460340992968e+00 -3.691664195324912523e+00 9.367133164445448301e+01
3.979641356603196556e+01 2.649439914540082341e+01 5.785328493161785701e+01 6.257363552713475663e+00 -4.314651823687103871e+00 1.164596875476706543e+02
2.636933111588537315e+01 3.984128201739656561e+01 5.778675508457485677e+01 7.713467007835660416e-01 1.286021532202877182e+00 1.337631345877859701e+02
3.946931667741729655e+01 2.663947920599409969e+01 5.770637210778278359e+01 5.401270209148615997e+00 -3.441467248531928647e+00 1.456773003787637037e+02
2.614835790753022948e+01 3.983519425427714111e+01 5.761252687887414226e+01 7.056754769205654476e+00 -5.417085275410608247e+00 1.526188767518693226e+02
3.149731491134258121e+01 3.433581620870250362e+01 5.750558683102738655e+01 9.328150184754294472e+00 -8.227569664848090270e+00 1.551593115627083819e+02
3.750320378332816773e+01 2.815278328908616956e+01 5.738587119404232340e+01 -9.188480914635906771e+00 9.548368455030351143e+00 1.539145486891247572e+02
2.616359650108932300e+01 3.928731818017072897e+01 5.725362511497149853e+01 -1.066430690981813179e+01 1.011196616498691725e+01 1.494843124000539660e+02
3.152000098590617938e+01 3.369715896494930263e+01 5.710899530861978235e+01 4.897754508695609132e+00 -6.492813594290137935e+00 1.424250300978149824e+02
2.982273530577579734e+01 3.513176093056187455e+01 5.695201020389981039e+01 4.721240356600691079e+00 -7.439831020491526559e+00 1.332419999991487316e+02
3.565461383472663925e+01 2.900864329691374266e+01 5.678256713053296068e+01 -1.803797316414042617e+00 -2.063641739508494055e+00 1.223909567820461035e+02
3.383692721324653974e+01 3.050739461954884746e+01 5.660042844842216425e+01 -8.054354230500041512e-01 -4.177979904661185628e+00 1.102832728846003079e+02
2.706566393043511098e+01 3.693338907791660830e+01 5.640522783732726708e+01 -9.613052150277288987e+00 3.604132049920679925e+00 9.729180636514092839e+01
2.656332672078872292e+01 3.706586514773710661e+01 5.619648726645630887e+01 -9.003197717577648973e+00 2.112981167982521669e+00 8.375603713210063006e+01
3.546607726884794687e+01 2.777064222002345417e+01 5.597364444904452796e+01 3.785328812337583226e+00 -1.136585873509503841e+01 6.998600104734612160e+01
3.291554210230373201e+01 2.990815491097685097e+01 5.573608986176770230e+01 1.806527374310707312e+00 -9.849339725294877113e+00 5.626495164813006511e+01
3.270259696159502028e+01 2.968950275103145131e+01 5.548321169550332854e+01 -3.938238695635093212e+00 -4.313780945648818310e+00 4.285085903572083765e+01
2.604980397425922334e+01 3.589385674199190390e+01 5.521444643766125182e+01 -8.777244964004053074e+00 5.804836957963995792e-01 2.997691601451347765e+01
3.058431649892250448e+01 3.089542294269357825e+01 5.492933220915786308e+01 -8.187556604465530796e+00 3.073484820407285101e-01 1.785122923335921286e+01
2.880114718006290531e+01 3.220008021838197010e+01 5.462756153484900778e+01 -5.212873430118440510e+00 -2.107302998366720637e+00 6.655862795160703449e+00
2.921852181297544604e+01 3.128997860108265172e+01 5.430902995556867552e+01 -3.690907474160004753e+00 -2.857443610744254237e+00 -3.454608551925462123e+00
2.508859561574115205e+01 3.491282624358665743e+01 5.397387682707906720e+01 -6.520149186613264369e-01 -4.956651131306533564e+00 -1.235488104324011083e+01
3.329590899709248220e+01 2.618348769291399236e+01 5.362251482064342412e+01 -4.672995736513169796e+00 1.180761715755532099e-01 -1.995087151361759226e+01
3.362409005587623767e+01 2.531738153876865027e+01 5.325564505400684112e+01 8.573287424507156640e-01 -4.305090877287002904e+00 -2.618164371387479861e+01
3.219018655881319546e+01 2.619628613488064772e+01 5.287425543884754831e+01 4.370783683476221482e-01 -2.788326471274696239e+00 -3.102108517904909846e+01
2.961903950454464507e+01 2.819412981941891161e+01 5.247960071462003384e+01 2.138388319234049373e+00 -3.467568451059280132e+00 -3.447906980235487850e+01
3.264624211300599654e+01 2.457420842107746140e+01 5.207316371652028408e+01 1.632126774675686454e+00 -2.073620944507673869e+00 -3.660180947128066720e+01
3.103763175311909706e+01 2.556986817430119174e+01 5.165659864762524478e+01 3.933175320662683827e+00 -3.674102865006850571e+00 -3.747108767470480473e+01
2.788174189002993231e+01 2.809221238899277395e+01 5.123165842570178086e+01 4.597753891080004429e+00 -3.867939111277173936e+00 -3.720209502235119459e+01
2.967590686769423769e+01 2.564412495376159029e+01 5.080010947078041283e+01 5.495618844146331838e+00 -4.555391819050774060e+00 -3.593966492764559462e+01
2.737694323333422375e+01 2.726967400576601008e+01 5.036363849335516107e+01 -3.773096466495825752e+00 4.646488636463676158e+00 -3.385284319136329856e+01
2.968303461313080405e+01 2.427225771557892386e+01 4.992375682976310003e+01 6.032858612042955926e+00 -5.506311859308516077e+00 -3.112791035235852632e+01
2.472671521386122606e+01 2.852158889863900981e+01 4.948170854730840063e+01 5.648777677228262739e+00 -5.737944354371338207e+00 -2.796018653958783773e+01
2.531066613569711166e+01 2.721779988012485418e+01 4.903838881865137012e+01 -1.396497046554590504e+00 4.468013062108199263e-01 -2.454514713675774473e+01
2.561007048548633946e+01 2.618892201249094143e+01 4.859427888381063099e+01 -2.570026253865806520e+00 5.503062410602481691e-01 -2.106952014086458647e+01
2.543529145015986614e+01 2.562798157422938061e+01 4.814940325925469011e+01 -4.881752664921535256e+00 1.626943587621162202e+00 -1.770308604016130261e+01
2.470867776148556061e+01 2.561591932074795608e+01 4.770331373912874540e+01 4.817954818497686142e-01 -5.085748721823816432e+00 -1.459184133658819604e+01
2.553383098641099025e+01 2.405201653574358289e+01 4.725510322145772335e+01 -4.977860120128424271e+00 -1.034458775613090742e+00 -1.185302684345709068e+01
2.349434176834583354e+01 2.535484246965972588e+01 4.680345056513949942e+01 -1.057886263763660040e+01 3.154779337039884002e+00 -9.572295025710232608e+00
2.311076902846325609e+01 2.500497443704316325e+01 4.634669564097639238e+01 -3.243613968660108871e+00 -5.541597034375218556e+00 -7.803043845179948867e+00
2.422471803844128502e+01 2.316066122708367558e+01 4.588294159423440988e+01 1.353435616394123020e-01 -1.018138813071457527e+01 -6.567723983796051712e+00
2.319699252205973039e+01 2.345948016645623824e+01 4.541017921376214872e+01 -7.754201460613866281e+00 -3.409393057884797074e+00 -5.860765161640929755e+00
2.284975352066798493e+01 2.307607701508032250e+01 4.492642634473238417e+01 -1.020851809307528946e+01 -1.894909329388335006e+00 -5.652679829708747050e+00
2.292267043857969355e+01 2.226601919982565292e+01 -1.829254323336364729e+00 -1.101181307374269558e+01 4.442987363931139555e+01 -5.894885082226116957e+00
2.167230169003579832e+01 2.276653285556198369e+01 -9.076771347633471265e+00 -4.286074267604283783e+00 4.391902676006846917e+01 -6.524820221572461776e+00
2.216931330051626503e+01 2.149951379893801118e+01 -1.264568567762674256e+01 -1.020470095002197874e+00 4.339283456321266641e+01 -7.471007072352175982e+00
2.137962455908017390e+01 2.149071190363723360e+01 -7.437405531662809821e+00 -6.321695552976090760e+00 4.285079288485396631e+01 -8.657783096944116963e+00
2.101669642248104708e+01 2.101785235344365432e+01 -1.069084739742690005e+01 -2.968702598435027262e+00 4.229301437630171279e+01 -1.000951864218109577e+01
2.062506086109322823e+01 2.052756693172881697e+01 -1.126294614018427120e+00 -1.226735739202888631e+01 4.172025637016951549e+01 -1.145420023267470100e+01
1.982750217547054561e+01 2.038869029156502322e+01 -1.294443669806187414e+00 -1.169945582642788473e+01 4.113390093565340067e+01 -1.292631804398349082e+01
1.924731869269874451e+01 1.997045645031920458e+01 -2.535587063400978725e+00 -9.961265949758319138e+00 4.053588396970497598e+01 -1.436903771272105423e+01
1.967779742765282336e+01 1.847342752178576575e+01 -5.455310903470246053e+00 -6.485361710137195423e+00 3.992857318777674891e+01 -1.573566685788115826e+01
1.912976508669395770e+01 1.788225990929731779e+01 -1.160371271893493983e+00 -1.020224203652723460e+01 3.931459798820915807e+01 -1.699044831145892687e+01
1.775462577136768516e+01 1.804287271040844587e+01 -4.744096053533423785e+00 -6.052549958464608970e+00 3.869663708009106529e+01 -1.810872813856637720e+01
1.748078086864851954e+01 1.702610622109546412e+01 -3.632539557046190470e+00 -6.638816227016884675e+00 3.807717213838829196e+01 -1.907655935725899710e+01
1.600472170047402187e+01 1.713657262115509283e+01 -6.850863857127403200e+00 -2.957383511129381137e+00 3.745821715966501131e+01 -1.988981308343485210e+01
1.667342413765743103e+01 1.503007200353094497e+01 -4.330844852794126787e+00 -5.089711717292814797e+00 3.684103310374517548e+01 -2.055287774173297066e+01
1.511515546100472740e+01 1.508247564325958301e+01 -9.489114290832366905e+00 3.764857011559317179e-01 3.622583510600854595e+01 -2.107703305956597717e+01
1.351750090401912630e+01 1.511129102349271669e+01 -2.153822547451909486e+00 -6.726062740711462595e+00 3.561149399016110095e+01 -2.147858691718645119e+01
1.442660387723494786e+01 1.257594621475165830e+01 -3.102301586734592664e+00 -5.607064942468887203e+00 3.499522334388509393e+01 -2.177685697699952172e+01
1.282469441412541222e+01 1.249975990011628113e+01 -3.473386468584501507e+00 -5.107412785905957264e+00 3.437222517612197947e+01 -2.199206142620038662e+01
1.263491033844731781e+01 1.096464150330251286e+01 -4.485364039477589770e+00 -3.982759404319923036e+00 3.373523587858164774e+01 -2.214314814815607591e+01
1.177954524242444734e+01 1.005244199379218450e+01 -2.676686785146429326e+00 -5.664699786907751111e+00 3.307385965469470790e+01 -2.224552882467495962e+01
1.056656152393996706e+01 9.458173122789537146e+00 -1.355009513228848883e+00 -6.813896589922354252e+00 3.237347823065746866e+01 -2.230857381132177863e+01
8.915081678157617873e+00 9.264432428560519739e+00 -4.835508138810875600e+00 -3.084082219447277673e+00 3.161334096624753442e+01 -2.233252359153219402e+01
7.498487810282058241e+00 8.798439827967838411e+00 -4.109264423633226526e-01 -7.154372337547635574e+00 3.076307801883193349e+01 -2.230409418038015801e+01
6.982608636579606731e+00 7.394216587311088773e+00 -6.292425089252666470e-02 -7.020186552430666360e+00 2.977614655426561185e+01 -2.218930409909944501e+01
6.010725177072163916e+00 6.408149139711357911e+00 -5.300586479750913904e-01 -5.927299100939959153e+00 2.857720614538899540e+01 -2.192052085274913509e+01
5.667902443495205667e+00 4.755360763549049352e+00 -1.294261428653614709e+00 -4.386995689238865737e+00 2.703735617834988147e+01 -2.137164797887876588e+01
4.356217892710724904e+00 4.035208476307095005e+00 -3.043519810586965413e+00 -1.714460513632069194e+00 2.492582302615731749e+01 -2.031001801435258614e+01
2.910008337674967471e+00 3.416642766159724953e+00 -1.786980922524207704e+00 -1.914012960435849564e+00 2.182348162869192620e+01 -1.831034596781370993e+01
1.974903259706927150e+00 2.259519764138155917e+00 -2.878968869984024903e-01 -2.245655155465777320e+00 1.702312424494077092e+01 -1.465562114190198884e+01
1.103992236166855934e+00 1.018410790287381351e+00 -1.127231221660186522e-01 -1.174570068945013146e+00 9.691216685874197267e+00 -8.499640072936790247e+00
3.306715816429628344e-15 2.986365416420198206e-15 -1.733702606734795922e-15 -2.100636364338805598e-15 3.027545059712952767e-14 -2.673744538317732098e-14
3.306715816429628344e-15 2.986365416420198206e-15 -1.733702606734795922e-15 -2.100636364338805598e-15 3.027545059712952767e-14 -2.673744538317732098e-14
-3.409150974720834282e-01 -1.185982772000114371e+00 -6.933669652680738427e-01 -2.055512802413924867e+00 1.274814322107960196e+00 4.307390541091810077e-01
-6.758101743583087018e-01 -2.365916993542251046e+00 -1.376256560899054904e+00 -4.092976291095785868e+00 2.545885602976917017e+00 8.604676347783969392e-01
-9.989044536324889201e-01 -3.533815581930406680e+00 -2.038715868981330281e+00 -6.094866321895753281e+00 3.809533298914900445e+00 1.288241004990583471e+00
-1.304895893763525772e+00 -4.683816473567622651e+00 -2.671811123175775737e+00 -8.044673064404287643e+00 5.062198894566334317e+00 1.713241840829929696e+00
-1.589198838552388082e+00 -5.810249625638361337e+00 -3.268065167722477238e+00 -9.927322654324079565e+00 6.300499636632709510e+00 2.134834021522534986e+00
-1.848173798851963090e+00 -6.907707568553070665e+00 -3.821814428573062195e+00 -1.172950805552614995e+01 7.521273905719399799e+00 2.552605158142689401e+00
-2.079339033754654675e+00 -7.971118084451849661e+00 -4.329467858614720832e+00 -1.343991599763651834e+01 8.721616041457755486e+00 2.966395131563716259e+00
-2.281550225988767444e+00 -8.995816143921041785e+00 -4.789656854162306132e+00 -1.504934719804371035e+01 9.898898908908211780e+00 3.376308711065894919e+00
-2.455133102004471546e+00 -9.977611181422989972e+00 -5.203271843410925079e+00 -1.655073603081933697e+01 1.105078303195654321e+01 3.782711234832846880e+00
-2.601954780936685641e+00 -1.091284534178563170e+01 -5.573387546635343526e+00 -1.793908235452205346e+01 1.217521168790078256e+01 4.186207299593775133e+00
-2.725422818996356522e+00 -1.179843856384587397e+01 -5.905084383673797177e+00 -1.921131198770164872e+01 1.327039191704787413e+01 4.587603373229764081e+00
-2.830405774121541373e+00 -1.263191722633846759e+01 -6.205177920366915068e+00 -2.036608350821647306e+01 1.433476190690576324e+01 4.987856156241030625e+00
-2.923074852883715380e+00 -1.341142440084406751e+01 -6.481871538647357767e+00 -2.140355818442088065e+01 1.536694561176035023e+01 5.388009324704649217e+00
-3.010672011937329362e+00 -1.413571130855084768e+01 -6.744349756738450274e+00 -2.232514758815785783e+01 1.636569570714608446e+01 5.789121945135168978e+00
-3.101215109337574383e+00 -1.480411111671765489e+01 -7.002330972656665153e+00 -2.313325040868935645e+01 1.732982598627467041e+01 6.192192326541400504e+00
-3.203154894972330524e+00 -1.541649751620835751e+01 -7.265599043531279833e+00 -2.383098664006600487e+01 1.825813399519752878e+01 6.598081344228074130e+00
-3.325001573232209129e+00 -1.597323142546702712e+01 -7.543533219189359151e+00 -2.442193389511246338e+01 1.914931395718234697e+01 7.007439322561568318e+00
-3.474940321850122693e+00 -1.647509957030852235e+01 -7.844655647918116870e+00 -2.490986712092253086e+01 2.000185868012545143e+01 7.420640400606824727e+00
-3.660455581937030800e+00 -1.692324856992257764e+01 -8.176215025405658920e+00 -2.529849922832096709e+01 2.081394689894073124e+01 7.837727936394998096e+00
-3.887983276422251944e+00 -1.731911756975507188e+01 -8.543823950458962813e+00 -2.559121560064156498e+01 2.158330892198334183e+01 8.258373953028442571e+00
-4.162608512038796782e+00 -1.766437152388599685e+01 -8.951166099953653088e+00 -2.579078923289532455e+01 2.230705774269250696e+01 8.681854920999588998e+00
-4.487823908803973971e+00 -1.796083612619107228e+01 -9.399787304817200706e+00 -2.589905386356856809e+01 2.298146355706391120e+01 9.107045340343992379e+00
-4.865360601924876960e+00 -1.821043434728938948e+01 -9.888981840158642456e+00 -2.591649726141437782e+01 2.360163437642620821e+01 9.532429672630620132e+00
-5.295100291701693607e+00 -1.841512379394808718e+01 -1.041578159740859633e+01 -2.584171103651654988e+01 2.416103946515297451e+01 9.956132218697584690e+00
-5.775072608273235097e+00 -1.857683388230132238e+01 -1.097505122064201188e+01 -2.567058797579670681e+01 2.465076676473529815e+01 1.037596358765192051e+01
-6.301537671695371046e+00 -1.869740223775987431e+01 -1.155968683296758215e+01 -2.539507557177185504e+01 2.505832296341350229e+01 1.078948150041748200e+01
-6.869149266900943296e+00 -1.877851080004755957e+01 -1.216090990558183371e+01 -2.500114066142230840e+01 2.536563101529701925e+01 1.119406285998762662e+01
-7.471189761014811914e+00 -1.882162364897419238e+01 -1.276864158998228760e+01 -2.446530568107842640e+01 2.554558548685818664e+01 1.158698334017294584e+01
-8.099864037013160711e+00 -1.882793023788984144e+01 -1.337193707705180046e+01 -2.374854388709490038e+01 2.555595303101037530e+01 1.196550022951977787e+01
-8.746636572694523437e+00 -1.879829908291601726e+01 -1.395945498647094141e+01 -2.278521028594819597e+01 2.532829484804683062e+01 1.232693394476264892e+01
-9.402593593975669961e+00 -1.873324756370387689e+01 -1.451993409394428092e+01 -2.146266350028397341e+01 2.474756671162068500e+01 1.266874351771307694e+01
-1.005881114579789504e+01 -1.863293303405816204e+01 -1.504264932708390212e+01 -1.958444036356270601e+01 2.361525898855988714e+01 1.298859147015211946e+01
-1.070671002673579864e+01 -1.849716884775720160e+01 -1.551782101721914842e+01 -1.681120303322435916e+01 2.159029738514072605e+01 1.328439382169950989e+01
-1.133837978951064862e+01 -1.832546639071856021e+01 -1.593695560633060282e+01 -1.260826735430646472e+01 1.813651439446700664e+01 1.355435151326988574e+01
-1.194685627590936150e+01 -1.811710123030399089e+01 -1.629310175920045367e+01 -6.388108944535646039e+00 1.266508942268690419e+01 1.379696025001295290e+01
-1.252634019751642036e+01 -1.787119862069470955e+01 -1.658101230690370542e+01 1.739561224578421994e+00 5.284551073538284349e+00 1.401099663850961718e+01
-1.307234779866224628e+01 -1.758683137928959539e+01 -1.679720882215755040e+01 1.012270834739327263e+01 -2.354213198392329343e+00 1.419547947020613243e+01
-1.358178832455964624e+01 -1.726312194240302489e+01 -1.693995122797150188e+01 1.677583882305305707e+01 -8.266904703414612143e+00 1.434960603630874587e+01
-1.405296655238729642e+01 -1.689934034615530933e+01 -1.700911925556527038e+01 2.119550996344303329e+01 -1.195140796284111850e+01 1.447266439445411201e+01
-1.448551174425652732e+01 -1.649499084877000499e+01 -1.700601566403334886e+01 2.392287778659624919e+01 -1.395042421970136814e+01 1.456392349102702610e+01
-1.488023680915478408e+01 -1.604988162837021903e+01 -1.693310301603203882e+01 2.558053861856544131e+01 -1.488839924080780364e+01 1.462250392885688122e+01
-1.523893301351941254e+01 -1.556417409132635044e+01 -1.679368672626231529e+01 2.658596976250583666e+01 -1.518505123421270930e+01 1.464723292823092926e+01
-1.556410606800287866e+01 -1.503841045685562783e+01 -1.659155738635019972e+01 2.718356939352898394e+01 -1.508750118807316909e+01 1.463648765822373576e+01
-1.585865862347440469e+01 -1.447352016558753007e+01 -1.633060535376753819e+01 2.751311455573371489e+01 -1.473882898122849916e+01 1.458803165883780295e+01
-1.612552182075648233e+01 -1.387080712024035201e+01 -1.601442059372507387e+01 2.765555860508452213e+01 -1.422398450466900677e+01 1.449884964329267412e+01
-1.636723405394360498e+01 -1.323192073830902693e+01 2.765859033903289799e+01 -1.564589110324172339e+01 -1.359548900471175692e+01 1.436498677086634679e+01
-1.658545768678615318e+01 -1.255881429969956109e+01 2.755031935176880609e+01 -1.522681429049718105e+01 -1.288731178214008288e+01 1.418139985146450854e+01
-1.678041269853595097e+01 -1.185369418591671753e+01 2.734655507721637591e+01 -1.475753789675808569e+01 -1.212242193683603375e+01 1.394183038694412069e+01
-1.695018779149044974e+01 -1.111896344212795285e+01 2.705460681746312446e+01 -1.423665103919937991e+01 -1.131699270184559758e+01 1.363871356087849307e+01
-1.708986053688380835e+01 -1.035716276588938456e+01 2.667507399725208117e+01 -1.366075247282743987e+01 -1.048280611283768415e+01 1.326314410173466207e+01
-1.719031256601602564e+01 -9.570911640169255108e+00 2.620231203946869414e+01 -1.302433296168581300e+01 -9.628666537552042826e+00 1.280493019918577957e+01
-1.723655449182680144e+01 -8.762851960415900976e+00 2.562381224456224871e+01 -1.231982204379048618e+01 -8.761254720924188888e+00 1.225278074097850833e+01
-1.720526654227856866e+01 -7.935596198078200381e+00 2.491843203793881045e+01 -1.153786547890511294e+01 -7.885659296773887661e+00 1.159468809137956136e+01
-1.706110748092606855e+01 -7.091681902094752132e+00 2.405315706649815866e+01 -1.066791436932994941e+01 -7.005719669615508849e+00 1.081858451768374074e+01
-1.675117306824529706e+01 -6.233534139506163640e+00 2.297785089434572114e+01 -9.699211242947082923e+00 -6.124258051661818136e+00 9.913356028443779167e+00
-1.619696096991493661e+01 -5.363437269242282923e+00 2.161739398654161093e+01 -8.622235990386064586e+00 -5.243246931642045361e+00 8.870276428471957075e+00
-1.528393799404468467e+01 -4.483517175316637626e+00 1.986133620569216518e+01 -7.430602917992072065e+00 -4.363939993564504682e+00 7.684854177451458490e+00
-1.385213877029753249e+01 -3.595734712549346845e+00 1.755451112649485168e+01 -6.123259413734180256e+00 -3.486983575363441279e+00 6.358945157432287942e+00
-1.170117474516580991e+01 -2.701890618166285396e+00 1.450200515135728452e+01 -4.706631029473548722e+00 -2.612519000508930045e+00 4.902779835913399609e+00
-8.642649139547289749e+00 -1.803641526302663722e+00 1.052148838736788328e+01 -3.196145351268358858e+00 -1.740281807183075014e+00 3.336341703973182859e+00
-4.641165542273099298e+00 -9.025260320044060647e-01 5.584104764304335333e+00 -1.616473411764368651e+00 -8.697010822650489414e-01 1.689440822037571621e+00
-7.212720498660047058e-07 7.840578638002026907e-07 1.150276854901245726e-06 -2.811593252591209287e-07 -4.228816313426214648e-07 -2.823609994716280701e-07
-7.212720498660047058e-07 7.840578638002026907e-07 1.150276854901245726e-06 -2.811593252591209287e-07 -4.228816313426214648e-07 -2.823609994716280701e-07
-8.539633918516669295e-07 1.364898650509470862e-06 4.737874947406275282e-07 -1.801160496207017621e-07 -2.683134703968209460e-07 -3.579381291482101493e-07
-9.835193443260681498e-07 1.314777550920975302e-06 4.196470789525088422e-07 -7.883101020509610711e-08 -2.257409402663867833e-07 -3.176962803398660389e-07
-1.088790194458532035e-06 1.245838695129895965e-06 3.648845720087126708e-07 1.111982195439182113e-08 -1.766415368253443365e-07 -2.767837632058833347e-07
-1.144785344776111746e-06 1.142524832386293552e-06 3.098087425717903674e-07 7.800202418635298602e-08 -1.166822032328261241e-07 -2.354452422211163951e-07
-1.124559941815762877e-06 9.858647232466210491e-07 2.548593953018520189e-07 1.107728428599258653e-07 -4.098158833141583866e-08 -1.940272172892881822e-07
-1.001817832953312901e-06 7.554655220820647703e-07 2.005598203637983210e-07 9.995345817105925876e-08 5.548694421042726466e-08 -1.529421314259413629e-07
-7.540514240175353651e-07 4.321774676901265715e-07 1.474773699132329722e-07 3.844959132598988972e-08 1.774261972034461867e-07 -1.126383952421154702e-07
-3.658481920467959926e-07 1.107039872663897293e-09 9.619295598289833104e-08 -7.775325899911947748e-08 3.287146286142639419e-07 -7.357667777383927248e-08
1.681621331465941922e-07 -5.455095194464838990e-07 4.727880801510284995e-08 -2.490900755440107979e-07 5.119155818654427898e-07 -3.621253458788498896e-08
8.413092844008512526e-07 -1.206140957263243867e-06 1.283253102786653037e-09 -4.721652847722305323e-07 7.278365860897851630e-07 -9.841695251289878333e-10
1.634307627738148552e-06 -1.968977474542447035e-06 -4.127950656137147398e-08 -7.397821086951128182e-07 9.751775665272989071e-07 3.169591056831905138e-08
2.516307301592160377e-06 -2.812353043220191701e-06 -7.993639701271480436e-08 -1.041258870407165957e-06 1.250302025584931896e-06 6.144671806215046383e-08
3.447405971473613364e-06 -3.706453479423398227e-06 -1.142609955509643083e-07 -1.363009331891559546e-06 1.547155869458587544e-06 8.792347527290242360e-08
4.382136167770927410e-06 -4.615889082721506186e-06 -1.438789201720904019e-07 -1.689344090047818952e-06 1.857351030514530186e-06 1.108220667123550784e-07
5.273280813607689963e-06 -5.502564180200352650e-06 -1.684735737821284288e-07 -2.003432558494007722e-06 2.170422596638918457e-06 1.298837195631474595e-07
6.075405065310615819e-06 -6.328317902400106148e-06 -1.877929855167367555e-07 -2.288353107975887220e-06 2.474255905973307133e-06 1.449004344732018843e-07
6.747672025616417485e-06 -7.056990403941395346e-06 -2.016571736985711625e-07 -2.528159966577234779e-06 2.755674101237885079e-06 1.557209220420971439e-07
7.255726788238737107e-06 -7.655775704604906456e-06 -2.099663185625539716e-07 -2.708896781275640707e-06 3.001165068453229624e-06 1.622568709340886377e-07
7.572633985825035571e-06 -8.095906529904173929e-06 -2.127090199905099707e-07 -2.819498182938414075e-06 3.197718523872947350e-06 1.644896088192706682e-07
7.678928413918133654e-06 -8.352764719069994903e-06 -2.099706379892319928e-07 -2.852532927470427187e-06 3.333734442633478313e-06 1.624764902415606237e-07
7.561871064915070482e-06 -8.405513999957219115e-06 -2.019411286558549204e-07 -2.804757542854019018e-06 3.399955304352688979e-06 1.563571300063956515e-07
7.213854010429861929e-06 -8.236169767198915669e-06 -1.889219389365558224e-07 -2.677465267349515536e-06 3.390367637464057583e-06 1.463588315598512072e-07
6.629671999656137123e-06 -7.827763747010187831e-06 -1.713312742418348436e-07 -2.476631302690502503e-06 3.303016427787544502e-06 1.328007251724809824e-07
5.801701647473145421e-06 -7.160559212965739907e-06 -1.497066197950487877e-07 -2.212864753997335516e-06 3.140672916140265124e-06 1.160958125510424081e-07
4.710314520349560096e-06 -6.203540260805126751e-06 -1.247033863123706092e-07 -1.901195258798302991e-06 2.911310502551762088e-06 9.674996665472519273e-08
3.301010399088491181e-06 -4.892554694815196096e-06 -9.708816191311319423e-08 -1.560727262261490659e-06 2.628354574762625554e-06 7.535669654488467484e-08
1.415429243111916051e-06 -3.062167401158215483e-06 -6.772548229707868181e-08 -1.214204050288682415e-06 2.310693270157970907e-06 5.258684775767134242e-08
-1.501776926193335811e-06 -1.531239000465100197e-07 -3.755712579936745876e-08 -8.875326445641857924e-07 1.982465358824023283e-06 2.917254693410328227e-08
-8.856045689728989198e-06 7.240464999650680705e-06 -7.574056913766687987e-09 -6.093267581380877676e-07 1.672669387346413932e-06 5.885142045865245931e-09
-4.976734972658932880e-05 4.823560999466299800e-05 2.121845944876304423e-08 -4.105388131040044800e-07 1.414671448468854084e-06 -1.649188441901973366e-08
-8.501119409088384724e-06 7.091721963931971245e-06 4.784056083913526838e-08 -3.242714473896173012e-07 1.245728314069263152e-06 -3.719416257525342053e-08
-3.499259555762108189e-06 2.242252776432434370e-06 7.138001331073076977e-08 -3.859042253906291569e-07 1.206698959906293021e-06 -5.550932264773654473e-08
-5.911731917118140903e-07 -4.934610184967565139e-07 9.103364127985942220e-08 -6.337406978349450422e-07 1.342195389365916265e-06 -7.080951305337946416e-08
1.771442484957152786e-06 -2.674477802670392403e-06 1.061448178067101686e-07 -1.110544771696662456e-06 1.701588984732066012e-06 -8.258079338549784345e-08
3.961477413280719649e-06 -4.684200984568697232e-06 1.162340657811691257e-07 -1.866651996507939602e-06 2.341603680606293861e-06 -9.044713442989028958e-08
6.148210180189859827e-06 -6.701331667931656091e-06 1.210204755736662557e-07 -2.966024276850883591e-06 3.331902687392084276e-06 -9.418727337966812494e-08
8.471786099756895523e-06 -8.873655610568483590e-06 1.204326965026056732e-07 -4.498197520018810784e-06 4.766651213652746019e-06 -9.374343809854080386e-08
1.111504373748544987e-05 -1.138938349883823971e-05 1.146092392775231562e-07 -6.602970865150574307e-06 6.788924564962456517e-06 -8.922173558528432942e-08
1.438180875995969532e-05 -1.455518587880738737e-05 1.038889950946751288e-07 -9.525649595268197235e-06 9.645786513289712936e-06 -8.088473711478202848e-08
1.886139364554630923e-05 -1.896065410888847443e-05 8.879325987284932655e-08 -1.375612366481837927e-05 1.382732265795935637e-05 -6.913766157936065730e-08
2.590708825534905800e-05 -2.595694940817270166e-05 7.000153636192381584e-08 -2.044698922121522666e-05 2.048483056369887413e-05 -5.450939808154300462e-08
3.954178237714488128e-05 -3.956274180358256129e-05 4.832284032674856168e-08 -3.308634158506631832e-05 3.310378301495017886e-05 -3.763025542315599363e-08
7.979299345245290879e-05 -7.979967229475255558e-05 2.466456342428132701e-08 -6.920512253985886062e-05 6.921143034842876620e-05 -1.920749488549958521e-08
1.101266569158923204e-22 1.388428391696254687e-21 -1.974970427426832718e-22 -8.945629827571812205e-22 5.314995234626091836e-23 5.208193420803824297e-23
