1.151789266871828728e-07 1.333281871273776662e-07 1.439559733041164364e-07 8.998062491979666788e+00 8.998062491979668565e+00 8.998062491982999234e+00
1.104311351353276655e-01 1.555635384538160693e-01 1.713646174393212152e-01 8.994709677756143051e+00 8.995401012073100944e+00 8.996251692490233154e+00
2.209673341402847990e-01 3.100439280213798110e-01 3.369995043537899471e-01 8.984945448575661686e+00 8.987484290014208455e+00 8.990951609469362893e+00
3.297023136021389744e-01 4.624138107266562714e-01 4.928164116471501210e-01 8.969502296780014206e+00 8.974610586037961468e+00 8.982543724009554253e+00
4.361169093978638500e-01 6.117556884305312970e-01 6.345397094828182372e-01 8.949474903444704310e+00 8.957227707119539417e+00 8.971614425025064676e+00
5.397025084376083637e-01 7.573116578845837665e-01 7.589588523527144304e-01 8.926118505695997740e+00 8.935899733163925163e+00 8.958888140992010918e+00
6.400811131796627640e-01 8.642111380042081237e-01 8.985248942848687026e-01 8.900627987802041119e+00 8.911254954423048602e+00 8.945147361316598378e+00
7.370200627019009021e-01 9.500792712979763133e-01 1.035068033018452738e+00 8.873931844743109920e+00 8.883932337224447195e+00 8.931151092402426883e+00
8.304180879997237197e-01 1.018185613444622106e+00 1.166853846879002621e+00 8.846547651108831900e+00 8.854534051434693964e+00 8.917563545575651673e+00
9.202745845139711500e-01 1.071984824536901248e+00 1.294025505037329271e+00 8.818534869652559394e+00 8.823591534093367272e+00 8.904903003921592841e+00
1.006649845744641336e+00 1.116452109302036533e+00 1.416927049059614863e+00 8.789545331511906312e+00 8.791563518298850965e+00 8.893516979860018878e+00
1.089624910031723903e+00 1.157393429850067434e+00 1.536058645843843884e+00 8.758472765320275855e+00 8.759351392022910687e+00 8.883584617885752266e+00
1.169270719021922478e+00 1.200405810861878697e+00 1.652024366650972409e+00 8.725210814450033325e+00 8.726780006677120838e+00 8.875141938144693654e+00
1.245637755961940041e+00 1.249697680415711609e+00 1.765481497397302313e+00 8.691517794320775536e+00 8.691985960639085462e+00 8.868121230159758284e+00
1.307141008395334980e+00 1.318784702330688674e+00 1.877099166481582815e+00 8.654996390832634390e+00 8.657643604464242415e+00 8.862393717389965175e+00
1.371867009231443779e+00 1.388902039188657955e+00 1.987530747833143430e+00 8.616408865250136273e+00 8.623758204218749057e+00 8.857804984375153623e+00
1.440309786591540853e+00 1.456722688217971795e+00 2.097400156576505470e+00 8.577278676822585268e+00 8.590045813517560802e+00 8.854195387605052758e+00
1.506689696856732485e+00 1.524002233388821459e+00 2.207298162918274187e+00 8.538953909048208502e+00 8.556720556290143165e+00 8.851402012268275499e+00
1.567172925459688448e+00 1.590472716343296566e+00 2.317782337388695435e+00 8.502820292284491543e+00 8.524025907085146514e+00 8.849243638789529243e+00
1.622305355484986444e+00 1.652383842505819711e+00 2.429373810575498727e+00 8.470003288818793052e+00 8.492222475174376228e+00 8.847494547147466193e+00
1.672928846649131440e+00 1.707267394737699728e+00 2.542545688819641825e+00 8.441094535014455502e+00 8.461569296632751147e+00 8.845855883409912579e+00
1.719415143939911905e+00 1.755022772748751070e+00 2.657701192036608706e+00 8.415968139203547693e+00 8.432309408448706023e+00 8.843934148026690423e+00
1.762225772398908097e+00 1.797291066984778363e+00 2.775143452840592495e+00 8.393713023944687990e+00 8.404691008257159979e+00 8.841234999262931993e+00
1.802615294463679518e+00 1.836309177135183379e+00 2.895042322152919567e+00 8.372594402482578246e+00 8.379129940143094757e+00 8.837177350617333005e+00
1.843136963032438791e+00 1.873644915686075718e+00 3.017405448720495098e+00 8.350518879010786932e+00 8.356012789734538870e+00 8.831128445066722676e+00
1.887039911509905243e+00 1.909857120227900440e+00 3.142060762955722453e+00 8.327868262915515629e+00 8.333214730752422028e+00 8.822456190948003041e+00
1.936866892481166946e+00 1.944978499287124185e+00 3.268655398999576800e+00 8.305819274701821797e+00 8.308140141661501943e+00 8.810591470392454383e+00
1.978915304738508629e+00 1.993393866536520953e+00 3.396672775758792895e+00 8.279836313940046821e+00 8.284529087768342848e+00 8.795091025184854416e+00
2.011565586625743585e+00 2.055287894302471052e+00 3.525466097356077633e+00 8.248474732625837191e+00 8.263838198149519698e+00 8.775691140075753793e+00
2.042831047208044648e+00 2.119354287827965422e+00 3.654303881147631383e+00 8.215118702677820295e+00 8.243536521503813219e+00 8.752343575300749023e+00
2.072617785687489889e+00 2.181185976689838935e+00 3.782421782914988651e+00 8.181511762448689495e+00 8.223442790168640215e+00 8.725227709104339979e+00
2.100843764847563744e+00 2.236029588229570209e+00 3.909074936086608165e+00 8.149752088162605546e+00 8.203441042199550282e+00 8.694736199004662325e+00
2.127449138970591846e+00 2.279697219667792485e+00 4.033585848013052200e+00 8.121870973685112460e+00 8.183498035442120511e+00 8.661435206004398424e+00
2.152404011541507955e+00 2.309376731865389054e+00 4.155384084743912076e+00 8.099390979156243731e+00 8.163666024023349621e+00 8.626003904121903432e+00
2.175710835061456905e+00 2.324211862063948697e+00 4.274035141827233097e+00 8.082970127184220033e+00 8.144072815485824179e+00 8.589161158498782811e+00
2.197401152938746272e+00 2.325543885391213816e+00 4.389256911752497103e+00 8.072234747409238409e+00 8.124901634228296032e+00 8.551589411805556651e+00
2.217527803816966347e+00 2.316747245503472108e+00 4.500923116857702411e+00 8.065856793258626922e+00 8.106364396005853123e+00 8.513866504156393233e+00
2.236154327934374741e+00 2.302656508231657906e+00 4.609054162974622670e+00 8.061857247380661562e+00 8.088672756726962731e+00 8.476415047034498329e+00
2.253343925054030361e+00 2.288659100192882434e+00 4.713797164412728335e+00 8.058050830340103943e+00 8.072011311260006039e+00 8.439476074965106989e+00
2.269152260578179536e+00 2.279606060165058956e+00 4.815398242979563648e+00 8.052518096084009258e+00 8.056516083223668190e+00 8.403109448508415014e+00
2.278758658637906276e+00 2.283636445116382419e+00 4.914171240980841127e+00 8.042256769390611737e+00 8.044004561527497543e+00 8.367218733024897048e+00
2.286978558969094077e+00 2.296941499414870691e+00 5.010467288317130397e+00 8.029188233472508429e+00 8.032209876433771711e+00 8.331594087980624508e+00
2.301829949218315186e+00 2.310018299978300771e+00 5.104648990307910417e+00 8.016349536525382291e+00 8.018649830951288138e+00 8.295964005232436378e+00
2.315246543029792381e+00 2.327392631277333201e+00 5.197071464909310379e+00 8.000798302914219562e+00 8.007591943007051682e+00 8.260046047580381412e+00
2.324286516007035175e+00 2.347343818202349830e+00 5.288070494219297757e+00 7.985196583839067053e+00 7.998163915809032964e+00 8.223588035479298952e+00
2.330988665032727170e+00 2.363227426734340497e+00 5.377956254552647586e+00 7.971885333446481425e+00 7.989847090349559977e+00 8.186393924076490691e+00
2.335742627242876512e+00 2.371244253951975800e+00 5.467009958468404207e+00 7.962371409395325728e+00 7.982519952027981702e+00 8.148332166548332367e+00
2.338634308606012180e+00 2.369949789418920982e+00 5.555480538899834286e+00 7.957289917571644722e+00 7.976107722323782845e+00 8.109327904344887372e+00
2.339722541961556601e+00 2.360374552508035073e+00 5.643579195485873612e+00 7.956240559564587755e+00 7.970553858955083726e+00 8.069343217827869452e+00
2.338868545542340360e+00 2.346044934770640911e+00 5.731470937959635137e+00 7.957862007184150599e+00 7.965812663869106913e+00 8.028351474020871237e+00
2.329988097785816059e+00 2.338042255466066255e+00 5.819263804454104516e+00 7.960068982679228355e+00 7.961920431672772303e+00 7.986312315462764211e+00
2.320202341536801161e+00 2.334737819106140755e+00 5.906997786718536148e+00 7.943153071971595480e+00 7.958331141963000732e+00 7.961176505061473563e+00
2.319518490273156708e+00 2.330798292001220240e+00 5.994636312748555795e+00 7.898760585733888284e+00 7.955582459515081695e+00 7.958725244458524806e+00
2.326394549264331424e+00 2.330429277941464150e+00 6.082063214462442247e+00 7.852985024943026637e+00 7.951958010892567152e+00 7.953233522846209880e+00
2.321856784552955411e+00 2.352531057304910522e+00 6.169087422686231115e+00 7.805654711048338967e+00 7.940792307046976362e+00 7.951154256483993876e+00
2.317515789687429884e+00 2.382646172945141139e+00 6.255456349727497312e+00 7.756598771898926437e+00 7.926229164266542782e+00 7.949183650168811788e+00
2.313663010323011360e+00 2.415514669868500608e+00 6.340877345403723275e+00 7.705672924887899455e+00 7.910172766621046847e+00 7.947166131018121860e+00
2.310523392191068837e+00 2.444948355954637442e+00 6.425045098282111233e+00 7.652783101477998784e+00 7.895062017549522970e+00 7.944974888867464280e+00
2.308235779814463484e+00 2.465151952843406935e+00 6.507671702600748453e+00 7.597901995121413954e+00 7.883351625298527843e+00 7.942532651899235852e+00
2.306841942850830218e+00 2.471934490606713108e+00 6.588515506111362718e+00 7.541074857383166297e+00 7.876943910104792224e+00 7.939827203280457546e+00
2.306285609007706849e+00 2.463597755194049110e+00 6.667404843390776215e+00 7.482412782330689183e+00 7.876715309151315125e+00 7.936918534879104925e+00
2.306422305049548260e+00 2.441353690064053339e+00 6.744253291359923352e+00 7.422074019258677602e+00 7.882279991371657246e+00 7.933935562603257274e+00
2.307039918606906159e+00 2.409194519597993800e+00 6.819064064372909684e+00 7.360236174320968772e+00 7.892068088433846107e+00 7.931061894320620809e+00
2.307888637425891343e+00 2.373220946499317030e+00 6.891922501745918694e+00 7.297064082706481436e+00 7.903691402666473742e+00 7.928511967815135009e+00
2.308717276423733367e+00 2.340512380075252974e+00 6.962977201203463196e+00 7.232679233960398690e+00 7.914480996678752156e+00 7.926500712136958171e+00
2.309311250748313338e+00 2.317702565228897615e+00 7.032412090189575693e+00 7.167136592956109276e+00 7.922050851056101628e+00 7.925211401814413748e+00
2.309526204893492363e+00 2.309526204897959012e+00 7.100413381492714393e+00 7.100413381495002341e+00 7.924767172513989877e+00 7.924767172515210234e+00
2.309526204893492363e+00 2.309526204897959012e+00 7.100413381492714393e+00 7.100413381495002341e+00 7.924767172513989877e+00 7.924767172515210234e+00
2.315765975558548462e+00 2.316880067800666243e+00 7.089995939548961346e+00 7.105890342837759555e+00 7.923314655363927983e+00 7.926008931877071895e+00
2.334366012734724105e+00 2.337647595401004086e+00 7.076210816013029259e+00 7.104688017754797968e+00 7.919145205776940699e+00 7.929554680444335091e+00
2.364941565754962838e+00 2.368253292832356749e+00 7.060046084876626438e+00 7.095364368585533654e+00 7.912807334685643568e+00 7.934934521126798757e+00
2.403647294896035014e+00 2.406780585535737593e+00 7.041553112370876555e+00 7.077237108903352336e+00 7.905159146114645985e+00 7.941585153002298725e+00
2.438346083838230705e+00 2.458789648011512341e+00 7.019365105332775912e+00 7.051010717065078204e+00 7.897275758015396718e+00 7.949126291774632591e+00
2.467431319608248241e+00 2.519484320920405196e+00 6.989711279603941563e+00 7.019944362102547686e+00 7.890313598994559641e+00 7.957606793713655868e+00
2.487318881613385102e+00 2.587035098917473519e+00 6.948310973695216219e+00 6.988202451565944884e+00 7.885344173277973212e+00 7.967588565973582782e+00
2.496208223962349759e+00 2.659358687661066423e+00 6.896593889218118001e+00 6.954931006284540196e+00 7.883186043505656215e+00 7.979997922219620676e+00
2.494189687949265100e+00 2.734241390206110012e+00 6.838300865093897229e+00 6.917913811889564890e+00 7.884272428903461361e+00 7.995793643272882889e+00
2.483030739122791264e+00 2.809491272476381862e+00 6.776551661145797212e+00 6.876576970142417089e+00 7.888586185886476976e+00 8.015598617332656772e+00
2.465699329930822525e+00 2.883121134009563491e+00 6.714194845682238011e+00 6.831422373549224325e+00 7.895675604181385587e+00 8.039446905817721145e+00
2.445720267834620376e+00 2.953552078559731342e+00 6.653911376398109034e+00 6.783439100050808968e+00 7.904742629198818982e+00 8.066715850700035162e+00
2.426492225402737457e+00 3.019800227617525756e+00 6.597986634411872053e+00 6.733723539995900786e+00 7.914779790405676252e+00 8.096220342200863840e+00
2.410705918662164216e+00 3.081585036410025236e+00 6.547988594834423637e+00 6.683264505102957109e+00 7.924727290706280236e+00 8.126406951316754501e+00
2.399984684335377594e+00 3.139299327876381884e+00 6.504528313698695996e+00 6.632873029207213555e+00 7.933624680793258221e+00 8.155594857946349308e+00
2.394812020389469609e+00 3.193818114395908569e+00 6.467223055491945871e+00 6.583204381103498370e+00 7.940737232399402323e+00 8.182229370752622799e+00
2.394729442288275667e+00 3.246180912406613217e+00 6.434910752877566864e+00 6.534796167857642502e+00 7.945642452466369576e+00 8.205119054376753596e+00
2.398712570892784779e+00 3.297230033705395691e+00 6.406100695091486941e+00 6.488040577556565935e+00 7.948267102981813714e+00 8.223621628433511077e+00
2.405594095777615848e+00 3.347302645410054289e+00 6.379582469574020642e+00 6.443043558380392888e+00 7.948870988782778646e+00 8.237740009216665271e+00
2.414409623566201812e+00 3.396058299561835359e+00 6.354943296630152005e+00 6.399503440870268456e+00 7.947981417793600123e+00 8.248098459969119389e+00
2.424584215917219954e+00 3.442492150395637829e+00 6.331995876884089824e+00 6.357515652122460281e+00 7.946290802387585117e+00 8.255792519773704541e+00
2.435932701420312263e+00 3.485147119463581245e+00 6.302285274591715059e+00 6.326077541348900546e+00 7.944537208167679943e+00 8.262139836086694444e+00
2.448499449317694143e+00 3.522491527574547643e+00 6.257557088179852123e+00 6.314400646609984236e+00 7.943391305329641661e+00 8.268390255167581415e+00
2.451578748648244765e+00 3.525338608354024128e+00 6.236311441415094414e+00 6.340937820055343899e+00 7.942374527341373280e+00 8.262982425562185540e+00
2.462417814049389975e+00 3.557817542928070509e+00 6.188475483796388232e+00 6.341529516427249824e+00 7.943112362347355848e+00 8.266956922206851743e+00
2.470805576056245290e+00 3.585314344434653577e+00 6.141219059365238486e+00 6.346366686301704085e+00 7.946282399197757584e+00 8.272521814200716861e+00
2.476322193655389636e+00 3.606884720167645941e+00 6.093827791204861732e+00 6.355816440899516806e+00 7.951972109455528681e+00 8.280405837376161315e+00
2.479034799818669477e+00 3.621752766985894656e+00 6.045462096410711084e+00 6.370134895460967783e+00 7.959845455721335838e+00 8.290766723589308995e+00
2.479384649498324933e+00 3.629708483756132420e+00 5.995404948697124148e+00 6.389212953229936431e+00 7.969249600933530076e+00 8.303189537766119344e+00
2.477999623264400597e+00 3.631346352397710309e+00 5.943241902534553311e+00 6.412481725606081540e+00 7.979388942294933784e+00 8.316823050843595411e+00
2.475499953620431626e+00 3.628047136679953599e+00 5.888909522710933153e+00 6.439029623377972911e+00 7.989525239715987937e+00 8.330614200422603588e+00
2.472354526810404796e+00 3.621700079258082461e+00 5.832628179499447896e+00 6.467863251101121591e+00 7.999152398460022795e+00 8.343579581497980513e+00
2.468813463722946189e+00 3.614243794817181499e+00 5.774777952025249128e+00 6.498190136242052439e+00 8.008097484344819605e+00 8.355049637412280461e+00
2.464910432822298159e+00 3.607153843608541521e+00 5.715767489087641096e+00 6.529627395022476577e+00 8.016519782804101268e+00 8.364828767076737392e+00
2.460512207002345075e+00 3.601025263456737235e+00 5.655917819534018065e+00 6.562293637742580010e+00 8.024811253846900527e+00 8.373230679082000805e+00
2.455395871323567292e+00 3.595386249180207550e+00 5.595368232716605661e+00 6.596775190581876558e+00 8.033432416302105139e+00 8.380975005944536704e+00
2.449342168660485708e+00 3.588823793828166409e+00 5.534019196846460709e+00 6.633966793666723483e+00 8.042736789936526520e+00 8.388967056820511914e+00
2.442230424513943898e+00 3.579404145406363646e+00 5.471544512978770314e+00 6.674797527021688381e+00 8.052838896367516597e+00 8.398018830237159449e+00
2.434106988065759314e+00 3.565259987230510852e+00 5.407502641148600908e+00 6.719891509703073140e+00 8.063565489879417569e+00 8.408592064031820357e+00
2.425194029608108703e+00 3.545146915072855620e+00 5.341534519340588538e+00 6.769271254096887347e+00 8.074503354962207169e+00 8.420640797302590741e+00
2.415823661370502418e+00 3.518789762920822906e+00 5.273571708066520536e+00 6.822235774154182586e+00 8.085129977590570505e+00 8.433599795703640822e+00
2.406316505562324348e+00 3.486935477372358871e+00 5.203950579771105645e+00 6.877486335866243472e+00 8.094993528438791941e+00 8.446519442813173129e+00
2.396851633959463879e+00 3.451137526783626175e+00 5.133369836959071009e+00 6.933453926093195108e+00 8.103896999226030573e+00 8.458307806420009456e+00
2.387378201336324057e+00 3.413356840706700090e+00 5.062708684114832103e+00 6.988691267766979465e+00 8.112036776040401520e+00 8.468018555527780933e+00
2.377596588754775198e+00 3.375476191329429554e+00 4.992780337564695969e+00 7.042188880646441440e+00 8.120050754784726266e+00 8.475116731966348738e+00
2.367003394725701870e+00 3.338829076520059225e+00 4.924101599699433507e+00 7.093539696693150098e+00 8.128948794103571629e+00 8.479656607014703695e+00
2.354972930424015232e+00 3.303859054457047861e+00 4.856730827927068006e+00 7.142948401774216194e+00 8.139927339198619549e+00 8.482317901962652229e+00
2.340852971823290218e+00 3.270022510354454681e+00 4.790197192963013606e+00 7.191117507683018495e+00 8.154103225369484065e+00 8.484274671857603423e+00
2.324074555649295437e+00 3.235988530992894407e+00 4.723534532895588001e+00 7.239041636683678504e+00 8.172229515494377594e+00 8.486915995055893447e+00
2.304282994956402320e+00 3.200080407162195328e+00 4.655437347686155469e+00 7.287733503657558565e+00 8.194469206800176764e+00 8.491487658629624846e+00
2.281471730344012627e+00 3.160803936201916020e+00 4.584545199708255581e+00 7.337920622465301079e+00 8.220293187433270532e+00 8.498757173373320484e+00
2.256065227781399063e+00 3.117282069910535469e+00 4.509811679195732559e+00 7.389792677196913573e+00 8.248536201777575627e+00 8.508800835019941999e+00
2.228892727368404714e+00 3.069476322236506682e+00 4.430846491553043442e+00 7.442905269176150362e+00 8.277599192252916183e+00 8.520970638734269187e+00
2.201033404777340330e+00 3.018173407808291131e+00 4.348095289146755249e+00 7.496307775634662107e+00 8.305746582235862263e+00 8.534042754192432412e+00
2.173569710192928106e+00 2.964783342190868698e+00 4.262778278345098038e+00 7.548864820344049598e+00 8.331428238919954765e+00 8.546503862172153632e+00
2.147324178921231841e+00 2.911006570913408975e+00 4.176610708450269271e+00 7.599648003829578613e+00 8.353560059330531473e+00 8.556906672142796211e+00
2.122657384924787394e+00 2.858414225069769721e+00 4.091406314440917846e+00 7.648251683965137104e+00 8.371713349566313411e+00 8.564216670052585911e+00
2.099374865912740251e+00 2.807997547519598847e+00 4.008680833363732710e+00 7.694937519847096397e+00 8.386180106470394691e+00 8.568073265017369877e+00
2.076748995350013338e+00 2.759794494192866487e+00 3.929339797715458715e+00 7.740589356861179660e+00 8.397898713287576200e+00 8.568900233841635128e+00
2.053633442861096281e+00 2.712747219401269394e+00 3.853490865998909776e+00 7.786514798843320762e+00 8.408248566312840566e+00 8.567826514882282751e+00
2.028646438668668228e+00 2.664907855735942022e+00 3.780398821829578981e+00 7.834148240057595025e+00 8.418752963237219333e+00 8.566421651076543853e+00
2.000410121597377078e+00 2.613967538335934648e+00 3.708605570096549897e+00 7.884709131387076297e+00 8.430758179070561908e+00 8.566304761549572433e+00
1.967826709354047354e+00 2.557917613923450517e+00 3.636233234273123838e+00 7.938874011120038432e+00 8.445169728359751105e+00 8.568733232913768205e+00
1.930340633463252242e+00 2.495593772664322696e+00 3.561431657023557573e+00 7.996539602247076495e+00 8.462313320554033069e+00 8.574292780533006919e+00
1.888107127461789769e+00 2.426948674801669981e+00 3.482836572279241594e+00 8.056765403880334020e+00 8.481948017512610960e+00 8.582780481204935086e+00
1.841992695006788638e+00 2.353051784590131312e+00 3.399859494953450856e+00 8.117952458763365797e+00 8.503409985484832845e+00 8.593307303298605149e+00
1.793375628899573471e+00 2.275896175565135682e+00 3.312700020079838659e+00 8.178232377753470672e+00 8.525832039885447244e+00 8.604577008140415373e+00
1.743779443923357819e+00 2.198067627242507704e+00 3.222109712911132018e+00 8.235947308604297135e+00 8.548377749366945721e+00 8.615254972125631738e+00
1.694440274235132993e+00 2.122272358924408575e+00 3.129037668140494777e+00 8.290055784914319048e+00 8.570438711749952532e+00 8.624334130245960850e+00
1.645959408765350851e+00 2.050715730389058411e+00 3.034295405996626283e+00 8.340330294360283503e+00 8.591754909521489125e+00 8.631421189415169337e+00
1.598183843281870020e+00 1.984418574525818268e+00 2.938320572225853855e+00 8.387300745912995126e+00 8.612425080747406980e+00 8.636886979430515865e+00
1.550349908975674706e+00 1.922716759614344406e+00 2.841057275203057841e+00 8.431993413088481049e+00 8.632711730532959038e+00 8.641921335186212971e+00
1.501369356310131353e+00 1.863265623265747850e+00 2.741948494725346741e+00 8.475571082227123298e+00 8.646901806444590832e+00 8.654238210219279637e+00
1.450099062388401805e+00 1.802679988155743818e+00 2.640052293489282498e+00 8.518983463187723260e+00 8.655335346149120923e+00 8.675416138860267523e+00
1.395559940728896109e+00 1.737553776246754333e+00 2.534307281581722027e+00 8.562705498739541454e+00 8.667059691015126077e+00 8.697601159050305952e+00
1.337166223124163222e+00 1.665394925884452038e+00 2.423930185902548384e+00 8.606601768653424855e+00 8.682574186354976575e+00 8.720326698142088162e+00
1.274978100342140985e+00 1.585177350133291529e+00 2.308823487030638333e+00 8.649926572645542322e+00 8.701332257958720007e+00 8.742948933839224779e+00
1.209904485402075069e+00 1.497524662342379687e+00 2.189787611894520314e+00 8.691457106588766024e+00 8.722092332027493455e+00 8.764635018252299403e+00
1.143749965929950596e+00 1.404686109230104174e+00 2.068380820039480650e+00 8.729748831632294426e+00 8.743326294139185606e+00 8.784568355265019335e+00
1.078996823148849149e+00 1.310362463163800228e+00 1.946459441674308177e+00 8.763222021819100149e+00 8.763919986731247391e+00 8.802174748998480069e+00
1.018206790083031832e+00 1.219255025986600183e+00 1.825628098748000250e+00 8.782141855380636741e+00 8.791895960674128929e+00 8.817297916004141811e+00
9.629909425356698582e-01 1.136175443392502871e+00 1.706867693713532530e+00 8.798613946449329148e+00 8.814862544710676318e+00 8.830275022572713794e+00
9.128715085905583226e-01 1.064661632942694114e+00 1.590456943547091218e+00 8.813418436793799771e+00 8.833256289562388730e+00 8.841900496719544478e+00
8.651054054859553810e-01 1.005061743645838446e+00 1.476101941335504097e+00 8.827423444253451379e+00 8.848568669848289048e+00 8.853337939664502443e+00
8.161905286446163865e-01 9.527129456962541987e-01 1.363072956605379416e+00 8.841750259614752139e+00 8.862475514949062827e+00 8.865985490765954324e+00
7.631955937086234432e-01 8.986777434288198974e-01 1.250113906233476735e+00 8.857527899833515406e+00 8.876817411524722701e+00 8.880692062398294340e+00
7.034766309980263754e-01 8.337504915552208518e-01 1.134964541994057274e+00 8.875627620073474944e+00 8.893119007074954396e+00 8.897486864465289358e+00
6.344602918465338526e-01 7.523430965228861123e-01 1.013809179879990197e+00 8.896351347657811104e+00 8.911675277718629218e+00 8.916069668700835393e+00
5.541692714003885190e-01 6.536139140341425957e-01 8.816950407328513206e-01 8.919149090049907969e+00 8.931745381885189516e+00 8.935637106352034564e+00
4.617740005222348842e-01 5.399380220698434263e-01 7.343522711811829584e-01 8.942549719869047564e+00 8.951892524654965655e+00 8.954892337732196950e+00
3.577940244484634214e-01 4.147367876035216727e-01 5.700267547876445295e-01 8.964389976481680122e+00 8.970304002752330419e+00 8.972244526561951261e+00
2.439555930054442268e-01 2.813280088562927217e-01 3.900283203358039796e-01 8.982254257109833162e+00 8.985116257446321697e+00 8.986072807370275584e+00
1.226867495461540503e-01 1.428822998124522070e-01 1.982233893684337278e-01 8.993973606828550516e+00 8.994727046543646409e+00 8.994991763420591369e+00
1.151789266871828728e-07 1.333281871273776662e-07 1.439559733041164364e-07 8.998062491979666788e+00 8.998062491979668565e+00 8.998062491982999234e+00
1.151789266871828728e-07 1.333281871273776662e-07 1.439559733041164364e-07 8.998062491979666788e+00 8.998062491979668565e+00 8.998062491982999234e+00
1.495084320405980771e-01 1.719433589468207235e-01 1.877385122027639131e-01 8.993182623040574697e+00 8.993696730190169575e+00 8.993920826036402971e+00
2.930980211637432831e-01 3.419823448706076352e-01 3.651636977021893160e-01 8.979351085661383181e+00 8.981377454044464415e+00 8.982067242796171413e+00
4.227732477424813728e-01 5.095085409692399203e-01 5.239233547011368231e-01 8.958812996858734223e+00 8.963065165536173495e+00 8.964349585671454790e+00
5.339377193030171442e-01 6.539346358152854366e-01 6.758470587171404587e-01 8.934850771711492001e+00 8.941539061057982352e+00 8.943436673596867337e+00
6.241692324428622651e-01 7.544252825562806075e-01 8.359311319760048820e-01 8.911104244134005370e+00 8.919758257217058173e+00 8.922267711161881110e+00
6.939417229202107240e-01 8.217518201645502840e-01 9.914894676384640171e-01 8.890736285596059219e+00 8.900241805192205646e+00 8.903319380999658250e+00
7.468711623974199076e-01 8.596027329799408312e-01 1.141798768535627007e+00 8.875639661855982965e+00 8.884543244662655326e+00 8.887950069458447899e+00
7.892862174869218483e-01 8.763280997363218638e-01 1.286799058834050102e+00 8.865942080654043878e+00 8.872876346317717378e+00 8.876116942279212552e+00
8.289035258060409861e-01 8.844997861920985693e-01 1.426864303320535710e+00 8.860010073651103824e+00 8.863992358293694807e+00 8.866608389225977049e+00
8.727520886093983465e-01 8.984570608020095994e-01 1.562750181641250569e+00 8.854957162352231848e+00 8.855254291788408949e+00 8.857887184792417656e+00
9.251315567353061153e-01 9.299293706236736456e-01 1.695491727319575093e+00 8.843750067302000417e+00 8.847714583911365338e+00 8.848235030109847798e+00
9.833797447060541597e-01 9.868542099600051687e-01 1.826239203305585201e+00 8.828490580438518975e+00 8.835373794630632105e+00 8.835729249083374981e+00
1.051766869936366477e+00 1.058650000976932182e+00 1.956050628611469611e+00 8.809455387327504994e+00 8.817761759489359363e+00 8.818562235245989811e+00
1.121078967893190947e+00 1.140648709306321118e+00 2.085690623058038096e+00 8.787791034285222125e+00 8.795177023504418656e+00 8.797878255006677861e+00
1.186433620731173200e+00 1.221846150416910692e+00 2.215507909441321921e+00 8.765417653106791107e+00 8.770349915720126788e+00 8.775535949009572789e+00
1.244204632417264866e+00 1.292346182112787734e+00 2.345448115679867662e+00 8.743761282116802036e+00 8.747555955895167656e+00 8.754278587992496696e+00
1.292125723766576639e+00 1.345959791870267042e+00 2.475202557835955552e+00 8.724426353622702024e+00 8.729956169611231331e+00 8.736972385975720456e+00
1.329982203187546785e+00 1.380938691322748602e+00 2.604435516507359161e+00 8.710495883924716409e+00 8.716943905140189131e+00 8.725317971862585509e+00
1.359661646776140209e+00 1.400149462241222942e+00 2.733007395850015175e+00 8.702359612330550220e+00 8.707981878086977545e+00 8.718581076613698855e+00
1.384661900043729243e+00 1.410357094860184457e+00 2.861119124231658706e+00 8.698007708752262701e+00 8.701732496639051462e+00 8.714209573297074130e+00
1.409103409130786799e+00 1.420490951808506042e+00 2.989330149777413848e+00 8.694017225625598755e+00 8.695724743670673718e+00 8.708865196034825118e+00
1.436488431921872699e+00 1.439104362496477441e+00 3.118442042469094400e+00 8.686716669406351343e+00 8.687166688410144388e+00 8.699175209413168020e+00
1.469703238991432848e+00 1.470634233011746783e+00 3.249283000455491344e+00 8.673540766340607888e+00 8.673690018902766141e+00 8.682500839547934390e+00
1.506874315117067820e+00 1.517274805299693385e+00 3.382458494149114259e+00 8.653197941449230157e+00 8.654033735550372697e+00 8.658245689958270930e+00
1.546876013051488474e+00 1.573596704303086291e+00 3.518138526160788260e+00 8.622032929461427742e+00 8.627224388818506284e+00 8.633205629916437474e+00
1.586166838796648548e+00 1.632016394903303746e+00 3.655935564389611869e+00 8.580784830830324950e+00 8.598655240005065536e+00 8.608156423917348476e+00
1.621045223505645838e+00 1.683958807894541776e+00 3.794901341093260161e+00 8.534158858740033438e+00 8.571781729958143359e+00 8.584692214290186030e+00
1.648634889297482919e+00 1.722298850192888864e+00 3.933645833010200654e+00 8.484849431378655993e+00 8.550721329438097484e+00 8.565869481957975040e+00
1.667728798512205346e+00 1.743186123848971203e+00 4.070559373186694252e+00 8.435226851258645908e+00 8.538213046105912696e+00 8.553748616587755649e+00
1.679194474868779707e+00 1.747023604069993574e+00 4.204095250450216703e+00 8.386943770989143232e+00 8.534730660587698026e+00 8.548652315368997279e+00
1.685786343205836424e+00 1.738405306174844567e+00 4.333047461149251767e+00 8.340679074193396048e+00 8.538309683541811523e+00 8.549035835892247803e+00
1.691383339642535955e+00 1.724948919611332343e+00 4.456749259832060162e+00 8.296141603916485252e+00 8.545160489983123497e+00 8.551948707580505626e+00
1.699875412512181549e+00 1.715189877364958537e+00 4.575136394431784659e+00 8.252326158940366696e+00 8.550840010365252652e+00 8.553919359110809140e+00
1.714087150079251609e+00 1.715987085292792313e+00 4.688663431465700526e+00 8.207935686445704704e+00 8.551584520868773964e+00 8.551966048736977299e+00
1.730077748313405772e+00 1.735253625425349000e+00 4.798112186478491914e+00 8.161834159538454259e+00 8.544397384541905893e+00 8.545441638396368944e+00
1.754303936153736476e+00 1.763610964399484837e+00 4.904361387767108837e+00 8.113392156334779060e+00 8.531093212439531115e+00 8.533007036758984754e+00
1.781304639094082320e+00 1.797752312023625176e+00 5.008183758210520864e+00 8.062634302381288975e+00 8.513654336370304776e+00 8.517130366480808235e+00
1.805487223074501157e+00 1.831468154850252716e+00 5.110111273756727357e+00 8.010173229832549424e+00 8.495712200939607328e+00 8.501313445770598776e+00
1.823198762320005883e+00 1.857126677755559729e+00 5.210383597319935056e+00 7.956983115764916903e+00 8.481541507475666819e+00 8.488951922497342650e+00
1.832178825219578089e+00 1.869478460474611969e+00 5.308981039365999521e+00 7.904099059834085672e+00 8.474393253838792717e+00 8.482587497007724409e+00
1.832211793147497270e+00 1.867167351285279553e+00 5.405734727030496067e+00 7.852325406373971362e+00 8.475412601762945641e+00 8.483080090046067667e+00
1.825335811784009499e+00 1.853059972083598073e+00 5.500488538767974944e+00 7.802018323228304908e+00 8.483246766471076228e+00 8.489282419048610251e+00
1.815365416528497811e+00 1.833450728471778257e+00 5.593260051615561501e+00 7.752990272318042386e+00 8.494468204883661500e+00 8.498362972027909024e+00
1.806912539874264256e+00 1.816209051722107004e+00 5.684332509221332153e+00 7.704559918070758684e+00 8.504662563780277296e+00 8.506643326513740888e+00
1.804601517018141310e+00 1.807871835206091626e+00 5.774229692755712406e+00 7.655732928830323303e+00 8.509880641126283507e+00 8.510574013840273011e+00
1.810249009949655541e+00 1.812972993374309283e+00 5.863579071172959623e+00 7.605456306883050743e+00 8.507486808342127560e+00 8.508067357797388652e+00
1.821081679832954325e+00 1.833716852467922820e+00 5.952923350615470177e+00 7.552863290082649783e+00 8.496646040086245577e+00 8.499369002031627929e+00
1.836724388481027370e+00 1.863060550671473470e+00 6.042557330544319427e+00 7.497436766075671777e+00 8.479921294270786447e+00 8.485678356851806825e+00
1.852567420027491307e+00 1.893558434439749583e+00 6.132435218509822761e+00 7.439065432879359285e+00 8.461172761686976074e+00 8.470262554333940486e+00
1.863816481660832247e+00 1.916855805947304647e+00 6.222142040058547430e+00 7.378021630939200826e+00 8.445065395900209992e+00 8.456953806322838219e+00
1.866750137000248166e+00 1.926217739639165316e+00 6.310891143622881394e+00 7.314919264724731640e+00 8.435659350886545838e+00 8.449044254678106824e+00
1.859820964624097517e+00 1.918472445366907086e+00 6.397507878770978706e+00 7.250706817989184039e+00 8.435129481611818747e+00 8.448280321172378038e+00
1.844208320990828875e+00 1.895012701826935375e+00 6.480352497731503014e+00 7.186748979040504359e+00 8.443051117117322590e+00 8.454315190055341489e+00
1.823637118264774371e+00 1.861611277523145480e+00 6.557056100991173864e+00 7.125119482640733359e+00 8.456535939285917181e+00 8.464820869786116475e+00
1.803516327269001573e+00 1.826984566840578639e+00 6.623704931765542092e+00 7.069457539494703902e+00 8.471176177793322992e+00 8.476210221139611534e+00
1.789720723709181449e+00 1.800220880436670390e+00 6.672838629733561788e+00 7.027006701628441654e+00 8.482464120067639612e+00 8.484686908391918081e+00
1.787497591686630694e+00 1.787497591694989341e+00 6.691945577265867584e+00 7.010142670040303337e+00 8.487246562540708084e+00 8.487246562542091866e+00
1.787497591686630694e+00 1.787497591694989341e+00 6.691945577265867584e+00 7.010142670040303337e+00 8.487246562540708084e+00 8.487246562542091866e+00
1.790727917868505603e+00 1.794199120886890153e+00 6.687323809711908318e+00 7.010010969642465284e+00 8.485463988822159465e+00 8.486236945250510644e+00
1.800403564426459102e+00 1.813953679562748666e+00 6.673554686920140533e+00 7.009554659589489312e+00 8.480186442874611430e+00 8.483256401040513595e+00
1.816212733839941196e+00 1.846019132719737721e+00 6.650917060438970019e+00 7.008604418183981721e+00 8.471565703892705912e+00 8.478498948582023687e+00
1.837705322197225266e+00 1.889219054303071355e+00 6.619850503426672361e+00 7.006917890425907736e+00 8.459851011753668715e+00 8.472260351203901863e+00
1.864299155348054127e+00 1.942099500629530073e+00 6.580934557232846593e+00 7.004219978135322933e+00 8.445366434127018707e+00 8.464916674771057359e+00
1.895320161459341568e+00 2.003066558539069675e+00 6.534876336435736732e+00 7.000237867116414492e+00 8.428490132411475599e+00 8.456889009166188131e+00
1.930045318728270010e+00 2.070508343734364765e+00 6.482504374974563000e+00 6.994728705621292342e+00 8.409632726184430140e+00 8.448602476818622975e+00
1.967744347051638254e+00 2.142888193393623464e+00 6.424762517413506124e+00 6.987501509938572219e+00 8.389217068626031448e+00 8.440443416426811396e+00
2.007717029689982891e+00 2.218805109525397334e+00 6.362698677437233385e+00 6.978434078803493534e+00 8.367661143827909598e+00 8.432719468115834616e+00
2.049323983660200188e+00 2.297023925453979043e+00 6.297446059399892881e+00 6.967483906611305677e+00 8.345365000868147476e+00 8.425627475477561745e+00
2.092009518865415529e+00 2.376480935402073946e+00 6.230196822658826683e+00 6.954691413740063943e+00 8.322701863590260984e+00 8.419233378868748119e+00
2.135315905735966968e+00 2.456271813285276107e+00 6.162169627326798960e+00 6.940174541282551068e+00 8.300012951644811565e+00 8.413466629238694594e+00
2.178888971988886425e+00 2.535628592373612378e+00 6.094573194625958479e+00 6.924115260279306128e+00 8.277605185273117172e+00 8.408129473587136360e+00
2.222475543103552553e+00 2.613891922175259452e+00 6.028568217150930053e+00 6.906740024909792552e+00 8.255750814414987815e+00 8.402919327289980700e+00
2.265913842069394057e+00 2.690483997413479322e+00 5.965229880751729219e+00 6.888297078564544762e+00 8.234688057481438506e+00 8.397460879526333244e+00
2.309118507297737821e+00 2.764886476225723033e+00 5.905513065528833927e+00 6.869033607764939653e+00 8.214621990583570010e+00 8.391343836486763408e+00
2.352062261987784897e+00 2.836626335073318295e+00 5.850222085954468021e+00 6.849175191559603526e+00 8.195725139272857618e+00 8.384162238531686739e+00
2.394756376507439999e+00 2.905270975452383109e+00 5.799986669106149684e+00 6.828909158714017380e+00 8.178137455926410837e+00 8.375551829753085542e+00
2.437231878116432160e+00 2.970432137994805988e+00 5.755245757094352044e+00 6.808372674668015989e+00 8.161965596482925633e+00 8.365222706922995854e+00
2.479523035872233105e+00 3.031776527876732796e+00 5.716240590396905574e+00 6.787645827863410197e+00 8.147281627489681100e+00 8.352985205739519969e+00
2.521654101355197852e+00 3.089039802394299095e+00 5.683018262276475774e+00 6.766749698509792132e+00 8.134121485152613573e+00 8.338767594686272489e+00
2.563629751512811694e+00 3.142039988094329495e+00 5.655446396312631130e+00 6.745649281929838814e+00 8.122483654469899506e+00 8.322624643713739445e+00
2.605429261340135305e+00 3.190686635054055031e+00 5.633238714020073701e+00 6.724261065101738488e+00 8.112328617070819092e+00 8.304736580564311410e+00
2.647004177239991041e+00 3.234983031940111164e+00 5.615990085632376783e+00 6.702464892194154977e+00 8.103579611672182992e+00 8.285398426004149997e+00
2.688279153300793034e+00 3.275020325479611305e+00 5.603218411819033129e+00 6.680119426498883684e+00 8.096125152424393789e+00 8.265000280722340165e+00
2.729155594730249490e+00 3.310963992583662474e+00 5.594409684467618327e+00 6.657080019266305548e+00 8.089823567916440084e+00 8.243999847890419730e+00
2.769517747012777864e+00 3.343034392434310664e+00 5.589062106114460526e+00 6.633217212828731668e+00 8.084509589305495680e+00 8.222889272824739137e+00
2.809240802424620931e+00 3.371483838396014399e+00 5.586725330988637772e+00 6.608433600505896344e+00 8.080002778808307085e+00 8.202159136881837398e+00
2.848200422412849431e+00 3.396572777384192054e+00 5.587031629399825228e+00 6.582676554671395230e+00 8.076117399615668546e+00 8.182262961781283650e+00
2.886282799739073646e+00 3.418547439778675923e+00 5.589716816704064506e+00 6.555944614384074498e+00 8.072673209342410061e+00 8.163585668933642125e+00
2.923394076115196416e+00 3.437620968910021890e+00 5.594629847314641857e+00 6.528286178325957145e+00 8.069506572267460598e+00 8.146419018082651675e+00
2.959467716599051279e+00 3.453959704594490088e+00 5.601730871944144319e+00 6.499790466963559332e+00 8.066481089403465532e+00 8.130946278011739636e+00
2.994468474265613356e+00 3.467675966147212296e+00 5.611078268591692897e+00 6.470572190569592763e+00 8.063496405359977359e+00 8.117237671703927404e+00
3.028391969317310028e+00 3.478828218701452535e+00 5.622805789523892983e+00 6.440752576864378298e+00 8.060492839944647159e+00 8.105257901300994661e+00
3.061259646291900172e+00 3.487428773492619705e+00 5.637091659655578901e+00 6.410440028230210530e+00 8.057448537206372663e+00 8.094887043197541487e+00
3.093109784371995907e+00 3.493458165140688632e+00 5.654122286562048849e+00 6.379713558793289607e+00 8.054366615579624522e+00 8.085954776564085122e+00
3.123986008888749222e+00 3.496884268630931381e+00 5.674054120089212283e+00 6.348611425696151223e+00 8.051254253161532759e+00 8.078283355183092596e+00
3.153925060141499426e+00 3.497683426528054529e+00 5.696977896138922581e+00 6.317126314636855255e+00 8.048103082208944770e+00 8.071727508530944561e+00
3.182945205400433242e+00 3.495860742847786806e+00 5.722889703538994510e+00 6.285207399673241824e+00 8.044886165834308045e+00 8.066193954188692672e+00
3.211035563993971831e+00 3.491467570235712969e+00 5.751672772703281034e+00 6.252768807046623856e+00 8.041583886656207270e+00 8.061626626483507252e+00
3.238144651588815925e+00 3.484616350600427737e+00 5.783092534729526335e+00 6.219703553738701984e+00 8.038230130475568558e+00 8.057965213319391751e+00
3.264162924993746717e+00 3.475497095970265793e+00 5.816805499273858260e+00 6.185901868789560609e+00 8.034940521846474226e+00 8.055114845330287210e+00
3.288886028220488367e+00 3.464408754372470423e+00 5.852380097181011820e+00 6.151272943338648602e+00 8.031893501984439965e+00 8.052956485386870256e+00
3.311921756148612506e+00 3.451843289445665430e+00 5.889324593039960476e+00 6.115770158347021201e+00 8.029284266331544018e+00 8.051379167546901527e+00
3.332424440146161793e+00 3.438740299377243570e+00 5.927109390636424280e+00 6.079426128467646961e+00 8.027286740340436211e+00 8.050300895390813949e+00
3.348307390752010892e+00 3.427263404208612307e+00 5.965106273796345171e+00 6.042467973545691429e+00 8.026033418861935331e+00 8.049671012282853866e+00
3.354876113132938542e+00 3.422157517133075810e+00 5.997201862958850604e+00 6.010748697508156546e+00 8.025606393329169919e+00 8.049463639299270667e+00
3.354876113132938542e+00 3.422157517133075810e+00 5.997201862958850604e+00 6.010748697508156546e+00 8.025606393329169919e+00 8.049463639299270667e+00
3.353688382048736205e+00 3.418485038264722053e+00 5.998543783523659023e+00 6.012962897256086237e+00 8.025651535357109623e+00 8.048664790433329941e+00
3.350029777153791688e+00 3.407696231932435094e+00 6.003150791023199595e+00 6.019147182012470232e+00 8.025775531779618888e+00 8.046357344534786904e+00
3.343632517655588554e+00 3.390447910879355931e+00 6.012071202700221662e+00 6.028588594281627522e+00 8.025942547462889820e+00 8.042792721875127171e+00
3.334109196129872110e+00 3.367739183935854363e+00 6.026089450330307074e+00 6.040958886340079381e+00 8.026088435153720724e+00 8.038340315924475732e+00
3.321031780582436088e+00 3.340775065768515795e+00 6.045585203860292189e+00 6.056328860620731724e+00 8.026116521374916601e+00 8.033423700784108945e+00
3.304023688193957753e+00 3.310795144501200049e+00 6.070547489788379991e+00 6.075023442262559747e+00 8.025896020607891757e+00 8.028449840625784262e+00
3.278893230801990466e+00 3.282848825290713091e+00 6.097469043221149576e+00 6.100622044163399593e+00 8.023744324498478520e+00 8.025266167543902540e+00
3.245858746339155942e+00 3.257483578364364529e+00 6.124054756489929474e+00 6.135192359124018502e+00 8.019503674064205612e+00 8.024048399995821867e+00
3.212064920434582582e+00 3.228165905030143890e+00 6.155024528293382424e+00 6.173486984007203304e+00 8.015771991312552913e+00 8.022067338318237262e+00
3.177417092218855377e+00 3.195423524591425313e+00 6.190415138111631244e+00 6.214694166720359014e+00 8.012444222810691130e+00 8.019179418417008876e+00
3.141389351236903771e+00 3.160058673903249904e+00 6.230044586624400971e+00 6.258063233118849489e+00 8.009291809287324426e+00 8.015307332765674531e+00
3.103278903441876846e+00 3.122953459370178209e+00 6.273543124990978548e+00 6.302977425501635977e+00 8.005993764754148145e+00 8.010484880251269146e+00
3.062771095230197194e+00 3.084585444395812726e+00 6.320409654371502484e+00 6.348991604311955861e+00 8.002102694369412461e+00 8.004966395457959294e+00
3.020277005391769354e+00 3.044768341409682666e+00 6.370072383119627091e+00 6.395836648801500601e+00 7.996858588772613352e+00 7.999471177062758898e+00
2.976614895249246384e+00 3.003024315560737012e+00 6.421935250105250681e+00 6.443397621671022257e+00 7.990285574865945151e+00 7.994114619724813409e+00
2.932616440492834098e+00 2.958992123767029359e+00 6.475399768921314525e+00 6.491673571724414948e+00 7.983347759082221273e+00 7.988243766073382268e+00
2.888967144486653815e+00 2.912558368317506918e+00 6.529863069172455070e+00 6.540724367977303721e+00 7.976613947534521465e+00 7.981729768298727379e+00
2.846146184861788608e+00 2.863856040641572953e+00 6.584703549594761895e+00 6.590606761407892478e+00 7.970454693106003852e+00 7.974703558611021315e+00
2.804382018268753995e+00 2.813234251415001275e+00 6.639274124695740298e+00 6.641298571635443793e+00 7.965122265722779815e+00 7.967398480090014168e+00
2.761224917551979630e+00 2.763624071100527768e+00 6.692592717846376438e+00 6.692941982373434406e+00 7.960090042607927074e+00 7.960738723641282100e+00
2.708508683216156232e+00 2.723553154991672720e+00 6.743815700438485550e+00 6.745337916853424431e+00 7.953055414792368438e+00 7.957282750619723011e+00
2.655878341385867536e+00 2.683648595443294482e+00 6.793337293174531943e+00 6.796858367331095607e+00 7.946543784235134744e+00 7.954593454726880175e+00
2.604199104020490374e+00 2.643314817133775030e+00 6.839815248024507355e+00 6.847475413037154901e+00 7.940756905441028302e+00 7.952396264491106592e+00
2.554367200096396395e+00 2.602052334428159863e+00 6.882786200679757549e+00 6.896231998349973580e+00 7.935838252367159562e+00 7.950351485075037417e+00
2.507269588629590373e+00 2.559644071951867161e+00 6.922010925868934628e+00 6.941995800682227546e+00 7.931867890831663992e+00 7.948121384889986984e+00
2.463747472014158113e+00 2.516321292114255925e+00 6.957404258189244572e+00 6.983621682448928780e+00 7.928860432114807288e+00 7.945445606234411429e+00
2.424565406892762898e+00 2.472874200370300812e+00 6.989011889455594151e+00 7.020044595375552809e+00 7.926765242453889471e+00 7.942208885125683793e+00
2.390387188768563487e+00 2.430678433865591348e+00 7.016948562617372431e+00 7.050379168702066934e+00 7.925470365058175481e+00 7.938482681088249393e+00
2.361759798190165682e+00 2.391618353838528499e+00 7.041314703647651996e+00 7.074006569944660150e+00 7.924812898236246461e+00 7.934526002308991188e+00
2.339106961740641033e+00 2.357901652616757993e+00 7.062110802261827303e+00 7.090632363970059693e+00 7.924597895424471794e+00 7.930740707887658836e+00
2.322733156955496536e+00 2.331779074690216280e+00 7.079169253447838095e+00 7.100302531882138446e+00 7.924625305605423442e+00 7.927589916576605944e+00
2.312836556450795111e+00 2.315208255149942662e+00 7.092121566895441376e+00 7.103370014425029133e+00 7.924721205950513436e+00 7.925499516611805184e+00
2.309526204893492363e+00 2.309526204897959012e+00 7.100413381492714393e+00 7.100413381495002341e+00 7.924767172513989877e+00 7.924767172515210234e+00
