0.000000000000000000e+00 0.000000000000000000e+00 0.000000000000000000e+00 0.000000000000000000e+00 0.000000000000000000e+00 0.000000000000000000e+00
-3.785368271658095551e+01 -5.287321873720007659e+01 -3.650141415253222732e+01 1.963788232319772620e+00 1.928839884570054286e+00 1.253139928823422400e+00
-3.738846607246071585e+01 -5.259562438959174813e+01 -3.598670965320457071e+01 3.831806485662775152e+00 3.790643396450314118e+00 2.420747860855518407e+00
-3.702041337279155186e+01 -5.214111297897693476e+01 -3.495768457903062654e+01 5.522088285301195221e+00 5.526547368661922199e+00 3.427035446817141562e+00
-3.656398049938683670e+01 -5.152268369317595642e+01 -3.356705524873695623e+01 6.983117084743078351e+00 7.087898271334799993e+00 4.214334555585717901e+00
-3.600080589550978516e+01 -5.075967935871974390e+01 -3.191963919557184326e+01 8.200685916466307290e+00 8.441519545381723333e+00 4.748912107687007556e+00
-3.533140524976855801e+01 -3.014931958983488158e+01 -4.987810138954441186e+01 9.198785710174281149e+00 9.571556965307340903e+00 5.023374294856042255e+00
-3.456105246119565777e+01 -2.841907391708051023e+01 -4.891016003034899740e+01 1.003167375947589157e+01 1.047921457523583122e+01 5.055317407939316610e+00
-3.369682776253901579e+01 -2.690208525760181502e+01 -4.789288797565434663e+01 1.076789906735650071e+01 1.118042700321057836e+01 4.882499880740190257e+00
-3.274657629265905001e+01 -2.574871215548941805e+01 -4.686592997464263277e+01 1.146928922456192801e+01 1.170218964920885263e+01 4.555439626368540829e+00
-3.171836279647824952e+01 -2.504544073472674981e+01 -4.586887664414815191e+01 1.216311823021200489e+01 1.208533980207362291e+01 4.128842545917901674e+00
-3.062011670383325779e+01 -2.477846238550675295e+01 -4.493863499069645684e+01 1.240830779144290119e+01 1.279945235965368155e+01 3.653501441626550328e+00
-2.945933829965800399e+01 -2.482060786201933666e+01 -4.410727455120697726e+01 1.250904295982732428e+01 1.352136588450967913e+01 3.170183523049220131e+00
-2.824266475208241545e+01 -2.495770832317043642e+01 -4.340059169614397661e+01 1.259783171099793186e+01 1.405719921416983098e+01 2.706560852147823937e+00
-2.495226200931798033e+01 -2.697472567723613324e+01 -4.283739233333717777e+01 1.436614693067880566e+01 1.262845159657216776e+01 2.277543712628101957e+00
-2.461971298605307723e+01 -2.565421812482711417e+01 -4.242930933775065938e+01 1.436409095263792857e+01 1.259706066045790429e+01 1.888625668428062898e+00
-2.389138871218797533e+01 -2.426123242278734082e+01 -4.218090535549708875e+01 1.399796990972634525e+01 1.249535719496187980e+01 1.541217155981611908e+00
-2.282899567845142030e+01 -2.275820804876684988e+01 -4.208986162223587968e+01 1.326877917310716271e+01 1.231196328810491813e+01 1.238562233859061612e+00
-2.154321388809591298e+01 -2.115977528595950830e+01 -4.214717264008777420e+01 1.224303918303677463e+01 1.203612439174151838e+01 9.907635470470906869e-01
-2.015504758067697111e+01 -1.954485551187482884e+01 -4.233739658782534576e+01 1.105034735184321804e+01 1.166102354997443413e+01 8.176799599546853425e-01
-1.873107661736668206e+01 -1.808572961343068997e+01 -4.263910381127372062e+01 9.866487697507409393e+00 1.118487635977067107e+01 7.489495463824970001e-01
-1.733903191208770167e+01 -1.694924417495448310e+01 -4.302568915228178525e+01 8.888142657878464803e+00 1.060585815658145137e+01 8.210230980958838076e-01
-1.614292065678783672e+01 -1.615415714901344657e+01 -4.346665580145692331e+01 8.320611857203681794e+00 9.896361713733398346e+00 1.071736971085971879e+00
-1.541528730253091162e+01 -1.551494339253247645e+01 -4.392935142504477142e+01 8.399778699106635216e+00 8.945089669996173498e+00 1.533472788815635868e+00
-1.532912448635887870e+01 -1.482120783216086224e+01 -4.438098378930835253e+01 8.737096430028200800e+00 8.187226045329227375e+00 2.226238971948152123e+00
-1.576841597034276887e+01 -1.402525348339396238e+01 -4.479062533211008912e+01 8.485454751424732933e+00 8.430042699579770371e+00 3.152017486035847860e+00
-1.641899141098281589e+01 -1.318155901748011516e+01 -4.513088925418936270e+01 8.089663482454868770e+00 9.110764609839382189e+00 4.291469384017629451e+00
-1.234614956847728529e+01 -1.692564879620075402e+01 -4.537904124523394955e+01 9.855918287876402673e+00 7.749497841321153935e+00 5.603659982941718631e+00
-1.155181926716195129e+01 -1.698265089053233012e+01 -4.551746926346655187e+01 1.043070087316760386e+01 7.502452570434111401e+00 7.028948644083781616e+00
-1.081370392817503223e+01 -1.638415956437689047e+01 -4.553360464605527369e+01 1.065203149585942022e+01 7.347858168177198834e+00 8.494683121082100996e+00
-1.013655654251978433e+01 -1.505231820265416864e+01 -4.541950764132599261e+01 1.040450369929387087e+01 7.267954411189332831e+00 9.922914702606579596e+00
-9.519000637662969666e+00 -1.304646980587503613e+01 -4.517136429173370971e+01 9.664101447985519400e+00 7.234596938854267911e+00 1.123905232432860402e+01
-8.955841377467805842e+00 -1.055467627278394716e+01 -4.478909217959179045e+01 8.509010295968968407e+00 7.214431455857289066e+00 1.238022723723480567e+01
-8.439385401265333542e+00 -7.866893238423579682e+00 -4.427615107288443852e+01 7.108799793975364878e+00 7.174009937659837632e+00 1.330216003961379023e+01
-7.960256440236091358e+00 -5.328693462146959270e+00 -4.363954326822129559e+01 5.689745362655070693e+00 7.084516742681063128e+00 1.398351596651296624e+01
-7.507924467912289401e+00 -3.278709663168240862e+00 -4.288990453744721520e+01 4.482814394284150517e+00 6.925490201899250131e+00 1.442709470375974057e+01
-7.071089610845568529e+00 -1.979751707940546668e+00 -4.204155104917086305e+01 3.668789726744698942e+00 6.687031956774170283e+00 1.465769343495006005e+01
-6.638091172400331530e+00 -1.557998645965880780e+00 -4.111236070063380055e+01 3.336899600896160223e+00 6.370259751330892506e+00 1.471703567732676099e+01
-6.197612174540500618e+00 -1.964889487846729565e+00 -4.012341091034605967e+01 3.467639931822013466e+00 5.986106120111961637e+00 1.465666936362583961e+01
-5.740287693287371873e+00 -2.973769503168620876e+00 -3.909834291019070207e+01 3.941123831291630353e+00 5.553054392808365769e+00 1.453008967969524790e+01
-4.216487903131922010e+00 -5.263784189060845442e+00 -3.806245539976296755e+01 5.096060161199749139e+00 4.563785073316590335e+00 1.438544539528326638e+01
-5.237178145039291799e+00 -4.800850019304672145e+00 -3.704154632433120042e+01 4.669279685512265132e+00 5.083412770732723018e+00 1.426001373757206991e+01
-5.320873832196554964e+00 -4.693108535026452088e+00 -3.606053556476214794e+01 4.935756428842132948e+00 4.652411830748853561e+00 1.417722579700493490e+01
-3.903028840996872528e+00 -5.273932055438327104e+00 -3.514193183686261790e+01 5.242196282679175923e+00 3.794837643210738243e+00 1.414649740178308157e+01
-2.998058478330896115e+00 -4.495885891974950255e+00 -3.430425954565972546e+01 4.719826735957963315e+00 3.339153873571734099e+00 1.416559334735077869e+01
-2.270828802530262092e+00 -2.867682737679536853e+00 -3.356062172425247070e+01 3.771988913467828830e+00 2.947596313438111348e+00 1.422482971986379674e+01
-1.576826053208515876e+00 -8.775300304472897217e-01 -3.291761720913527967e+01 2.591663726222555919e+00 2.591051033925642066e+00 1.431216261344091123e+01
-9.085563873006965441e-01 1.025179693785621238e+00 -3.237482952272657855e+01 1.415020697634765456e+00 2.260794010334805648e+00 1.441814253985200978e+01
-2.733343999243716405e-01 2.401783720408861456e+00 -3.192505035577896777e+01 4.833646786722084476e-01 1.951852079834411446e+00 1.453982064027484356e+01
4.621563480415877279e-01 2.768432775586685324e+00 -3.155529703692758403e+01 -1.206821183628407727e-02 1.659628908524598101e+00 1.468294151468683673e+01
2.383212948149927346e+00 8.703735210700681568e-01 -3.124854883691901719e+01 1.252748675914063525e-01 1.279998816451705768e+00 1.486209835511055388e+01
1.122758792916660475e+00 1.138281596336449875e+00 -3.098598734244449915e+01 1.509889884110730485e+01 1.160544649895894009e+00 5.268295504702094068e-01
-8.452745449875503914e-01 1.395173497750386904e+00 -3.074941132291458956e+01 1.541853197894016070e+01 9.871689247420918356e-01 1.379600546419765816e+00
1.550869797343451539e+00 -2.961529242392909822e+00 -3.052343563498553891e+01 1.584538206632136870e+01 2.391998691083243145e+00 8.461037946084652983e-01
1.603205922827849683e+00 -4.694756622324112172e+00 -3.029709810635057465e+01 1.639847042324166537e+01 3.301722807041497898e+00 7.566323843514345393e-01
1.562212657591636633e+00 -5.595634300167307451e+00 -3.006459307196123731e+01 1.708750695558605770e+01 3.873260553732447153e+00 7.204184121788362871e-01
1.444540644372190874e+00 -5.396770912129829512e+00 -2.982500859961608342e+01 1.791021311768229651e+01 3.934954972862267919e+00 7.318954991969465196e-01
1.270979058077930324e+00 -4.066417970717844277e+00 -2.958113034999595570e+01 1.885136224698977259e+01 3.419668296877139024e+00 7.786654243580848345e-01
1.064145389530907870e+00 -1.810332625679560881e+00 -2.933754417884436094e+01 1.988370759617799521e+01 2.388346264292033894e+00 8.425674057743602896e-01
8.461844990462715765e-01 9.696960754103066682e-01 -2.909838493420087602e+01 2.097067123515432385e+01 1.025025237246669718e+00 9.018617492856411122e-01
6.366386793677888400e-01 3.750811487189260163e+00 -2.886512271114881756e+01 2.207038884609126583e+01 -4.019514410691342188e-01 9.342752264935879625e-01
4.506822513635969085e-01 5.986379681404184971e+00 -2.863475477275556358e+01 2.314048776738589908e+01 -1.605000300772289279e+00 9.204198191819756847e-01
2.978861627747370622e-01 7.210396803441630809e+00 -2.839870159377397840e+01 2.414285721246033845e+01 -2.348467161079190291e+00 8.469897779037190988e-01
1.816285831325738787e-01 7.132360483941409868e+00 -2.814261204578984277e+01 2.504767841710038923e+01 -2.502748710584338454e+00 7.091468041245919673e-01
9.920553292625643171e-02 5.707944103340172326e+00 -2.784717983348638981e+01 2.583612509158060888e+01 -2.067381247962580826e+00 5.116184317964497241e-01
4.262553867614664316e-02 3.169925588934802807e+00 -2.748996180329180916e+01 2.650139737716630961e+01 -1.162859683789283283e+00 2.682466270885250914e-01
3.711101297418576358e-14 -1.422864134066399050e-17 -3.795598614568968052e-03 3.795598614570862370e-03 -1.316784833458609482e-14 2.728052272972492785e-15
3.711101297418576358e-14 -1.422864134066399050e-17 -3.795598614568968052e-03 3.795598614570862370e-03 -1.316784833458609482e-14 2.728052272972492785e-15
7.325829734444931907e-01 -3.478539293519445241e+00 -2.733319472273622353e+01 2.660740646702970480e+01 1.067888102778566051e+00 -5.359156196012826445e-01
1.310068951688993177e+00 -6.391461625734204510e+00 -2.744816644017925000e+01 2.610185328258184967e+01 2.008371379993837191e+00 -9.429317830599409644e-01
1.620862251060070536e+00 -8.308881736481220415e+00 -2.743780810348425803e+01 2.566706080311126215e+01 2.708966697245863031e+00 -1.133660272816205739e+00
-9.020152117520199297e+00 1.626652485128928349e+00 -2.726286720218289261e+01 2.532521622201836209e+01 3.085924260604548053e+00 -1.088226549618724004e+00
-8.546422318147978814e+00 1.369361894116088552e+00 -2.593660676669546916e+01 2.410781885453075546e+01 3.095563480397845346e+00 -8.563839103808482678e-01
-7.098522423516514301e+00 9.539492963207465426e-01 -1.913412531307796982e+01 1.765557935023817393e+01 2.741334835618479904e+00 -5.364178988145317239e-01
-5.008749938457262019e+00 5.140049741337006095e-01 -8.063687558465792549e+00 7.088215790861812415e+00 2.074569071382195595e+00 -2.386455432155869250e-01
-2.658110661910545236e+00 1.722575674099981746e-01 -1.938818104226433414e+00 1.487427425540395420e+00 1.187473102187996510e+00 -4.696074873183236215e-02
-4.099510632355646278e-01 8.505787838564154643e-03 -7.275450742599566534e-02 1.962288035900220523e-02 1.987429526195849949e-01 5.416517134628295524e-03
1.444573035533392558e+00 4.317904331889907410e-02 -3.334588661719803948e-01 4.350102413098572707e-01 -7.653855604511589084e-01 -6.409709615124033200e-02
2.724133455737502985e+00 2.385366049790256793e-01 -1.639873882235294955e+00 1.608576376421148257e+00 -1.590150031223709792e+00 -2.072152199837213327e-01
3.372423563412831893e+00 5.143939119044491637e-01 -3.349747147205556441e+00 2.950254488483000426e+00 -2.187074009557267829e+00 -3.686604678679195612e-01
3.447419354361833221e+00 7.727866158832914500e-01 -4.977111947497131261e+00 4.108016560498231939e+00 -2.502290246957161290e+00 -5.012745343177112956e-01
3.086878459474002412e+00 9.254849725771930880e-01 -6.130154606820870100e+00 4.859807662423684782e+00 -2.518506637535690817e+00 -5.708805017698094231e-01
2.459830529246210151e+00 9.182468671987364939e-01 -6.511947316243660744e+00 5.057466203356273837e+00 -2.252310680440191337e+00 -5.572221607993544934e-01
1.719341201375977457e+00 7.458401740167678318e-01 -5.920760515787857337e+00 4.582383747087441783e+00 -1.748774870053381170e+00 -4.564680161805446112e-01
9.712833089117974827e-01 4.532787904481067609e-01 -4.238874589043737373e+00 3.315502792726127801e+00 -1.074703750991931939e+00 -2.850546506691884474e-01
2.666686194152422251e-01 1.221363473475729489e-01 -1.430021784376719785e+00 1.142202782854618848e+00 -3.110708481030169392e-01 -8.015226064787966953e-02
-3.847081385152967270e-01 -1.546232385852576163e-01 2.461098693411417848e+00 -2.022983860676622392e+00 4.552388542216189160e-01 1.077053687197774140e-01
-9.886886948198715386e-01 -3.019203556618043627e-01 7.544014614741702651e+00 -6.438425023899847943e+00 1.140191447918374346e+00 2.297035057833287097e-01
-1.540613608184913996e+00 -2.868118040331090191e-01 1.532351331543933881e+01 -1.374193857034919652e+01 1.671283433236699700e+00 2.559480556789628936e-01
-2.007943300903225481e+00 -1.297141525344955026e-01 1.435073178568705821e+01 -1.257053212392273167e+01 1.995151655939773949e+00 1.868487918941529602e-01
-2.327028424644185467e+00 1.017166330537273566e-01 4.238447491138214396e+00 -2.553569604900904011e+00 2.083006172214250551e+00 5.338012475055704115e-02
2.472762425440065748e+00 8.786309678005174817e+00 -1.284836474137320117e+01 -2.908151659740436101e-01 1.546075110061875257e-01 1.095162648436636132e+00
2.143201816595251330e+00 7.786329374977099427e+00 -1.283893035997634868e+01 9.881846314493447636e-01 6.840663177145780427e-01 1.280580137453675604e+00
1.687943288749389925e+00 6.657406027414137561e+00 -1.287639789524268785e+01 2.269184598072872650e+00 1.271682144152148197e+00 1.667002955961255140e+00
1.159922547383364977e+00 5.376285491957233376e+00 -1.300687738955182837e+01 3.521383288971717818e+00 1.820863636036907263e+00 2.146433218523164932e+00
6.088894540174125680e-01 3.983644269322791143e+00 -1.324361070828208753e+01 4.677891818665097290e+00 2.252998661483589071e+00 2.601162446003694395e+00
7.470233403689911789e-02 2.572366457884958546e+00 -1.356868769913017481e+01 5.662995555520693891e+00 2.523402932487170958e+00 2.932391593448179012e+00
-4.153498604892409407e-01 1.255648772989787165e+00 -1.394615063861133919e+01 6.427690846486601828e+00 2.628200697743027892e+00 3.084482657955598839e+00
-8.456994272768322274e-01 1.294877027367616062e-01 -1.433655585928029019e+01 6.973980667378341991e+00 2.601414504654802062e+00 3.057060524862561746e+00
-1.209519949474297862e+00 -7.569723827956728046e-01 -1.470637324829698578e+01 7.357288752688975642e+00 2.503198208163505356e+00 2.901226199481736323e+00
-1.505222491804658835e+00 -1.416197319006800015e+00 -1.503271658044930525e+01 7.670626162978040341e+00 2.401838531420617873e+00 2.701384711458924670e+00
-1.733783015038168562e+00 -1.920305733941925830e+00 -1.530660677870644371e+01 8.020546216095086223e+00 2.353883717993589197e+00 2.548494000503180423e+00
-1.897677808933289523e+00 -2.382640525430595790e+00 -1.553598194378820097e+01 8.502459315904532744e+00 2.387783546122064227e+00 2.512667101110770407e+00
-2.001385925374147057e+00 -2.925214667987422690e+00 -1.574634638930590746e+01 9.178072998460304888e+00 2.496041431067853367e+00 2.622649121591186905e+00
-2.052732217399393377e+00 -3.639416177337999159e+00 -1.597532547879011666e+01 1.005638551537646563e+01 2.638829346190713299e+00 2.857229247470266742e+00
-2.064221784771945511e+00 -4.553424998280574343e+00 -1.625946636590389716e+01 1.108300134669634041e+01 2.758557433809052384e+00 3.150240513207823057e+00
-2.053813142343781539e+00 -5.620787296073333827e+00 -1.661733180210618954e+01 1.214629963329808149e+01 2.801035392643004052e+00 3.407551078209948514e+00
-2.044766980814012758e+00 -6.736187410985083446e+00 -1.703815157703380834e+01 1.310589474230562956e+01 2.736334002321664016e+00 3.531940356542722093e+00
-2.064185735409582279e+00 -7.770682625797573628e+00 -1.748384938238072195e+01 1.383650651099864959e+01 2.572660953929815530e+00 3.450077586852607681e+00
-2.139986930247444796e+00 -8.610207175496066512e+00 -1.790364094185329336e+01 1.426797915913565973e+01 2.359264208403021090e+00 3.135068657838666173e+00
-2.296519285146631617e+00 -9.184101513770189129e+00 -1.825254288300828520e+01 1.440270925875233665e+01 2.177818152689290354e+00 2.618515942226324889e+00
-2.549638677214590921e+00 -9.479484941506196805e+00 -1.850503770082019273e+01 1.430572164333759133e+01 2.124413355434576101e+00 1.987976939063558213e+00
-2.902541312464972822e+00 -9.543094102439225068e+00 -1.866073183111876332e+01 1.407726384855526369e+01 2.285943581807807767e+00 1.369014953635057541e+00
-3.343786941214847097e+00 -9.471840025752147341e+00 -1.874360998617135721e+01 1.382232421453610449e+01 2.715801371406926901e+00 8.952044187564275335e-01
-3.848409318482956643e+00 -9.391383445498599158e+00 -1.879727560093028771e+01 1.362645056844450231e+01 3.414500646363562542e+00 6.734235959264495142e-01
-4.381711422277249746e+00 -9.424106215931152164e+00 -1.887662412329657968e+01 1.353980042338753975e+01 4.320766472507202138e+00 7.540989205987336241e-01
-4.904205605360641762e+00 -9.654367678661785135e+00 -1.903472951526276447e+01 1.356769264804636244e+01 5.317111270887029839e+00 1.115532262852106493e+00
-5.376460594219475198e+00 -1.010416425203191615e+01 -1.930512908528814009e+01 1.366790877555104977e+01 6.250554323441765092e+00 1.667559390525237495e+00
-5.763933633795824463e+00 -1.072987650310961172e+01 -1.968466200219698337e+01 1.375937289482775761e+01 6.964531160201627991e+00 2.273436106088952524e+00
-6.042327018988092213e+00 -1.144063721710447190e+01 -2.012647820581283398e+01 1.374687579698956874e+01 7.333962931743772451e+00 2.782829501970700559e+00
-6.203022247304270209e+00 -1.212844778167605497e+01 -2.055043279932296585e+01 1.355820533742043565e+01 7.293931339248000967e+00 3.066488540553231168e+00
-6.256997301042674486e+00 -1.269752676948651349e+01 -2.086824686025354936e+01 1.317886810869694436e+01 6.854345285250395214e+00 3.045136586366743892e+00
-6.235455103518397380e+00 -1.308585198841533703e+01 -2.101183931752953171e+01 1.266683159777766221e+01 6.097612769592016591e+00 2.708087141741542858e+00
-6.186133072212474104e+00 -1.327853298042539620e+01 -2.095302060845922654e+01 1.213959704130803452e+01 5.161400694591020688e+00 2.118149626932187779e+00
-6.165459696544634660e+00 -1.331428734661929525e+01 -2.070984272655864089e+01 1.174033199722337706e+01 4.211601360239107805e+00 1.399931067051150446e+00
-6.228160061695109384e+00 -1.328283403067936952e+01 -2.034207516843486019e+01 1.159773125549200401e+01 3.411069373234861590e+00 7.116643863495941691e-01
-6.417234918403314836e+00 -1.330771467457070933e+01 -1.994071610729620048e+01 1.179248088126085214e+01 2.889228058251359421e+00 2.061379376053370238e-01
-6.757405491093948058e+00 -1.351222238380787566e+01 -1.961418939642218007e+01 1.233649453802688178e+01 2.717684389550151902e+00 -8.837403908658249957e-03
-7.253324725466933742e+00 -1.397708751064245014e+01 -1.947009415201539539e+01 1.316579158250857695e+01 2.897094340534888346e+00 1.015438506035875321e-01
-7.891326248878264948e+00 -1.470908530695575678e+01 -1.959086335340575147e+01 1.414677587527783587e+01 3.359386632505548143e+00 4.916783931501123028e-01
-8.642602752247299236e+00 -1.563732652084084762e+01 -2.000773244099807258e+01 1.509714348235321246e+01 3.986257345839353761e+00 1.051206854162037629e+00
-9.466862763346098220e+00 -1.663723010216949660e+01 -2.068582452139688499e+01 1.582234101332414511e+01 4.639968275189517044e+00 1.637987418894872427e+00
-1.031689297315963927e+01 -1.756618390489618520e+01 -2.153274553562833660e+01 1.616298988761335309e+01 5.197874791759084623e+00 2.116952369022964131e+00
-1.114476740448790970e+01 -1.829436508279972173e+01 -2.242966060315342247e+01 1.604004500534894717e+01 5.580454027387587779e+00 2.393236819722968978e+00
-1.190976417671579135e+01 -1.872581524767016958e+01 -2.326927319052219190e+01 1.548006472862552485e+01 5.765116157708908062e+00 2.432597738847053215e+00
-1.258651756202549876e+01 -1.881444817775877354e+01 -2.398332115621733962e+01 1.460842708346240748e+01 5.783256231931652280e+00 2.267557021446740428e+00
-1.316958585097233936e+01 -1.857961631339849973e+01 -2.455228534071594737e+01 1.361148254861897833e+01 5.702945137743364867e+00 1.990388465506308879e+00
-1.366939700708081062e+01 -1.811834940365297442e+01 -2.500084840392058183e+01 1.268170964042016102e+01 5.602293997786945923e+00 1.734302535386641697e+00
-1.409912425480857223e+01 -1.760166368789285229e+01 -2.538654825246564783e+01 1.196560929465251455e+01 5.535753561758850694e+00 1.648513088619280031e+00
-1.446232672648607931e+01 -1.723902968350619247e+01 -2.578628029795783050e+01 1.153006419522443515e+01 5.401370871485687175e+00 1.971034590691401744e+00
-1.475300939244431397e+01 -1.721181350173385738e+01 -2.628029249949957702e+01 1.135329263570075220e+01 2.285242920068196515e+00 5.639595971428024157e+00
-1.496437208688837295e+01 -1.760857187585812866e+01 -2.693109489872036377e+01 1.133793807131410780e+01 2.866615328428147702e+00 5.873898508624019854e+00
-1.509251364861375322e+01 -1.840270290681093357e+01 -2.775879891043782166e+01 1.133949410374129663e+01 3.678784782481745452e+00 5.942700186164992182e+00
-1.513282656639955626e+01 -1.947780429814206826e+01 -2.872333011726171748e+01 1.120224566594995785e+01 4.444323736928105895e+00 5.891540484009673229e+00
-1.507824249923018911e+01 -2.066934324833412617e+01 -2.972852778271531804e+01 1.079546183583077124e+01 5.005691234275631452e+00 5.689634317721090184e+00
-1.492498190213182596e+01 -2.179121580641373512e+01 -3.065401641410818812e+01 1.004354472995010106e+01 5.269918016200297650e+00 5.349468726689762477e+00
-1.468306437320640612e+01 -2.264496535547538514e+01 -3.140177912927975967e+01 8.942637283297976580e+00 5.234745610913082992e+00 4.931089746165204346e+00
-1.438548173064552138e+01 -2.303794102041597469e+01 -3.193142734719409503e+01 6.289286866492693306e+00 6.261421991359884309e+00 4.528304907013568581e+00
-1.409377816981773002e+01 -2.283810892724909181e+01 -3.226379998638642377e+01 4.558489201294739779e+00 6.162152443031727600e+00 4.238037794356601218e+00
-1.390374275225346068e+01 -2.205984774640671020e+01 -3.245411055646223275e+01 4.239421096464385030e+00 4.816231675154259761e+00 4.110401732246241835e+00
-1.393907846957398888e+01 -2.094017902903289041e+01 -3.255477493897320329e+01 4.092471069023883246e+00 3.878433666652385536e+00 4.077578905444514845e+00
-1.428807816915880302e+01 -1.996553168030763814e+01 -3.258877548283202685e+01 4.194717750632214859e+00 3.703089452356534750e+00 3.895142816880293068e+00
-1.494910060545672259e+01 -1.974433647935244807e+01 -3.254616940831790117e+01 4.543668834595828265e+00 4.325077784847980666e+00 3.504201411004702837e+00
-1.592525688411586238e+01 -2.065600245696298032e+01 -3.241774138018490703e+01 5.049331581407317415e+00 4.847920188573310973e+00 3.646359417839827533e+00
-1.725247776032293956e+01 -2.262064321149427570e+01 -3.227277993785341437e+01 5.558834226876807172e+00 5.152426221928352312e+00 4.176513628648192977e+00
-1.889621339139663192e+01 -2.518033573098906786e+01 -3.230604796253714284e+01 5.904421751755752901e+00 5.361536206362168322e+00 4.637820151490566367e+00
-2.072180853637296138e+01 -2.777306978755148492e+01 -3.271369404796784153e+01 5.938714321161016052e+00 5.375256281136994829e+00 4.800211168632899650e+00
-2.254367233027605266e+01 -3.001633362940076211e+01 -3.349726768406161881e+01 5.555100820958983832e+00 5.054012992997361842e+00 4.558964308589398051e+00
-2.418915598004458190e+01 -3.175421310093070915e+01 -3.445889687461669837e+01 4.707511053596221018e+00 4.314075509862364655e+00 3.890937301219989042e+00
-2.557698860349110959e+01 -3.290486982894532275e+01 -3.534156522692154567e+01 3.423623778879855362e+00 3.156830480443200138e+00 2.839246481751946050e+00
-2.709325855160018293e+01 -3.308242881619170817e+01 -3.591196479318492152e+01 1.802395604317991396e+00 1.665971508479146213e+00 1.501541345368094804e+00
0.000000000000000000e+00 0.000000000000000000e+00 0.000000000000000000e+00 0.000000000000000000e+00 0.000000000000000000e+00 0.000000000000000000e+00
0.000000000000000000e+00 0.000000000000000000e+00 0.000000000000000000e+00 0.000000000000000000e+00 0.000000000000000000e+00 0.000000000000000000e+00
-2.293404295945684268e+01 -3.446217838844990666e+01 -2.475896101616184097e+01 1.803371678003117040e+00 1.650627141657098562e+00 1.690221810229907806e+00
-2.047617239540076639e+01 -3.429569328448125276e+01 -2.390770968904985239e+01 3.375807906904237043e+00 2.977900729223403431e+00 3.146052975895240689e+00
-1.726269598525015070e+01 -3.328974812717025600e+01 -2.281232025351221893e+01 4.518976630620691104e+00 3.732194961279430956e+00 4.176774199111450869e+00
-1.338300417646736307e+01 -2.099136658072513839e+01 -3.241375166508169059e+01 5.103604578724458385e+00 3.810942544427261325e+00 4.662382927268843069e+00
-9.365488239734917286e+00 -1.823848509855767475e+01 -3.217990651401851210e+01 5.109299486073445529e+00 3.287378324683737141e+00 4.582858052439165775e+00
-5.850289767136645835e+00 -1.597057733488380649e+01 -3.153253108008455641e+01 4.648087956948290689e+00 2.362566929228708812e+00 4.063324945547151401e+00
-3.450142019015988826e+00 -1.417348025075633444e+01 -3.089954972553598722e+01 3.951900265040798832e+00 1.294080692111079678e+00 3.369631146790092124e+00
-2.597733275183451873e+00 -1.319734828896076628e+01 -3.031115554280846425e+01 3.315875785860698421e+00 3.886803824984226829e-01 2.776534469762677038e+00
-3.375616331374826196e+00 -1.325291954662846194e+01 -2.975844473041710714e+01 3.011209476604848945e+00 1.185252741240914592e-01 2.284486635533157450e+00
-5.415765597869646619e+00 -1.422789107532388364e+01 -2.921712990517962183e+01 3.044337445550728827e+00 1.494279353365888907e+00 1.257827174704369888e+00
-8.018065546217473027e+00 -1.560098033851326527e+01 -2.866277376817982159e+01 2.836979209883037090e+00 3.833494304945427977e+00 8.525028381559517365e-01
-1.627810982900624737e+01 -1.079218311053630686e+01 -2.808668628956872837e+01 3.830712940233251373e+00 1.670707317608616238e+00 4.528690964495283744e+00
-1.331145456129959470e+01 -1.556583494860904082e+01 -2.750660042230492763e+01 4.478066052999840174e+00 5.038574402821312859e+00 2.952751214710414907e+00
-1.199305755351220171e+01 -1.659955910077123775e+01 -2.696610110985795927e+01 4.695643675938247164e+00 6.308219100408422264e+00 2.975187428263172063e+00
-1.081130825569618459e+01 -1.556153332077476925e+01 -2.652245932736621370e+01 4.590430146775676512e+00 6.298595446393560060e+00 3.083184733645737197e+00
-9.066469607706736156e+00 -1.371510201173364862e+01 -2.622886796488755934e+01 5.013426730523606878e+00 4.632649979009572760e+00 2.704075345705438504e+00
-7.084054167354219445e+00 -1.153065843853344141e+01 -2.611906060453384981e+01 4.806400269814528059e+00 2.857948980679278161e+00 1.898683911411358283e+00
-5.299019235011073192e+00 -9.447672547972713275e+00 -2.619911541764721008e+01 3.809553597640486178e+00 1.648425569094627230e+00 1.026378737013177833e+00
-4.093178101739428421e+00 -7.868924188477866899e+00 -2.644647542050919142e+01 2.875256032150304453e+00 7.475762108037967701e-01 5.098765461982869285e-01
-3.705240455317984072e+00 -7.064489389175154344e+00 -2.681392201515978613e+01 2.408664839212439457e+00 3.181246764041907871e-01 6.112444148451365855e-01
-4.201666951070404998e+00 -7.039450909743187879e+00 -2.723720514365682988e+01 2.509994119745512897e+00 5.618016210005153388e-01 1.401767519176231103e+00
-5.917054254259029200e+00 -7.032591237911848481e+00 -2.764635458939514479e+01 2.535432599564291678e+00 2.050447398947698119e+00 2.756916472387198169e+00
-6.417832993656581664e+00 -8.662614985153743064e+00 -2.797955387594694088e+01 4.583821731218168161e+00 2.338309375108426291e+00 4.323941161292914614e+00
-7.052902771941075066e+00 -9.650395563523479936e+00 -2.819560710883978416e+01 6.064603737684564955e+00 4.775069603639542137e+00 4.351311581325735922e+00
-7.298495814332589759e+00 -9.789706257181448379e+00 -2.827970512348029430e+01 8.278010085020822473e+00 6.908652213867277680e+00 2.990581194331754844e+00
-6.853894227785962912e+00 -9.063401620238943579e+00 -2.823951567880458668e+01 9.446038997452069097e+00 7.000969307381983420e+00 3.030942825619430625e+00
-5.793675239548520040e+00 -7.542991876556266462e+00 -2.809355089140597528e+01 1.007743565863376567e+01 6.261507209729418655e+00 2.506086980250552987e+00
-4.381638307398870502e+00 -5.500653416584807331e+00 -2.785795369100659968e+01 1.025797884268036597e+01 4.839270512345681396e+00 1.484164198329965156e+00
-2.973873719019502371e+00 -3.356161053799293192e+00 -2.753824069833573063e+01 1.012525785861516070e+01 3.088976331600335357e+00 2.367824763590605786e-01
-1.922258676880708173e+00 -1.577678075104383959e+00 -2.712885327574045746e+01 9.861109139934066903e+00 1.468360173797360391e+00 -8.851805005110272573e-01
-1.482838594833854939e+00 -5.584696501437337313e-01 -2.661850762603947018e+01 9.639002586417683816e+00 3.925129266476677370e-01 -1.560176934419885031e+00
-1.741027608779883940e+00 -4.995797239285826863e-01 -2.599708221209669645e+01 9.578154794660241222e+00 1.006305918425592083e-01 -1.592477747460775417e+00
-2.573844165418247787e+00 -1.335658216604244775e+00 -2.526137758159661573e+01 9.716784692724438344e+00 5.790542881091914618e-01 -9.629746218202855923e-01
-3.669571094897134955e+00 -2.741428932885752623e+00 -2.441999104632342465e+01 1.001141233913426376e+01 1.545961359585121819e+00 1.935066804330928258e-01
-4.237752885491246957e+00 -4.609569707518930137e+00 -2.349811337863939542e+01 1.036171443063456543e+01 1.714988197512656853e+00 2.453004952404838512e+00
-5.284166114004644754e+00 -5.070002002619503401e+00 -2.254058084607677159e+01 1.065187376730081503e+01 3.396796853655521975e+00 2.707467180954318486e+00
-5.397261871665079092e+00 -4.978045479184332933e+00 -2.160917230430542801e+01 1.079329578883871754e+01 4.283937045982872505e+00 2.610391567930338663e+00
-4.664957062337808047e+00 -4.143938044543714838e+00 -2.077155238839124962e+01 1.075342645163331134e+01 4.011795403095487877e+00 2.212531126847396834e+00
-3.369407061577807116e+00 -2.634147885025633684e+00 -2.008445648075299772e+01 1.056187200014241512e+01 2.883429276965109977e+00 1.343553974542911478e+00
-1.829514082581262580e+00 -8.139241767518139437e-01 -1.957855405479464039e+01 1.029498874765572580e+01 1.291616648490429897e+00 1.638236068546519153e-01
-4.004289621943120658e-01 8.341775053013873453e-01 -1.925222482705023452e+01 1.004801055611356375e+01 -2.851756701323645560e-01 -9.963691188063539261e-01
5.940118692616963569e-01 1.857939978177522322e+00 -1.907575250023239022e+01 9.905748492451628806e+00 -1.386637258795557326e+00 -1.788190416109801895e+00
9.461201681348836434e-01 1.962790085568605125e+00 -1.900109860435534515e+01 9.920063063541487480e+00 -1.710649799114830172e+00 -1.959740663791746051e+00
6.275342046176529687e-01 1.111284086064617593e+00 -1.897131227348549132e+01 1.009860267005882406e+01 -1.224917949590341726e+00 -1.411199735897383567e+00
-2.914759693258232587e-01 -3.390312821948791022e-01 -1.892832889191496193e+01 1.040695929390717112e+01 -2.181183747825066743e-01 -1.747587014174152853e-01
-1.694850830845365586e+00 -1.681307449442416724e+00 -1.882255289360351114e+01 1.078436535736778090e+01 1.438146334667100401e+00 9.475953453399906801e-01
-2.604688222151428256e+00 -2.927878512784903187e+00 -1.862596048762444312e+01 1.116898654021019155e+01 2.866073970849518648e+00 2.000663816176103005e+00
-2.872645397997891870e+00 -3.434710811336878056e+00 -1.834310455668398987e+01 1.152299228661849284e+01 3.677560171471689454e+00 2.614494296396748574e+00
-2.381006700764149553e+00 -2.946596099461681550e+00 -1.800906052453547801e+01 1.184422034208095020e+01 3.624418403929280164e+00 2.573573124029315373e+00
-1.206629735205888121e+00 -1.529514383912362607e+00 -1.766718962270509152e+01 1.215511365885162220e+01 2.697733278760520381e+00 1.864779300150481545e+00
3.833151695356241118e-01 4.762007116853320121e-01 -1.733123742898563435e+01 1.247018410867467253e+01 1.149267278553105953e+00 6.802592915527663209e-01
2.000161927096909764e+00 2.544936053689287991e+00 -1.694495095819381092e+01 1.275249673421247287e+01 -5.731356173215159666e-01 -6.410649918631028399e-01
3.227283902290320583e+00 4.096924841006794438e+00 -1.634478847676532709e+01 1.286549848852515332e+01 -1.964127766156384958e+00 -1.717996063022336095e+00
3.720983486979333232e+00 4.651904401352713769e+00 -1.519878293842457317e+01 1.249831137691923111e+01 -2.624153673289527866e+00 -2.244507440446771973e+00
3.301333458295674372e+00 3.980777744850000133e+00 -1.284155800507386402e+01 1.099105106384566710e+01 -2.387385950027614001e+00 -2.078558803092244389e+00
1.994055972544848565e+00 2.236076689817612095e+00 -8.027559717474094469e+00 7.085865238376882758e+00 -1.380396437023952094e+00 -1.266269659371354717e+00
4.648799425813326235e-14 5.527511551318145826e-15 -1.623742804397598007e-14 1.745848804277304150e-14 -1.319389939466345871e-14 -5.561119254910575580e-15
4.648799425813326235e-14 5.527511551318145826e-15 -1.623742804397598007e-14 1.745848804277304150e-14 -1.319389939466345871e-14 -5.561119254910575580e-15
-1.852015301106478384e+00 -3.413559781666144044e+00 1.826032618090139614e+00 6.537093501241494353e-01 9.906197982076130337e-01 4.828384212738688896e-01
-3.630278452423364666e+00 -6.709164305983683185e+00 3.670865868388899056e+00 1.270415743053617597e+00 1.955792500600461281e+00 9.293064281486365097e-01
-5.306815989359325414e+00 -9.744744231369825371e+00 5.537961809960628479e+00 1.826095434485435209e+00 2.860239199585168812e+00 1.317849952659972734e+00
-6.835537383798135913e+00 -1.243441861858691055e+01 7.408102669393755946e+00 2.315053935794212148e+00 3.680453479254893523e+00 1.624677139773539114e+00
-8.183021021606405654e+00 -1.472586607289565386e+01 9.241611429045494930e+00 2.746419976095762383e+00 4.397875264501270642e+00 1.834285224510991963e+00
-9.327910423806033080e+00 -1.660088583992870781e+01 1.098610433845275836e+01 3.136087845119416517e+00 5.000144079347609960e+00 1.940688250870256093e+00
-1.026082605230245726e+01 -1.806945788731178482e+01 1.258506188524417091e+01 3.498996175842117751e+00 5.481132945600917239e+00 1.948356211518470715e+00
-1.098355116978652291e+01 -1.916139985215304975e+01 1.398468392859971665e+01 3.844310862773490101e+00 5.840301681728123917e+00 1.872171907757410381e+00
-1.150757718736115720e+01 -1.991790080496223325e+01 1.513853054412809485e+01 4.173864538703108806e+00 6.081625006511020004e+00 1.736185364107774021e+00
-1.185220625218018498e+01 -2.038421330899159756e+01 1.601036131993023659e+01 4.483098287219879019e+00 6.212343997991910172e+00 1.571182780585625993e+00
-1.204238161712650701e+01 -2.060405410214882238e+01 1.657571493676105945e+01 4.763457807681869660e+00 6.241757771163364943e+00 1.411340764671011216e+00
-1.210638295428600486e+01 -2.061584038996055668e+01 1.682262056557016905e+01 5.005273448934184799e+00 6.180207927148084757e+00 1.290445850344578593e+00
-1.207351721625375696e+01 -2.045068757164322193e+01 1.675166907046290987e+01 5.200375888153738302e+00 6.038333346967855952e+00 1.238245817239564062e+00
-1.197195175768542086e+01 -2.013199447472841541e+01 1.637556763927196357e+01 5.343983911963340994e+00 5.826607798326866039e+00 1.277434236679073409e+00
-1.182685210723312075e+01 -1.967636212706816679e+01 1.571824671816808916e+01 5.435692718199544693e+00 5.555127966758916180e+00 1.421591422285885642e+00
-1.165897738828861918e+01 -1.909550416997929645e+01 1.481355802886587547e+01 5.479629447282767352e+00 5.233595239152377232e+00 1.674192459495014829e+00
-1.148384045836073675e+01 -1.839872191267215840e+01 1.370358124116223841e+01 5.483981800869245582e+00 4.871425449878489466e+00 2.028619456295059020e+00
-1.131146497321465993e+01 -1.759546195582771233e+01 1.243654241180704112e+01 5.460138603785842371e+00 4.477920397525716467e+00 2.469016417493523186e+00
-1.114668950534642811e+01 -1.669747682853616411e+01 1.106434812117719702e+01 5.421637647825707340e+00 4.062438767154183061e+00 2.971797052261836658e+00
-1.098990376187584950e+01 -1.572018732608895597e+01 9.639768310914798022e+00 5.383041681726764338e+00 3.634510562996956740e+00 3.507631506781541120e+00
-1.083806953204351764e+01 -1.468300084355962554e+01 8.213366356363385634e+00 5.358797807690399928e+00 3.203848970689619602e+00 4.043767328325592381e+00
-1.068588143973582127e+01 -1.360855201543091120e+01 6.830370047288524482e+00 5.362101674659578876e+00 2.780228287581848257e+00 4.546560741721563659e+00
-1.052695043158883337e+01 -1.252105544470811438e+01 5.527774255311151741e+00 5.403791100453670282e+00 2.373217025230739186e+00 4.984095069977770187e+00
-1.035493086124975015e+01 -1.144413602509724015e+01 4.332022633273438394e+00 5.491326668438852643e+00 1.991780438431590916e+00 5.328741830778341182e+00
-1.016454485764467464e+01 -1.039857922112846644e+01 3.257593659614480330e+00 5.627963876661071119e+00 1.643793286288049327e+00 5.559482854840977595e+00
-9.952474562094046462e+00 -9.400404175230555381e+00 2.306705519317037378e+00 5.812261823184897480e+00 1.335526914734589177e+00 5.663772665223218539e+00
-9.718089432368429925e+00 -8.459534532627023040e+00 1.470183467417017553e+00 6.038083882099899213e+00 1.071190667224217963e+00 5.638699673156716941e+00
-9.463955143196438158e+00 -7.579185659973547651e+00 7.293583283824451868e-01 6.295205823805109624e+00 8.526151661470200427e-01 5.491223775740117219e+00
-9.196043305477937579e+00 -6.755963158860722295e+00 5.873984725988781741e-02 6.570548133918610034e+00 6.791681796050578201e-01 5.237338311814064618e+00
-8.923544798259822386e+00 -5.980606078294885997e+00 -5.708406466518386457e-01 6.849906582107582409e+00 5.480011962413137150e-01 4.900116381147323175e+00
-8.658204819526329032e+00 -5.239296123177580533e+00 -1.188908894394822280e+00 7.119909526293159097e+00 4.547437127932547063e-01 4.506722638977013418e+00
-8.413160936274087121e+00 -4.515448970488284530e+00 -1.822095677225032073e+00 7.369837973533768682e+00 3.947821722774655928e-01 4.084568271007328555e+00
-8.201376011777931296e+00 -3.791863182937032839e+00 -2.491170124031786504e+00 7.592949921535749880e+00 3.652247949298042529e-01 3.656873106727310585e+00
-8.033889321755523838e+00 -3.053013811154735357e+00 -3.208572700390406762e+00 7.787061315931647520e+00 3.674407273280093644e-01 3.238078470881694315e+00
-7.918211190088982221e+00 -2.287172532631887467e+00 -3.976681948506592956e+00 7.954313596538846731e+00 4.095479528865526575e-01 2.829968334748808712e+00
-7.857205623174992937e+00 -1.487975119654803891e+00 -4.787056688265496796e+00 8.100235682154313110e+00 5.074492634529556012e-01 2.420005146121174455e+00
-7.848715906985793467e+00 -6.550966381786417214e-01 -5.620848780919792453e+00 8.232324615113604693e+00 6.821766648864007188e-01 1.984113758704587394e+00
-7.886012217260114809e+00 2.061486668047182169e-01 -6.450451764614876460e+00 8.358394030329829860e+00 9.505221579727383130e-01 1.496853517519156407e+00
-7.958938963500076902e+00 1.086228445828035571e+00 -7.242239345407625706e+00 8.484880296566487345e+00 1.306940642147277787e+00 9.508691521672749669e-01
-8.055471431278956373e+00 1.973525362596894928e+00 -7.959986497363600755e+00 8.615178175700354046e+00 1.704793607923989596e+00 3.774043939178316487e-01
-8.163245823946137847e+00 2.856625772470597902e+00 -8.568284138094711011e+00 8.747905885310487406e+00 2.063096019455714192e+00 -1.584547538475733763e-01
-8.270285386825415586e+00 3.725793612993764548e+00 -9.034892997684053739e+00 8.874678127448513365e+00 2.309593514398868397e+00 -5.988351277211636514e-01
-8.362637133607623952e+00 4.571138889987083509e+00 -9.330091649150853428e+00 8.976031986923027617e+00 2.416883112424704549e+00 -9.273752256570129138e-01
-8.409490152088693549e+00 5.367896134908661132e+00 -9.417426455423198561e+00 9.010374392004427690e+00 2.397195747328173532e+00 -1.162633171208377503e+00
-8.291383087716841516e+00 6.004352186234608979e+00 -9.209139235216600383e+00 8.869492563672848107e+00 2.278933810495279211e+00 -1.333921469189938147e+00
-7.486397555748982136e+00 5.967345152797523866e+00 -8.239798093235705778e+00 8.054183831443982200e+00 2.091407736718695620e+00 -1.466161238640006470e+00
-4.622372120939962414e+00 3.893470211549851623e+00 9.470381084620024481e+00 -9.458723847525153161e+00 1.859737232519869332e+00 -1.575741834020609078e+00
-4.622372120939962414e+00 3.893470211549851623e+00 9.470381084620024481e+00 -9.458723847525153161e+00 1.859737232519869332e+00 -1.575741834020609078e+00
-3.499406939036592945e+00 2.460803985383169579e+00 3.745664794805941167e+00 -3.956171177850180687e+00 1.713879076396927159e+00 -1.519057390015875475e+00
-2.556433931514142444e+00 1.322741171896068435e+00 -2.218087978567978347e+00 1.825398611745964628e+00 1.553175675650079191e+00 -1.446241236576467415e+00
-1.830934730327037796e+00 5.578456661592526844e-01 -6.926765332909298856e+00 6.436058378381518175e+00 1.355106094224606483e+00 -1.317219594794961868e+00
-1.339649610986493489e+00 2.049683907499901536e-01 -1.048628591800110677e+01 1.000789933083550665e+01 1.105200347638785718e+00 -1.107762664896741800e+00
-1.076746420952671590e+00 2.590564733373537099e-01 -1.317562109768491396e+01 1.282048236386520124e+01 7.992343479760891656e-01 -8.136579423352312546e-01
-1.015853623106215853e+00 6.723897801917440020e-01 -1.517158963880916644e+01 1.502464000431500324e+01 4.433336637810252889e-01 -4.503827709247188449e-01
1.363113291477597855e+00 -1.116545642660552229e+00 1.668278328527860666e+01 -1.658287042599799577e+01 -4.901988153646833629e-02 5.224621626715296452e-02
2.230793892717322979e+00 -1.334285743325375639e+00 1.782205810285821812e+01 -1.749120178570489870e+01 3.500350035233972257e-01 -3.532679459702054436e-01
3.172880374064443121e+00 -1.628530298877686411e+00 1.846559564693452060e+01 -1.796854205287100825e+01 7.033597595155139937e-01 -7.481960050800610107e-01
4.084667818018106189e+00 -1.953774878979273710e+00 1.864513094970808638e+01 -1.807769623033094675e+01 9.671484310264599760e-01 -1.101033978791816192e+00
4.821959932055593256e+00 -2.215088356626262467e+00 1.840096115438185720e+01 -1.786576805632542175e+01 1.086861444016308686e+00 -1.359008370198674154e+00
5.200612873534143255e+00 -2.263651042911619893e+00 1.777574118370350220e+01 -1.735830089479363991e+01 9.339759012298251006e-01 -1.382059898153491728e+00
5.199563727600182261e+00 -2.098878881552187270e+00 1.680893348233123419e+01 -1.656002663451261725e+01 -2.543672572739084752e-03 -6.344542703760850388e-01
5.013784623999469225e+00 -1.922784804356353794e+00 1.553756711581480587e+01 -1.546544924351520045e+01 -2.088736534232090936e+00 1.284068325981715164e+00
4.772681296175071530e+00 -1.861339703591863737e+00 1.400613175058247428e+01 -1.407929681114617182e+01 -2.878230164040848749e+00 1.964330475096404793e+00
4.470581567053282690e+00 -1.899017373705736533e+00 1.228573827731899826e+01 -1.244471644965232393e+01 -2.981653084915074192e+00 2.049402700950330836e+00
4.056241277939590439e+00 -1.972860916541415488e+00 1.050434917128938928e+01 -1.067955419482239243e+01 -2.888147682151025020e+00 2.049359844817521203e+00
3.484246501086439629e+00 -2.027680043588754089e+00 8.904886953497616275e+00 -9.036667020355420021e+00 -2.671927133337779647e+00 2.043692923399103023e+00
2.725985511316161514e+00 -2.028187942865582016e+00 8.003627334656426839e+00 -8.060223270895907177e+00 -2.363496571008299796e+00 2.051551186518689285e+00
-1.954617018820150376e+00 1.768207207963617522e+00 -9.049844735881542590e+00 9.060642394634488284e+00 2.082364062021367257e+00 -1.998515142778016118e+00
-1.795465760185512849e+00 6.126178913310394991e-01 -1.344828717781242666e+01 1.347702921919077923e+01 2.142964484856900942e+00 -1.621244897514195316e+00
-1.543479381829332420e+00 -7.197649776771480878e-01 -1.514763530529011071e+01 1.511191819245154200e+01 2.236787373049319516e+00 -1.278843472171315554e+00
-1.196828618452028925e+00 -2.181159441227273010e+00 -1.522682799660004704e+01 1.502943324074274400e+01 2.360816580889997685e+00 -1.012626777003226231e+00
-7.643390081057012120e-01 -3.690555996008363149e+00 -1.620749953957056277e+01 1.576008959103290330e+01 2.502464932702257450e+00 -8.490190250555206264e-01
-2.715187295912303012e-01 -5.132239746971508865e+00 -1.771310789424104470e+01 1.696007176708646469e+01 2.637969373932833594e+00 -7.926592121878495156e-01
2.365078035787180621e-01 -6.361742587260367898e+00 -1.943474908366467346e+01 1.837163279989671238e+01 2.733425427001116237e+00 -8.238773784559146884e-01
6.981027925889056185e-01 -7.219985130618667313e+00 -2.120549427426305300e+01 1.988754048834206856e+01 2.748945525212192376e+00 -9.018097807369913621e-01
1.045026478804255810e+00 -7.555132407644562065e+00 -2.291005284283085786e+01 2.144839108171746034e+01 2.645604710065779575e+00 -9.729357302498564675e-01
1.217312379145453427e+00 -7.250446617051466092e+00 -2.444511568788586686e+01 2.299086232220048842e+01 2.393916381129835624e+00 -9.833797111347482023e-01
1.179127919191674145e+00 -6.254310301591501364e+00 -2.570911360269929347e+01 2.442869719410241913e+01 1.981800318829705976e+00 -8.923727177247769982e-01
9.307761014927881105e-01 -4.605487118810676961e+00 -2.660763900748629496e+01 2.565508381104360680e+01 1.419761467087508056e+00 -6.837341258885967221e-01
5.127579117013520982e-01 -2.444131480771694509e+00 -2.706677791923710785e+01 2.655911084629446250e+01 7.415737105180666422e-01 -3.719592375872582957e-01
3.711101297418576358e-14 -1.422864134066399050e-17 -3.795598614568968052e-03 3.795598614570862370e-03 -1.316784833458609482e-14 2.728052272972492785e-15
