0.000000000000000000e+00 0.000000000000000000e+00 0.000000000000000000e+00 0.000000000000000000e+00 0.000000000000000000e+00 0.000000000000000000e+00
6.894764028625973040e+00 9.093641729394303042e+00 4.712321317367183404e+00 -5.811077401781556961e-01 -6.708288388274410430e-01 -6.957999973076157696e-01
6.653254935531152547e+00 8.812897275204939262e+00 4.319673108505911685e+00 -1.103941643843279863e+00 -1.286684737262244527e+00 -1.334750965719845750e+00
6.308311086469264417e+00 8.354703965562370271e+00 3.669211523046592038e+00 -1.523554901259059013e+00 -1.793605577997227529e+00 -1.866268231027031099e+00
5.850670165242447318e+00 7.733883449712125824e+00 2.803106119334813684e+00 -1.808459375010946779e+00 -2.150931660029530068e+00 -2.251474081361033885e+00
5.295405486612615675e+00 6.971423999734740917e+00 1.778880104877380353e+00 -1.948488708688851156e+00 -2.332046795511856896e+00 -2.467090243224280499e+00
4.663232592405701205e+00 6.782082407922020995e-01 6.094198494137193833e+00 -1.955477935907641296e+00 -2.326804083841996107e+00 -2.507242815125116486e+00
3.977624273216184836e+00 -3.942225189612653669e-01 5.134075767235938947e+00 -1.859431830332299196e+00 -2.141997158051225814e+00 -2.382929305333276293e+00
3.263024753898871033e+00 -1.319170418130580336e+00 4.126343478175042101e+00 -1.700252912418833251e+00 -1.800143305207605904e+00 -2.119258128536171348e+00
2.543186511125928639e+00 -1.979325845008316431e+00 3.107563105442180618e+00 -1.515708691603262936e+00 -1.337849646954955007e+00 -1.750951065030689868e+00
1.839645753980716947e+00 -2.283102004906381488e+00 2.113164016227775832e+00 -1.310496013301163387e+00 -8.221365554011802468e-01 -1.316916689571447918e+00
1.170504751637591712e+00 -2.191713946201143681e+00 1.175179214347460865e+00 -3.357039161862455656e-01 -1.058958415636509276e+00 -8.548708917438422317e-01
5.497079729563136841e-01 -1.740096539900310990e+00 3.204900744022683989e-01 3.644122491008567333e-01 -1.039704744697751204e+00 -3.969426157904963337e-01
-1.283396168242663393e-02 -1.038367247365982182e+00 -4.302023506934083419e-01 9.033131161657514951e-01 -8.917510995505206761e-01 3.304020889255966653e-02
-2.475649299132672843e-01 -5.083966421427437155e-01 -1.062660765065175594e+00 -6.924544609605757239e-01 1.360670606563007201e+00 4.202758495461452748e-01
4.491516579311489732e-01 -9.112895311669264586e-01 -1.568800555518447437e+00 -4.189254063329713729e-01 1.722610657207650942e+00 7.578459527935264006e-01
7.878301086007226672e-01 -1.075557331468718125e+00 -1.946022180509387134e+00 -5.853803343545561921e-02 1.981171556741668782e+00 1.044196939893633047e+00
3.741197215529992182e-01 -6.610484572308560347e-01 -2.196421784772486063e+00 3.789158180796614039e-01 2.136678740001720644e+00 1.279976809694484574e+00
-2.689736558090420337e-01 -1.797117832035761420e-01 -2.326048305337363509e+00 8.571012789924740138e-01 2.196084146265540049e+00 1.465030509228341993e+00
-5.831465204166078609e-01 -1.274019580010286590e-01 -2.344284546568919936e+00 1.315881053168417081e+00 2.170568128789881257e+00 1.596263769061948556e+00
-6.473251812152163165e-01 -3.326520479042210932e-01 -2.263346427172429287e+00 1.680822481923278433e+00 2.073311471187452959e+00 1.666856529740158521e+00
-5.517373537485587009e-01 -6.066984679414980652e-01 -2.097837719610502472e+00 1.877404225520341141e+00 1.918316618017810615e+00 1.666992842225184956e+00
-3.572855967692251666e-01 -8.080900430669019086e-01 -1.864275995999224333e+00 1.845120665055715703e+00 1.721872774204388667e+00 1.585937985294883612e+00
-1.135123293066226807e-01 -8.454078717561731571e-01 -1.580520439513723563e+00 1.553555929580579864e+00 1.500327436004916803e+00 1.415002998213601204e+00
1.599340456739506977e-01 -7.092089165467178047e-01 -1.265075762429770601e+00 1.137593928971992074e+00 1.143238826850603740e+00 1.150749392555950434e+00
4.538340668161321423e-01 -4.547628670481515534e-01 -9.363006074518723798e-01 7.794412776829262590e-01 5.322259597094131101e-01 7.977357651814390715e-01
7.224187562820553188e-01 -1.439937191942732564e-01 -6.115906543064588696e-01 4.246914577389445666e-01 -1.817089897822991851e-01 3.701946471614054879e-01
1.781326080645142529e-01 8.823347895248103701e-01 -3.066196303862690486e-01 -8.682529525211778454e-01 5.970028188453688905e-02 -1.077756295155691685e-01
4.800225840161309598e-01 8.443766344043757144e-01 -3.470424234592491691e-02 -1.417338718982082524e+00 -3.056364350802505125e-01 -6.036580805724067744e-01
7.379068516900142427e-01 5.453346198108144360e-01 1.936744266292745320e-01 -1.740414395126990588e+00 -6.552766257719215837e-01 -1.079479582012359273e+00
9.336294057342172659e-01 -3.066801990421863522e-02 3.711904583332998886e-01 -1.785286616652447700e+00 -9.702010964305483043e-01 -1.495912351446442967e+00
1.054287599749349713e+00 -8.420348491416432823e-01 4.938432579177693404e-01 -1.548279006797499413e+00 -1.230389653474512679e+00 -1.816941724434231631e+00
1.092419362323003185e+00 -1.790202162768551597e+00 5.609809493621535914e-01 -1.078391831281710234e+00 -1.417064795148490042e+00 -2.014411235038966463e+00
1.046109318344592864e+00 -2.731066065279802668e+00 5.751634459587545711e-01 -4.701966191528386130e-01 -1.515087914123676383e+00 -2.071737791251216709e+00
9.187846893920383895e-01 -3.497425024998281895e+00 5.418421084480844474e-01 1.550155936578019311e-01 -1.515143943335627519e+00 -1.986181844138212860e+00
7.186680932426813273e-01 -3.930139205257814350e+00 4.688429653799907615e-01 6.760441228525309043e-01 -1.415339057510816900e+00 -1.769260676848849689e+00
4.579823847653215485e-01 -3.912482816290579368e+00 3.656728765361269007e-01 9.990763788085282870e-01 -1.221925630441444754e+00 -1.445187897354243134e+00
1.521396738750429301e-01 -3.400346444710935945e+00 2.427120499112957741e-01 1.077493626054825127e+00 -9.490262791519777918e-01 -1.047562883469963513e+00
-1.805858513894081085e-01 -2.441200977073417988e+00 1.103910938442608652e-01 9.193896267647202469e-01 -6.174505086824355615e-01 -6.148507503127711438e-01
-5.174615391172662227e-01 -1.176688240639464977e+00 -2.154436154440426271e-02 5.828471938315171741e-01 -2.531026161094614979e-01 -1.854101844561245327e-01
1.688475966057783884e-01 -8.213170289549045489e-01 -1.446108367480654078e-01 1.127147533110791078e-01 1.640267226078064577e-01 2.071131578612366575e-01
1.265563959677840966e+00 -9.756828108160129354e-01 -2.519917028641472934e-01 4.161280908093047959e-01 -1.932389892549176980e-01 5.373193957942837828e-01
1.119833725339985930e+00 -1.745371184983556534e-01 -3.388069977088294382e-01 -4.552000267185817711e-02 2.891283840387187110e-01 7.900485780562995775e-01
-1.155270248496040431e+00 2.352659593153323847e+00 -4.023058601587169436e-01 -6.007674667377866928e-01 9.916976388136898857e-01 9.606803652304690688e-01
-1.884436150249371167e+00 2.910894069795508354e+00 -4.420171872622823961e-01 -5.484436021991359045e-01 1.226975616958672077e+00 1.053883149218412196e+00
-2.131159570095210842e+00 2.641608210093958409e+00 -4.598435453598153644e-01 -2.800749472180784627e-01 1.354454427023095819e+00 1.081191241156776117e+00
-2.225404477339911313e+00 2.029863884928709172e+00 -4.600319263575787798e-01 1.043735503077398569e-01 1.400069219626746353e+00 1.057930249067522199e+00
-2.208690834404235304e+00 1.313651268677237693e+00 -4.489299338357493063e-01 4.968721298826188626e-01 1.371720383222934103e+00 1.000054597102138176e+00
-2.080607995144600597e+00 6.864457284975210571e-01 -4.344519411548961596e-01 7.887848593609250170e-01 1.276654875130142752e+00 9.214170410693602875e-01
-1.712317055608578276e+00 1.665616180267497359e-01 -4.252344170560619085e-01 8.963990576808992250e-01 1.122453457487663009e+00 8.318744843442912318e-01
1.804383949909594831e-01 -1.465653809254453988e+00 -4.295371862909216354e-01 7.917873621034369203e-01 9.062313794146602541e-01 7.364678997186131504e-01
5.084004069535124071e-01 -1.158285133823654389e+00 -4.540252353369085281e-01 6.357212376521108599e-01 6.679016454382659118e-01 4.579886328320002531e-01
9.261556924457986506e-01 -7.016708097979073022e-01 -5.026210181249712861e-01 5.269128142096867196e-01 3.903217324330000015e-01 -1.494560528899457549e-02
-1.891504605126498872e-01 1.321785584037481032e+00 -5.756328712095952760e-01 4.060112567700795427e-01 -5.305921227307984767e-01 8.647324061482565549e-02
3.468088764620644859e-01 1.501717544940835758e+00 -6.693339775091593502e-01 2.698612305832395752e-01 -9.761716601968891682e-01 -2.301444385859537090e-01
8.741295035817727710e-01 1.305693920845471201e+00 -7.760938678859383710e-01 1.181679073758553494e-01 -1.245166285921596394e+00 -5.456539652387162320e-01
1.359660463742261571e+00 6.525300100283151217e-01 -8.850683054037263853e-01 -4.513074678215729663e-02 -1.262287211890416039e+00 -8.439754247959223576e-01
1.771188576310591012e+00 -4.372291278266210446e-01 -9.833583232986917722e-01 -2.114037096766110679e-01 -1.003097712093869109e+00 -1.107184706497656324e+00
2.080025154083727124e+00 -1.840219922286667753e+00 -1.057478955950509558e+00 -3.679117326593124293e-01 -5.047197764113806606e-01 -1.316625971110105153e+00
2.263503591890615230e+00 -3.347939892605851231e+00 -1.094947084810857785e+00 -4.993722728332024019e-01 1.375356899621218709e-01 -1.454608868967117052e+00
2.307020539102106138e+00 -4.700317378631714504e+00 -1.085805477167471000e+00 -5.902425848861087010e-01 7.898383964601544127e-01 -1.506467235174015373e+00
2.205385787368826289e+00 -5.630973276794764004e+00 -1.023932389531069020e+00 -6.273010230750095673e-01 1.311798125978333562e+00 -1.462670175579762422e+00
1.963364334089397589e+00 -5.917422383576324663e+00 -9.080220042863004215e-01 -6.020252280281503943e-01 1.590731106244768212e+00 -1.320630985804849944e+00
1.595401331106851561e+00 -5.428447768009792007e+00 -7.421431593131747606e-01 -5.122890393753534166e-01 1.567142905245222151e+00 -1.085871053776183759e+00
1.124604449173211229e+00 -4.161273585980534762e+00 -5.357888792484536422e-01 -3.630338205741241442e-01 1.245018846800037604e+00 -7.722694421342077842e-01
5.811119361542818051e-01 -2.259531390555788111e+00 -3.033320846388492531e-01 -1.657893431356771974e-01 6.871606955662368232e-01 -4.012590425579698472e-01
-1.865531437828165014e-14 1.767756612234842524e-15 -8.807490128637044728e-06 8.807490125011621741e-06 6.468234116643752465e-15 -2.227159068624609036e-15
-1.865531437828165014e-14 1.767756612234842524e-15 -8.807490128637044728e-06 8.807490125011621741e-06 6.468234116643752465e-15 -2.227159068624609036e-15
2.915850260983917863e+00 2.502359513129762902e+00 -1.318690473333559821e+00 -1.202259346319469735e+00 -3.802252668903413624e-01 6.919296230258797920e-01
5.888227732837324702e+00 4.498268966791557411e+00 -2.623538963510207989e+00 -2.548078300692748321e+00 -7.007361778440911459e-01 1.298816686412816557e+00
8.918317336086337477e+00 5.621561550248551420e+00 -4.019482242311143594e+00 -4.021358905461147160e+00 -9.106833048578985013e-01 1.766599304079500499e+00
5.730150048717243649e+00 1.191864354365521628e+01 -5.579456902827311104e+00 -5.570583455417509988e+00 -9.756568219806868170e-01 2.097120619994151003e+00
4.912874098245469945e+00 1.471529806834334408e+01 -7.535363335647057070e+00 -6.908366562961725243e+00 -8.828981471194162767e-01 2.356081068555877511e+00
3.436344843099591984e+00 1.708612452917798308e+01 -1.024087562181263600e+01 -7.548774683099590099e+00 -6.433212836810311419e-01 2.653128601527201536e+00
1.663802312446444054e+00 1.882073557182383539e+01 -1.295479116844938972e+01 -8.029208899510880570e+00 -2.897308344790087142e-01 3.095638272087359422e+00
-2.951427971067291725e-02 1.978130794966092054e+01 -1.485672824818151128e+01 -8.913230889342624863e+00 1.289317328885034586e-01 3.736899755359174957e+00
-1.330602324688903382e+00 1.994356370306196524e+01 -1.596227517682826225e+01 -9.920993523990912166e+00 5.565297022229523938e-01 4.548282046591809902e+00
-2.044916177019944215e+00 1.940650829071948635e+01 -1.623923378838288301e+01 -1.088455942939973653e+01 9.398586922902548713e-01 5.430902327627393333e+00
-2.127461622600057112e+00 1.837118925242010903e+01 -1.571222038977026791e+01 -1.171370702863774760e+01 1.237275937110138946e+00 6.254736075536583506e+00
-1.681491363899440428e+00 1.709752003363139750e+01 -1.455343115025924128e+01 -1.233658857764356398e+01 1.423667695412181411e+00 6.897788102928012144e+00
-9.213680205592587047e-01 1.585104061753126103e+01 -1.304943480580426041e+01 -1.270543653952475083e+01 1.491141715322711336e+00 7.267285484749963942e+00
-1.057459883444919063e-01 1.484998419836964345e+01 -1.150925570340016613e+01 -1.281358119645447324e+01 1.446488935970829948e+00 7.304633018288474666e+00
5.406154424634601607e-01 1.422119271466032941e+01 -1.016918477649800856e+01 -1.270154448256259805e+01 1.307305127733733530e+00 6.986363482662559576e+00
8.907691271545472578e-01 1.397326724473000148e+01 -9.135022410306982366e+00 -1.244604139185075553e+01 1.098414764506459917e+00 6.329510360312982087e+00
9.435846516066859202e-01 1.399497712065845789e+01 -8.375644368459738587e+00 -1.213754913921778389e+01 8.492843030456194153e-01 5.399376182699521465e+00
8.086609327408023074e-01 1.408322717510569788e+01 -7.757097828071243484e+00 -1.185708522456573988e+01 5.921262893256290516e-01 4.310280331023178313e+00
6.574852437021528884e-01 1.399702989068742021e+01 -7.101598114906937376e+00 -1.165476977492898492e+01 3.599110980448615993e-01 3.210838920925826567e+00
6.600669529526579371e-01 1.352462369156267030e+01 -6.296471484436497512e+00 -1.149038904880734613e+01 1.836682015466128970e-01 2.253700947608766825e+00
9.271546206972427484e-01 1.254451704709759952e+01 -5.904251025163263833e+00 -1.067477045124779877e+01 8.905326568577451307e-02 1.559587799590911983e+00
1.473253351115062948e+00 1.106119998063356924e+01 -1.022087222207727564e+01 -4.857632989784346655e+00 9.278958612116353089e-02 1.190043817292427253e+00
2.208855325106256373e+00 9.203122074325541746e+00 -1.233113725513276115e+01 -1.002008099939193153e+00 1.999367432798880018e-01 1.139170184935347052e+00
-3.918576725567237240e+00 8.124723339262795996e-01 8.043161112853814965e-01 1.788868226991414401e-01 2.583210603424238805e+00 2.567464997471250454e-01
-3.498927430553233631e+00 5.990742370145812901e-01 1.011875802589989215e+00 -1.032342057051424400e-01 2.283791173585534295e+00 1.193455242063444499e-01
-2.727652296143312949e+00 3.800931908011392912e-01 8.373183412499797251e-01 -1.287328634156339746e-01 1.755219962494668273e+00 -1.818212389194644521e-02
-1.739699543251530311e+00 2.002288868860853666e-01 5.013451254716071448e-01 -6.766627683994248799e-02 1.098438484162995055e+00 -1.006360337649272046e-01
-6.798581321851968617e-01 6.932887269612039716e-02 1.667945511885230714e-01 -1.279302157636092417e-02 4.192298208757020972e-01 -8.170157788492656004e-02
3.189716037280718730e-01 -3.291430849153979821e-02 -5.925580323863074289e-02 -1.422467195785769500e-03 -1.913730304883131395e-01 6.182905720963473989e-02
1.151523562877060813e+00 -1.395953881815741038e-01 -1.316952219978148875e-01 -2.922612956306711723e-02 -6.709865226290203655e-01 3.203522935733964516e-01
1.748902008205386549e+00 -2.757898655267042032e-01 -6.031765535052627247e-02 -7.098236493493040311e-02 -9.911300022134410526e-01 6.497145310847689537e-01
2.080554350858705437e+00 -4.436103152913414838e-01 1.064387563098980333e-01 -1.003027668250397741e-01 -1.153477063482299503e+00 9.791376728756231440e-01
2.150416432198172689e+00 -6.176936751753795418e-01 3.000286238914614545e-01 -1.014725509902815320e-01 -1.179418716850323179e+00 1.227615726730794998e+00
1.988715275265889870e+00 -7.507396512057566973e-01 4.499206373531499659e-01 -7.335360555604886201e-02 -1.096978501525485594e+00 1.324584219527318973e+00
1.641568995672050946e+00 -7.865849441171276490e-01 5.008963450030154974e-01 -2.822489047447923616e-02 -9.294837624336131920e-01 1.228995315516508979e+00
1.161042428282045513e+00 -6.782364372301041833e-01 4.279244298315373340e-01 1.269503451777160424e-02 -6.895059421677011136e-01 9.413793711211906334e-01
5.981379780554925141e-01 -4.074935083305754047e-01 2.445600289554117901e-01 2.682590521142923928e-02 -3.797265513123210257e-01 5.056241409014785582e-01
3.737790631965065990e-14 -1.232108262010271307e-13 9.059988590706093798e-15 1.215565058843698503e-14 1.701742948910599676e-14 4.782671733557061301e-14
-5.892092677781000098e-01 4.725316891059030966e-01 -2.368868917507046812e-01 -6.526496126506589612e-02 4.422915721965691160e-01 -4.804411970111280294e-01
-1.125802128950071035e+00 9.080763581036079835e-01 -4.014738728722825334e-01 -1.484959754388868181e-01 9.225956366894600968e-01 -8.459581186722624491e-01
-1.564903522043077366e+00 1.204524714531635565e+00 -4.548747097808251705e-01 -2.196117640297559903e-01 1.393932207556252356e+00 -1.033452007820889307e+00
-1.861437002054870504e+00 1.292809527712413420e+00 -3.943164088354742525e-01 -2.527797740762947609e-01 1.788407334383187886e+00 -1.021902426157393240e+00
-1.974254833536992271e+00 1.160194303629132451e+00 -2.508191438373590376e-01 -2.374910748021076823e-01 2.026253576151855640e+00 -8.380629114504954957e-01
-1.872591147927327837e+00 8.562852662567711493e-01 -7.828005225883638563e-02 -1.813262110572465002e-01 2.031304759452133624e+00 -5.505668955822945465e-01
-1.543207552170141383e+00 4.809539881220187829e-01 6.135667077900243405e-02 -1.052975924188866708e-01 1.749847518946995084e+00 -2.530485362888821310e-01
-9.965669556027028086e-01 1.580174370445667220e-01 1.140429459042374555e-01 -3.637983478930977704e-02 1.168313591887247815e+00 -3.977954696945668750e-02
-2.708875161524458286e-01 1.309320511051708215e-03 4.864563310207341285e-02 -7.654354477553934914e-04 3.249074889173439451e-01 1.997492552423392811e-02
5.667706863134202022e-01 8.147179787937791628e-02 -1.320509262788655269e-01 -1.817403611088640875e-02 -6.888279821062055497e-01 -9.854842750141397378e-02
1.423660473435630403e+00 4.022949038998107074e-01 -3.887263498545737161e-01 -9.585606015956360526e-02 -1.738432732761903798e+00 -3.684678121238824100e-01
2.190334894698863444e+00 8.941659555609070553e-01 -6.548301634635366186e-01 -2.225266140419036864e-01 -2.667909016341865502e+00 -7.189513980929417292e-01
2.755769832063291513e+00 1.428445427965497005e+00 -8.568672083475041834e-01 -3.659970536564501886e-01 -3.327923900554397907e+00 -1.055132402075783737e+00
3.026203900037437666e+00 1.850195785656757019e+00 -9.382980071134926492e-01 -4.796485091988911820e-01 -3.604563845227111596e+00 -1.283418199930741910e+00
2.943209346206892896e+00 2.020030264919560281e+00 -8.768108625526460642e-01 -5.187369250082185523e-01 -3.442079529693673923e+00 -1.334438337457147572e+00
2.496529283728384119e+00 1.853047086999843218e+00 -6.889842013034430668e-01 -4.599665491087142066e-01 -2.854632906627793787e+00 -1.178418336094481988e+00
1.728785118563888057e+00 1.344920274702201546e+00 -4.238425085523036540e-01 -3.137887089822548603e-01 -1.924774965340537713e+00 -8.312053841862391268e-01
7.311008841643038547e-01 5.789651719475279457e-01 -1.503497381843722225e-01 -1.227027836418578682e-01 -7.892429212849948472e-01 -3.510034334539971490e-01
-3.695482323294875249e-01 -2.891139634871752184e-01 5.802963219261265265e-02 5.299540798368991557e-02 3.850956608898382649e-01 1.736691759095748966e-01
-1.429121597235655461e+00 -1.068535819203774828e+00 1.412108404217880253e-01 1.548781161912072823e-01 1.430773319277427236e+00 6.434080198624061442e-01
-2.308618406716529847e+00 -1.585990628005736092e+00 7.147528881404646706e-02 1.441934314166896935e-01 2.209201162858972722e+00 9.713641196760712804e-01
-2.896273225595558554e+00 -1.738473741155749819e+00 -1.317262560040563246e-01 1.386244947408232439e-02 2.634105597708916502e+00 1.105140432617403468e+00
-3.125663998674375055e+00 -1.527124848869852558e+00 -3.998232188150786515e-01 -2.062936307111675749e-01 2.683863889619151788e+00 1.040578709151282144e+00
-2.984890363664864488e+00 -1.057243043133955007e+00 -6.329548125912853873e-01 -4.514288896820495833e-01 2.400202764482582296e+00 8.221766216106850544e-01
-2.513928975263527654e+00 -5.032371112136108104e-01 -7.350358619851352637e-01 -6.320655236915966313e-01 1.874190646216390421e+00 5.289022943061332249e-01
-1.791809935496805117e+00 -5.365985071945834212e-02 -6.508123836999972767e-01 -6.545097489749203135e-01 1.223553257696385232e+00 2.499376820852146630e-01
-9.189201691126692717e-01 1.407211498376295666e-01 -3.856815903352178165e-01 -4.493558390885438181e-01 5.668411514538621576e-01 5.952453153147868603e-02
1.664531418198461209e-13 1.656549373516991770e-14 2.743196422224103962e-13 -1.164263169675831080e-13 -8.447324147447300909e-14 -6.158796378576786370e-14
8.686797482189224651e-01 -4.721448279375398127e-01 4.146152368432204360e-01 6.410194760083594012e-01 -4.194897131789185329e-01 7.649790515782441125e-02
1.606614443544278847e+00 -1.189484233995254492e+00 7.630792973887547959e-01 1.357627072440145577e+00 -6.769037819359164931e-01 2.602332652522037493e-01
2.151106751209679757e+00 -1.994034213447839932e+00 9.693719168011765142e-01 1.998719227055481218e+00 -7.922024299589388585e-01 4.957021199429650915e-01
2.456614055940346208e+00 -2.680615736749325073e+00 9.917251701090404881e-01 2.420036531461092100e+00 -8.027624393851852114e-01 7.104261599276368022e-01
2.496544609370717094e+00 -3.043278778288556197e+00 8.320567793858675287e-01 2.523913077277723627e+00 -7.405562874345413826e-01 8.266438279066071759e-01
2.269639400094421777e+00 -2.941274475587399184e+00 5.404876348976468403e-01 2.283590848312726518e+00 -5.639106464968617338e-01 7.284893784883756940e-01
1.802152083077439571e+00 -2.358037652056460320e+00 2.124259458927781896e-01 1.746729596300917065e+00 6.961790844370462361e-01 -5.658055055160945424e-01
1.135437593353535890e+00 -1.416778600286284995e+00 -2.705222607090554399e-02 1.020503319909899176e+00 4.271696257555361309e-01 -3.895074579592670561e-01
3.070896476752099646e-01 -3.425070961844597361e-01 -5.427135823223451505e-02 2.447062969507540209e-01 1.002053513498059739e-01 -1.124711082292940839e-01
-6.547708812772550235e-01 6.057939754306779223e-01 2.133575172065332315e-01 -4.398446087667312598e-01 -1.664352136434402996e-01 2.550462252971380517e-01
-1.717189340506722894e+00 1.201166550426313817e+00 7.849728342195172459e-01 -9.209589989162694224e-01 -2.907976506461204536e-01 6.990321142203789195e-01
-2.817228209481696499e+00 1.294971318805199667e+00 1.584960728682876407e+00 -1.137543049089428049e+00 -2.322023708528773156e-01 1.171434125996664966e+00
-3.839976441638067062e+00 8.439561653189088242e-01 2.464807930002189895e+00 -1.093727632936180028e+00 -2.983659135374164620e-03 1.594695877610209367e+00
-4.612746807404647598e+00 -7.055311892245895444e-02 3.231247202858960499e+00 -7.901212753207115247e-01 2.685286693147634351e-01 1.876824462328736454e+00
-4.926206960178372896e+00 -1.221458639507754906e+00 3.680660390704537210e+00 5.415690107589952174e-01 -3.946758112075601233e-01 1.934598955924796915e+00
-4.586906211592538973e+00 -2.216601059487724346e+00 3.627572985054330346e+00 7.124703689352748226e-01 -4.514136908574433588e-02 1.721315584979484337e+00
-3.489085997994910482e+00 -2.511364484643172634e+00 2.918446090766317891e+00 6.533344229736874897e-01 1.645943961599826699e-01 1.248815003595198592e+00
-1.640442847848049057e+00 -1.531137663530673043e+00 1.439095355546361032e+00 3.368757639595826303e-01 1.392589182788484814e-01 5.641959759671560937e-01
9.478952526605785023e-01 1.023817634406747334e+00 -8.491037650916405388e-01 -1.960322856260530155e-01 -1.069033712804521169e-01 -3.028885725065136314e-01
4.318617848575089901e+00 4.919808204171769894e+00 -3.797040018033497333e+00 -8.355545029253069744e-01 -5.904004046640159986e-01 -1.211239360884946548e+00
8.403893605164565628e+00 9.426299563029944650e+00 -6.917107590588753574e+00 -1.444194803938407823e+00 -1.215397779631960384e+00 -2.054416302204286282e+00
1.294587059837401632e+01 1.357268124961709255e+01 -9.461743090307214388e+00 -1.909034695881222321e+00 -1.830858182364732967e+00 -2.719846007833627510e+00
1.757614585646001970e+01 1.666161610309791286e+01 -1.090629598690665958e+01 -2.159095319412616565e+00 -2.286960724339850426e+00 -3.091311865961750449e+00
2.190710909198128675e+01 1.861227037390639083e+01 -1.130083341514719741e+01 -2.157785412395397451e+00 -2.458133073297201321e+00 -3.099502921698480407e+00
2.558881314448849409e+01 1.974248279440207909e+01 -1.105963367831145483e+01 -1.899736147975745526e+00 -2.277777404873436495e+00 -2.732089191734639932e+00
2.833725023228640438e+01 2.041373740049160901e+01 -1.060718246453648206e+01 -1.412392103190946324e+00 -1.751213150774192151e+00 -2.030390521918326918e+00
2.988401425082059859e+01 2.097941030838124377e+01 -1.022382893298145490e+01 -7.540234170705201189e-01 -9.506828646879290634e-01 -1.079505276405992253e+00
0.000000000000000000e+00 0.000000000000000000e+00 0.000000000000000000e+00 0.000000000000000000e+00 0.000000000000000000e+00 0.000000000000000000e+00
0.000000000000000000e+00 0.000000000000000000e+00 0.000000000000000000e+00 0.000000000000000000e+00 0.000000000000000000e+00 0.000000000000000000e+00
4.719620450434622683e+01 3.035106772811917608e+01 1.466331148839728016e+01 -1.497990887180316699e+00 -1.814804290846781187e+00 -1.945390063150451487e+00
4.317537459297773239e+01 3.064085856317483092e+01 1.403078450040581693e+01 -2.797325708582763415e+00 -3.337078851769691656e+00 -3.565220205011316423e+00
3.722738373355545605e+01 2.959468286273610715e+01 1.443875524111731679e+01 -3.731634335876871766e+00 -4.387550522642259310e+00 -4.550523576437790929e+00
3.002716187254876345e+01 1.244091096733305868e+01 3.074500916525743577e+01 -4.177626795360668943e+00 -4.878306519226452309e+00 -4.762711971246205600e+00
2.251959187223022951e+01 1.117434551868428727e+01 3.105747550956670011e+01 -4.097760212763035703e+00 -4.814469785191756834e+00 -4.284211050347093597e+00
1.574979276057473676e+01 1.025463656392726719e+01 3.106238561341499960e+01 -3.565937552562894020e+00 -4.292156032438457558e+00 -3.406688208849460775e+00
1.071799749100559396e+01 9.526743284987208682e+00 3.108055333492991323e+01 -2.766045171214774445e+00 -3.550178641221480635e+00 -2.483183353999902199e+00
8.171599407999542208e+00 9.161636758409528625e+00 3.107492155167856396e+01 -1.952496664812125582e+00 -2.939262727083907123e+00 -1.796626272461425255e+00
8.335999650554891005e+00 9.255082521807823426e+00 3.098290063437509190e+01 -1.380582107105743805e+00 -2.780585396442905921e+00 -1.514589092699010653e+00
1.070549771281543627e+01 9.751450172271809436e+00 3.073864767266271514e+01 -1.429404268398528410e+00 -2.777404350141670974e+00 -1.925057726216284681e+00
1.408785045356958321e+01 1.046710830876160081e+01 3.029636325094307026e+01 -3.357370793839693945e+00 -1.553170639554734223e+00 -3.020662748934650921e+00
1.162553604168886245e+01 1.659599010614338965e+01 2.965473191964057520e+01 -3.982071548945486317e+00 -4.070426509268775916e+00 -2.432339588942272979e+00
1.668917835814399098e+01 1.347235890306584771e+01 2.887157737056665141e+01 -4.505942607267305000e+00 -3.357023408336734516e+00 -5.060603025935978216e+00
1.833248648971362016e+01 1.146177926545316694e+01 2.805864629111626130e+01 -4.681330447668625716e+00 -3.555897713065245824e+00 -6.141660574360846780e+00
1.679963099524806225e+01 1.042855846064721348e+01 2.735500483272602779e+01 -4.467382626547080626e+00 -3.645382516334271017e+00 -6.162850963674531002e+00
1.379186097807956024e+01 9.277812864021102612e+00 2.688830320300119325e+01 -3.944127496913151010e+00 -3.327396206634264164e+00 -5.269562461893110061e+00
1.020609649982275258e+01 8.008981963978886398e+00 2.673874230757692771e+01 -3.083584721433263898e+00 -2.961785739949404306e+00 -3.610027425517772226e+00
6.880282802186904689e+00 6.777925599751842611e+00 2.691810995986652699e+01 -2.137886009271775745e+00 -2.403648373299485996e+00 -1.973815761346578990e+00
4.526676973113291425e+00 5.770687416345664289e+00 2.736850365567424959e+01 -1.341021407711851188e+00 -1.716923127921582859e+00 -1.092756109525688135e+00
3.594815839459788442e+00 5.140040746807426508e+00 2.797788564107729670e+01 -9.464334384783492649e-01 -1.385643091803368643e+00 -1.057919275249159075e+00
4.142264329890370078e+00 4.958207252580074886e+00 2.860664045164223879e+01 -1.133387179472953532e+00 -1.661347190689296704e+00 -1.799121340991103990e+00
5.589970538608001860e+00 5.384167169209079340e+00 2.911969694883563875e+01 -2.155072870262197959e+00 -2.223595239255409250e+00 -3.165270078241274376e+00
7.550438161523207015e+00 5.937380331866310534e+00 2.941826736175095292e+01 -2.704886082403989978e+00 -3.862584479950857741e+00 -4.946744736652370911e+00
9.391898408975793089e+00 6.218460335309426767e+00 2.946295363418057534e+01 -3.837580902893221957e+00 -4.722936134730110425e+00 -6.929913023331701005e+00
1.012547142233701436e+01 6.373192445843198328e+00 2.927956060047062437e+01 -7.551194766585397566e+00 -3.937985055078604191e+00 -6.976312011547522118e+00
9.563801819379643021e+00 6.189219058544248142e+00 2.894373874816844250e+01 -8.823924968041088945e+00 -4.119483289824456662e+00 -6.782893480309963863e+00
7.856786181464609164e+00 5.634978428072853873e+00 2.854933353074848057e+01 -9.536384986177347756e+00 -3.621543462192538421e+00 -5.896731037924933361e+00
5.462088679686974757e+00 4.805506350196978360e+00 2.817291230949946268e+01 -9.821648246045947772e+00 -2.588377392003521571e+00 -4.376096199544413423e+00
3.006421561877788307e+00 3.884642671473146347e+00 2.784834816001894353e+01 -9.838811072974969818e+00 -1.289958616964257399e+00 -2.576630731018874521e+00
1.121212581430988564e+00 3.091772989782600511e+00 2.755961551545276933e+01 -9.767615835917975886e+00 -7.808603492479743169e-02 -9.584728246179333722e-01
2.804242684161444288e-01 2.618319750991406458e+00 2.725113074745683051e+01 -9.762863315331848924e+00 7.189608084207207428e-01 6.854076454451825395e-02
6.604043010589899509e-01 2.570568734057221416e+00 2.684887177044107887e+01 -9.914174591094839784e+00 8.955030861893686911e-01 2.752026794453462100e-01
2.055432185190416927e+00 2.940697455781994929e+00 2.628486444901138697e+01 -1.022711336492765888e+01 4.216499402155307608e-01 -3.112677387430503595e-01
3.879629066897437362e+00 3.638233986222809691e+00 2.552008867211159426e+01 -1.063165439636665255e+01 -5.745222852708977701e-01 -1.394796237212884149e+00
4.643992514752727452e+00 5.217141889480521044e+00 2.456212242205217677e+01 -1.101510729304414582e+01 -2.428513075337767724e+00 -1.918547899753413333e+00
5.982978416082378459e+00 5.160198145425500371e+00 2.347262679131949170e+01 -1.126808546166215486e+01 -2.827462600564062623e+00 -3.388770577691234909e+00
6.421958576449430467e+00 4.395266059296575101e+00 2.235922242171056951e+01 -1.132678655935803036e+01 -2.804909016663764021e+00 -4.116131719534547706e+00
5.255603873616436772e+00 3.561643193428740695e+00 2.135024720858005765e+01 -1.119583377450971540e+01 -2.425773701900047818e+00 -3.728505149555394915e+00
2.998671820061030502e+00 2.544065331358442261e+00 2.055900300209476583e+01 -1.094396151554235885e+01 -1.564333701123372222e+00 -2.495290350153116510e+00
3.144253854850664887e-01 1.416133343924409260e+00 2.005101427194648167e+01 -1.067661471717100596e+01 -3.858431801707710163e-01 -8.142922376609186275e-01
-2.097839355342440371e+00 3.656690593341963003e-01 1.982740563789939969e+01 -1.049855570969581464e+01 7.843055349614128646e-01 8.237034223521434440e-01
-3.595681546070158774e+00 -4.249254420692854528e-01 1.982899736621654796e+01 -1.048093806147438833e+01 1.606010148372390756e+00 1.942152042533842327e+00
-3.725802326551939547e+00 -8.599817931766540191e-01 1.995550111847781238e+01 -1.064230048517355698e+01 1.842662816005793402e+00 2.214388773505239882e+00
-2.387712748890673087e+00 -9.439643830567981952e-01 2.009023893270479988e+01 -1.094676593806343767e+01 1.418178130860634267e+00 1.576642434786622138e+00
-2.808584684175017832e-01 -4.117578475329036203e-01 2.012468431000295155e+01 -1.131879440131569936e+01 3.423791218288935179e-01 3.399011545138655443e-01
1.289092125172676129e+00 1.167289745992915240e+00 1.998231421233461091e+01 -1.167135695045312538e+01 -9.616890562671939202e-01 -1.234547221558872643e+00
3.216434565366659282e+00 1.848915136438462836e+00 1.964029120563650110e+01 -1.194050857580455194e+01 -2.051213514192083309e+00 -2.738382129039518276e+00
4.247398282051050522e+00 2.008076727814041895e+00 1.914065506541297523e+01 -1.211374368692037606e+01 -2.689654175154561511e+00 -3.632047001740660974e+00
3.944809805341289444e+00 1.649415221689634725e+00 1.857858699008613357e+01 -1.223679037608382281e+01 -2.685125721160019019e+00 -3.631451847537475519e+00
2.386826302625649543e+00 8.146351984868916984e-01 1.806199645631905781e+01 -1.238924209409541000e+01 -2.016407274951198314e+00 -2.729432443571674138e+00
2.430096145025421872e-02 -3.356952667355325715e-01 1.765213297373908929e+01 -1.263332621615268714e+01 -8.613830165498287394e-01 -1.188224511386730020e+00
-2.471296520050024093e+00 -1.541284720693089083e+00 1.730585063125266032e+01 -1.295242384470675923e+01 4.497730667040671371e-01 5.383318968404491311e-01
-4.376073178650652373e+00 -2.503156482902159752e+00 1.683069428722145133e+01 -1.319170360075216131e+01 1.537734054765232727e+00 1.942020439174579449e+00
-5.092436685014811282e+00 -2.959989489759272452e+00 1.582523815150935498e+01 -1.298024191181820619e+01 2.095560707402474687e+00 2.616342970825643377e+00
-4.340245366491043200e+00 -2.747405451022433720e+00 1.351639129814216034e+01 -1.155501002935639576e+01 1.979046864406394102e+00 2.384879913488162195e+00
-2.357106134230191330e+00 -1.784849354310554581e+00 8.515368623047288921e+00 -7.513289214832520102e+00 1.224770165920070708e+00 1.373048475776065258e+00
-2.581516625151097633e-14 -8.902637923125514456e-15 1.886847922780984467e-14 -1.722699040907984762e-14 8.594155967711318030e-15 6.581311395779872813e-15
-2.581516625151097633e-14 -8.902637923125514456e-15 1.886847922780984467e-14 -1.722699040907984762e-14 8.594155967711318030e-15 6.581311395779872813e-15
-1.695499046467709103e+00 -3.486243885216787408e+00 2.929730022611300999e+00 -4.072588940020585024e-01 8.924719339684195063e-01 5.699888270496782372e-01
-3.314267208438288037e+00 -6.857664865176505309e+00 5.752868562071657088e+00 -7.268234654339217338e-01 1.761643853153148642e+00 1.100495484636923038e+00
-4.832024664416699977e+00 -9.969216136642435444e+00 8.384541763393317026e+00 -8.950851303239557577e-01 2.578533233833964822e+00 1.562923867897257013e+00
-6.203751872052905014e+00 -1.273566306475690268e+01 1.077035280250460758e+01 -8.832834895522115870e-01 3.322573232920555508e+00 1.930214162477829731e+00
-7.398893371599354118e+00 -1.510475952044481573e+01 1.288123385055193104e+01 -6.936561329810649879e-01 3.977598228532730928e+00 2.184711198774716312e+00
-8.400529511777206082e+00 -1.705800006251075374e+01 1.470257836017599651e+01 -3.488788866752764450e-01 4.532767163805438315e+00 2.319802382800745466e+00
-9.205036578958919691e+00 -1.860465119854332983e+01 1.622521953782885618e+01 1.178265046673727112e-01 4.982563628697167069e+00 2.340872274109460083e+00
-9.820806518978789867e+00 -1.977339421111245699e+01 1.744093435867685216e+01 6.692815855082494547e-01 5.326251472937546083e+00 2.265026115730154554e+00
-1.026614407820357400e+01 -2.060389742653996592e+01 1.834174678637412015e+01 1.268215046546421032e+00 5.566990947480838337e+00 2.119420396992905964e+00
-1.056662013441908243e+01 -2.113959939897179297e+01 1.892134355965075443e+01 1.879726827752930651e+00 5.710809096478395297e+00 1.938306106713521215e+00
-1.075215722959235443e+01 -2.142223065406457039e+01 1.917720633846288081e+01 2.473210881994489796e+00 5.765588037172389768e+00 1.759162833769913670e+00
-1.085409844845044525e+01 -2.148816435731595220e+01 1.911261688995136865e+01 3.023968900380508362e+00 5.740187230372768568e+00 1.618500021438891823e+00
-1.090249285873300522e+01 -2.136648397513639352e+01 1.873812916699685616e+01 3.514382927690739677e+00 5.643765669468686852e+00 1.547951570235085672e+00
-1.092381313943299581e+01 -2.107857025862990241e+01 1.807237041114461817e+01 3.934449352404710165e+00 5.485327450375407921e+00 1.571178263312451584e+00
-1.093928478686742700e+01 -2.063895589227133698e+01 1.714217342223519580e+01 4.281595349739282241e+00 5.273483013139679265e+00 1.701874453374800700e+00
-1.096393823037729653e+01 -2.005713768343478520e+01 1.598209983692560243e+01 4.559861476066094710e+00 5.016397366676050851e+00 1.942940393988479952e+00
-1.100639911174333641e+01 -1.933997287615068572e+01 1.463342365208503182e+01 4.778642599346752284e+00 4.721882926857688290e+00 2.286703925898452283e+00
-1.106932862599901846e+01 -1.849423656790126813e+01 1.314263098628661197e+01 4.951200891759613754e+00 4.397585689940996190e+00 2.715985171229061468e+00
-1.115034294323164410e+01 -1.752890615814855835e+01 1.155947878785308269e+01 5.093119087782191912e+00 4.051208238644421478e+00 3.205783647844566264e+00
-1.124319995956835250e+01 -1.645678850802390869e+01 9.934662437865668494e+00 5.220791887710160672e+00 3.690711990196416270e+00 3.725395981384508559e+00
-1.133904962840471597e+01 -1.529522661723272847e+01 8.317183913779373938e+00 5.349996035226840085e+00 3.324445545726009144e+00 4.240811244388760670e+00
-1.142759179294535166e+01 -1.406580450100305768e+01 6.751587376602345536e+00 5.494555601312892890e+00 2.961157310265323694e+00 4.717257702124362240e+00
-1.149805366439572651e+01 -1.279317476327033809e+01 5.275315657169539207e+00 5.665130927027771435e+00 2.609868787171736315e+00 5.121779595885521452e+00
-1.153996677997675313e+01 -1.150330703349853323e+01 3.916499971491623100e+00 5.868197457567111641e+00 2.279607922318477975e+00 5.425706053823922126e+00
-1.154377374596546879e+01 -1.022154284525197454e+01 2.692487305538743492e+00 6.105326855335573732e+00 1.979024696466270994e+00 5.606845431258723700e+00
-1.150131906736263687e+01 -8.970818461128912347e+00 1.609319730452719588e+00 6.372915752121278032e+00 1.715926672871553427e+00 5.651214638570053239e+00
-1.140627420015874094e+01 -7.770301104825704464e+00 6.622288721583368121e-01 6.662504730644797313e+00 1.496772368541809728e+00 5.554118279685391180e+00
-1.125451923918908115e+01 -6.634532422638740101e+00 -1.629527197047271336e-01 6.961773709441212432e+00 1.326138651598520735e+00 5.320451502655057396e+00
-1.104446192620219236e+01 -5.573050431650378833e+00 -8.876801401963446692e-01 7.256185952502876901e+00 1.206133813520123610e+00 4.964226533911250350e+00
-1.077723248043007054e+01 -4.590408642421352603e+00 -1.538148013067801356e+00 7.531101136350718761e+00 1.135672144806497919e+00 4.507499192978831282e+00
-1.045666635952709811e+01 -3.686528318188087461e+00 -2.142550117446269997e+00 7.774033285567655049e+00 1.109497149731703436e+00 3.979031888766082936e+00
-1.008899201078836860e+01 -2.857370454717463648e+00 -2.728340488790593099e+00 7.976648840100205362e+00 1.116922371452542917e+00 3.413047092763827006e+00
-9.682185161887810310e+00 -2.095947285337440569e+00 -3.319647746956817080e+00 8.136125959908168781e+00 1.140566390368970229e+00 2.848147047687958455e+00
-9.245027664678948653e+00 -1.393672233849440278e+00 -3.934987695662329088e+00 8.255630911464844957e+00 1.155898879722555561e+00 2.325883640930916041e+00
-8.785989744684394864e+00 -7.419713264614066217e-01 -4.585448252950471648e+00 8.343867697136497341e+00 1.132795340033136977e+00 1.887971988262682421e+00
-8.312098812911973056e+00 -1.339870488015436345e-01 -5.273559752507635423e+00 8.413853520495347738e+00 1.039792531748566562e+00 1.571521781953527652e+00
-7.827929646233378946e+00 4.338410040698927328e-01 -5.993072529552506467e+00 8.481203549180563073e+00 8.505487480158613334e-01 1.402746518624866656e+00
-7.334736190175038750e+00 9.604804184517001797e-01 -6.729808580187589762e+00 8.562247677135564672e+00 5.521863694103341658e-01 1.389376018156538439e+00
-6.829552018112984513e+00 1.439272562009658252e+00 -7.463629205723365523e+00 8.672267376126752580e+00 1.564845366630252810e-01 1.510679850614931929e+00
-6.303807383355128025e+00 1.856803950597366804e+00 -8.171403208375535243e+00 8.824084598023651083e+00 -2.908937901699422124e-01 1.709780323863614004e+00
-5.740539846002772784e+00 2.190753034450215075e+00 -8.830757067222936740e+00 9.027234269608458206e+00 -7.214349548568881332e-01 1.906397160313839434e+00
-5.108218374033964615e+00 2.404621669973557196e+00 -9.424499163897824161e+00 9.288136089536381590e+00 -1.079995227754804610e+00 2.034774025673490527e+00
-4.346350089625008906e+00 2.434342705056135703e+00 -9.946332095991953892e+00 9.612413734569292600e+00 -1.350008436017500202e+00 2.070382474855335442e+00
-3.329955820423573964e+00 2.153661644297697020e+00 -1.041140568629625029e+01 1.001337660529028994e+01 -1.544277067102820977e+00 2.021784546439855834e+00
-1.781547460723405640e+00 1.286776191046149709e+00 -1.089013047870368212e+01 1.054539617868354107e+01 -1.683801812407135667e+00 1.909918179140779104e+00
8.541936284225821741e-01 -7.166521048538958549e-01 -1.170912503994508214e+01 1.150615499224308813e+01 -1.785615224400190826e+00 1.755653746441124818e+00
4.622372120940799967e+00 -3.893470211550779325e+00 -9.470381084623987533e+00 9.458723847529263651e+00 -1.859737232519985461e+00 1.575741834020642163e+00
4.622372120940799967e+00 -3.893470211550779325e+00 -9.470381084623987533e+00 9.458723847529263651e+00 -1.859737232519985461e+00 1.575741834020642163e+00
5.419888001845762915e+00 -4.769464698160328808e+00 -1.220763827810811541e+01 1.240215895288811510e+01 -2.054531617375230823e+00 2.035850309863037388e+00
6.344113120178790588e+00 -5.832891051410066474e+00 -1.139896846618924364e+01 1.176052156372787927e+01 -2.275297451529527226e+00 2.495854077298167883e+00
7.380832486560830574e+00 -7.067122483505182018e+00 -9.232022473336073176e+00 9.678641663574378384e+00 -2.533200615387671384e+00 2.929439471310451459e+00
8.498438292902580571e+00 -8.437567390977550374e+00 -6.897774646328101333e+00 7.323587076245045679e+00 -2.834437258297022311e+00 3.321550322339493100e+00
9.647939973594873209e+00 -9.893075152038264264e+00 -4.801637691747657755e+00 5.103273513669026151e+00 -3.178692500136437005e+00 3.670295681406465338e+00
1.076616103690228599e+01 -1.136701123460408347e+01 -3.073145667136688797e+00 3.176320282073009871e+00 -3.558067934844348468e+00 3.984721251916507612e+00
-1.277819130091159749e+01 1.178054165624033622e+01 1.617803634335708063e+00 -1.739529719766876648e+00 4.279605894412278566e+00 -3.956643729286897226e+00
-1.402778475012407711e+01 1.260924061929191708e+01 4.559823096670969633e-01 -7.760831869771545044e-01 4.569171189853076243e+00 -4.351167745475159165e+00
-1.497697352130524351e+01 1.313977754545743259e+01 -3.209265413347139329e-01 -1.279835087819226891e-01 4.861867350964101497e+00 -4.713801571315666905e+00
-1.537841032182952894e+01 1.315909384909365976e+01 -7.583656360402638574e-01 2.718494884881988982e-01 5.158327939695701581e+00 -5.017978386278751479e+00
-1.481198555531089944e+01 1.228618170821156497e+01 -9.227292609299450055e-01 4.857102292823482492e-01 5.452257357789202175e+00 -5.245985969493892398e+00
-1.303136970719313581e+01 1.031436748855667318e+01 -8.844444391807860795e-01 5.578431306210505092e-01 5.704767224337159881e+00 -5.367356611570319735e+00
-1.073408057176183483e+01 7.976366049327726415e+00 -7.026429750200707813e-01 5.088260627611541631e-01 5.387956921611976036e+00 -4.882458254804801889e+00
-8.988999595365369188e+00 6.366578790027313417e+00 -4.172698072930443591e-01 3.398475893936912517e-01 2.167048497150100062e+00 -1.499936780761223387e+00
-8.118279362229841922e+00 5.818737709963984983e+00 -5.145307350965738769e-02 4.600416225362001510e-02 -1.832900087944339396e-01 9.556747737551446464e-01
-7.911523583134634663e+00 6.118287023678481873e+00 3.775473101499387529e-01 -3.656905027583221002e-01 -6.139331322918571976e-01 1.389668154691791280e+00
-8.085332702346411438e+00 6.963485583775890220e+00 8.436684889272869636e-01 -8.596241741175951745e-01 -4.438330809879593719e-01 1.089801186872878747e+00
-8.424007023651443049e+00 8.110342321989699954e+00 1.296586619093420767e+00 -1.359161172378253957e+00 -1.087954858523746404e-01 4.823158857652723452e-01
-8.778085410377519437e+00 9.375799523256153734e+00 1.632776414906546014e+00 -1.724931252523264069e+00 2.298178135639336317e-01 -2.562014911028029363e-01
1.061529485190919431e+01 -9.039453110908972633e+00 -1.631848626930048063e+00 1.562670082908529601e+00 -1.020267240146735199e+00 5.053790358569570929e-01
1.170513298859951945e+01 -9.124594403177407997e+00 -1.700176962984697726e-01 2.013634034512596371e-01 -1.734833792914566075e+00 7.001355607194188480e-01
1.253534146951171735e+01 -8.970359529316377589e+00 1.822084150789197832e+00 -1.605979306961702990e+00 -2.344991047284976204e+00 8.261108057680623951e-01
1.301246574862271110e+01 -8.538691728695658512e+00 2.452130206308797078e+00 -1.981557660968568113e+00 -2.812909083804411292e+00 9.104175822675047991e-01
1.306891528729460816e+01 -7.824286044473035773e+00 2.496827862193642833e+00 -1.734829203922225727e+00 -3.116422048482605511e+00 9.811203889225852404e-01
1.267372235694425875e+01 -6.859617866699590394e+00 2.313284227652086855e+00 -1.266115854221092851e+00 -3.247732054655084077e+00 1.055129779291123837e+00
1.183927898070287377e+01 -5.713900703954267968e+00 2.019575375991081501e+00 -7.375988828392835428e-01 -3.211657508095299374e+00 1.131138520513817580e+00
1.062004394877294544e+01 -4.484830080256552165e+00 1.679869257070449429e+00 -2.503642189434583942e-01 -3.023125680529619608e+00 1.189800503473900317e+00
9.102001486588772394e+00 -3.283584967123426068e+00 1.335857790092926045e+00 1.288242543941859330e-01 -2.703928064463575254e+00 1.200916120363720196e+00
7.384918068816663350e+00 -2.214684264894323018e+00 1.010850420568992547e+00 3.649148680404790124e-01 -2.279180152591459230e+00 1.134671779977250550e+00
5.562092860732958499e+00 -1.353682230843063827e+00 7.119313689891800800e-01 4.523481383196181205e-01 -1.774206866056486920e+00 9.725534332664194093e-01
3.703417526333685039e+00 -7.276387492530546064e-01 4.356048875914103613e-01 4.091474738708318903e-01 -1.212487483743000638e+00 7.141897011111146831e-01
1.846738802584347416e+00 -3.048983881083986436e-01 1.766376272708618522e-01 2.675356594019170919e-01 -6.148910253927707403e-01 3.785290385777641542e-01
-1.865531437828165014e-14 1.767756612234842524e-15 -8.807490128637044728e-06 8.807490125011621741e-06 6.468234116643752465e-15 -2.227159068624609036e-15
