1.071813961519798436e-01 1.442060088012621089e-01 1.504272969938229843e-01 2.329833460583909854e+01 2.329852771675025735e+01 2.329875495598310309e+01
1.695077666722767384e-01 3.142334363582391932e-01 3.311557838466532289e-01 2.329755613074635079e+01 2.329963741770163921e+01 2.331413860393857007e+01
3.781896448556514856e-01 5.459751051933948718e-01 5.848682663784575686e-01 2.329651741403118237e+01 2.330060170345914017e+01 2.336106077408453885e+01
6.011875601707178385e-01 7.644544106276320861e-01 8.633454199060179857e-01 2.329547046903135410e+01 2.330146160987474957e+01 2.343834907849815608e+01
8.273081363030487800e-01 9.820232478414794297e-01 1.144257122510961677e+00 2.329440164496338284e+01 2.330214344571244922e+01 2.354466215908358606e+01
1.054397750251977461e+00 1.198056454610222588e+00 1.425836157118496983e+00 2.329328446110620021e+01 2.330256154290873738e+01 2.367818660015574039e+01
1.281541363455038329e+00 1.412339340861604953e+00 1.707450906122131240e+00 2.329208499920831343e+01 2.330262261915975586e+01 2.383669541722112228e+01
1.508165044483061434e+00 1.624861369586918514e+00 1.988791481658329863e+00 2.329076566060923881e+01 2.330223268935781178e+01 2.401761687145846835e+01
1.733845783216575009e+00 1.835728770633685114e+00 2.269676286013217137e+00 2.328928835508364159e+01 2.330130477023401170e+01 2.421810941620889679e+01
1.958259109297227019e+00 2.045120758266116834e+00 2.549988115772711339e+00 2.328761713786360943e+01 2.329976643677545312e+01 2.443513890698442381e+01
2.181162349608518181e+00 2.253259701942341042e+00 2.829648537199914049e+00 2.328572025635178022e+01 2.329756640740975371e+01 2.466555462219990247e+01
2.402387410433448611e+00 2.460386524191671587e+00 3.108605849577896318e+00 2.328357158198223686e+01 2.329467947466151401e+01 2.490616124761696426e+01
2.621834787877006079e+00 2.666739106308704255e+00 3.386828421949514833e+00 2.328115141921420772e+01 2.329110929746082093e+01 2.515378467907206428e+01
2.839465807250192153e+00 2.872533757605411076e+00 3.664300260669805187e+00 2.327844669159967239e+01 2.328688881868577099e+01 2.540533020451842106e+01
3.055291733763438877e+00 3.077950881323952004e+00 3.941017491158025354e+00 2.327545046962038100e+01 2.328207837664693258e+01 2.565783226977912435e+01
3.269357354305793439e+00 3.283128023765933712e+00 4.216985182003427646e+00 2.327216050948156223e+01 2.327676213392443927e+01 2.590849557163686967e+01
3.481699420973343173e+00 3.488180991908115480e+00 4.492214278263504390e+00 2.326857364945080420e+01 2.327104649462492603e+01 2.615472764030196728e+01
3.691752172694041434e+00 3.693781833423039451e+00 4.766718580385687076e+00 2.326456528878101082e+01 2.326517197396423597e+01 2.639416337273618751e+01
3.897203205728442921e+00 3.902291163202324054e+00 5.040511796429189673e+00 2.325871948438264525e+01 2.326067377737708597e+01 2.662468217239074164e+01
4.101600079629864837e+00 4.110144853077975391e+00 5.313604745156823128e+00 2.325243126235230307e+01 2.325627031255687882e+01 2.684441845902827950e+01
4.305528091808646707e+00 4.316674670313827455e+00 5.586002811856100259e+00 2.324613209244863299e+01 2.325162945960595096e+01 2.705176635504050964e+01
4.508882691745745852e+00 4.521839041987596453e+00 5.857703764667929747e+00 2.323990396788114055e+01 2.324674781464726436e+01 2.724537935098011943e+01
4.711507490692791400e+00 4.725592316371456825e+00 6.128696030584999122e+00 2.323379691154337223e+01 2.324162857306051677e+01 2.742416571866230157e+01
4.913230220011473470e+00 4.927859248412388204e+00 6.398957509941253008e+00 2.322783441955195372e+01 2.323627382182969114e+01 2.758728038733882926e+01
5.113872226212307304e+00 5.128538045027873693e+00 6.668454978891624307e+00 2.322201453034891472e+01 2.323068361092025924e+01 2.773411393592183316e+01
5.313252753382522009e+00 5.327509583545823268e+00 6.937144094111676651e+00 2.321631206041203654e+01 2.322485610533475864e+01 2.786427928803200160e+01
5.511191440498358851e+00 5.524648274633794820e+00 7.204969976042804092e+00 2.321068232232837403e+01 2.321878815627807668e+01 2.797759663064417168e+01
5.707510456810593880e+00 5.719832164858602574e+00 7.471868309914516892e+00 2.320506603070600349e+01 2.321247609514241361e+01 2.807407701366734187e+01
5.902036948880308387e+00 5.912950811375213611e+00 7.737766870780949269e+00 2.319939493152942944e+01 2.320591663365132362e+01 2.815390502833341912e+01
6.094605893988970458e+00 6.103910275006430020e+00 8.002587352767035256e+00 2.319359762907733469e+01 2.319910778457208167e+01 2.821742090760649901e+01
6.285063023413623995e+00 6.292635267560948265e+00 8.266247365820310833e+00 2.318760506997008619e+01 2.319204976010187735e+01 2.826510234248147668e+01
6.473267147677366218e+00 6.479069078394894987e+00 8.528662456817812654e+00 2.318135512209608606e+01 2.318474590654743039e+01 2.829754626436173837e+01
6.659090561971252598e+00 6.663172794134767152e+00 8.789748016244731232e+00 2.317479549007836326e+01 2.317720404963580805e+01 2.831545080592239927e+01
6.842412678812974214e+00 6.844929050434864770e+00 9.049420946260145371e+00 2.316788308262254503e+01 2.316943989603759135e+01 2.831959762108370171e+01
7.023073348837663765e+00 7.024384380275757067e+00 9.307600989315456985e+00 2.316057222687318173e+01 2.316149001117445749e+01 2.831083471888149816e+01
7.200689571365614938e+00 7.201827060574285788e+00 9.564211646439886749e+00 2.315278262443840518e+01 2.315344354196056287e+01 2.829005994583939554e+01
7.375305032423156604e+00 7.377131638680444858e+00 9.819180648174368642e+00 2.314452121644025695e+01 2.314531870880490416e+01 2.825820523638510195e+01
7.547318390618843686e+00 7.549824796433470375e+00 1.007243997601946539e+01 2.313596919208317715e+01 2.313697312223849067e+01 2.821622174007325867e+01
7.716785408430440363e+00 7.719777944248967572e+00 1.032392546525773547e+01 2.312722323578139694e+01 2.312835918038824445e+01 2.816506592679439080e+01
7.883678046425544039e+00 7.886943796452250410e+00 1.057357604850169963e+01 2.311832157596001736e+01 2.311949435769063399e+01 2.810568676545067035e+01
8.047947244194666894e+00 8.051290433758481413e+00 1.082133272115911815e+01 2.310928819359645914e+01 2.311041338506706566e+01 2.803901406634793858e+01
8.209533209299960888e+00 8.212789119991786180e+00 1.106713732373873960e+01 2.310014244250370297e+01 2.310115538038970229e+01 2.796594807135549843e+01
8.368369064854119799e+00 8.371409981317361471e+00 1.131093124085366242e+01 2.309090101156087727e+01 2.309175923810733266e+01 2.788735036742947671e+01
8.524383382004167231e+00 8.527119874038211478e+00 1.155265411304300471e+01 2.308157799596419579e+01 2.308226166359308351e+01 2.780403618735700633e+01
8.677502412761326056e+00 8.679881401698944288e+00 1.179224264602417804e+01 2.307218373046281457e+01 2.307269726089392847e+01 2.771676814590552951e+01
8.827652043588441799e+00 8.829652794937155491e+00 1.202962958425651330e+01 2.306272138154550078e+01 2.306310165259975520e+01 2.762625143977840381e+01
8.974759318851214474e+00 8.976388529723447363e+00 1.226474289375393312e+01 2.305318451592354023e+01 2.305351431728556122e+01 2.753313051620698815e+01
9.118753335522127301e+00 9.120040627476722506e+00 1.249750517519449922e+01 2.304357974025416311e+01 2.304395689841371819e+01 2.743798718845694040e+01
9.259565306217448111e+00 9.260560627597691052e+00 1.272783330479687791e+01 2.303394325385317387e+01 2.303441795993630592e+01 2.734134014822368286e+01
9.397127925090698497e+00 9.397901942773570383e+00 1.295563827922289057e+01 2.302430724484698743e+01 2.302488806594723414e+01 2.724364579636328543e+01
9.531376305692047524e+00 9.532020235993396540e+00 1.318082522355128106e+01 2.301469174950732821e+01 2.301536938396890619e+01 2.714530028632978187e+01
9.662256038214835030e+00 9.662866241016928370e+00 1.340329350926544727e+01 2.300511178946869251e+01 2.300586984485578768e+01 2.704664265072455720e+01
9.789731705715391641e+00 9.790377708356301056e+00 1.362293692270203138e+01 2.299558119061871508e+01 2.299640034316293224e+01 2.694795886198120272e+01
9.913777254102679848e+00 9.914489142915943631e+00 1.383964382344462862e+01 2.298611404650043966e+01 2.298697394855394194e+01 2.684948666454804211e+01
1.003436347742079526e+01 1.003514415653241088e+01 1.405329723610911330e+01 2.297672524155203533e+01 2.297760569225305005e+01 2.675142100869921435e+01
1.015145704541771288e+01 1.015229610150317718e+01 1.426377482686909026e+01 2.296743055924059718e+01 2.296831242394838313e+01 2.665391991549997996e+01
1.026502318904556788e+01 1.026590495727594643e+01 1.447094872668031584e+01 2.295824658726921186e+01 2.295911258005126854e+01 2.655711060819372094e+01
1.037502741878306445e+01 1.037593516772802893e+01 1.467468517518395110e+01 2.294919052605741783e+01 2.295002583202216329e+01 2.646109575659978930e+01
1.048143625772577536e+01 1.048235449785391360e+01 1.487484397149745163e+01 2.294027995962133915e+01 2.294107264082095909e+01 2.636595969690252872e+01
1.058421752820698458e+01 1.058513339854979485e+01 1.507127772956418355e+01 2.293153261861768399e+01 2.293227377226500607e+01 2.627177450809223558e+01
1.068334049484029258e+01 1.068424458283207912e+01 1.526383094577767174e+01 2.292296614308497738e+01 2.292364984053550359e+01 2.617860584676883917e+01
1.077877599256044938e+01 1.077966267491474461e+01 1.545233889496665114e+01 2.291459783673036554e+01 2.291522094639438123e+01 2.608651846252863749e+01
1.087049657872876018e+01 1.087136387351406164e+01 1.563662637764668872e+01 2.290644439926393616e+01 2.290700646198425972e+01 2.599558133527858672e+01
1.095847669597565321e+01 1.095932562060290749e+01 1.581650634719213677e+01 2.289852163439550026e+01 2.289902498216081028e+01 2.590587239230222139e+01
1.104269279520985236e+01 1.104352630770313759e+01 1.599177845102717477e+01 2.289084416890577245e+01 2.289129440546243188e+01 2.581748277568716077e+01
1.112312335197287894e+01 1.112394507606611960e+01 1.616222752600313228e+01 2.288342530244537087e+01 2.288383200823335173e+01 2.573052063900307473e+01
1.119974873175947749e+01 1.120056175471889581e+01 1.632762209581931856e+01 2.287627723814964753e+01 2.287665423452483893e+01 2.564511445532472322e+01
1.127255091889972505e+01 1.127335693108028813e+01 1.648771292855285253e+01 2.286941193285723273e+01 2.286977593055331681e+01 2.556141581650300765e+01
1.134151318214295223e+01 1.134231209750729619e+01 1.664223172576781806e+01 2.286284222602857596e+01 2.286320933205229622e+01 2.547960169593829249e+01
1.140661976757602147e+01 1.140740980286530082e+01 1.679089003155602100e+01 2.285658217039599549e+01 2.285696385294805211e+01 2.539987613425496704e+01
1.146785568143533141e+01 1.146863376488431641e+01 1.693337846994702289e+01 2.285064616151356631e+01 2.285104705659680491e+01 2.532247128987113527e+01
1.152520657925445846e+01 1.152596893943086087e+01 1.706936644137905290e+01 2.284504778312562223e+01 2.284546587954537955e+01 2.524764777574058527e+01
1.157865874108153825e+01 1.157940157049307928e+01 1.719850243135653756e+01 2.283979911808542695e+01 2.284022735358987433e+01 2.517569418152414329e+01
1.162819909656544937e+01 1.162891924996839066e+01 1.732041510388813066e+01 2.283491047199006729e+01 2.283533888208622997e+01 2.510692566018448346e+01
1.167381526924953405e+01 1.167451100049889945e+01 1.743471536434573466e+01 2.283039024174124165e+01 2.283080834717312513e+01 2.504168144376733096e+01
1.171549563439718256e+01 1.171616736155028882e+01 1.754099957529464859e+01 2.282624478994673822e+01 2.282664419925812282e+01 2.498032115053081625e+01
1.175322942385596647e+01 1.175388041545231665e+01 1.763885408792895504e+01 2.282247833230334066e+01 2.282285553483994178e+01 2.492321976124843630e+01
1.178700694556387063e+01 1.178764365638016365e+01 1.772786120416440170e+01 2.281909304459577470e+01 2.281945196795743414e+01 2.487076118339818365e+01
1.181681996680662472e+01 1.181745162889609979e+01 1.780760660460455824e+01 2.281608990438547480e+01 2.281644278907790735e+01 2.482333039394594110e+01
1.184266218752442512e+01 1.184329939474294058e+01 1.787768816322940069e+01 2.281347060706923813e+01 2.281383507646980036e+01 2.478130425729258945e+01
1.186452955771495432e+01 1.186518207086520427e+01 1.793772592423908563e+01 2.281123931954813955e+01 2.281163199695593136e+01 2.474504125180415315e+01
1.188242018208476658e+01 1.188309470551426550e+01 1.798737285149483611e+01 2.280940232485780683e+01 2.280983323846595923e+01 2.471487049540916914e+01
1.189633379915719935e+01 1.189703252718583570e+01 1.802632579688183867e+01 2.280796619816048221e+01 2.280843692618622853e+01 2.469108061822515054e+01
1.190627107081041380e+01 1.190699136140984749e+01 1.805433599876312911e+01 2.280693644594625624e+01 2.280744108027607453e+01 2.467390916055822103e+01
1.191223293323282029e+01 1.191296800009999757e+01 1.807121834669807825e+01 2.280631702743829692e+01 2.280684418502543309e+01 2.466353324705470840e+01
1.191422012848244449e+01 1.191496043953709538e+01 1.807685866070658065e+01 2.280611029513952204e+01 2.280664532192241722e+01 2.466006227545801011e+01
1.191422012848244449e+01 1.191496043953709538e+01 1.807685866070658065e+01 2.280611029513952204e+01 2.280664532192241722e+01 2.466006227545801011e+01
1.191337100208758493e+01 1.191862992619175543e+01 1.807508099020012793e+01 2.280372107439119134e+01 2.280581371233347809e+01 2.466239469661457306e+01
1.191058579031307119e+01 1.192985222205410700e+01 1.806975108678188136e+01 2.279501966065523177e+01 2.280491771729390038e+01 2.466933285816359600e+01
1.190592927842349091e+01 1.194849061131405854e+01 1.806087832328390164e+01 2.278072288063637529e+01 2.280343047668246470e+01 2.468070458768725572e+01
1.189940370190904773e+01 1.197442319873230865e+01 1.804847847428067809e+01 2.276112309306860482e+01 2.280135969704328147e+01 2.469623901474747285e+01
1.189100529411116725e+01 1.200748678269880365e+01 1.803257391812726240e+01 2.273659817578598208e+01 2.279871617722443133e+01 2.471558745551947922e+01
1.188072858323852365e+01 1.204747329064440287e+01 1.801319387187629673e+01 2.270758754351235709e+01 2.279551325818002283e+01 2.473834726675644191e+01
1.186856694618252206e+01 1.209413036193736524e+01 1.799037462665787857e+01 2.267456838007418440e+01 2.279176651343155768e+01 2.476408530021293330e+01
1.185451280798356954e+01 1.214716274967844534e+01 1.796415975922217712e+01 2.263803487038710571e+01 2.278749350929059858e+01 2.479235846995759118e+01
1.183855777903724160e+01 1.220623425414067142e+01 1.793460030953728790e+01 2.259848185749336125e+01 2.278271365516051716e+01 2.482273008811242576e+01
1.182069277737414126e+01 1.227097007836432674e+01 1.790175493071748747e+01 2.255639328748677030e+01 2.277744815624961916e+01 2.485478165222311731e+01
1.180090814762746376e+01 1.234095946811565803e+01 1.786569003175954862e+01 2.251223505621916132e+01 2.277172006197753618e+01 2.488812048274432698e+01
1.177919377982232874e+01 1.241575845989167881e+01 1.782647994199991359e+01 2.246645146083288935e+01 2.276555438516653851e+01 2.492238398407510047e+01
1.175553922639614157e+01 1.249489254573446750e+01 1.778420712711945839e+01 2.241946432027924629e+01 2.275897825404677022e+01 2.495724140775934785e+01
1.172993381119164802e+01 1.257785908038382594e+01 1.773896248049369007e+01 2.237167386744260966e+01 2.275202105343004177e+01 2.499239393159164280e+01
1.170236671978999965e+01 1.266412930206775833e+01 1.769084570345913221e+01 2.232346064836677257e+01 2.274471451369910113e+01 2.502757372067528863e+01
1.167282705777127916e+01 1.275314990326005216e+01 1.763996577768619289e+01 2.227518783384952883e+01 2.273709271552954192e+01 2.506254246610064129e+01
1.164130386368004366e+01 1.284434415833337617e+01 1.758644152634533597e+01 2.222720352117467257e+01 2.272919199233188081e+01 2.509708973824640310e+01
1.160778606751758701e+01 1.293711267718099123e+01 1.753040226071668783e+01 2.217984276066989580e+01 2.272105072845693385e+01 2.513103136065778997e+01
1.157226239349193264e+01 1.303083389672677583e+01 1.747198851532725783e+01 2.213342917347373273e+01 2.271270906638901366e+01 2.516420791168069471e+01
1.153472121654140636e+01 1.312486444084622228e+01 1.741135288447631524e+01 2.208827612785112038e+01 2.270420854807994715e+01 2.519648339316518815e+01
1.149515039393337901e+01 1.321853947583739242e+01 1.734866098012571811e+01 2.204468750824268142e+01 2.269559172270555436e+01 2.522774406423576465e+01
1.145353710362051203e+01 1.331117317228446240e+01 1.728409252769984761e+01 2.200295814266229044e+01 2.268690175491196470e+01 2.525789741763254881e+01
1.140986772757067591e+01 1.340205936886503224e+01 1.721784259414721063e+01 2.196337395159342520e+01 2.267818206445171114e+01 2.528687127016296543e+01
1.136412781903221081e+01 1.349047253496123311e+01 1.715012289489211383e+01 2.192621185046765575e+01 2.266947602110332127e+01 2.531461294117143979e+01
1.131630218665809195e+01 1.357566916039845850e+01 1.708116304933789564e+01 2.189173938760510296e+01 2.266082670941795030e+01 2.534108849814292697e+01
1.126637511580777762e+01 1.365688977014384697e+01 1.701121154905141353e+01 2.186021404334911367e+01 2.265227676767165832e+01 2.536628205251951940e+01
1.121433072963221100e+01 1.373336186850003138e+01 1.694053607474324252e+01 2.183188206947945531e+01 2.264386829572521975e+01 2.539019508938919500e+01
1.116015347219889087e+01 1.380430424924604438e+01 1.686942266034562365e+01 2.180697672610583027e+01 2.263564281825095392e+01 2.541284581199844794e+01
1.110382867601708767e+01 1.386893324026708818e+01 1.679817307604261600e+01 2.178571578819685683e+01 2.262764128360784710e+01 2.543426847811688063e+01
1.110369118658834253e+01 1.386852152177315922e+01 1.679873147629346875e+01 2.178554752809566608e+01 2.262773509905822777e+01 2.543463581247970140e+01
1.104718112626019533e+01 1.392426002739916058e+01 1.673001687434035389e+01 2.176865464221555513e+01 2.262022501216528880e+01 2.545421146145016422e+01
1.098865380104840028e+01 1.397268752072468523e+01 1.666174836527294190e+01 2.175552168727759295e+01 2.261299586851544063e+01 2.547273821418344397e+01
1.092810274777964530e+01 1.401314883280782908e+01 1.659420111075102966e+01 2.174628010868453742e+01 2.260608649938482628e+01 2.549028700166956085e+01
1.086552290908615070e+01 1.404503449437981821e+01 1.652762903415566598e+01 2.174103166865489456e+01 2.259953462733480833e+01 2.550694047269944065e+01
1.080091043011639762e+01 1.406779974033702096e+01 1.646224885993975207e+01 2.173984506203344935e+01 2.259337635626875951e+01 2.552279225955069109e+01
1.073426242235958128e+01 1.408098513310802069e+01 1.639822232629713028e+01 2.174275313366757700e+01 2.258764579378873449e+01 2.553794623066130498e+01
1.066557675569761443e+01 1.408423698873708396e+01 1.633563828938163809e+01 2.174975091917820791e+01 2.258237483419410196e+01 2.555251573069306659e+01
1.059485193274007564e+01 1.407732512706184025e+01 1.627449709639460451e+01 2.176079465914168765e+01 2.257759309655425994e+01 2.556662282409815390e+01
1.052208708153094108e+01 1.406015517290559735e+01 1.621469990338258427e+01 2.177580184095594262e+01 2.257332798310917354e+01 2.558039757769108746e+01
1.044728207774248574e+01 1.403277296296015741e+01 1.615604529644313914e+01 2.179465221950848886e+01 2.256960480467119012e+01 2.559397743307265216e+01
1.037043778087536516e+01 1.399535964837290614e+01 1.609823455445232909e+01 2.181718967716780710e+01 2.256644691490586396e+01 2.560750672279319673e+01
1.029155634638391170e+01 1.394821763196865838e+01 1.604088535867631293e+01 2.184322472443584928e+01 2.256387580428064865e+01 2.562113636857854004e+01
1.021064156168747949e+01 1.389174909664369117e+01 1.598355215302912491e+01 2.187253742777227217e+01 2.256191112391537956e+01 2.563502376375871350e+01
1.012769915133429244e+01 1.382643005915116063e+01 1.592575019750790233e+01 2.190488058388436698e+01 2.256057063412272612e+01 2.564933278900344860e+01
1.004273700522758794e+01 1.375278328987498000e+01 1.586697997073507871e+01 2.193998303219156298e+01 2.255987009575392932e+01 2.566423385027707482e+01
9.955765301356045427e+00 1.367135305852277405e+01 1.580674898549500362e+01 2.197755309116312716e+01 2.255982313884726764e+01 2.567990377477973141e+01
9.866796516511278980e+00 1.358268375615175394e+01 1.574458902918647141e+01 2.201728219541997689e+01 2.256044114875905038e+01 2.569652537043311469e+01
9.775845339751903396e+00 1.348730337166159821e+01 1.568006796440363004e+01 2.205884887362547531e+01 2.256173320397308402e+01 2.571428646105255922e+01
9.682928518969900367e+00 1.338571187154935949e+01 1.561279621505402559e+01 2.210192322199406689e+01 2.256370608409864786e+01 2.573337826071167100e+01
9.588064677412212689e+00 1.327837390569271392e+01 1.554242875311256533e+01 2.214617198442998358e+01 2.256636434549002956e+01 2.575399304598357730e+01
9.491274133368801103e+00 1.316571495980702444e+01 1.546866375905926816e+01 2.219126425056056107e+01 2.256971044098985146e+01 2.577632121222029937e+01
9.392578744017253456e+00 1.304812003143547372e+01 1.539123920841484328e+01 2.223687764333635641e+01 2.257374484493075073e+01 2.580054793830336735e+01
9.292001777460264123e+00 1.292593402589604423e+01 1.530992852091700662e+01 2.228270471540197661e+01 2.257846613875422648e+01 2.582684980475286807e+01
9.189567800453039226e+00 1.279946326410212087e+01 1.522453617692758066e+01 2.232845914098554374e+01 2.258387101818010123e+01 2.585539178216342293e+01
9.085302558379252602e+00 1.266897770093635778e+01 1.513489391958792396e+01 2.237388120954570780e+01 2.258995419895429890e+01 2.588632500485867993e+01
8.979232822523762536e+00 1.253471363008779349e+01 1.504085786595574703e+01 2.241874212258504429e+01 2.259670822162142301e+01 2.591978565442193627e+01
8.871386189041997383e+00 1.239687677733741467e+01 1.494230657852619260e+01 2.246284667526307288e+01 2.260412318169175094e+01 2.595589510274381340e+01
8.761790832733501233e+00 1.225564575145680912e+01 1.483913992475566168e+01 2.250603406153546615e+01 2.261218643460944477e+01 2.599476122746068896e+01
8.650475242524514385e+00 1.211117583244765683e+01 1.473127839472422274e+01 2.254817675049776327e+01 2.262088234034630929e+01 2.603648055449623300e+01
8.537467988275317055e+00 1.196360304066490698e+01 1.461866246743707265e+01 2.258917760423679510e+01 2.263019211862291868e+01 2.608114065350023836e+01
8.422797583431361090e+00 1.181304836312713213e+01 1.450125161794050577e+01 2.262896555086748052e+01 2.264009393444696983e+01 2.612882206271424579e+01
8.306492509465355667e+00 1.165962193474529052e+01 1.437902263472385656e+01 2.265056252443510942e+01 2.266749105757453009e+01 2.617959898902027760e+01
8.188581452899271085e+00 1.150342690369971876e+01 1.425196705494243155e+01 2.266157126433798297e+01 2.270471909163740776e+01 2.623353813449446648e+01
8.069093774436010946e+00 1.134456267196492618e+01 1.412008770123585677e+01 2.267309069309368752e+01 2.274062608620501535e+01 2.629069523446022316e+01
7.948060186749590805e+00 1.118312720989431597e+01 1.398339449072810936e+01 2.268509069048958438e+01 2.277519411656453840e+01 2.635110921976951914e+01
7.825513570471202662e+00 1.101921820645609884e+01 1.384189985518576194e+01 2.269754090737685459e+01 2.280840791766861386e+01 2.641479428349288483e+01
7.701489816411574374e+00 1.085293293336720488e+01 1.369561423484454288e+01 2.271041162838744398e+01 2.284025261074700097e+01 2.648173047433358818e+01
7.576028555473286907e+00 1.068436686088437249e+01 1.354454216692083612e+01 2.272367450041078030e+01 2.287071259631811060e+01 2.655185369223912062e+01
7.449173633071029421e+00 1.051361124452586893e+01 1.338867947229508637e+01 2.273730306879968666e+01 2.289977145483005216e+01 2.662504607602054207e+01
7.320973205121426908e+00 1.034075007728862161e+01 1.322801195011409270e+01 2.275127305708766201e+01 2.292741265643845239e+01 2.670112772286685399e+01
7.191479375689794118e+00 1.016585693937969026e+01 1.306251583087613177e+01 2.276556234684969127e+01 2.295362087226925141e+01 2.677985047076393599e+01
7.060747355315545981e+00 9.988992347403884864e+00 1.289216003407530131e+01 2.278015063976697263e+01 2.297838370575411560e+01 2.686089414335870984e+01
6.928834183680648628e+00 9.810202185467115754e+00 1.271691005315533651e+01 2.279501881096861382e+01 2.300169370143846237e+01 2.694386526384617042e+01
6.795797119369032302e+00 9.629517683121425975e+00 1.253673307714921314e+01 2.281014798987726167e+01 2.302355051533617214e+01 2.702829786393544609e+01
6.661691843205406194e+00 9.446957197717447130e+00 1.235160378189981500e+01 2.282551843117657597e+01 2.304396312799334723e+01 2.711365571792615015e+01
6.526570643949677120e+00 9.262529787265760817e+00 1.216151010586733783e+01 2.284110826331355781e+01 2.306295194483408295e+01 2.719933517645172216e+01
6.390480754709553679e+00 9.076240264513414147e+00 1.196645828067986272e+01 2.285689222397468612e+01 2.308055056924574444e+01 2.728466778918019742e+01
6.253462988862851901e+00 8.888095151665922344e+00 1.176647642161117879e+01 2.287284050946617953e+01 2.309680697567676333e+01 2.736892208924191294e+01
6.115550792555690229e+00 8.698108755156905403e+00 1.156161609812179591e+01 2.288891787546623036e+01 2.311178378181024229e+01 2.745130423304145495e+01
5.976769795231565929e+00 8.506308488241579369e+00 1.135195149385338809e+01 2.290508312734020890e+01 2.312555734672242380e+01 2.753095759261845643e+01
5.837137907319036145e+00 8.312738606243568640e+00 1.113757601814155151e+01 2.292128912625646109e+01 2.313821552086725575e+01 2.760696181546852657e+01
5.696665989364660732e+00 8.117461685211189604e+00 1.091859653016668119e+01 2.293748341045394312e+01 2.314985404208002606e+01 2.767833222828675588e+01
5.555359100016881158e+00 7.920557450851159587e+00 1.069512565721944952e+01 2.295360948818299818e+01 2.316057178939845329e+01 2.774402070519741770e+01
5.413218318487182046e+00 7.722118917735391719e+00 1.046727299550497392e+01 2.296960880084246170e+01 2.317046533715291190e+01 2.780291920498299518e+01
5.270243125586829613e+00 7.522246187065204204e+00 1.023513623180594934e+01 2.298542328458090367e+01 2.317962344976367817e+01 2.785386708757122420e+01
5.126434310955133355e+00 7.321038628938840276e+00 9.998793369351815841e+00 2.300099838132617691e+01 2.318812227689317851e+01 2.789566305626157572e+01
4.981797348282072768e+00 7.118586495152739779e+00 9.758297238608053092e+00 2.301628627326977394e+01 2.319602201261619712e+01 2.792708217214250155e+01
4.836346142131993986e+00 6.914963224144954346e+00 9.513673297734483114e+00 2.303124904754047009e+01 2.320336565300199183e+01 2.794689790301476862e+01
4.690106997496966912e+00 6.710219765769946498e+00 9.264921380746153901e+00 2.304586145054759427e+01 2.321018022962482519e+01 2.795390866375368688e+01
4.543122595619787596e+00 6.504382132413310202e+00 9.012021570465986287e+00 2.306011287451758207e+01 2.321648054239020809e+01 2.794696784285225277e+01
4.395455677892885049e+00 6.297453053702576575e+00 8.754943825274539293e+00 2.307400824054450084e+01 2.322227501485350842e+01 2.792501594824764766e+01
4.247192048477590909e+00 6.089418083525765191e+00 8.493660458248804446e+00 2.308756750787319234e+01 2.322757291293957849e+01 2.788711328762881436e+01
4.098442416823113277e+00 5.880255829230549125e+00 8.228160137987424960e+00 2.310082364787430365e+01 2.323239186984621796e+01 2.783247154847524740e+01
3.949342533092346841e+00 5.669951235695214642e+00 7.958461815182342747e+00 2.311381906707503475e+01 2.323676450297849172e+01 2.776048276409154525e+01
3.800051050324505741e+00 5.458510186618374505e+00 7.684626907613044011e+00 2.312660063452545245e+01 2.324074293087268472e+01 2.767074442594932648e+01
3.650744608798877522e+00 5.245973217523106413e+00 7.406768193674502676e+00 2.313921364733281294e+01 2.324440021093704090e+01 2.756307989341014419e+01
3.501609808586481076e+00 5.032425984661451857e+00 7.125054140300945527e+00 2.315169523321925737e+01 2.324782810501473662e+01 2.743755370912215952e+01
3.352832029918820567e+00 4.818004364463508438e+00 6.839707785548739594e+00 2.316406781774001189e+01 2.325113109379142884e+01 2.729448189374828360e+01
3.204581468302674541e+00 4.602892659484062676e+00 6.550999776222137250e+00 2.317633335504813630e+01 2.325441713441496461e+01 2.713443770757251272e+01
3.056997232834762102e+00 4.387314272059817277e+00 6.259235708507068452e+00 2.318846901833634178e+01 2.325778620513468553e+01 2.695825367490596136e+01
2.910170842594053564e+00 4.171515229351024701e+00 5.964738526113283257e+00 2.320042496090256279e+01 2.326131811947163897e+01 2.676702082794655269e+01
2.764130856421360694e+00 3.955741931276932632e+00 5.667827379817872213e+00 2.321212459307000486e+01 2.326506134289923722e+01 2.656208611455864954e+01
2.618830590229586086e+00 3.740215292581274387e+00 5.368794998090153925e+00 2.322346758696258817e+01 2.326902455236559319e+01 2.634504872398802888e+01
2.474140835634534241e+00 3.525103964668429679e+00 5.067886167283026211e+00 2.323433554345730911e+01 2.327317242225739236e+01 2.611775573124514338e+01
2.329849158515352681e+00 3.310499529539888464e+00 4.765280234375071089e+00 2.324459996394562467e+01 2.327742661945017133e+01 2.588229697978007593e+01
2.185666749676393739e+00 3.096396499042047168e+00 4.461080474423115838e+00 2.325413189773067302e+01 2.328167230587454739e+01 2.564099856487408147e+01
2.041243008720616814e+00 2.882679696010630011e+00 4.155312599115392302e+00 2.326281241682365675e+01 2.328576967435452261e+01 2.539641371149370030e+01
1.896187203121023845e+00 2.669121184188111506e+00 3.847933617365379533e+00 2.327054293112648153e+01 2.328956929688246902e+01 2.515130933345600894e+01
1.750095817621214467e+00 2.455388335079237816e+00 3.538850839975794305e+00 2.327725431715406401e+01 2.329292945972689566e+01 2.490864619309727956e+01
1.602583751100876031e+00 2.241063797658787493e+00 3.227949350475893375e+00 2.328291390020735463e+01 2.329573329426066763e+01 2.467155042904300899e+01
1.453317473188060927e+00 2.025676984520863311e+00 2.915125163752377624e+00 2.328752949940001216e+01 2.329790344848974826e+01 2.444327435415643279e+01
1.302048795040970708e+00 1.808745176203093719e+00 2.600321055211493260e+00 2.329115000284355119e+01 2.329941229842717121e+01 2.422714490095728124e+01
1.148649403091661192e+00 1.589820549789791260e+00 2.283563271847671494e+00 2.329386226336098531e+01 2.330028623881647221e+01 2.402649893521692093e+01
9.931498058427180586e-01 1.368537534787517940e+00 1.965001120699059634e+00 2.329578446264230962e+01 2.330060334530002564e+01 2.384460585551917688e+01
8.357952653517360941e-01 1.144653183139470176e+00 1.644960790594062194e+00 2.329705644748040072e+01 2.330048456155230241e+01 2.368457937543463387e+01
6.771579869727880618e-01 9.180729750331173555e-01 1.324050290563124177e+00 2.329782785646320065e+01 2.330007941802135818e+01 2.354928200581818842e+01
5.184423305353197398e-01 6.888675045615005876e-01 1.003437583119433318e+00 2.329824508729871013e+01 2.329954801974772138e+01 2.344122731410654481e+01
3.625761380958696933e-01 4.574565159216149590e-01 6.857869017991806704e-01 2.329843822424246724e+01 2.329904155900208451e+01 2.336248632126387292e+01
2.188473999454187413e-01 2.290232467176817333e-01 3.794802003080199881e-01 2.329850824529151154e+01 2.329868378481334901e+01 2.331460589083898682e+01
1.071813961519798436e-01 1.442060088012621089e-01 1.504272969938229843e-01 2.329833460583909854e+01 2.329852771675025735e+01 2.329875495598310309e+01
1.071813961519798436e-01 1.442060088012621089e-01 1.504272969938229843e-01 2.329833460583909854e+01 2.329852771675025735e+01 2.329875495598310309e+01
1.882014984194806118e-01 2.559592254823588320e-01 3.837518608317310176e-01 2.329837259548081363e+01 2.329905488819551351e+01 2.331455256192617753e+01
3.807431202543454241e-01 4.391592397347055532e-01 6.980808411368403243e-01 2.329884968052460437e+01 2.330008011116080979e+01 2.336168989694515119e+01
5.770516246371730773e-01 6.275529484018943505e-01 1.024965985209143504e+00 2.329966771085897292e+01 2.330129921047026187e+01 2.343925599989167097e+01
7.705846071244423223e-01 8.126520673242970672e-01 1.355720691643945930e+00 2.330054153449149013e+01 2.330237124530052029e+01 2.354579296194953741e+01
9.594468536551862270e-01 9.923783147493462353e-01 1.687875669351443175e+00 2.330110945722370630e+01 2.330291632228857068e+01 2.367933099182517509e+01
1.142682913809470069e+00 1.166232434651430561e+00 2.020364052512779285e+00 2.330098921661789291e+01 2.330256879771350853e+01 2.383745438282200269e+01
1.319950148584019933e+00 1.334527546841639767e+00 2.352565645865711819e+00 2.329983395586172890e+01 2.330102951042739434e+01 2.401737950438214142e+01
1.491414890148220707e+00 1.498144875479256122e+00 2.684059606447460666e+00 2.329738161005120389e+01 2.329810738820876281e+01 2.421604026356934014e+01
1.657194057982669166e+00 1.658824873428424329e+00 3.014551134348212980e+00 2.329348973711576321e+01 2.329374520358822309e+01 2.443017634550614403e+01
1.815894358704691403e+00 1.820337751731668341e+00 3.343844210531507599e+00 2.328800843003248744e+01 2.328816871793377175e+01 2.465641977980461164e+01
1.973135257450139068e+00 1.979644840063218725e+00 3.671823403881956160e+00 2.328112062235080160e+01 2.328152792139913529e+01 2.489137600933210237e+01
2.130769962083364888e+00 2.137362698155274465e+00 3.998434783822834682e+00 2.327335523454707200e+01 2.327382916003659474e+01 2.513169655831884697e+01
2.289702997671790197e+00 2.294666231980359683e+00 4.323665371184283401e+00 2.326504737195353911e+01 2.326539351169724767e+01 2.537414146185192720e+01
2.450375275691791366e+00 2.452592935096603366e+00 4.647523472930458865e+00 2.325648498924745766e+01 2.325661522782395707e+01 2.561563067043590536e+01
2.611302047348218469e+00 2.613386331897193049e+00 4.970022283011794606e+00 2.324764988095828144e+01 2.324812709041449210e+01 2.585328454687228117e+01
2.771978995452307970e+00 2.777572316828524013e+00 5.291167982145608129e+00 2.323896854360645392e+01 2.323997098216813839e+01 2.608445424058756501e+01
2.934019735235263049e+00 2.942898245468970053e+00 5.610952256170286923e+00 2.323066071356915430e+01 2.323219671951093801e+01 2.630674312563640882e+01
3.097122666588910889e+00 3.108516460882915666e+00 5.929348276877398405e+00 2.322278952338881197e+01 2.322479150438179119e+01 2.651802064349263688e+01
3.260680990789517786e+00 3.273569426766938406e+00 6.246308968131138784e+00 2.321530650704867682e+01 2.321764774877174631e+01 2.671642985722118624e+01
3.423945044233481116e+00 3.437235458352647210e+00 6.561766701865484386e+00 2.320807030195382836e+01 2.321058624392522063e+01 2.690038987233375778e+01
3.586131261099083645e+00 3.598811354162804399e+00 6.875634118894595304e+00 2.320087610568739578e+01 2.320338926233016608e+01 2.706859408057997030e+01
3.746515436778730557e+00 3.757771289633549561e+00 7.187806204974320323e+00 2.319349182558879718e+01 2.319583674264766415e+01 2.722000498758695741e+01
3.904503223395369371e+00 3.913794758627782144e+00 7.498163857271062049e+00 2.318569512034059699e+01 2.318773980763535647e+01 2.735384622161258505e+01
4.059672653438041401e+00 4.066763819791223256e+00 7.806578937839002919e+00 2.317730575790492864e+01 2.317896687158113878e+01 2.746959219503133554e+01
4.211787728953670040e+00 4.216734284051153026e+00 8.112920389524585829e+00 2.316820888607936979e+01 2.316945916334661959e+01 2.756695579446764199e+01
4.360785906782315813e+00 4.363888554492452165e+00 8.417060612268269182e+00 2.315836656901874946e+01 2.315923440735387118e+01 2.764587439665849899e+01
4.506745225403388844e+00 4.508479362713380567e+00 8.718881137689194816e+00 2.314781697019505913e+01 2.314837930996981896e+01 2.770649443520533950e+01
4.649842224162323845e+00 4.650769996690885755e+00 9.018276749915035140e+00 2.313666317051682242e+01 2.313703243713487012e+01 2.774915467625472232e+01
4.790328540056189688e+00 4.790959063927323847e+00 9.315157517256132280e+00 2.312505789774969500e+01 2.312535742778860026e+01 2.777436830518866984e+01
4.928460663929429941e+00 4.929168308259225917e+00 9.609448598419316312e+00 2.311318130021478368e+01 2.311351705786135824e+01 2.778280389359207447e+01
5.064376099258777408e+00 5.065508906045044668e+00 9.901088049650553558e+00 2.310120226948369293e+01 2.310166541092973702e+01 2.777526531869996518e+01
5.198189036351042347e+00 5.199956892703619715e+00 1.019002311369876068e+01 2.308926276974121450e+01 2.308992537658783561e+01 2.775267075402468109e+01
5.329956037997523488e+00 5.332386315480862393e+00 1.047620560008171786e+01 2.307747126038076146e+01 2.307837008286722025e+01 2.771603093856453270e+01
5.459647610044696009e+00 5.462619550387422862e+00 1.075958698704871885e+01 2.306589233247894910e+01 2.306702334678419675e+01 2.766642705042225359e+01
5.587161882130409651e+00 5.590451401528901521e+00 1.104011381826449956e+01 2.305454483119366316e+01 2.305586652310974216e+01 2.760498863622761689e+01
5.712344689621470906e+00 5.715674529863701281e+00 1.131772385568857509e+01 2.304340790559263752e+01 2.304484974761314575e+01 2.753287215198352911e+01
5.835012288236169908e+00 5.838102172639639598e+00 1.159234330022308868e+01 2.303243203416820961e+01 2.303390639571158616e+01 2.745124072589262454e+01
5.954974108963129176e+00 5.957584358803214464e+00 1.186388521734114043e+01 2.302155253006421987e+01 2.302296837274587560e+01 2.736124573926380421e+01
6.072052764416546289e+00 6.074016103882958539e+00 1.213224912511373610e+01 2.301070317469859816e+01 2.301197980422061917e+01 2.726401073153044408e+01
6.186099011999789177e+00 6.187337889349999287e+00 1.239732154229571037e+01 2.299982788492687291e+01 2.300090726972072019e+01 2.716061798037688746e+01
6.296998796479402749e+00 6.297531485055717582e+00 1.265897718058471533e+01 2.298888873977651315e+01 2.298974565426477668e+01 2.705209791393398078e+01
6.404553201073152735e+00 6.404732210894898969e+00 1.291708041580481137e+01 2.297786931491030060e+01 2.297851966276180491e+01 2.693942131426162234e+01
6.508538629100787176e+00 6.509153394297078066e+00 1.317148669071528921e+01 2.296677461638745754e+01 2.296728025154461861e+01 2.682349410530525091e+01
6.609425553438313727e+00 6.610348278587263593e+00 1.342204357489304201e+01 2.295563708784252910e+01 2.295608831077519341e+01 2.670515441022100944e+01
6.707253488283475562e+00 6.708315239905756400e+00 1.366859131153807105e+01 2.294452834053989676e+01 2.294498855788289760e+01 2.658517152217314106e+01
6.802029939561585969e+00 6.803081508880871375e+00 1.391096279128889535e+01 2.293353726969052531e+01 2.293401585502245510e+01 2.646424645126272779e+01
6.893744903778919131e+00 6.894675895366551899e+00 1.414898298804355647e+01 2.292273793879639854e+01 2.292321320239104665e+01 2.634301376614569534e+01
6.982371293546422386e+00 6.983121168269978085e+00 1.438246795899109642e+01 2.291218361253605096e+01 2.291262701799580981e+01 2.622204451460392249e+01
7.067866089915969319e+00 7.068431296544256170e+00 1.461122354738968632e+01 2.290190980432884515e+01 2.290229795164421489e+01 2.610185005921036705e+01
7.150172563093211586e+00 7.150612351459494143e+00 1.483504393564122203e+01 2.289193732410830151e+01 2.289225643366647134e+01 2.598288668970548443e+01
7.229236558134537916e+00 7.229652618812053788e+00 1.505371018465973876e+01 2.288227504100777310e+01 2.288252261833739354e+01 2.586556087379891267e+01
7.305037047028712927e+00 7.305499996033656629e+00 1.526698887031518126e+01 2.287292242691927413e+01 2.287310945787912431e+01 2.575023499482884048e+01
7.377566664616733050e+00 7.378089294810584953e+00 1.547463089438183736e+01 2.286387317429660371e+01 2.286402614203494821e+01 2.563723341462092264e+01
7.446805580045968931e+00 7.447374775717960915e+00 1.567637051025343631e+01 2.285512534760403014e+01 2.285527499560359033e+01 2.552684870648477755e+01
7.512727490031228861e+00 7.513328328325477479e+00 1.587192456707470178e+01 2.284669026677921622e+01 2.284684845257294938e+01 2.541934793086920408e+01
7.575308061525118042e+00 7.575932749324735482e+00 1.606099194567080701e+01 2.283858378617867757e+01 2.283874167877083394e+01 2.531497886744760351e+01
7.634528872357736695e+00 7.635177366717506686e+00 1.624325314334122083e+01 2.283081950741114241e+01 2.283096101182531257e+01 2.521397615547491355e+01
7.690378388844618662e+00 7.691055122529661503e+00 1.641836997049294311e+01 2.282340728844447497e+01 2.282352499801793044e+01 2.511656730873328414e+01
7.742851096714241876e+00 7.743560790184204734e+00 1.658598535646283167e+01 2.281635069655857961e+01 2.281646485140014846e+01 2.502297854621346573e+01
7.791945779858218124e+00 7.792690054161062641e+00 1.674572332554385667e+01 2.280966024174361095e+01 2.280980816245072162e+01 2.493344031032600228e+01
7.837663844247298783e+00 7.838439048165199097e+00 1.689718928983327828e+01 2.280336677116796551e+01 2.280356218441851723e+01 2.484819224179196340e+01
7.880008091752271682e+00 7.880804140830877991e+00 1.703997089676752807e+01 2.279750053632542972e+01 2.279773181206991239e+01 2.476748726979458937e+01
7.918981854827578104e+00 7.919781976166661686e+00 1.717363974297566642e+01 2.279208364764974704e+01 2.279232498998493739e+01 2.469159439152353386e+01
7.954588221877740395e+00 7.955369782625538733e+00 1.729775429735942893e+01 2.278713085412384487e+01 2.278735084196699745e+01 2.462079969053448991e+01
7.986829123521767215e+00 7.987565888706017248e+00 1.741186434486204959e+01 2.278265009061643198e+01 2.278281908073628514e+01 2.455540520179585329e+01
8.015704127974657922e+00 8.016370398351144289e+00 1.751551715929713637e+01 2.277864301653646706e+01 2.277874028332211154e+01 2.449572537855037879e+01
8.041208802812445100e+00 8.041786141463953541e+00 1.760826544554641515e+01 2.277509857012481120e+01 2.277513368691683127e+01 2.444208113691526307e+01
8.063332505743819212e+00 8.063820184814749936e+00 1.768967688103432678e+01 2.277196845857123009e+01 2.277205321287700457e+01 2.439479171467884910e+01
8.082056835064879152e+00 8.082484929631590376e+00 1.775934486806292867e+01 2.276930344845784759e+01 2.276945251101580325e+01 2.435416483621517969e+01
8.097362506916059743e+00 8.097791284801765244e+00 1.781689992059666849e+01 2.276712374625940072e+01 2.276731548684235307e+01 2.432048588087765495e+01
8.109247251807337520e+00 8.109731465408360762e+00 1.786202098396293536e+01 2.276543385686608190e+01 2.276564181377475293e+01 2.429400687387511582e+01
8.117724453758258463e+00 8.118281646722405043e+00 1.789444594233409802e+01 2.276423385794591780e+01 2.276443552924422775e+01 2.427493614205145889e+01
8.122806470927249833e+00 8.123420290083547712e+00 1.791398060774995926e+01 2.276351933532038885e+01 2.276370462828445795e+01 2.426342940921365354e+01
8.124499829642340742e+00 8.125134566493299459e+00 1.792050559118435160e+01 2.276328263881076808e+01 2.276345922376560083e+01 2.425958297017524501e+01
8.124499829642340742e+00 8.125134566493299459e+00 1.792050559118435160e+01 2.276328263881076808e+01 2.276345922376560083e+01 2.425958297017524501e+01
8.127146618340056250e+00 8.131230400369947375e+00 1.791894207345386292e+01 2.276183517162231595e+01 2.276326432711577397e+01 2.426228304181586637e+01
8.134635249815614699e+00 8.149916372387941976e+00 1.791426034374437037e+01 2.275751306959901044e+01 2.276269193792795775e+01 2.427033540483596497e+01
8.147071786708206531e+00 8.180927809798662409e+00 1.790648668958223055e+01 2.275041325540820125e+01 2.276173997100638147e+01 2.428359976547343990e+01
8.164431077738253606e+00 8.224029387133215963e+00 1.789566432267788088e+01 2.274068261881008723e+01 2.276041029731316101e+01 2.430185258667716042e+01
8.186666050775089687e+00 8.278911410701363494e+00 1.788185250813464933e+01 2.272850875455592856e+01 2.275870588201373224e+01 2.432480065115018775e+01
8.213715524887680530e+00 8.345189374543947380e+00 1.786512540387962034e+01 2.271410625172443076e+01 2.275663059052126158e+01 2.435209690866311760e+01
8.245505467562288970e+00 8.422411474403366682e+00 1.784557066358965116e+01 2.269770299367698385e+01 2.275418917646034700e+01 2.438335656844672883e+01
8.281949729926704862e+00 8.510067615754287829e+00 1.782328786477325622e+01 2.267952813829310799e+01 2.275138728837229252e+01 2.441817185276052982e+01
8.322950752039064426e+00 8.607598984744340598e+00 1.779838682801587169e+01 2.265980265739544564e+01 2.274823148028562514e+01 2.445612446341719348e+01
8.368400306705904512e+00 8.714407698407468317e+00 1.777098589378942606e+01 2.263873269671234922e+01 2.274472922317445622e+01 2.449679541645248548e+01
8.418180287181602495e+00 8.829866162384659489e+00 1.774121022010440285e+01 2.261650557099583736e+01 2.274088891605376972e+01 2.453977234703537746e+01
8.472163530533324050e+00 8.953325842897188025e+00 1.770919015832346943e+01 2.259328795534487710e+01 2.273671989577794150e+01 2.458465464534401335e+01
8.530214664927139978e+00 9.084125235724400227e+00 1.767505975649384808e+01 2.256922574265680126e+01 2.273223244465876292e+01 2.463105688325383014e+01
8.592190968295428277e+00 9.221596888138211767e+00 1.763895543044903036e+01 2.254444505512794805e+01 2.272743779501779571e+01 2.467861098350834226e+01
8.657943226047770224e+00 9.365073396095519698e+00 1.760101483348916673e+01 2.251905397373255013e+01 2.272234812978527430e+01 2.472696751779508872e+01
8.727316576157125638e+00 9.513892355238823484e+00 1.756137594635519861e+01 2.249314464590263185e+01 2.271697657827523287e+01 2.477579643478982163e+01
8.800151330880659373e+00 9.667400288741699654e+00 1.752017640098893025e+01 2.246679552535439939e+01 2.271133720630603392e+01 2.482478743602078453e+01
8.876283765457248620e+00 9.824955607556947967e+00 1.747755304457057690e+01 2.244007357804389713e+01 2.270544499990448273e+01 2.487365014701633115e+01
8.955546865281505120e+00 9.985930680066944731e+00 1.743364174473162009e+01 2.241303635111069781e+01 2.269931584192949003e+01 2.492211417682650421e+01
9.037771024233128614e+00 1.014971310006175820e+01 1.738857743269448974e+01 2.238573384807813937e+01 2.269296648107540548e+01 2.496992911980747465e+01
9.122784687991538632e+00 1.031570624625123855e+01 1.734249437830859009e+01 2.235821018606031529e+01 2.268641449286909761e+01 2.501686452695361851e+01
9.210414937247747957e+00 1.048332922509654885e+01 1.729552668935451720e+01 2.233050503228146511e+01 2.267967823244809367e+01 2.506270985708717092e+01
9.300488006705005972e+00 1.065201628344126483e+01 1.724780902681427719e+01 2.230265483064430398e+01 2.267277677910239575e+01 2.510727440816778611e+01
9.392829736606726598e+00 1.082121576986098610e+01 1.719947752771212279e+01 2.227469383671050096e+01 2.266572987276722984e+01 2.515038722365763846e+01
9.487265954218029762e+00 1.099038871527459449e+01 1.715067092720194708e+01 2.224665498308850076e+01 2.265855784286548413e+01 2.519189696661041467e+01
9.583622783189339245e+00 1.115900709542734326e+01 1.710153187127619390e+01 2.221857059819825864e+01 2.265128153010875423e+01 2.523167175373820115e+01
9.681726879026768984e+00 1.132655183156583334e+01 1.705220841013097299e+01 2.219047300066031880e+01 2.264392220206240225e+01 2.526959894232422243e+01
9.781405588950935481e+00 1.149251058218112753e+01 1.700285565895906359e+01 2.216239498981332190e+01 2.263650146346123293e+01 2.530558486394735951e+01
9.882487034217698252e+00 1.165637537944423663e+01 1.695363760660565333e+01 2.213437025055163687e+01 2.262904116241308827e+01 2.533955450021710121e+01
9.984800112458090737e+00 1.181764017051090043e+01 1.690472904160193579e+01 2.210643368810456266e+01 2.262156329374698416e+01 2.537145109688882982e+01
1.008817441672378301e+01 1.197579833820455164e+01 1.685631754764479595e+01 2.207862170574385274e+01 2.261408990083826254e+01 2.540123571373025513e+01
1.019244006663182844e+01 1.213034030011150222e+01 1.680860549421005601e+01 2.205097243583321642e+01 2.260664297727660355e+01 2.542888670830087960e+01
1.029742744520847353e+01 1.228075132263661651e+01 1.676181190987633940e+01 2.202352593219459820e+01 2.259924436972711703e+01 2.545439915238835127e+01
1.040296683261896682e+01 1.242650973996104469e+01 1.671617407321017623e+01 2.199632432950047090e+01 2.259191568327017308e+01 2.547778418024348923e+01
1.050888792479797118e+01 1.256708583942165802e+01 1.667194858645803990e+01 2.196941197332793649e+01 2.258467819039803715e+01 2.549906826801456106e+01
1.061501922086577032e+01 1.270194176494242200e+01 1.662941161054401107e+01 2.194283552262809778e+01 2.257755274469482742e+01 2.551829244394314955e+01
1.072118725786747362e+01 1.283053289487717663e+01 1.658885784004788633e+01 2.191664402467187145e+01 2.257055970004285328e+01 2.553551142901091708e+01
1.082721566447213668e+01 1.295231125834608932e+01 1.655059769579683859e+01 2.189088896101653248e+01 2.256371883599119954e+01 2.555079270786084678e+01
1.093292399635494228e+01 1.306673164123018260e+01 1.651495213442832011e+01 2.186562426169317774e+01 2.255704928970216727e+01 2.556421553001616331e+01
1.103812630448239851e+01 1.317326105989917373e+01 1.648224445878333100e+01 2.184090628363225761e+01 2.255056949467394745e+01 2.557586984172567668e+01
1.114262937265924336e+01 1.327139219163060879e+01 1.645278861677075000e+01 2.181679374833721852e+01 2.254429712623581494e+01 2.558585514922226878e+01
1.124623054153849999e+01 1.336066108140055597e+01 1.642687376437556068e+01 2.179334763299339173e+01 2.253824905363969933e+01 2.559427931482255403e+01
1.134871501170443331e+01 1.344066894516382682e+01 1.640474539189932557e+01 2.177063100860571154e+01 2.253244129844312482e+01 2.560125728815508594e+01
1.144985248717428661e+01 1.351110716226080299e+01 1.638658407006813533e+01 2.174870881844224968e+01 2.252688899880354256e+01 2.560690977589727879e+01
1.154939298163715478e+01 1.357178369418944008e+01 1.637248376527657712e+01 2.172764759010344804e+01 2.252160637928706066e+01 2.561136185473997529e+01
1.164706156264191073e+01 1.362264840593975812e+01 1.636243247888082308e+01 2.170751507502685840e+01 2.251660672584163692e+01 2.561474153388235209e+01
1.174255175558301900e+01 1.366381440934909186e+01 1.635629837220724525e+01 2.168837981028765327e+01 2.251190236568670500e+01 2.561717827516996593e+01
1.183551727657283870e+01 1.369557287646587618e+01 1.635382425891839731e+01 2.167031059926137004e+01 2.250750465201889128e+01 2.561880148099027821e+01
1.192556172867824138e+01 1.371839986866746131e+01 1.635463227801742292e+01 2.165337591017284780e+01 2.250342395360753045e+01 2.561973896218242075e+01
1.201222591846648768e+01 1.373295535483821261e+01 1.635823890462187791e+01 2.163764319480117493e+01 2.249966964953015491e+01 2.562011540042353275e+01
1.209497260834424637e+01 1.374007620064145385e+01 1.636407868147921718e+01 2.162317813362589902e+01 2.249625012944391500e+01 2.562005082172881743e+01
1.217316896294219219e+01 1.374076581034613476e+01 1.637153370459992630e+01 2.161004381836715638e+01 2.249317279988024509e+01 2.561965909973251243e+01
1.224606792713824710e+01 1.373618267545586846e+01 1.637996533674217403e+01 2.159829988795965505e+01 2.249044409704761094e+01 2.561904650917047022e+01
1.231279165711964119e+01 1.372762792072900062e+01 1.638874489522788025e+01 2.158800163916359338e+01 2.248806950651717074e+01 2.561831035132562562e+01
1.237232329151351351e+01 1.371652790614678707e+01 1.639728092090237510e+01 2.157919913779163679e+01 2.248605358992805137e+01 2.561753767398666071e+01
1.242351775475925457e+01 1.370440245467622375e+01 1.640504171425914848e+01 2.157193636039223961e+01 2.248440001848922520e+01 2.561680410857996648e+01
1.246514646211983646e+01 1.369280412008863657e+01 1.641157280111992733e+01 2.156625039863025606e+01 2.248311161258640212e+01 2.561617284646634474e+01
1.249599049344408996e+01 1.368321352165144589e+01 1.641650968090508655e+01 2.156217075906310754e+01 2.248219038626485755e+01 2.561569377487999688e+01
1.251498521442740142e+01 1.367688700256849721e+01 1.641958657298215130e+01 2.155971878918978035e+01 2.248163759479753665e+01 2.561540279061144787e+01
1.252139281922737091e+01 1.367467929880726629e+01 1.642064195912420388e+01 2.155890725644037076e+01 2.248145378302725206e+01 2.561532130633968052e+01
1.252139281922737091e+01 1.367467929880726629e+01 1.642064195912420388e+01 2.155890725644037076e+01 2.248145378302725206e+01 2.561532130633968052e+01
1.252052254368030404e+01 1.367083741872482783e+01 1.642433333634403425e+01 2.156027338292790674e+01 2.248190182380775681e+01 2.561440517297772601e+01
1.251793152480453131e+01 1.365941241467873724e+01 1.643534810149099457e+01 2.156434189581740668e+01 2.248327100867774675e+01 2.561164896543195013e+01
1.251363498259555307e+01 1.364064133736613549e+01 1.645345144202136112e+01 2.157109971515885505e+01 2.248555385080993219e+01 2.560705671132199512e+01
1.250765823752320038e+01 1.361489833147528650e+01 1.647827213545967240e+01 2.158052537342050314e+01 2.248873737346279000e+01 2.560063484367602271e+01
1.250003658456746614e+01 1.358266788192964825e+01 1.650932933303929318e+01 2.159258906189787197e+01 2.249280314226865585e+01 2.559239237506195863e+01
1.249081509107560350e+01 1.354451395116417700e+01 1.654606348846974129e+01 2.160725269533782011e+01 2.249772735083837460e+01 2.558234114962674610e+01
1.248004831171044238e+01 1.350104922234229221e+01 1.658786720653564117e+01 2.162446999183645602e+01 2.250348096415850918e+01 2.557049615544648802e+01
1.246779991627262874e+01 1.345290766098013258e+01 1.663411278619054912e+01 2.164418656257549145e+01 2.251002992135679648e+01 2.555687587772860070e+01
1.245414222997884579e+01 1.340072224589377825e+01 1.668417459353408461e+01 2.166634000385516501e+01 2.251733539608894574e+01 2.554150267409649544e+01
1.243915569046335179e+01 1.334510845201952733e+01 1.673744566929666888e+01 2.169085998242465863e+01 2.252535410942550342e+01 2.552440315622938627e+01
1.242292823078718378e+01 1.328665314727828139e+01 1.679334889822903776e+01 2.171766830444101259e+01 2.253403868705688495e+01 2.550560856709139657e+01
1.240555460245210107e+01 1.322590804912198337e+01 1.685134358786483944e+01 2.174667895847260368e+01 2.254333805022384141e+01 2.548515514921795599e+01
1.238713565617924317e+01 1.316338670413918166e+01 1.691092849055359437e+01 2.177779812361114153e+01 2.255319782829387876e+01 2.546308450630540676e+01
1.236777760047563923e+01 1.309956399156411599e+01 1.697164226940129694e+01 2.181092413466719648e+01 2.256356078049540770e+01 2.543944396694480403e+01
1.234759125837490323e+01 1.303487730217897678e+01 1.703306226177548410e+01 2.184594739720772694e+01 2.257436721504294042e+01 2.541428696510333651e+01
1.232669134103651487e+01 1.296972873135530691e+01 1.709480220940291773e+01 2.188275024549166048e+01 2.258555539564322601e+01 2.538767345641556972e+01
1.230519575320369974e+01 1.290448780382765825e+01 1.715650944649515353e+01 2.192120673587464097e+01 2.259706192797032642e+01 2.535967039221883823e+01
1.228322494020011746e+01 1.283949439740001353e+01 1.721786188747240942e+01 2.196118236684156599e+01 2.260882212183225448e+01 2.533035227448630877e+01
1.226090127977008315e+01 1.277506164762819374e+01 1.727856503932975230e+01 2.200253371454112639e+01 2.262077032807885146e+01 2.529980181449097287e+01
1.223834851537708168e+01 1.271147869820713261e+01 1.733834917817884858e+01 2.204510796981292842e+01 2.263284025243478581e+01 2.526811071640476669e+01
1.221569122140866348e+01 1.264901321833171721e+01 1.739696676944962661e+01 2.208874235971923738e+01 2.264496525105640856e+01 2.523538060435864949e+01
1.219305428588878648e+01 1.258791364538860869e+01 1.745419017050341637e+01 2.213326343425471876e+01 2.265707861441688209e+01 2.520172410793480111e+01
1.217056239346373125e+01 1.252841113501478709e+01 1.750980962752421632e+01 2.217848619815066513e+01 2.266911384695905340e+01 2.516726611658943824e+01
1.214833949104676414e+01 1.247072121568617220e+01 1.756363156116510638e+01 2.222421306968709587e+01 2.268100494975350045e+01 2.513214520773410499e+01
1.212650822074256673e+01 1.241504515514484019e+01 1.761547712434517621e+01 2.227023265457465584e+01 2.269268671223548850e+01 2.509651524526029931e+01
1.210518930933574744e+01 1.236157105351104057e+01 1.766518100861586049e+01 2.231631833497542772e+01 2.270409501714111400e+01 2.506054713371976206e+01
1.208450091021392758e+01 1.231047468422551283e+01 1.771259047125211694e+01 2.236222669364979510e+01 2.271516716028224891e+01 2.502443069599881653e+01
1.206455790130748262e+01 1.226192010960525458e+01 1.775756455283885415e+01 2.240769582351986600e+01 2.272584218411164159e+01 2.498837661627110762e+01
1.204547115049851591e+01 1.221606010276730103e+01 1.779997345419168298e+01 2.245244361645321973e+01 2.273606122145165997e+01 2.495261835179348608e+01
1.202734676693873084e+01 1.217303641163075412e+01 1.783969804176764029e+01 2.249616618467687701e+01 2.274576784359904380e+01 2.491741386304562766e+01
1.201028536185380169e+01 1.213297990313652974e+01 1.787662945220981570e+01 2.253853664605155416e+01 2.275490840551241334e+01 2.488304693886047758e+01
1.199438134492761066e+01 1.209601062626027890e+01 1.791066876926288742e+01 2.257920460021108156e+01 2.276343238010154124e+01 2.484982780108832401e+01
1.197972228174766229e+01 1.206223783057331289e+01 1.794172674989820848e+01 2.261779673081117537e+01 2.277129267384932731e+01 2.481809256690665322e+01
1.196638833383561540e+01 1.203175997314359869e+01 1.796972358091995403e+01 2.265391907500346136e+01 2.277844591713948219e+01 2.478820104066337393e+01
1.195445179533774827e+01 1.200466474121255089e+01 1.799458865233107474e+01 2.268716157564519165e+01 2.278485272483348822e+01 2.476053223002913839e+01
1.194397672872839777e+01 1.198102911340307841e+01 1.801626033898696377e+01 2.271710552760932700e+01 2.279047792635564207e+01 2.473547697992822236e+01
1.193501868164632107e+01 1.196091948426272467e+01 1.803468578717314941e+01 2.274333438289041354e+01 2.279529077221112843e+01 2.471342725412437957e+01
1.192762441817539631e+01 1.194439190789907101e+01 1.804982070732538091e+01 2.276544801684632091e+01 2.279926514655803160e+01 2.469476193099466244e+01
1.192183141597442031e+01 1.193149268298444099e+01 1.806162917780916999e+01 2.278307988674001905e+01 2.280237991527627273e+01 2.467982954849879107e+01
1.191766588138040994e+01 1.192226048962282370e+01 1.807008346721117320e+01 2.279591507954888385e+01 2.280462021470370004e+01 2.466892918954179237e+01
1.191513091883980202e+01 1.191673839892871101e+01 1.807516388380605221e+01 2.280369724871825099e+01 2.280598969517159347e+01 2.466229148598717202e+01
1.191422012848244449e+01 1.191496043953709538e+01 1.807685866070658065e+01 2.280611029513952204e+01 2.280664532192241722e+01 2.466006227545801011e+01
