0.000000000000000000e+00 0.000000000000000000e+00 0.000000000000000000e+00 0.000000000000000000e+00 0.000000000000000000e+00 0.000000000000000000e+00
-2.022812449211784269e+00 9.768603276410543046e+00 -1.949736416527663607e+01 2.041951242223766783e-01 1.994315954847374339e-01 1.698080259646869428e-01
-4.635847702915133262e+00 7.026402333164243341e-01 -1.004544913517857374e+01 3.513845670920440201e-01 3.994592822085826223e-01 3.650335979247435469e-01
-4.699164307633028059e+00 -3.072365113627975930e+00 -5.991167826168938504e+00 4.756038205915366079e-01 5.878261678891395503e-01 5.351614664089110462e-01
-4.385798518972703341e+00 -3.776116207281847270e+00 -4.832823366038084600e+00 5.720531199004641465e-01 7.466688744799258037e-01 6.784330009875659817e-01
-3.970572437159824997e+00 -3.810392471956396410e+00 -4.159520490479668986e+00 6.433231063036258801e-01 8.596579699474032887e-01 7.901679861217126843e-01
-3.531219769000091713e+00 -3.545004415422384536e+00 -3.625213778942879106e+00 6.942832734671859907e-01 9.142794996153462694e-01 8.667730419227147598e-01
-3.104001044222949979e+00 -3.103240803540387116e+00 -3.140888044630580467e+00 7.303107716995559384e-01 9.034777447160129427e-01 9.064515425211775446e-01
-2.710725471352495308e+00 -2.550714821459151072e+00 -2.681158431250595164e+00 7.561729954332766512e-01 8.265726315306576311e-01 9.093578086505988978e-01
-2.364994759508884936e+00 -1.935451736517656229e+00 -2.241787429656801667e+00 7.753786188708698957e-01 6.893370582871736207e-01 8.775225034608870045e-01
-2.073851575339467068e+00 -1.298881887533964719e+00 -1.826446962532467966e+00 7.899290208506797306e-01 5.032957235594682777e-01 8.146342143842371097e-01
-1.838343475247071090e+00 -6.787559549710326934e-01 -1.441506635884010512e+00 8.003758866707008091e-01 2.844142509750489656e-01 7.257226475275608824e-01
-1.653926508050503674e+00 -1.093806972322796667e-01 -1.093595678685665318e+00 8.060690331941006148e-01 5.140595983447725920e-02 6.167803600261138053e-01
-1.510849766906527059e+00 3.788974871954711166e-01 -7.883268518195893915e-01 8.054561366119746824e-01 -1.760767560142125765e-01 4.943563344467291620e-01
-1.393932866124758752e+00 7.595706451849391083e-01 -5.296076975639151252e-01 7.961971495503511465e-01 -3.789980177195197419e-01 3.651509830291448933e-01
-1.277999402253618966e+00 1.005138125957103723e+00 -3.193070534713269848e-01 7.742001811593620664e-01 -5.392268510030135964e-01 2.356376407759981639e-01
-1.082148659707319549e+00 1.040633105140221337e+00 -1.571690109540757330e-01 7.233728747250782742e-01 -6.302527014619625501e-01 1.117305014270213864e-01
3.935678225607132652e-01 -3.209165079971723622e-01 -4.091344515339018911e-02 1.632260498977589902e-01 -1.653948419906641210e-01 -1.486353152238444010e-03
1.261135326347732510e+00 -1.173073322188397327e+00 3.352044760665497114e-02 -7.458065994534252008e-01 6.966654482193062048e-01 -9.995937483741655638e-02
1.089524024896327603e+00 -1.062776790060216303e+00 7.162547907157656990e-02 -7.002154826933610909e-01 6.499105893555603419e-01 -1.807908515133869187e-01
8.460192967555419941e-01 -9.335935546457740930e-01 7.990896567787904303e-02 -6.007127541462479181e-01 5.888168970438633076e-01 -2.422889721046833922e-01
5.714405585334650928e-01 -8.027791356778500864e-01 6.544185501354610190e-02 -4.659727614480858593e-01 5.229137279216165002e-01 -2.839464860426990089e-01
2.951014593427403465e-01 -6.778649054359069392e-01 3.540827307340784630e-02 -3.095178252893336368e-01 4.546838823641680127e-01 -3.063551812222322646e-01
4.284338702189739723e-02 -5.659964725723611867e-01 -3.313876657817375112e-03 -1.454165590631429916e-01 3.863693892748384928e-01 -3.110661899646274264e-01
-1.658638940843996656e-01 -4.719513249129049237e-01 -4.451540065194696527e-02 1.270994391001102966e-02 3.200725685273839716e-01 -3.004082588449263347e-01
-3.195860591869402190e-01 -3.969790976493756118e-01 -8.294168316279815212e-02 1.528295661390180193e-01 2.575993232683227441e-01 -2.772775344670690978e-01
-4.148797179688928916e-01 -3.389495912875907790e-01 -1.144893235754810140e-01 2.654120516577676003e-01 2.003401373885236592e-01 -2.449130824833629927e-01
-4.549656463628634628e-01 -2.934256233137067515e-01 -1.363083977839602279e-01 3.440260628788039399e-01 1.492187913251498410e-01 -2.066722515568397145e-01
-4.477616007082480531e-01 -2.550845887504271658e-01 -1.468124317771443421e-01 3.855852583558505575e-01 1.047140919643225476e-01 -1.658191290208605451e-01
-4.038328820557876009e-01 -2.190102446082636822e-01 -1.456046217827689782e-01 3.902375912429938420e-01 6.695882661310033346e-02 -1.253377611395483371e-01
-3.346032689117135472e-01 -1.815975647369455492e-01 -1.333340463990829450e-01 3.609052296175380148e-01 3.593318360055022809e-02 -8.777962098479012709e-02
-2.509539478889067365e-01 -1.410270389507773392e-01 -1.114992908643307606e-01 3.024546855948498369e-01 1.181943195674487780e-02 -5.515213516854889503e-02
-1.621554301821117594e-01 -9.743991842701849038e-02 -8.221890246980587125e-02 2.203219535381449046e-01 -4.245122612530292591e-03 -2.885209638451358485e-02
-7.479500350238665884e-02 -5.321609482894747167e-02 -4.798843447636579052e-02 1.178744585582059551e-01 -8.228744692630754476e-03 -9.644686434016962531e-03
8.756954401410568800e-03 -1.385991297383557842e-02 -1.144266260327031492e-02 -7.792219230345106239e-03 1.029324535512550834e-02 2.314179865250821054e-03
7.058412733764704572e-02 3.223266677001480895e-02 2.486087524497943707e-02 -1.318458093151336219e-01 3.348356111390687895e-02 7.417203696050291874e-03
1.053852189025482472e-01 8.589212730030947041e-02 5.862423861108100043e-02 -1.672450164587727661e-01 -1.976465181064224544e-02 6.514010082403667856e-03
1.354896450576876243e-01 1.222517006273964035e-01 8.794852314833725981e-02 -1.710235244915819519e-01 -8.793093918846436874e-02 7.973134686057170703e-04
1.579723525901312875e-01 1.435562679633432814e-01 1.114257371995134305e-01 -1.735920016812639299e-01 -1.377851726729450443e-01 -8.323245402435456436e-03
1.707629011176214073e-01 1.528389390026756167e-01 1.281825356110423697e-01 -1.754783733621484709e-01 -1.676978276876418261e-01 -1.934962418702873901e-02
1.732794927026687637e-01 1.529723449490356657e-01 1.378788735180483671e-01 -1.749602918996014111e-01 -1.799034153379318601e-01 -3.081688752030301015e-02
1.659809482362024913e-01 1.467426159739070590e-01 1.406676318270327630e-01 -1.705367212649142317e-01 -1.777975130893343081e-01 -4.139957653858532260e-02
1.501152279133503298e-01 1.367076078981410980e-01 1.371234367811424715e-01 -1.609195488723140222e-01 -1.656226800631263318e-01 -4.999660582070322018e-02
1.275013051341985226e-01 1.250384424952910023e-01 1.281501654361416886e-01 -1.448384653392325860e-01 -1.482905175193822700e-01 -5.579050656538641489e-02
1.003125633311666848e-01 1.134051653792385039e-01 1.148769959038711819e-01 -1.207153674466562021e-01 -1.313239544889091837e-01 -5.827915331396391063e-02
7.087235992277257646e-02 1.029163646824978601e-01 9.855240031231299325e-02 -8.709074615915175788e-02 -1.200735204001637801e-01 -5.728039319099880594e-02
4.149305943657968787e-02 9.409290895597612059e-02 8.044432723938974017e-02 -5.008740066459561879e-02 -1.119513102998274251e-01 -5.291205183882004975e-02
1.442757562100967228e-02 8.680959975646185267e-02 6.175316160377830599e-02 -2.625800920665063293e-02 -9.335602002387315135e-02 -4.555146074669348677e-02
-7.910945782974932242e-03 8.004447076943685402e-02 4.354209031576987410e-02 -1.499900020650970188e-02 -6.711659980421176563e-02 -3.577982413024050762e-02
-2.231337224759322863e-02 7.127735870396731399e-02 2.668744975842044648e-02 -9.781615308849187992e-03 -4.120405604824357859e-02 -2.431736219766751986e-02
-2.499328426079252402e-02 5.679394641108110459e-02 1.184967624436627023e-02 -8.016154224767568434e-03 -1.888755304124097034e-02 -1.195523099692437363e-02
-1.674485597210509033e-02 3.696374607909395232e-02 -5.362220973906780316e-04 -8.329296300462364980e-03 -1.540756349419657601e-03 5.102206542025044828e-04
-5.765478595046715990e-03 1.920117828995231840e-02 -1.025309466304624023e-02 -9.615193012318388674e-03 1.028039008831176972e-02 1.233614438592192490e-02
2.059220573817488378e-03 8.392324777641351971e-03 -1.728032202041501417e-02 -1.099213876535852334e-02 1.663989756958775962e-02 2.288125503295574195e-02
6.250413758401889702e-03 3.932250814538531224e-03 -2.176256631351902032e-02 -1.186036322391593491e-02 1.811845305473465395e-02 3.164096298326048856e-02
7.963169002143732217e-03 3.611330599992369425e-03 -2.397252122764605489e-02 -1.191391982631099210e-02 1.567401474338025666e-02 3.826857281434244140e-02
8.222524065079794137e-03 5.467462656819287517e-03 -2.427133993336318823e-02 -1.110463736239954147e-02 1.047687676207437364e-02 4.258274198878358313e-02
7.700714374166416597e-03 8.069090085455362521e-03 -2.306992493799373337e-02 -9.578485658485860754e-03 3.747728854199344154e-03 4.456240205150407280e-02
6.806065414683715349e-03 1.045854426841397872e-02 -2.079361172533027852e-02 -7.601638728193533222e-03 -3.380368436821254863e-03 4.433110816945048244e-02
5.776133386914108526e-03 1.206555847526077051e-02 -1.785205772889576423e-02 -5.487597462171191383e-03 -9.965220377697170742e-03 4.213327685911900239e-02
4.740387028299479499e-03 1.262985187742565393e-02 -1.461543657071147362e-02 -3.533774455465090499e-03 -1.531937802372947827e-02 3.830500194062076008e-02
3.759786764872778166e-03 1.213071945202291897e-02 -1.139739335275786157e-02 -1.975849419338310178e-03 -1.903252757460650174e-02 3.324213429286915905e-02
2.852587922264181435e-03 1.072005894979041925e-02 -8.444677929003918324e-03 -9.676499213246543768e-04 -2.095207020372662557e-02 2.736811691865906684e-02
2.013719566702625117e-03 8.657150935483314685e-03 -5.932956895767642867e-03 -5.885474671168616041e-04 -2.112757799185909641e-02 2.110373574950032485e-02
1.232262119023803861e-03 6.245790937775489403e-03 -3.968011581098327030e-03 -8.654475483211046495e-04 -1.973910085753072946e-02 1.484053108178475140e-02
5.069657596806242429e-04 3.778067840187933520e-03 -2.591346246810884244e-03 -1.773155358621827981e-03 -1.705133769548917294e-02 8.919160842823186872e-03
-1.445381640017718162e-04 1.492263545980071233e-03 -1.789138879980098568e-03 -3.168980614289218511e-03 -1.344196173431030233e-02 3.613551223663250250e-03
-6.868451585155706252e-04 -4.492033805226006409e-04 -1.503445753759222311e-03 -4.701015863887700319e-03 -9.467042344644011412e-03 -8.787630187830810635e-04
-1.076805836073394451e-03 -1.962496276211569881e-03 -1.644602455028375222e-03 -5.882932536522563795e-03 -5.771398065871703557e-03 -4.440103701103684589e-03
-1.276161001938672795e-03 -3.032481594825755990e-03 -2.103835551448053100e-03 -6.371262074875969940e-03 -2.807138172003986829e-03 -7.030271551146638140e-03
-1.260798979151784866e-03 -3.697603632480224705e-03 -2.765203378686551233e-03 -6.110987616963693692e-03 -6.926864621926082707e-04 -8.678993125503341524e-03
-1.024845027634787827e-03 -4.033361785134670884e-03 -3.516118953944393031e-03 -5.228225723754919251e-03 6.690816107515101026e-04 -9.474134466421563205e-03
-5.815635866560734399e-04 -4.134871510519090576e-03 -4.255872103598423196e-03 -3.892917385293654699e-03 1.439409958661162824e-03 -9.546854315555648035e-03
3.593770783917217554e-05 -4.098079251885611458e-03 -4.901759909125882539e-03 -2.270542823095376538e-03 1.780813163619898677e-03 -9.055046537434901024e-03
7.726503799907126664e-04 -4.000443909522780235e-03 -5.392648995923124237e-03 -5.324200280968632978e-04 1.854884160683338166e-03 -8.166526936189752797e-03
1.549386651560372965e-03 -3.884138613953398191e-03 -5.690018696697378420e-03 1.119008569014153616e-03 1.839110087740816702e-03 -7.043429414847770208e-03
2.264570733982325043e-03 -3.747361766498213259e-03 -5.776753161400665325e-03 2.435093159064286202e-03 1.938724386953682814e-03 -5.829162792691014103e-03
2.806978949064492697e-03 -3.551221889036922878e-03 -5.654140791324887769e-03 3.150328492615127925e-03 2.359761311743372152e-03 -4.639019017920974035e-03
3.084140844985997377e-03 -3.246787924610208386e-03 -5.337677448892110856e-03 3.111148817606913374e-03 3.187845655081974258e-03 -3.555107681326107570e-03
3.057955562004415883e-03 -2.813133041826039373e-03 -4.852336006344620638e-03 2.455212979326505326e-03 4.220390084079159512e-03 -2.625741060900293068e-03
2.762120819119529003e-03 -2.279814487458317867e-03 -4.227948362301703865e-03 1.568850315240073517e-03 5.022549658313673823e-03 -1.868769691371576901e-03
2.282496942428274053e-03 -1.713554541958465464e-03 -3.495249800379052283e-03 7.961712143084025443e-04 5.230983167690813306e-03 -1.277776715421734223e-03
1.714441551544203680e-03 -1.181838373900972409e-03 -2.682976578539034498e-03 2.827650830972774660e-04 4.719941044851822844e-03 -8.296180683830232678e-04
1.128059088725810385e-03 -7.233075558920903534e-04 -1.816214191234403769e-03 2.772369979399924963e-05 3.553731022178976615e-03 -4.916801517331585714e-04
5.561393921127422146e-04 -3.390724173546086589e-04 -9.159982290011273133e-04 -3.598838815889326704e-05 1.904162303970230539e-03 -2.274971563599676783e-04
9.584469946988679815e-15 -1.260718825385558526e-14 1.850606248454478895e-15 -4.728490467170473039e-15 1.125574671179999888e-14 3.900040035231372270e-15
9.584469946988679815e-15 -1.260718825385558526e-14 1.850606248454478895e-15 -4.728490467170473039e-15 1.125574671179999888e-14 3.900040035231372270e-15
-4.943722313642776589e-01 1.927915969257994799e+00 -9.026636650412058760e-01 -1.499215994354934134e+00 -1.361807881874015635e-01 1.183731830574460187e+00
-9.617374794189749165e-01 3.816421432838945638e+00 -1.803770172418801554e+00 -2.940068765202629386e+00 -2.977627461953264443e-01 2.337600836031087148e+00
-1.432814411494543361e+00 5.683893481384448165e+00 -2.701737579473341810e+00 -4.326387468422049132e+00 -4.506146277284970858e-01 3.434314405043074281e+00
-1.906456038264051189e+00 7.516976934242032726e+00 -3.594938076384668779e+00 -5.627691728378943381e+00 -5.997074866611711297e-01 4.451209751016005356e+00
-2.382002005442473536e+00 9.303023367614056127e+00 -4.481683443591636617e+00 -6.824423282940153435e+00 -7.451391654078236559e-01 5.371467345747329425e+00
-2.859343506717902272e+00 1.103025759932478067e+01 -5.360218368771393571e+00 -7.903878081638439745e+00 -8.864982941396984950e-01 6.184403874229329467e+00
-3.338564910184661727e+00 1.268752832738420722e+01 -6.228721151246018550e+00 -8.859272326789216834e+00 -1.023288336791673414e+00 6.885001339278051802e+00
-3.819813735843279545e+00 1.426428168501827010e+01 -7.085309692888500877e+00 -9.688624801920397545e+00 -1.155015246852212574e+00 7.472953728888856340e+00
-4.303247690701765826e+00 1.575059123632565239e+01 -7.928049597150883976e+00 -1.039349179642529464e+01 -1.281204913835597647e+00 7.951522610924850909e+00
-4.789012355773427210e+00 1.713718450418302552e+01 -8.754960907421617478e+00 -1.097774701558048527e+01 -1.401399315212992658e+00 8.326426784843887319e+00
-5.277234794918022054e+00 1.841544314836581364e+01 -9.564020532794350160e+00 -1.144654297239155838e+01 -1.515146205979454486e+00 8.604898620412820165e+00
-5.768026732124464928e+00 1.957736996675314600e+01 -1.035315853273372255e+01 -1.180551535225310289e+01 -1.621989108703108862e+00 8.794957221503512557e+00
-6.261492805734374834e+00 2.061552578435277283e+01 -1.112024779644951700e+01 -1.206023459989910762e+01 -1.721461451484309402e+00 8.904892158006665781e+00
-6.757739725671568998e+00 2.152294594863902688e+01 -1.186308783465358374e+01 -1.221587501911459483e+01 -1.813086870788175542e+00 8.942922148050097775e+00
-7.256882612580716874e+00 2.229304969404714498e+01 -1.257938405030598261e+01 -1.227705651488556704e+01 -1.896386065684329658e+00 8.916984319433373329e+00
-7.759045903472411965e+00 2.291955594248974748e+01 -1.326672381226507191e+01 -1.224781123017612217e+01 -1.970889089046250486e+00 8.834613503673162782e+00
-8.264357912949307661e+00 2.339641651722221738e+01 -1.392255002545113918e+01 -1.213163135295814676e+01 -2.036150764683546832e+00 8.702880637661502661e+00
-8.772940064023856621e+00 2.371777319783316784e+01 -1.454413203865309967e+01 -1.193156175647200534e+01 -2.091766244619171378e+00 8.528370055928164106e+00
-9.284893435275686002e+00 2.387793987797745032e+01 -1.512853320490336806e+01 -1.165030985948519771e+01 -2.137383719163464146e+00 8.317184464111873510e+00
-9.800286145646074587e+00 2.387140675847800608e+01 -1.567257480221730681e+01 -1.129035405102701795e+01 -2.172711981379201518e+00 8.074972393723745867e+00
-1.031914494766604307e+01 2.369286127442291345e+01 -1.617279780857442617e+01 -1.085404055359312991e+01 -2.197521783086302083e+00 7.806975711251944894e+00
-1.084145324643550978e+01 2.333722114493039612e+01 -1.662542741612495689e+01 -1.034366618632260426e+01 -2.211641415135080724e+00 7.518094759473544109e+00
-1.136715591971652373e+01 2.279967882713383176e+01 -1.702635003100099453e+01 -9.761550648973898348e+00 -2.214948335012930869e+00 7.212966835918394715e+00
-1.189616930666135630e+01 2.207576346239769194e+01 -1.737111835064385801e+01 -9.110106218088972696e+00 -2.207359597605566215e+00 6.896051035898323356e+00
-1.242839314165880538e+01 2.116143530576218268e+01 -1.765500616496670361e+01 -8.391914754474640858e+00 -2.188824076541267871e+00 6.571710060028683742e+00
-1.296372051015439553e+01 2.005323731584927671e+01 -1.787313980441329164e+01 -7.609821460637522073e+00 -2.159318927115488229e+00 6.244278283241127880e+00
-1.350204232274864857e+01 1.874853719750985093e+01 -1.802073646914341509e+01 -6.767051932751079413e+00 -2.118851568324838119e+00 5.918105783718799806e+00
-1.404324425490489503e+01 1.724589817994939267e+01 -1.809347948788586891e+01 -5.867354043086053572e+00 -2.067466946689699103e+00 5.597570356872428654e+00
-1.458719620123894778e+01 1.554561469581476629e+01 -1.808805468576858289e+01 -4.915159679357509859e+00 -2.005258372562928493e+00 5.287053638932193600e+00
1.458618517836871575e+01 -1.554584819700714249e+01 1.809502117920438025e+01 4.917130924794369307e+00 2.003299985937379457e+00 -5.285200094019934625e+00
1.511564819551666794e+01 -1.371644659111156983e+01 1.801433468653332781e+01 3.949330191654939703e+00 1.933405358665808205e+00 -4.999091709597643707e+00
1.564689451373858731e+01 -1.171020470961862969e+01 1.786007663709505522e+01 2.943057828660337716e+00 1.853726660695864004e+00 -4.730279539078340534e+00
1.617963369902562576e+01 -9.536455246811446074e+00 1.763617666691287411e+01 1.905468343319433933e+00 1.764535801058042974e+00 -4.482272341668082305e+00
1.671362682577760239e+01 -7.209241814334587772e+00 1.735036478725908538e+01 8.447082550378202104e-01 1.666183115333512710e+00 -4.258313363411270203e+00
1.724867583318930286e+01 -4.747987864500042399e+00 1.701475778918320003e+01 -2.301669641326548055e-01 1.559076891980478052e+00 -4.061331880840955755e+00
1.778460051201604131e+01 -2.177779308680346748e+00 1.664609949615452678e+01 -1.309343550067895601e+00 1.443659863244678876e+00 -3.893911833936981370e+00
1.832120890042240191e+01 4.709489457271242019e-01 1.626547176902534630e+01 -2.382462915916311985e+00 1.320387596686239062e+00 -3.758286345535537976e+00
1.885826820187822861e+01 3.163470336195611132e+00 1.589734992044759743e+01 -3.438885368541470200e+00 1.189712769159889438e+00 -3.656364641358135881e+00
1.939548294258991135e+01 5.862576644643617385e+00 1.556800514780275613e+01 -4.467984944986345575e+00 1.052077620324260776e+00 -3.589793365489295951e+00
1.993248509077181652e+01 8.530958729124884954e+00 1.530343380230071837e+01 -5.459452288356206218e+00 9.079148962155840774e-01 -3.560047917645931204e+00
2.046883780587563351e+01 1.113379776533200705e+01 1.512715670543697222e+01 -6.403582047841580582e+00 7.576557479562177067e-01 -3.568542192576986238e+00
2.100405117856444548e+01 1.364111854164700510e+01 1.505830591307541866e+01 -7.291524486940509142e+00 6.017417119771779621e-01 -3.616738417464801181e+00
2.153760561494204140e+01 1.602950489342069673e+01 1.511035671685824511e+01 -8.115487070754522136e+00 4.406372910738784454e-01 -3.706234312036796208e+00
2.206897708295671734e+01 1.828294618017151407e+01 1.529068748045552795e+01 -8.868879361979317366e+00 2.748398363252675947e-01 -3.838804050621653197e+00
2.259765858794012061e+01 2.039280082091142177e+01 1.560093230163248279e+01 -9.546401902355164282e+00 1.048842944155080059e-01 -4.016373479548645875e+00
2.312317385491141408e+01 2.235704399379262952e+01 1.603791638344524628e+01 -1.014408541602196401e+01 -6.865829198574177616e-02 -4.240918893279848945e+00
2.364508174977461152e+01 2.417905991024064249e+01 1.659488312627826545e+01 -1.065928976397228034e+01 -2.451881522464105512e-01 -4.514291536766552149e+00
2.416297270548654552e+01 2.586624177306426375e+01 1.726273739627874448e+01 -1.109067250066150123e+01 -4.240882845672533374e-01 -4.837985014980819010e+00
2.467646053591192157e+01 2.742860626051450978e+01 1.803110798955562188e+01 -1.143813523687032507e+01 -6.047373652321692550e-01 -5.212877309299439155e+00
2.518517391452417087e+01 2.887755393367701728e+01 1.888913175817866374e+01 -1.170275333882090862e+01 -7.865209395462641195e-01 -5.638990108028197668e+00
2.568875122764758956e+01 3.022484112415726898e+01 1.982595014813581002e+01 -1.188669192058010360e+01 -9.688379938784803524e-01 -6.115312799725407977e+00
2.618684068226058415e+01 3.148178469107590161e+01 2.083097017544124796e+01 -1.199310950275909704e+01 -1.151100864064273033e+00 -6.639734643346446141e+00
2.667910504707244002e+01 3.265869765204298858e+01 2.189397329384664914e+01 -1.202605053948839675e+01 -1.332727798332491664e+00 -7.209115503566336791e+00
2.716522805137249108e+01 3.376454393800655396e+01 2.300516140822867683e+01 -1.199032912472586077e+01 -1.513129155019999006e+00 -7.819504017078479308e+00
2.764491807095143727e+01 3.480679642409212704e+01 2.415521608575563661e+01 -1.189140792350515596e+01 -1.691689899561223287e+00 -8.466484908156184375e+00
2.811790485612200285e+01 3.579147812962827402e+01 2.533542148229109614e+01 -1.173527771686373455e+01 -1.867752459008716004e+00 -9.145608858161141441e+00
2.858392683354689012e+01 3.672335932180619977e+01 2.653786968023434412e+01 -1.152834280590695215e+01 -2.040604792032412185e+00 -9.852834380488179278e+00
2.904270957375367601e+01 3.760627324989943787e+01 2.775573450918120244e+01 -1.127731511206657800e+01 -2.209478487067724206e+00 -1.058489713338964755e+01
2.949393956851206156e+01 3.844350238115087137e+01 2.898357152684970828e+01 -1.098911513549907326e+01 -2.373560609363315255e+00 -1.133952238859902195e+01
2.993724048826906881e+01 3.923817826304372147e+01 3.021758213284979178e+01 -1.067077235958718617e+01 -2.532020455064528441e+00 -1.211541294673841307e+01
3.037216061330149230e+01 3.999363448512369246e+01 3.145577226025088891e+01 -1.032929185223759383e+01 -2.684069802346126021e+00 -1.291197647115309266e+01
3.079817948896863200e+01 4.071365591905902903e+01 3.269794271494497906e+01 -2.829163300709642392e+00 -9.971359942940502208e+00 -1.372879855147373185e+01
3.121473889068834850e+01 4.140257950459198355e+01 3.394546895183829349e+01 -2.966304575530198218e+00 -9.603902513075315284e+00 -1.456491373534526979e+01
3.162129832467193680e+01 4.206522185256948632e+01 3.520086047478934432e+01 -3.095465658147323218e+00 -9.232474270751477974e+00 -1.541796786038071687e+01
3.201740946901196594e+01 4.270663486786391871e+01 3.646712938523609182e+01 -3.216480187200155161e+00 -8.862118741086588258e+00 -1.628339313173674796e+01
3.240279841202513467e+01 4.333171913638376083e+01 3.774703731076602509e+01 -3.329522656006179471e+00 -8.496606229545575317e+00 -1.715372628692938406e+01
3.277744052827143406e+01 4.394475169628773159e+01 3.904232257249173443e+01 -3.435054418806921195e+00 -8.138208881940492745e+00 -1.801818686566402050e+01
3.314161133854167218e+01 4.454890535392556217e+01 4.035302798645842870e+01 -3.533784634570141137e+00 -7.787520301749233376e+00 -1.886259804183925937e+01
3.349589823092490093e+01 4.514584658703127218e+01 4.167704898060212315e+01 -3.626599562748739736e+00 -7.443427866689044770e+00 -1.966968166057729661e+01
3.384116238431004575e+01 4.573549519091550764e+01 4.300999964795366282e+01 -3.714460936293766835e+00 -7.103290779277846134e+00 -2.041970027551180777e+01
3.417844698188120134e+01 4.631601011360477571e+01 4.434545260400931710e+01 -3.798280400661536937e+00 -6.763348128798116754e+00 -2.109136213941107485e+01
3.450883577559518045e+01 4.688403398461800009e+01 4.567555245876153691e+01 -3.878780769645786553e+00 -6.419342824565429595e+00 -2.166286032159352715e+01
3.483327403869339634e+01 4.743518799095003402e+01 4.699194072679114242e+01 -3.956357393162551084e+00 -6.067303766738457504e+00 -2.211289266466779324e+01
3.515237077332027127e+01 4.796476546806697883e+01 4.828687213536978362e+01 -4.030954282463195426e+00 -5.704388163281623569e+00 -2.242151011797855276e+01
3.546620584701350509e+01 4.846853429580406214e+01 4.955435867130238847e+01 -4.101969813794033470e+00 -5.329657191255296134e+00 -2.257066786214800302e+01
3.577416800999782964e+01 4.894353182291241211e+01 5.079115688155190611e+01 -4.168205903464921924e+00 -4.944648632668953603e+00 -2.254440291725576984e+01
3.607484935496788836e+01 4.938872657218302464e+01 5.199742144143623079e+01 -4.227872571531106516e+00 -4.553624217722878953e+00 -2.232862603227602705e+01
3.636601885328766315e+01 4.980543061733672516e+01 5.317688524092617541e+01 -4.278656766267559419e+00 -4.163407802878439590e+00 -2.191058424495279411e+01
3.664469240350533141e+01 5.019737460742597079e+01 5.433648989227775417e+01 -4.317860101922876837e+00 -3.782789451191323149e+00 -2.127811216820378704e+01
3.690730964416459869e+01 5.057040087632849890e+01 5.548547258644371993e+01 -4.342604648260441458e+00 -3.421541981317123060e+00 -2.041883431422841255e+01
3.715001886035611989e+01 5.093178413319219544e+01 5.663400365143576209e+01 -4.350099100651812378e+00 -3.089169158835152196e+00 -1.931949996566149963e+01
3.736906089368458339e+01 5.128924787389031792e+01 5.779154975399639937e+01 -4.337949819479086422e+00 -2.793565029884796491e+00 -1.796562283740898636e+01
3.756123139193039151e+01 5.164980074052139969e+01 5.896519631546534868e+01 -4.304492990547020170e+00 -2.539798908550649159e+00 -1.634156138263004010e+01
3.772438859533583866e+01 5.201856225003903234e+01 6.015818808818337970e+01 -4.249116525760553209e+00 -2.329240356513798016e+00 -1.443111766562089393e+01
3.785796209861121042e+01 5.239777242966759019e+01 6.136893286734680686e+01 -4.172534550051390845e+00 -2.159199148353863951e+00 -1.221866177051014901e+01
3.796340798734141941e+01 5.278617623146978133e+01 6.259066045565666059e+01 -4.076974713388373139e+00 -2.023180370437370534e+00 -9.690714520159577461e+00
3.804454905542703358e+01 5.317893539237943656e+01 6.381184414834040552e+01 -3.966240262834053176e+00 -1.911755861073621166e+00 -6.837853370041452550e+00
3.810773718054023362e+01 5.356814785449622462e+01 6.501738694477700164e+01 -3.845615586545932718e+00 -1.813947365234583220e+00 -3.656752946055004116e+00
3.816177988063135729e+01 5.394395636562454399e+01 6.619046369548678399e+01 -3.721596072096888363e+00 -1.718923473107097477e+00 -1.521392286350490564e-01
3.821758561873001980e+01 5.429612005742691849e+01 6.731480786738970323e+01 -3.601440242206123798e+00 -1.617749072537884469e+00 3.661570759828440380e+00
3.828750285525171648e+01 5.461582737061067405e+01 6.837715050377077830e+01 -3.492563101842397266e+00 -1.504904485234468847e+00 7.759151566513031284e+00
3.838435555621963857e+01 5.489746673294951052e+01 6.936947013711107957e+01 -3.401812427767795466e+00 -1.379315787145297678e+00 1.210413464109978499e+01
3.852021125127580348e+01 5.514005682320239998e+01 7.029070457429253338e+01 -3.334691488346654520e+00 -1.244704258821322851e+00 1.664914596361406396e+01
3.870495420200958847e+01 5.534807334625853770e+01 7.114761471038482910e+01 -3.294608987139039158e+00 -1.109161210693228483e+00 2.133701827215802282e+01
3.894477230327235162e+01 5.553148433881570156e+01 7.195457892276428424e+01 -3.282246486507261363e+00 -9.839701084851141255e-01 2.610258686759122781e+01
3.924069784495417679e+01 5.570490398377584285e+01 7.273222982916145440e+01 -3.295132507738105065e+00 -8.818146888145251827e-01 3.087499128121118375e+01
3.958736470177456823e+01 5.588587857744551712e+01 7.350501010915628797e+01 -3.327499573694224555e+00 -8.146134844733080582e-01 3.558023826650823196e+01
3.997215337436853133e+01 5.609241742774162276e+01 7.429789785179283967e+01 -3.370476009155980890e+00 -7.912934236379566277e-01 4.014374603424507626e+01
4.037488640005457796e+01 5.633997543747753411e+01 7.513270422425981110e+01 -3.412630438560595003e+00 -8.158463372193235363e-01 4.449259265758947635e+01
4.076820662438245080e+01 5.663818831825734890e+01 7.602444532203321614e+01 -3.440847217191550733e+00 -8.859947798096245997e-01 4.855723455166799596e+01
4.111871791608825077e+01 5.698775823436982790e+01 7.697831089366815149e+01 -3.441470144065855941e+00 -9.927254947731143364e-01 5.227253892360984366e+01
4.138889319730122196e+01 5.737797662336496529e+01 7.798768542844663898e+01 -3.401614849515086192e+00 -1.120835008869721428e+00 5.557807659274239853e+01
4.153966354159634022e+01 5.778542300770778439e+01 7.903353200387267918e+01 -3.310522190906751039e+00 -1.250484945675387705e+00 5.841773452664823907e+01
4.153350530959192355e+01 5.817435077498913643e+01 8.008525513343481350e+01 -3.160810018377242514e+00 -1.359604887928630879e+00 6.073881574256544269e+01
4.133775548099609409e+01 5.849912169053583000e+01 8.110295523814775720e+01 -2.949481639843678060e+00 -1.426833400228558091e+00 6.249088416126573264e+01
4.092782622536099524e+01 5.870876350256313714e+01 8.204081231666782514e+01 -2.678567224769762944e+00 -1.434579641329851940e+00 6.362467277401985655e+01
4.028997309908288571e+01 5.875332892258605710e+01 8.285121377952151533e+01 -2.355307957308129918e+00 -1.371741223479314264e+00 6.409139768713279750e+01
3.942330317922152005e+01 5.859131414540635063e+01 8.348917297783231106e+01 -1.991838170866671476e+00 -1.235641840736421360e+00 6.384280379568066621e+01
3.834078362244785154e+01 5.819707794603041862e+01 8.391654981943084124e+01 -1.604372006158745867e+00 -1.032855086729236094e+00 6.283220779390612165e+01
3.706910887565278756e+01 5.756712449466767367e+01 8.410554469377494513e+01 -1.211951761094765434e+00 -7.787446838460244658e-01 6.101670073863833466e+01
3.564737799171930988e+01 5.672438221352873455e+01 8.404083748017917799e+01 -8.348602205322994685e-01 -4.957483272979983924e-01 5.836052810424812520e+01
3.412458509003954532e+01 5.572029836607843833e+01 8.371949179978719258e+01 -4.928369141138994602e-01 -2.106261339771389185e-01 5.483948784028537915e+01
3.255587408485264689e+01 5.463578956252442964e+01 8.314711290608252625e+01 -2.032674206859964861e-01 4.895044299564803303e-02 5.044599171114418823e+01
3.099719919111222666e+01 5.358431466405326660e+01 8.232704428321565615e+01 2.046729993600154493e-02 2.580028593791439118e-01 4.519424729980451616e+01
2.949696323051233549e+01 5.272546876167478302e+01 8.123426781301789390e+01 1.702902907771649266e-01 3.975627396069950081e-01 3.912487232345713295e+01
2.807944906682125463e+01 5.231298974089283860e+01 7.974815745374952769e+01 2.441839305380713032e-01 4.572936737855133882e-01 3.230819083822404991e+01
2.669990355720460329e+01 5.285804267941241363e+01 7.744796608169767183e+01 2.461395228769293619e-01 4.372119206080022913e-01 2.484552859124506341e+01
2.509264984017005062e+01 5.570686919330927367e+01 7.283007809261026466e+01 1.844478333101544354e-01 3.490048139543600603e-01 1.686810267802890451e+01
3.082927878985838532e+01 5.567318108291382117e+01 5.933492762566778822e+01 6.097484221066667986e-02 2.236800186322341344e-01 8.533911452982733792e+00
0.000000000000000000e+00 0.000000000000000000e+00 0.000000000000000000e+00 0.000000000000000000e+00 0.000000000000000000e+00 0.000000000000000000e+00
0.000000000000000000e+00 0.000000000000000000e+00 0.000000000000000000e+00 0.000000000000000000e+00 0.000000000000000000e+00 0.000000000000000000e+00
2.754427362671762936e+01 2.782071398112323379e+01 5.124443123070971495e+01 2.046480035970011102e-01 4.281860138658871162e-01 6.838550187696388782e+00
2.078117688974633381e+01 2.717069652365346144e+01 6.433519748679745476e+01 4.418154589777492647e-01 6.739942127746759715e-01 1.357243174236610095e+01
2.178780604535470999e+01 2.655139274889744883e+01 6.810508878855124237e+01 5.878001562267239910e-01 7.962302764625076579e-01 2.003538881591764209e+01
2.439789878305031934e+01 2.719498008669783928e+01 6.960362492757271013e+01 5.954069431034403337e-01 7.692174562073810229e-01 2.611260644167113298e+01
2.753143812958407821e+01 2.861948024361275600e+01 7.034419195217172671e+01 4.486523499720289632e-01 5.830153599856159330e-01 3.169984794617982971e+01
3.088593977053858097e+01 3.036482193126783358e+01 7.076609588708106457e+01 1.559081093606662916e-01 2.504127381477382897e-01 3.670957842755925071e+01
3.444086448205143824e+01 3.190654320751424322e+01 7.102373871759466795e+01 -2.529711001298101114e-01 -1.947095256561839627e-01 4.107339875038681498e+01
3.900386398319646730e+01 3.199378089843503048e+01 7.117528470635673443e+01 -7.324154345011135714e-01 -7.021622070642641322e-01 4.474293558593809195e+01
5.267788289295767612e+01 2.217234246015724608e+01 7.124155042701727325e+01 -1.234247217066253732e+00 -1.207419173290176007e+00 4.768953719727961982e+01
4.435346857848715274e+01 3.330793354369325243e+01 7.122879225444947338e+01 -1.716895187141972867e+00 -1.639594009328130708e+00 4.990300117080250430e+01
4.331025458716285925e+01 3.600034471257681190e+01 7.113893861302976518e+01 -2.070321977356598175e+00 -2.013093591894218548e+00 5.138958228761001124e+01
4.341117641610215827e+01 3.639407858615816593e+01 7.097440968419385854e+01 -2.310153076400889294e+00 -2.246908953625474492e+00 5.216954846676599544e+01
4.419724043584073314e+01 3.507293347163405173e+01 7.074013805984999692e+01 -2.422832514027358997e+00 -2.327748978073619579e+00 5.227454801805296114e+01
4.898378193269535785e+01 2.893782113994266680e+01 7.044397808353514279e+01 -2.498413578545102709e+00 -2.179323028870808532e+00 5.174502148745320795e+01
4.844429925051854013e+01 2.758601872415998457e+01 7.009617511012929469e+01 -2.266157910598133540e+00 -2.122546016161469318e+00 5.062784131808937360e+01
4.070439520136110900e+01 3.317612766711982886e+01 6.970834067419509950e+01 -2.041451570679313043e+00 -1.919110747799132710e+00 4.897430002053076947e+01
3.813109401868115356e+01 3.360069065068005045e+01 6.929225547766169768e+01 -1.808465603959094281e+00 -1.675765498057128600e+00 4.683850132414944056e+01
3.655207165405414571e+01 3.323766691274419571e+01 6.885873442539075029e+01 -1.600518597904975193e+00 -1.449589090820442294e+00 4.427614769540100781e+01
3.544017881814863102e+01 3.274857049943805265e+01 6.841671300348950524e+01 -1.452970169356895713e+00 -1.281768928338600233e+00 4.134366930262928719e+01
3.465796781175146180e+01 3.232908275542941112e+01 6.797264587586408879e+01 -1.391006959799989007e+00 -1.199542613864948093e+00 3.809760916116969298e+01
3.413166166691357262e+01 3.204114069210228166e+01 6.753024882492455561e+01 -1.425686652688728850e+00 -1.214327406657277564e+00 3.459416858664173589e+01
3.379004302446107744e+01 3.188821797401964631e+01 6.709056801243080770e+01 -1.553400010907185713e+00 -1.321446132083274660e+00 3.088882436062387882e+01
3.355274246412612627e+01 3.184602705628450536e+01 6.665232707841137483e+01 -1.758037533864691859e+00 -1.501879135199304827e+00 2.703594930257400719e+01
3.333024407163737379e+01 3.188308984615814623e+01 6.621248038789474322e+01 -2.015401206656709743e+00 -1.725484174668533432e+00 2.308839470979455299e+01
3.302362539712272849e+01 3.198031813356923436e+01 6.576688654608267370e+01 -2.299505259331496188e+00 -1.954521823470669162e+00 1.909701984709156619e+01
3.251701898903085919e+01 3.215437079944800303e+01 6.531100922008522502e+01 -2.590761011701040673e+00 -2.145766298452369547e+00 1.511017533433062709e+01
3.167325470869314685e+01 3.247280980609457401e+01 6.484055431734473984e+01 -2.884732115424224475e+00 -2.250882535105418913e+00 1.117316134339850819e+01
3.053746569780489395e+01 3.285556176981392440e+01 6.435196632136651829e+01 -3.180932228005327378e+00 -2.234309164081124344e+00 7.327688018111032875e+00
3.022011315425669764e+01 3.219134514834026106e+01 6.384273234128634300e+01 -3.400489548817049901e+00 -2.159049422502184790e+00 3.611366481619576962e+00
3.130048053351255533e+01 2.992887867881595554e+01 6.331147651853545000e+01 -3.426734831191247999e+00 -2.146124401072629251e+00 5.725704734605753521e-02
3.167306660070520863e+01 2.822187992865008255e+01 6.275786295358179245e+01 -3.311192359950239084e+00 -2.165573802719291674e+00 -3.306500740404261229e+00
3.118461584745579884e+01 2.728185976770882704e+01 6.218235445531104943e+01 -3.163659827545846071e+00 -2.141120456229091751e+00 -6.456952710272007678e+00
3.041572353517034699e+01 2.658652111139445040e+01 6.158589107215960468e+01 -3.030744863463837646e+00 -2.065196374747285901e+00 -9.376466526233565801e+00
2.956832022576525176e+01 2.598392378913202094e+01 6.096955403214006708e+01 -2.925410134864095291e+00 -1.962909108646829770e+00 -1.205271942896573023e+01
2.870282654322894800e+01 2.544961313647191758e+01 6.033426907243541137e+01 -2.854994363913684552e+00 -1.858489222559372767e+00 -1.447852255417618572e+01
2.783513771009528526e+01 2.498697513704009765e+01 5.968058321167772107e+01 -2.825155379316056425e+00 -1.767511225171457090e+00 -1.665147811847698023e+01
2.695970896495493108e+01 2.460442784604291333e+01 5.900852732155883729e+01 -2.839042378774314201e+00 -1.695962666577623068e+00 -1.857348161549025534e+01
2.605313972699451242e+01 2.431450208241955124e+01 5.831755914756556081e+01 -2.897435805126348463e+00 -1.640429582708343936e+00 -2.025009955522224203e+01
2.506488024163186523e+01 2.414736970156995710e+01 5.760657098233010487e+01 -3.000575752421548614e+00 -1.588353181253031599e+00 -2.168987021692144168e+01
2.386386313169145978e+01 2.420910344710430451e+01 5.687394318257842940e+01 -3.151490909332424373e+00 -1.517983747427005481e+00 -2.290358579940437522e+01
2.179999687838081357e+01 2.512487752923653872e+01 5.611762684408850532e+01 -3.359017736693765688e+00 -1.399162501172867223e+00 -2.390361556106247320e+01
1.715953057312624708e+01 2.858742378941787265e+01 5.533524288092653620e+01 -3.628458181857201481e+00 -1.206310655720340019e+00 -2.470331960599834531e+01
2.121538831292383520e+01 2.330921897245480423e+01 5.452418769422356348e+01 -3.897910280871534461e+00 -9.850343132968125692e-01 -2.531658344716962716e+01
2.177250617373725916e+01 2.147821702252738874e+01 5.368173632808895945e+01 -3.983994777641539642e+00 -9.082567169318250810e-01 -2.575747872640666003e+01
2.202773917886909416e+01 1.989765783332592264e+01 5.280513304265315355e+01 -3.869594229383406248e+00 -9.891229970356021362e-01 -2.604003153999430253e+01
2.230377167123169357e+01 1.825081364642406712e+01 5.189165835092799028e+01 -3.729918692009491998e+00 -1.054444930370732614e+00 -2.617806268238625123e+01
2.273550336633676849e+01 1.641261234462797347e+01 5.093866273295233071e+01 -3.639102676514984758e+00 -1.036739197059116879e+00 -2.618505787708958721e+01
2.342954961364699074e+01 1.428794111353117913e+01 4.994356159405238316e+01 -3.595066216445448326e+00 -9.474925698274508923e-01 -2.607403167502740615e+01
2.435941023542849493e+01 1.191446971065488647e+01 4.890379323924620536e+01 -3.578130884148895241e+00 -8.165589064516561857e-01 -2.585736371401670297e+01
2.473905156037787378e+01 1.008753545633513582e+01 4.781674987852003511e+01 -3.559265935593492358e+00 -6.821644069072558825e-01 -2.554660537916205953e+01
2.298186769140865948e+01 1.040027368766484450e+01 4.667969829736752985e+01 -3.483892653293321207e+00 -6.058452448225114528e-01 -2.515227251426702892e+01
1.990845560389587021e+01 1.203557197054486672e+01 4.548970935533495208e+01 -3.226881677630210277e+00 -7.168063566080671301e-01 -2.468365055018515264e+01
1.711693528770691231e+01 1.339601842914430030e+01 4.424361267807603326e+01 -2.605944471679250363e+00 -1.198494375108370757e+00 -2.414863957371805014e+01
1.488500736260485446e+01 1.420248366404388385e+01 4.293798541251369727e+01 -1.777877072421998772e+00 -1.892814809444505419e+00 -2.355365904302020752e+01
1.314480212500018652e+01 1.452009072324866601e+01 4.156917414957034396e+01 -1.147797716472585661e+00 -2.391673832600668792e+00 -2.290361857320931449e+01
1.185439190382238017e+01 1.438752634788495577e+01 4.013334055592373062e+01 -7.491205927570214751e-01 -2.657903159915490310e+00 -2.220194763192764853e+01
1.098240244587979753e+01 1.383312649686573081e+01 3.862651719557440799e+01 -4.908128384972269553e-01 -2.778841068133460546e+00 -2.145066810871525931e+01
1.045686637689442477e+01 1.292651665340877543e+01 3.704466235212777292e+01 -4.024971471713448268e-01 -2.721875698821520917e+00 -2.065049268142299255e+01
1.015883246913979399e+01 1.178526886859595990e+01 3.538371104141358359e+01 -7.312754159660811437e-01 -2.238005850461127988e+00 -1.980093886983077311e+01
9.956506685728101047e+00 1.054081565732793102e+01 3.363963117655747226e+01 -1.228584119279604980e+00 -1.575100441683713992e+00 -1.890046080491908498e+01
9.741739730485019066e+00 9.301847485000211080e+00 3.180850477286222855e+01 -1.464582326970026438e+00 -1.163396750531234147e+00 -1.794661318734372912e+01
9.445574775719292049e+00 8.138533481220772359e+00 2.988665966407688401e+01 -1.514258987447699933e+00 -9.291226515016228760e-01 -1.693626944564352854e+01
9.035089609372166208e+00 7.085386724040977136e+00 2.787087422406971626e+01 -1.471809980598162593e+00 -7.797753649010628063e-01 -1.586591497221025726e+01
8.502036839747802333e+00 6.152322763803698358e+00 2.575866531996635445e+01 -1.380473974927013403e+00 -6.739448066424909012e-01 -1.473202552649291341e+01
7.850554112922250916e+00 5.336685265548889667e+00 2.354865041558553074e+01 -1.258132134815492353e+00 -5.954355266483369880e-01 -1.353152263783483633e+01
7.086305783426310789e+00 4.633913839365399134e+00 2.124095317178354136e+01 -1.098492380234811217e+00 -5.519010123187070294e-01 -1.226227682648345585e+01
6.206246932046219023e+00 4.047686731272050586e+00 1.883760402746336737e+01 -6.547589608499130298e-01 -7.910985364106523088e-01 -1.092361144829634689e+01
5.191434369007020599e+00 3.597120401421913360e+00 1.634287843894248127e+01 -3.264403741004681114e-01 -9.140985279453263113e-01 -9.516749949607522296e+00
4.039387708350622219e+00 3.284510122954791722e+00 1.376351865859996693e+01 -2.629006677905967315e-01 -7.718154003988161316e-01 -8.045149994687470496e+00
2.890326425356597007e+00 2.969254456072472070e+00 1.110879960741345052e+01 -1.987969103168648333e-01 -6.296825919541316763e-01 -6.514678995473866863e+00
1.950338345041468191e+00 2.444864274993375997e+00 8.390421556492988486e+00 -1.339228783531049294e-01 -4.879193264624075432e-01 -4.933604071226273646e+00
1.214837696227787145e+00 1.715651851251179139e+00 5.622235867219078642e+00 -7.373898404160790510e-02 -3.410851565416755937e-01 -3.312391015764790669e+00
5.867666525386917575e-01 8.786093067920197619e-01 2.819828925955603527e+00 -2.760666685916291982e-02 -1.798919415344445161e-01 -1.663327233949566830e+00
1.117607660347625420e-15 9.617689890075814576e-15 2.172558206895225972e-15 2.037646417101656149e-15 2.301711745347250028e-15 -1.944870626085321414e-15
1.117607660347625420e-15 9.617689890075814576e-15 2.172558206895225972e-15 2.037646417101656149e-15 2.301711745347250028e-15 -1.944870626085321414e-15
1.235853750260255540e-01 -1.244260528710080110e-01 3.817379776191659398e-05 -1.862541137646830589e-02 1.719254101875165169e-02 -3.386008594155042470e-04
6.383960357088463988e-02 -6.550193577608737217e-02 7.823068452964626553e-05 -1.129284855371909778e-02 8.481984969190390841e-03 -6.865457739017505117e-04
4.081429775964270229e-02 -4.326107025830022712e-02 1.219464184521663105e-04 -8.825912724897208225e-03 4.744022481748219090e-03 -1.051568802523171085e-03
2.850500881614968784e-02 -3.168244137884877742e-02 1.708897319410782457e-04 -7.799446752667498449e-03 2.600345551018935775e-03 -1.438486051626162868e-03
2.070901641195573711e-02 -2.454909746073602114e-02 2.263373846589716517e-04 -7.318242373121561402e-03 1.195481979817419665e-03 -1.848402481572927660e-03
1.528511619561174692e-02 -1.970853052253496163e-02 2.892100634188671401e-04 -7.057628212164643311e-03 2.361950860648002494e-04 -2.278507988206635373e-03
1.130752702735430930e-02 -1.622702772704664315e-02 3.600337942033632311e-04 -6.872955023190100050e-03 -3.995649474208922661e-04 -2.722405505749607782e-03
8.312094468271332207e-03 -1.363614615937294022e-02 4.389297745357427917e-04 -6.692198166828998429e-03 -7.700568940943861755e-04 -3.170828749567821975e-03
6.038650940974002283e-03 -1.167515576308460375e-02 5.256335686834068570e-04 -6.478094424821173244e-03 -9.072253350804589328e-04 -3.612579470782888678e-03
4.326695023692657405e-03 -1.018660727106974855e-02 6.195425752088346092e-04 -6.212102055964896508e-03 -8.321089284956605884e-04 -4.035530686828276391e-03
3.067857775452976794e-03 -9.068498147392420675e-03 7.197887032363240595e-04 -5.886545716191857527e-03 -5.619241994015998281e-04 -4.427581264506120010e-03
2.182387105084632444e-03 -8.250283495217997434e-03 8.253314195604479105e-04 -5.500297422939023559e-03 -1.135426196364088653e-04 -4.777489581900995486e-03
1.606882833011948931e-03 -7.679990641198944888e-03 9.350648679995774782e-04 -5.056181785703819584e-03 4.947877843894324260e-04 -5.075549122479498278e-03
1.287742524337190777e-03 -7.316932210063780556e-03 1.047931706839744714e-03 -4.559317277425977387e-03 1.242667672174854873e-03 -5.314093423032918359e-03
1.177690973562729466e-03 -7.127431895239676705e-03 1.163035729100150026e-03 -4.016016207860818692e-03 2.107330595639895186e-03 -5.487832854116055439e-03
1.234047437778729769e-03 -7.082262396374936105e-03 1.279745256104959823e-03 -3.433046656425604772e-03 3.063782397962970874e-03 -5.594033954033898748e-03
1.417991252533900431e-03 -7.155102821230125559e-03 1.397779732892262105e-03 -2.817145531605788102e-03 4.085177927826141170e-03 -5.632556123565192301e-03
1.694393036678301006e-03 -7.321627903620488154e-03 1.517272875472440484e-03 -2.174715590431899361e-03 5.143359453003756160e-03 -5.605762434138323626e-03
2.031943616967956355e-03 -7.559002213066606454e-03 1.638807075430135166e-03 -1.511662531228697955e-03 6.209502899823737647e-03 -5.518322269028376817e-03
2.403407605477650855e-03 -7.845640971708117695e-03 1.763415480265937427e-03 -8.333410719701374531e-04 7.254829909966295856e-03 -5.376924184796212126e-03
2.785886971103057781e-03 -8.161149360969678981e-03 1.892550149055455700e-03 -1.445859888731877338e-04 8.251350665820446698e-03 -5.189917952008538463e-03
3.161018747899604475e-03 -8.486381626423556562e-03 2.028016818839027506e-03 5.501920692857169412e-04 9.172606971683077565e-03 -4.966905193824270627e-03
3.515058657229193969e-03 -8.803578880913893318e-03 2.171879006879080462e-03 1.246864139960903633e-03 9.994388532806385700e-03 -4.718298357546809978e-03
3.838823347083017163e-03 -9.096555305985864343e-03 2.326336286908245021e-03 1.941410948021593920e-03 1.069539831437333992e-02 -4.454867721719397294e-03
4.127480459665318173e-03 -9.350909249104168847e-03 2.493583501262285323e-03 2.629737760865872524e-03 1.125784567023113171e-02 -4.187295700409275449e-03
4.380188981616958861e-03 -9.554240172348536786e-03 2.675659292077586012e-03 3.307491914878583992e-03 1.166794874653543680e-02 -3.925756748813324579e-03
4.599602961495422720e-03 -9.696355541499453168e-03 2.874293546510420239e-03 3.969898084060548803e-03 1.191633052117654912e-02 -3.679539630650156996e-03
4.791259990975279236e-03 -9.769454147736722494e-03 3.090764055429322775e-03 4.611625296885839970e-03 1.199829577224071492e-02 -3.456726679972457490e-03
4.962881984474576229e-03 -9.768274400392832138e-03 3.325772814459442873e-03 5.226698253659613387e-03 1.191397927637185931e-02 -3.263942005267775510e-03
5.123619889920477850e-03 -9.690198017695734328e-03 3.579351871261592533e-03 5.808463597719178660e-03 1.166835859254255862e-02 -3.106177388952839017e-03
5.283276106498331799e-03 -9.535301374632838139e-03 3.850807416362965734e-03 6.349619440800742184e-03 1.127112791888793333e-02 -2.986701048282042453e-03
5.451538691393586177e-03 -9.306348543370699875e-03 4.138708882321955572e-03 6.842313662626981971e-03 1.073643270739066402e-02 -2.907050560664247232e-03
5.637260057276213127e-03 -9.008721725336781005e-03 4.440927167121650615e-03 7.278313324271977990e-03 1.008246802442033796e-02 -2.867107285046598120e-03
5.847809975108399227e-03 -8.650286218197791518e-03 4.754722720579113160e-03 7.649244026435101859e-03 9.330947060817282659e-03 -2.865245692219562258e-03
6.088528538420963365e-03 -8.241188151015290536e-03 5.076880193163521397e-03 7.946894279980820999e-03 8.506449766332737847e-03 -2.898547357732772674e-03
6.362299522755213328e-03 -7.793583823105450746e-03 5.403881728209270797e-03 8.163576032102543359e-03 7.635665300955294353e-03 -2.963066142588920149e-03
6.669258599725956353e-03 -7.321299550115316010e-03 5.732105990307896810e-03 8.292528532618284945e-03 6.746545855135348442e-03 -3.054128483901286367e-03
7.006644383822983185e-03 -6.839420579186417277e-03 6.058035061756512907e-03 8.328348862833678812e-03 5.867393339674827589e-03 -3.166650905263756338e-03
7.368793589566493066e-03 -6.363807280225060141e-03 6.378447086712902246e-03 8.267428859218236767e-03 5.025904373380660900e-03 -3.295455957136665583e-03
7.747274942773592875e-03 -5.910537327683364379e-03 6.690570109578831103e-03 8.108375049559673337e-03 4.248202765817718669e-03 -3.435567940169262369e-03
8.131150152338588108e-03 -5.495275212964285949e-03 6.992173422884216324e-03 7.852385805021514648e-03 3.557892059644037971e-03 -3.582470955613246879e-03
8.507344434002327149e-03 -5.132576751695852937e-03 7.281578659729782445e-03 7.503558469535794376e-03 2.975163402214639485e-03 -3.732314090759492834e-03
8.861104001784633061e-03 -4.835147390669557177e-03 7.557585010552039621e-03 7.069099044061909198e-03 2.515995714681952111e-03 -3.882051790913795038e-03
9.176513720236787602e-03 -4.613088749309865455e-03 7.819321012296223672e-03 6.559408360179964925e-03 2.191485465220145354e-03 -4.029511554272453833e-03
9.437044935747753924e-03 -4.473184880326804350e-03 8.066056111621025190e-03 5.988021850842161972e-03 2.007341955962772644e-03 -4.173385795513287998e-03
9.626101503095800885e-03 -4.418292061641896327e-03 8.297022251065287735e-03 5.371385208198636504e-03 1.963580584639519882e-03 -4.313149797095508151e-03
9.727531537785957458e-03 -4.446895920807217989e-03 8.511300873551765067e-03 4.728455522698445622e-03 2.054440792825303931e-03 -4.448912770185030514e-03
9.726074012254269999e-03 -4.552882299141988373e-03 8.707818036943907117e-03 4.080126839653082198e-03 2.268547268320506103e-03 -4.581213836244308821e-03
9.607714278738939753e-03 -4.725535854360912204e-03 8.885460456535886759e-03 3.448490200498063266e-03 2.589322519337312108e-03 -4.710778854885372229e-03
9.359933464727460475e-03 -4.949744994216928248e-03 9.043287314971006421e-03 2.855950602544689385e-03 2.995646508556617637e-03 -4.838257122655429537e-03
8.971858177709086252e-03 -5.206372583629509214e-03 9.180780724916034682e-03 2.324236147432160587e-03 3.462745205924935236e-03 -4.963958772514910633e-03
8.434357015195423010e-03 -5.472768948911084508e-03 9.298063502669774369e-03 1.873346899803274767e-03 3.963275532670192287e-03 -5.087614023240628891e-03
7.740199914792935537e-03 -5.723471705139528305e-03 9.396019916481883685e-03 1.520501398986712650e-03 4.468560268394298866e-03 -5.208174155620682449e-03
6.884504063168845646e-03 -5.931259082390406487e-03 9.476277735709592170e-03 1.279146070534735707e-03 4.949914281435506547e-03 -5.323671300890149040e-03
5.865822986529192241e-03 -6.068877034867099958e-03 9.541038301700853486e-03 1.158095699685860944e-03 5.379994134570140543e-03 -5.431149962006397852e-03
4.688314418347044356e-03 -6.111857537239997334e-03 9.592766638675316593e-03 1.160870709001054308e-03 5.734097836985977553e-03 -5.526677988655763832e-03
3.365241323294652486e-03 -6.042675831619764328e-03 9.633771635029521330e-03 1.285288697433137816e-03 5.991341118479666036e-03 -5.605438889614315287e-03
1.923307972968426064e-03 -5.855747014478332284e-03 9.665716966353403092e-03 1.523353630405378150e-03 6.135641569220208133e-03 -5.661901351622926522e-03
4.059306861297819354e-04 -5.561361535969166527e-03 9.689109160046966568e-03 1.861467042085291528e-03 6.156452293479241535e-03 -5.690056173648033212e-03
-1.127655693410422374e-03 -5.185461407267311605e-03 9.702812537555970118e-03 2.280963089533431017e-03 6.049201809780527066e-03 -5.683705953119223137e-03
-1.127655693410422374e-03 -5.185461407267311605e-03 9.702812537555970118e-03 2.280963089533431017e-03 6.049201809780527066e-03 -5.683705953119223137e-03
6.333473699231614296e-01 2.807572186687040450e+00 -2.708671130363459412e+00 -9.935775225702412339e-01 -3.326840042730188074e-01 6.720329397691523488e-01
1.264344677195469835e+00 5.561238841762795815e+00 -5.368552708872638135e+00 -1.986569987532191384e+00 -6.697115974948628647e-01 1.348907724309837297e+00
1.888136582381601869e+00 8.201496935891974260e+00 -7.915762877453024871e+00 -2.973517696974128377e+00 -1.003081874450673538e+00 2.024003229634659728e+00
2.501010482290418668e+00 1.068254046334856078e+01 -1.030464308385217365e+01 -3.951238637096682549e+00 -1.330843090686395058e+00 2.696328955185541165e+00
3.099296644786299293e+00 1.296940312168250209e+01 -1.250041065651306660e+01 -4.916563595711062717e+00 -1.651054024250448560e+00 3.364816780817261765e+00
3.679399462838202517e+00 1.503864771945280943e+01 -1.447987114581197687e+01 -5.866351028908717069e+00 -1.961797424490045350e+00 4.028301427608773189e+00
4.237831513270957196e+00 1.687765451550185247e+01 -1.623072269934925771e+01 -6.797499252533667047e+00 -2.261196319934865251e+00 4.685506659715830580e+00
4.771249292853586788e+00 1.848297528593949224e+01 -1.774991750354936570e+01 -7.706954832413886791e+00 -2.547432756898274420e+00 5.335037208240500206e+00
5.276489082661961483e+00 1.985825902038277491e+01 -1.904158544859960855e+01 -8.591716452320325104e+00 -2.818768167200673247e+00 5.975375644663747821e+00
5.750601077590325794e+00 2.101216046104739021e+01 -2.011493157723425185e+01 -9.448833940266496256e+00 -3.073564267908089231e+00 6.604882772871764729e+00
6.190879769774989327e+00 2.195649402662071026e+01 -2.098237123499480461e+01 -1.027540246712710470e+01 -3.310303217440869084e+00 7.221799615783736748e+00
6.594888638739462294e+00 2.270475480676682167e+01 -2.165802682408079605e+01 -1.106855215026448391e+01 -3.527605715543783660e+00 7.824248792579045819e+00
6.960477501955509183e+00 2.327102551857464974e+01 -2.215660782043260468e+01 -1.182543337674704809e+01 -3.724245846559970374e+00 8.410233035372097987e+00
7.285791412625772345e+00 2.366922835443740070e+01 -2.249263595330009124e+01 -1.254319810947541924e+01 -3.899161715119816574e+00 8.977628771431918508e+00
7.569270718822047606e+00 2.391265494937438518e+01 -2.267995157971619591e+01 -1.321897728172559461e+01 -4.051461283007620651e+00 9.524173064717807335e+00
7.809642748748127694e+00 2.401370412907310481e+01 -2.273143321866606215e+01 -1.384985416521281465e+01 -4.180423244744528866e+00 1.004744271536062783e+01
8.005906462966343895e+00 2.398376519318625810e+01 -2.265886954027724798e+01 -1.443283336780156212e+01 -4.285493228253157483e+00 1.054482489397413758e+01
8.157312202161181247e+00 2.383319704571610842e+01 -2.247293474348112952e+01 -1.496480493618646790e+01 -4.366276024403258127e+00 1.101347927529045201e+01
8.263339243722590766e+00 2.357136634340769632e+01 -2.218323016121912872e+01 -1.544250296006731737e+01 -4.422524887495265844e+00 1.145029217942901489e+01
8.323674163747185162e+00 2.320671899915432235e+01 -2.179836523278614635e+01 -1.586245814500844986e+01 -4.454129169458757254e+00 1.185182369733458607e+01
8.338192917529505976e+00 2.274686817219802748e+01 -2.132605910610737254e+01 -1.622094408308447200e+01 -4.461101629435557214e+00 1.221424916911924541e+01
8.306949082233597181e+00 2.219868831641736051e+01 -2.077325017123807172e+01 -1.651391744399786532e+01 -4.443566690410059472e+00 1.253329673918882925e+01
8.230169885110223404e+00 2.156840926689328697e+01 -2.014620514307438270e+01 -1.673695308250027836e+01 -4.401750706696613058e+00 1.280418311530828746e+01
8.108260558046596955e+00 2.086170714546177507e+01 -1.945062232494674959e+01 -1.688517617777951330e+01 -4.335974988268921138e+00 1.302155024590627086e+01
7.941816348031373707e+00 2.008379047586787181e+01 -1.869172577023883619e+01 -1.695319508668062269e+01 -4.246651941110878070e+00 1.317940658917479446e+01
7.731640335227023542e+00 1.923948068898000585e+01 -1.787434851185390983e+01 -1.693504074722907760e+01 -4.134284275659162233e+00 1.327107821564338863e+01
7.478764233522672278e+00 1.833328647759596208e+01 -1.700300406247649931e+01 -1.682412139615837177e+01 -3.999466857812045362e+00 1.328917743416719865e+01
7.184468721412796022e+00 1.736947147436487526e+01 -1.608194614466354011e+01 -1.661320526647237017e+01 -3.842890473239635618e+00 1.322560022932879420e+01
6.850299680106687106e+00 1.635211465884424697e+01 -1.511521717662081521e+01 -1.629444896210707228e+01 -3.665346579076754985e+00 1.307156873861108970e+01
6.478077047143641742e+00 1.528516287454479894e+01 -1.410668646615010147e+01 -1.585949533142534307e+01 -3.467732045797000673e+00 1.281774125196849567e+01
6.069893805177052570e+00 1.417247492076778315e+01 -1.306007937591986767e+01 -1.529967140835181993e+01 -3.251052948384896446e+00 1.245441928927342445e+01
5.628103830111564676e+00 1.301785688930457141e+01 -1.197899892848936076e+01 -1.460632307262758189e+01 -3.016426638203804966e+00 1.197188786756671774e+01
5.155298789208195842e+00 1.182508869970440912e+01 -1.086694142446328648e+01 -1.377132590867634931e+01 -2.765081596933118835e+00 1.136092846044198801e+01
4.654275879704150576e+00 1.059794203528712231e+01 -9.727307656766376098e+00 -1.278780697782233133e+01 -2.498354934333927080e+00 1.061353999103410217e+01
4.127999921657574234e+00 9.340189836314051419e+00 -8.563411226269678878e+00 -1.165109374969011924e+01 -2.217687895705170220e+00 9.723885396626910094e+00
3.579565632232198258e+00 8.055606446768630136e+00 -7.378485310885221971e+00 -1.035986739473849383e+01 -1.924620681810797596e+00 8.689443252510200111e+00
3.012171201386099284e+00 6.747952852764416143e+00 -6.175689027567512923e+00 -8.917432845992584234e+00 -1.620790546808442700e+00 7.512281753869411105e+00
2.429134149258826980e+00 5.420921499795617216e+00 -4.958114272886187557e+00 -7.332925376097556125e+00 -1.307948043828004447e+00 6.200290429017162985e+00
1.834082106566210069e+00 4.077912702262203481e+00 -3.728793652661304137e+00 -5.622129250776826126e+00 -9.880680957896770256e-01 4.768122319891741512e+00
1.232143553070928599e+00 2.720820841964048498e+00 -2.490709834086460628e+00 -3.806993952672153458e+00 -6.641754943421958046e-01 3.237551899001013478e+00
6.377618488855849588e-01 1.342208425307947151e+00 -1.246806392956900655e+00 -1.902209911875603288e+00 -3.532598711912822154e-01 1.636985521436095325e+00
9.584469946988679815e-15 -1.260718825385558526e-14 1.850606248454478895e-15 -4.728490467170473039e-15 1.125574671179999888e-14 3.900040035231372270e-15
