0.000000000000000000e+00 0.000000000000000000e+00 0.000000000000000000e+00 0.000000000000000000e+00 0.000000000000000000e+00 0.000000000000000000e+00 0.000000000000000000e+00 0.000000000000000000e+00 0.000000000000000000e+00 0.000000000000000000e+00 0.000000000000000000e+00 0.000000000000000000e+00
5.743634868513812819e+01 6.131648210764267048e+01 1.063264987830666115e+02 1.296617635889092179e+00 4.194266392942886945e+00 9.637246918264980033e-01 2.716024697533327148e-02 3.713303240118692727e-02 1.304389862175832304e+00 4.448618208747782965e-02 1.452969794379434987e+01 7.565272080836200896e-02
5.749958679220227253e+01 6.134848416850139330e+01 1.063178663453581549e+02 2.591318981187894721e+00 8.359228880260634043e+00 1.923545315809788603e+00 5.329274369024726565e-02 1.895431802233816035e-02 2.593335522287227413e+00 9.191452285056211924e-02 2.881068627980238617e+01 1.514051695405628506e-01
5.760226555483666999e+01 6.140145592449483303e+01 1.063033726640585428e+02 3.882134490513158287e+00 1.246631961841455194e+01 2.875691899380211858e+00 7.753433792394885671e-02 5.771613432678793926e-02 3.851349154683394005e+00 1.454902146794021245e-01 4.265233758906326500e+01 2.273415891525705779e-01
5.774033789163127040e+01 6.147427640749363320e+01 1.062825041991159907e+02 5.166997624881413564e+00 1.648840425918820785e+01 3.816653059017178773e+00 9.924698638221660096e-02 1.661963867526606575e-01 5.062797896966571010e+00 2.089915686860304711e-01 5.590529047058695511e+01 3.035155254181000073e-01
5.790865263719250322e+01 6.156560009917554055e+01 1.062546211840328709e+02 6.443718197896841637e+00 2.040040566558501567e+01 4.743282355804129935e+00 1.179667942455017438e-01 2.844335738299345606e-01 6.211675968234557921e+00 2.871861972121270146e-01 6.843156491458705659e+01 3.799351682047504841e-01
5.810128854347801308e+01 6.167378500028042509e+01 1.062188749165601109e+02 7.709977033198234686e+00 2.417982538891720523e+01 5.652879928742295057e+00 1.333101125640814288e-01 4.026275628026861897e-01 7.281156173049961211e+00 3.864398393338900894e-01 8.010051243895259176e+01 4.565495429173321851e-01
5.831194029337144968e+01 6.179692824091822700e+01 1.061741836352271520e+02 8.963342315354315915e+00 2.780714305891812188e+01 6.543245349859996729e+00 1.449000103052971444e-01 5.185292954169834490e-01 8.252778862837631735e+00 5.156548021975347895e-01 9.079598056063986178e+01 5.332358725832330171e-01
5.853428123134342798e+01 6.193291408015737431e+01 1.061192171440176963e+02 1.020130459276110280e+01 3.126608347551657374e+01 7.412700369850183435e+00 1.523330360658440574e-01 6.329392352674192423e-01 9.105055435763754090e+00 6.877588558193750146e-01 1.004221598417388890e+02 6.097884624550444777e-01
5.876226844149687167e+01 6.207946480965443214e+01 1.060523886437681256e+02 1.142132505434809175e+01 3.454375063814438818e+01 8.260082777017034417e+00 1.551763942508934124e-01 7.474936296905395627e-01 9.811144644846359952e+00 9.220869616644444822e-01 1.089060911869649999e+02 6.859094974446955373e-01
5.899037119896023285e+01 6.223419120478033051e+01 1.059718546564085102e+02 1.262089071866549439e+01 3.763063623115955636e+01 9.084714684942357010e+00 1.529793988991337561e-01 8.638466208698095672e-01 1.033515097865135424e+01 1.248109512554431921e+00 1.161978601863783211e+02 7.612021870960976599e-01
5.921371730902345831e+01 6.239464043639673463e+01 1.058755234440667010e+02 1.379757042923160704e+01 4.052051653143052334e+01 9.886350019767112585e+00 1.452881372737917232e-01 9.834455535831528872e-01 1.062677197911866500e+01 1.710784830829425340e+00 1.222694659014618850e+02 8.351667412390418876e-01
5.942816268297315219e+01 6.255834003235582230e+01 1.057610715788181750e+02 1.494906667972608005e+01 4.321025599739892442e+01 1.066510674354331911e+01 1.316583651255627263e-01 1.107512815794246208e+00 1.061554518499499622e+01 2.376290834129208385e+00 1.271129567357967289e+02 9.071997088116554586e-01
5.963029670618348632e+01 6.272283702229527336e+01 1.056259677174141984e+02 1.607325985055376449e+01 4.569953794591899765e+01 1.142138947801346305e+01 1.116653758380968670e-01 1.237083739227178292e+00 1.021175313370993543e+01 3.331083379747164397e+00 9.765972577663070142e-01 1.307381844902302248e+02
5.981739945484385146e+01 6.288573185785976705e+01 1.054675022674016134e+02 1.716824303165770615e+01 4.799054298303809674e+01 1.215580780739535527e+01 8.491116196956773055e-02 1.373049845532094082e+00 9.334607389037612890e+00 4.653666082282608585e+00 1.042563008222954002e+00 1.331704038171739342e+02
5.998736723242969759e+01 6.304470706379762390e+01 1.052828214903932178e+02 1.823234696833058877e+01 5.008759463969642667e+01 1.286909479744650220e+01 5.102959289545410532e-02 1.516193547394501406e+00 7.994293856827928479e+00 6.332494539734725869e+00 1.104221044356441750e+00 1.344478732320241932e+02
6.013862118040582772e+01 6.319755083755569558e+01 1.050689646258866361e+02 1.926415566841164662e+01 5.199678944168994121e+01 1.356202933085694085e+01 9.690269922553779516e-03 1.667212583550218952e+00 6.385594337775400753e+00 8.172304412483342162e+00 1.160634708882677169e+00 1.346195645261133222e+02
6.027001084375638129e+01 6.334217598202094734e+01 1.048229027730261009e+02 2.026251383331793221e+01 5.372562586321089384e+01 1.423536486387377309e+01 3.939846121500648057e-02 1.826735814269467850e+00 4.831624575789069453e+00 9.850326565683992897e+00 1.210831710894280988e+00 1.337430490419384626e+02
6.038072134064707086e+01 6.347663464207028028e+01 1.045415784796095267e+02 2.122652757410951452e+01 5.528264365183451190e+01 1.488976626026210148e+01 9.648702950453508231e-02 1.995332467620746897e+00 3.571368841347779099e+00 1.112871174279191422e+01 1.253835932045440638e+00 1.318825988047131261e+02
6.047018974526021395e+01 6.359912933970875315e+01 1.042219452114058669e+02 2.215555992987692235e+01 5.667708215190025101e+01 1.552575552390198688e+01 1.617825021722857359e-01 2.173516594638711386e+00 2.658461092561362094e+00 1.195571627939883896e+01 1.288706075165800602e+00 1.291075171100656860e+02
6.053803374835642614e+01 6.370802078424853931e+01 1.038610060801154589e+02 2.304922260405647805e+01 5.791856367696881591e+01 1.614366656513359644e+01 2.354466866689148563e-01 2.361748042886364196e+00 2.034816027409938943e+00 1.239204615976552759e+01 1.314580940722940072e+00 1.254906962274703943e+02
6.058399372364509361e+01 6.380183289044481398e+01 1.034558513786742395e+02 2.390736514622997788e+01 5.901680578810899647e+01 1.674360860698180531e+01 3.175944158532265083e-01 2.560430881736456055e+00 1.620000667598704203e+00 1.252146846607584862e+01 1.330730622526845819e+00 1.211073885484733097e+02
6.060788798416478329e+01 6.387925538249469071e+01 1.030036946024163313e+02 2.473006258477504105e+01 5.998136455293668945e+01 1.732543745618354691e+01 4.082919918432460493e-01 2.769909938465560106e+00 1.348475550071111195e+00 1.241355990521600816e+01 1.336612278405120202e+00 1.160341707580257946e+02
6.060958017586603575e+01 6.393914430503514978e+01 1.025019067254367968e+02 2.551760229304967353e+01 6.082140947288756649e+01 1.788873361041024523e+01 5.075557828213580480e-01 2.990465916804958102e+00 1.174642211910730039e+00 1.211865354881091505e+01 1.331928367882345254e+00 1.103480773661051018e+02
6.058895731310545330e+01 6.398052070994103957e+01 1.019480485585421690e+02 2.627047066737183201e+01 6.154552972649463527e+01 1.843278602240297204e+01 6.153509792139150170e-01 3.222309446520035703e+00 1.068366263411906214e+00 1.167231138311174021e+01 1.316684400129815913e+00 1.041258792168791416e+02
6.054591680052470792e+01 6.400256774300672191e+01 1.013399010449064548e+02 2.698934001736578026e+01 6.216157062412075618e+01 1.895658026858196266e+01 7.315905243472243802e-01 3.465574334759076613e+00 1.009869577327737522e+00 1.110042516742175600e+01 1.291242382230207708e+00 9.744348355716481080e+01
6.048036081095275307e+01 6.400462631875535635e+01 1.006754933578951352e+02 2.767505592073206344e+01 6.267649864155450956e+01 1.945878985093315450e+01 8.561342417775398284e-01 3.720310243231831127e+00 9.859768032464185650e-01 1.042295571902023887e+01 1.256365422134265497e+00 9.037543423407792886e+01
6.039219652293236607e+01 6.398618954443681872e+01 9.995312865656815404e+01 2.832862517514558220e+01 6.309629303765450459e+01 1.993776937715183450e+01 9.887881879870519253e-01 3.986474989970477889e+00 9.876642568909448361e-01 9.656357505871488556e+00 1.213248480835838361e+00 8.299449311264574192e+01
6.028134090820747559e+01 6.394689603487380936e+01 9.917140732925217605e+01 2.895120439029790660e+01 6.342586181514094790e+01 2.039154840001353719e+01 1.129304265427980347e+00 4.263926663896316249e+00 1.008512883272459693e+00 8.815081848405377229e+00 1.163530260632126057e+00 7.537128651417037872e+01
6.014772896071226427e+01 6.388652224700240367e+01 9.832924751089998949e+01 2.954408920694596574e+01 6.366897961483538637e+01 2.081782474212360867e+01 1.277380136995018400e+00 4.552415740214857287e+00 1.043731327745468507e+00 7.912488380425624079e+00 1.109281822305290932e+00 6.757400315032410276e+01
5.999132444983944623e+01 6.380497395544331596e+01 9.742590258500877098e+01 3.010870411823783854e+01 6.382824501461441002e+01 2.121395618046734910e+01 1.432659488663226233e+00 4.851577391765615310e+00 1.089526932821026417e+00 6.961384026968425509e+00 1.052968844874419219e+00 5.966813253128521666e+01
5.981213244795893758e+01 6.370227698706045771e+01 9.646097525143460416e+01 3.064659292629530896e+01 6.390505461870214532e+01 2.157694941506325392e+01 1.594732691814671144e+00 5.160924203697400792e+00 1.142686734865168807e+00 5.974326586956117957e+00 9.973864697202511342e-01 5.171623508836545824e+01
5.961021301816131057e+01 6.357856733218392975e+01 9.543442750680796394e+01 3.115941004593998187e+01 6.389959126503105580e+01 2.190344530107032739e+01 1.763137920162686223e+00 5.479839514559674107e+00 1.200284158105825005e+00 4.963779010300968686e+00 9.455682536494044443e-01 4.377773724626276675e+01
5.938569555069899764e+01 6.343408075205302055e+01 9.434658543703460509e+01 3.164891327676590294e+01 6.381082365319675631e+01 2.218969939346261455e+01 1.937362777586756124e+00 5.807571624665456511e+00 1.259459292652209017e+00 3.942171127323479407e+00 9.006735878094179748e-01 3.590874640921476413e+01
5.913879330604123652e+01 6.326914200527014032e+01 9.319813682581666114e+01 3.211695954274470211e+01 6.363651471911478552e+01 2.243155695507858383e+01 2.116846492054282436e+00 6.143229130993332454e+00 1.317239536368672637e+00 2.921909363151155681e+00 8.658605994091785885e-01 2.816188230728685582e+01
5.886981776125153232e+01 6.308415381987142467e+01 9.199011769287136531e+01 3.256550699450473019e+01 6.337323618367116040e+01 2.262442174007880880e+01 2.300982726641843445e+00 6.485777665477352016e+00 1.370378374451502790e+00 1.915365994943414307e+00 8.441535808152045295e-01 2.058612241033409518e+01
5.857919236802828067e+01 6.287958574130391298e+01 9.072387963790771437e+01 3.299663113925737434e+01 6.301638692600752023e+01 2.276321812764140518e+01 2.489123051128547814e+00 6.834038328611007351e+00 1.415196500723380657e+00 9.348740589669621848e-01 8.383149930685356299e-01 1.322666018687308842e+01
5.826746531958421116e+01 6.265596298946510956e+01 8.940101965451405874e+01 3.341257293700736142e+01 6.256021324277895701e+01 2.284234660722364652e+01 2.680581106550621318e+00 7.186688120970890381e+00 1.447413475033134667e+00 7.250257337094345028e-03 8.507318451171320683e-01 6.124775891030264319e+00
5.793532089483890246e+01 6.241385545937417589e+01 8.802322718365810772e+01 3.381586378993609543e+01 6.199782974541818703e+01 2.285563329680555000e+01 2.874637480533722034e+00 7.542262679394586833e+00 1.461961240924629646e+00 8.986405618600517009e-01 8.833247671582494798e-01 6.822796727128366268e-01
5.758358890827746990e+01 6.215386699939608661e+01 8.659192397730011237e+01 3.420965167824595454e+01 6.132124074735901331e+01 2.279627523636203534e+01 3.070545293451219848e+00 7.899161619761305708e+00 1.452774667576139933e+00 1.726757732048501470e+00 9.374856245826472811e-01 7.161387310495362257e+00
5.721325174942923297e+01 6.187662509777972986e+01 8.510730280574667006e+01 3.459862239290001185e+01 6.052136367847694487e+01 2.265678481558488500e+01 3.267536475013835595e+00 8.255656772092395457e+00 1.412560908660443815e+00 2.478710830624938577e+00 1.014046482155501527e+00 1.328364588813718505e+01
5.682544845568077818e+01 6.158277110221114015e+01 8.356525493499864865e+01 3.499202611380520267e+01 5.958805856725726358e+01 2.242893910044718098e+01 3.464828688501629728e+00 8.609903563435604923e+00 1.332561936943557290e+00 3.141036111317491386e+00 1.113279621576418021e+00 1.902444098644264514e+01
5.642147523543439291e+01 6.127295108793635592e+01 8.194452438095301261e+01 3.541647171715643339e+01 5.851017124450520868e+01 2.210374331130003256e+01 3.661632836364124621e+00 8.959955757239747243e+00 1.202347853452749860e+00 3.699474788958715177e+00 1.234925592458603116e+00 2.436349333028758934e+01
5.600278185588270219e+01 6.094780747772328056e+01 8.012185542774784608e+01 3.600072294748333235e+01 5.727560298306934072e+01 2.167142261592864472e+01 3.857161057258293280e+00 9.303783692452650911e+00 1.009718776303971888e+00 4.138832533238943512e+00 1.378244259524221693e+00 2.928488430334518000e+01
5.557096334161963824e+01 6.060797150163669045e+01 7.624050863816304968e+01 3.860712208616644858e+01 5.587142612632892025e+01 2.112146306851827049e+01 4.050635101664862070e+00 9.639296079668650208e+00 7.408560992714986471e-01 4.443067850444005984e+00 1.542082647114487948e+00 3.377705570478985919e+01
5.512774650723562075e+01 6.025405656665790843e+01 3.935016570636735622e+01 7.419162185240806195e+01 5.428407407292175435e+01 2.044273115327618484e+01 4.241294951800396618e+00 3.809478536019207384e-01 9.964365304318295813e+00 4.595840837794919587e+00 1.724953059093805141e+00 3.783278085701780213e+01
5.467497097758520397e+01 5.988665258596150665e+01 3.705021663157930334e+01 7.516043334354226602e+01 5.249964459613289591e+01 1.962371180445770591e+01 4.428407532230306032e+00 8.440836737683961311e-02 1.027685605813578995e+01 4.581832195210777670e+00 1.925115326275110617e+00 4.144910424383925118e+01
5.421456453906199613e+01 5.950632129579350504e+01 3.713633428660418190e+01 7.372338637973298603e+01 5.050436689105834631e+01 1.865291598565937647e+01 4.611275340774620091e+00 6.667251647448643181e-01 1.057465697122300341e+01 4.389137855361818552e+00 2.140657895717835046e+00 4.462724705623979560e+01
5.374851291476352344e+01 5.911359256499784465e+01 3.739861239660312009e+01 7.209572776713265796e+01 4.828529249191738870e+01 1.751951845661329799e+01 4.789244815173483438e+00 1.370998019087841913e+00 1.085571475077504822e+01 4.012813494969456940e+00 2.369573605221531487e+00 4.737247635554606973e+01
5.327882436029698709e+01 5.870896167896605533e+01 3.769752870237567066e+01 7.042209724717238828e+01 4.583127348938650414e+01 1.621428944403039552e+01 4.961714239588959963e+00 2.191465847813419465e+00 1.111807015359368123e+01 3.459037319520185338e+00 2.609827188287543009e+00 4.969393603631883138e+01
5.280748982211695619e+01 5.829288755682339485e+01 3.800554267974764855e+01 6.873487322724734838e+01 4.313428042969687937e+01 1.473087269502295626e+01 5.128140986380461896e+00 3.108203082057432010e+00 1.135989493462721711e+01 2.748449699017663672e+00 2.859412685339299820e+00 5.160443838347618595e+01
5.233643976563217137e+01 5.786579183860020947e+01 3.831341560490869824e+01 6.704780180447281168e+01 4.019107603414620655e+01 1.306742597192567601e+01 5.288047882826571566e+00 4.086618346203474417e+00 1.157952873195144328e+01 1.916595839472598595e+00 3.116399906327298908e+00 5.312021576405343382e+01
5.186749913730373152e+01 5.742805875852572939e+01 3.861644605670571906e+01 6.536971704343682177e+01 3.700518788504196266e+01 1.122856689479617565e+01 5.441028489953330549e+00 5.081341021347731690e+00 1.177551468119634848e+01 1.009990713882596758e+00 3.378969856832283458e+00 5.426063286093985738e+01
5.140234223934471203e+01 5.698003570185875333e+01 3.891125795800946463e+01 6.370771613915734832e+01 3.358900740338215485e+01 9.227451076800978313e+00 5.586751082128745161e+00 6.043867624369307023e+00 1.194663241297315359e+01 7.843426221719462799e-02 3.645439600110620848e+00 5.504786082415797921e+01
5.094244953062212744e+01 5.652203432616875034e+01 3.919484303580679097e+01 6.206808795508053578e+01 2.996569389088543289e+01 7.087660826549524451e+00 5.724961122789937740e+00 6.931056059568596162e+00 1.209192699067945753e+01 8.335116404939012513e-01 3.914277400735209245e+00 5.550651575819972550e+01
5.048906848782323209e+01 5.605433211393511073e+01 3.946424723940829438e+01 6.045660538756764169e+01 2.617041944826720368e+01 4.844439636174708852e+00 5.855482045194721152e+00 7.711109058040142017e+00 1.221073230935585485e+01 1.692526445982809769e+00 4.184109213551457707e+00 5.566326504891307536e+01
5.004318063835489738e+01 5.557717421187478379e+01 3.971648447170110785e+01 5.887859783311728279e+01 2.225042343622582308e+01 2.544740459615465245e+00 5.978214169296151681e+00 8.365444941718610750e+00 1.230268751481976075e+01 2.478413373968991973e+00 4.453717680424772674e+00 5.554640612271104771e+01
4.960547669370572521e+01 5.509077540356771863e+01 3.994854579364398006e+01 5.733893492178738427e+01 1.826343693057097894e+01 2.456475287846280886e-01 6.093131618587375620e+00 8.887125331588187294e+00 1.236774512958568373e+01 3.182531520463887986e+00 4.722034810804469629e+00 5.518542328299978550e+01
4.917634136742950801e+01 5.459532205569330188e+01 4.015745482024221502e+01 5.584196989506503428e+01 1.427433600713765571e+01 1.988970173690877141e+00 6.200277145525771694e+00 9.277624324018974633e+00 3.804563038201986824e+00 1.240616979701212585e+01 4.988129479803754762e+00 5.461052923994376584e+01
4.875584897139545149e+01 5.409097387441051552e+01 4.034034745227411634e+01 5.439146345296510532e+01 1.035034183005486597e+01 4.093256512133001124e+00 6.299754831582190739e+00 9.543510583959585958e+00 4.349187712848986642e+00 1.241852687958458645e+01 5.251190802673162850e+00 5.385219879528189324e+01
4.834377028080275096e+01 5.357786530696102290e+01 4.049456407985471174e+01 5.299049888353865612e+01 6.555547166786166002e+00 6.004837896392299257e+00 6.391720697513144422e+00 9.693854608313371202e+00 4.823478061504427927e+00 1.240566056350805368e+01 5.510508354697450706e+00 5.294070281960797786e+01
4.793959049065996680e+01 5.305610642424748136e+01 4.061774623865036205e+01 5.164139552654614107e+01 2.945804989428876919e+00 7.669929999265827192e+00 6.476371339024308504e+00 9.738533185395931824e+00 5.235187855775929933e+00 1.236866161180864765e+01 5.765450112886556511e+00 5.190565112292448902e+01
4.754253741146916212e+01 5.252578312271535310e+01 4.070793122430239208e+01 5.034562626849191957e+01 4.350695034189621668e-01 9.047130631091107489e+00 6.553930788836970223e+00 9.687280095463608021e+00 5.591784027675569924e+00 1.230882544087919328e+01 6.015438908308702537e+00 5.077555303166428047e+01
4.715161842994285024e+01 5.198695648807044023e+01 4.076363882154564067e+01 4.910374434711070535e+01 3.557224504560213330e+00 1.010934017514897398e+01 6.624635893028465894e+00 9.549248853637712031e+00 5.899988719523403091e+00 1.222760173176469678e+01 6.259928100169277698e+00 4.957740441415430865e+01
4.676566424733451299e+01 5.143966116891387941e+01 4.078394469083939100e+01 4.791532462007300097e+01 6.404784932864323821e+00 1.084376985646047231e+01 6.688720571049143970e+00 9.332883456240788078e+00 6.165628473690817124e+00 1.212653727931884617e+01 6.498377117011216342e+00 4.833630951830159006e+01
4.638337704747701196e+01 5.088390261490894773e+01 4.076853536738104822e+01 4.677892430347750263e+01 8.974344847550042914e+00 1.125042924563455138e+01 6.746399398299533168e+00 9.045953423549461192e+00 6.393647973265033535e+00 1.200721418135231389e+01 6.730227457284795101e+00 4.707514528976226842e+01
4.600338056652288543e+01 5.031965304123485083e+01 4.071774042213288425e+01 4.569206782561583680e+01 1.127254511937367454e+01 1.133969906051080301e+01 6.797851001350639244e+00 8.695663535303417291e+00 6.588199932216479482e+00 1.187118573176985414e+01 6.954879700494887018e+00 4.581427483272631918e+01
4.562426954498515386e+01 4.974684598835116844e+01 4.063253820143575723e+01 4.465125975945384340e+01 1.331333702164936028e+01 1.112958967948651967e+01 6.843201784001882615e+00 8.288787072200962669e+00 6.752761219110988478e+00 1.171991247421864202e+01 7.171672050044437974e+00 4.457131538588164688e+01
4.524465622917386298e+01 4.916536935298444888e+01 4.051453274163272766e+01 4.365202873942645567e+01 1.511538648013853248e+01 1.064313975826672554e+01 6.882510504842370480e+00 7.831795539885068713e+00 6.890249497076156082e+00 1.155470078149093816e+01 7.379860908296536515e+00 4.336096466288800855e+01
4.486321192605684871e+01 4.857505677211823780e+01 4.036590093938156087e+01 4.268900383861055303e+01 1.669988394735051429e+01 9.906219523842896280e+00 6.915754204062078969e+00 7.330971895991874376e+00 7.003128691164289599e+00 1.137664605823559860e+01 7.578603971752118973e+00 4.219488772175400726e+01
4.447870206337432109e+01 4.797567724593476157e+01 4.018931078378441413e+01 4.175602314788461911e+01 1.808885933620923225e+01 8.945837813709001551e+00 6.942815932186171324e+00 6.792501986140576875e+00 7.093499197508292831e+00 1.118658225063812672e+01 7.766946328162180890e+00 4.108166477185657328e+01
4.409001371939086056e+01 4.736692288733065226e+01 3.998781330292964498e+01 4.084627238902049129e+01 1.930398889377701366e+01 7.788939478408101635e+00 6.963474672128111997e+00 6.222542888184897869e+00 7.163172583697520857e+00 1.098503883734919917e+01 7.943810036649235684e+00 4.002679860490595587e+01
4.369617511698170631e+01 4.674839468393938802e+01 3.976471267497323225e+01 3.995244949185549643e+01 2.036582118629014104e+01 6.461620242284014104e+00 6.977397776508547089e+00 5.627268846084059639e+00 7.213732275630085233e+00 1.077220593709239260e+01 8.107987675564169550e+00 3.903277875560620913e+01
4.329636708195747019e+01 4.611958615265841388e+01 3.952342050171156274e+01 2.129332893523471171e+01 3.906694938676824336e+01 4.988665945908972610e+00 6.984136173697148564e+00 5.012896426338503630e+00 7.246582372954148532e+00 1.054790767446581867e+01 8.258140350141660591e+00 3.809919816348400445e+01
4.288992691070453844e+01 4.547986475553985741e+01 3.926730133887321728e+01 2.210369657119519005e+01 3.818206202308131481e+01 3.393326534932608052e+00 6.983122537664812057e+00 4.385690985946494536e+00 7.262986838969708536e+00 1.031158357201131537e+01 8.392800662466818551e+00 3.722291711127835612e+01
4.247634545253423966e+01 4.482845092872419457e+01 3.899951705410373393e+01 2.281226758286519640e+01 3.729017599890362078e+01 1.697249710705683423e+00 6.973672576575863147e+00 3.751956768456629732e+00 7.264101170238641103e+00 1.006227755446563776e+01 8.510381159103202364e+00 3.639826863099460752e+01
4.205525847364651071e+01 4.416439455208406173e+01 3.872287733873736926e+01 2.343259305157337380e+01 3.638398029191252903e+01 7.948320530050799471e-02 6.954989579224623242e+00 3.118013057922662590e+00 7.250998418839580850e+00 9.798634222701400276e+00 8.609188785651110010e+00 3.561729944895085254e+01
4.162643352859139156e+01 4.348654865589347196e+01 3.843970271690204044e+01 2.397653893691605376e+01 3.545665742603894444e+01 1.918260191837258821e+00 6.926172370371506126e+00 2.490158851477660473e+00 7.224691188365921946e+00 9.518902433461040147e+00 8.687445889904537921e+00 3.487004091861836486e+01
4.118975362652416550e+01 4.279354012198818680e+01 3.815170474732460804e+01 2.445442299410483500e+01 3.450206293306068517e+01 3.801807738051580010e+00 6.886226866097915789e+00 1.874628454198592475e+00 7.186150982000785170e+00 9.220946951505126776e+00 8.743318321250894698e+00 3.414480528064949283e+01
4.074519895493397570e+01 4.208373709092399650e+01 3.785988594161197796e+01 2.487516232900212643e+01 3.351488801875161272e+01 5.714043660974723160e+00 6.834081485423241453e+00 1.277540239483954121e+00 7.136326052372589324e+00 8.902270060507930793e+00 8.774951164916457103e+00 3.342850399531419470e+01
4.029282782870499346e+01 4.135521273474986970e+01 3.756445940595860122e+01 2.524641987647705932e+01 3.249080474227974946e+01 7.639923639827165047e+00 6.768606757974021448e+00 7.048405463170397400e-01 7.076158680125815614e+00 8.560046554259264084e+00 8.780512611540071788e+00 3.270698680096911914e+01
3.983275788531059902e+01 4.060570499941272971e+01 2.557474308494151316e+01 3.726478552232377695e+01 3.142659558720446356e+01 9.565286779750328705e+00 6.688639558978948685e+00 1.622443107966370646e-01 7.006602574354846347e+00 8.191177483264892700e+00 8.758246373682569086e+00 3.196540252505752377e+01
3.936514836584957067e+01 3.983257186498870084e+01 2.586569137437468768e+01 3.695932024140200411e+01 3.032027191692950652e+01 1.147670254221785946e+01 6.593012487523817633e+00 3.448264164561093414e-01 6.928640819435873510e+00 7.792370353508383474e+00 8.706532889628208594e+00 3.118858541990634237e+01
3.889018412359501298e+01 3.903274162082460919e+01 2.612395098861506781e+01 3.664556679918484861e+01 2.917118842718933891e+01 1.336131971032198962e+01 6.480588962189731461e+00 8.113053823667136788e-01 6.843304458853943117e+00 7.360256005393392975e+00 8.623959257477293860e+00 3.036147371460448952e+01
3.840806180164291561e+01 3.820265761230992752e+01 2.635343705464874020e+01 3.632001981868945251e+01 2.798016340468008423e+01 1.520671728392929545e+01 6.350304614654765700e+00 1.232546210287962740e+00 6.751691370032038897e+00 6.891554784408740808e+00 8.509397361875116417e+00 2.946956976884897728e+01
3.791897843129627432e+01 3.733821689217925410e+01 2.655738325336438166e+01 3.597808762591696308e+01 2.674961756883405428e+01 1.700075701803990214e+01 6.201215485113008796e+00 1.604387685102146799e+00 6.654984501279722409e+00 6.383306166671533610e+00 8.362088921711437806e+00 2.849945296127484085e+01
3.742312253218631923e+01 3.643470220345343336e+01 2.673841966277380067e+01 3.561397488580347925e+01 2.548374782771010771e+01 1.873143752057278988e+01 6.032553325909747244e+00 1.923220391513897010e+00 6.554467764909206018e+00 5.833175562072039355e+00 8.181735120641487669e+00 2.743935604555829855e+01
3.692066765002975615e+01 3.548670672033456697e+01 2.689863913042997012e+01 3.522050295138318887e+01 2.418875682851594533e+01 2.038675029281069229e+01 5.843787959444989966e+00 2.186054700277653584e+00 6.451536861864974881e+00 5.239847838579541062e+00 7.968587004012933406e+00 2.627981138137987926e+01
3.641176815178928194e+01 3.448805092530781025e+01 2.703965193876538464e+01 3.478883920650189054e+01 2.287316515596512190e+01 2.195453878352758181e+01 5.634696070360689646e+00 2.390589640225783796e+00 6.347701013348086896e+00 4.603506921860698320e+00 7.723530870983328356e+00 2.501436289532928825e+01
3.589655701185532166e+01 3.343169075494808595e+01 2.716262736445677106e+01 3.430809894853425135e+01 2.154824066975978525e+01 2.342236246233635200e+01 5.405435004457789461e+00 2.535281419205240194e+00 6.244569971455518065e+00 3.926382290338910508e+00 7.448160429171934105e+00 2.364032050134525420e+01
3.537514526568181594e+01 3.230961531255372421e+01 2.726831852987729476e+01 3.376477447940398235e+01 2.022858832528250161e+01 2.477736918748271222e+01 5.156619081160314977e+00 2.619409295578436492e+00 6.143818774496349278e+00 3.213315053319209191e+00 7.144824535731577164e+00 2.215950476906784061e+01
3.484762277647310214e+01 3.111273003579543683e+01 2.735706258961400650e+01 3.314193842368853637e+01 1.893295154478821729e+01 2.600618089143938150e+01 4.889394622831558124e+00 2.643135241825396609e+00 6.047120518886732299e+00 2.472260365539185489e+00 6.816636009780846273e+00 2.057889271994248048e+01
3.431405995229832939e+01 2.983071470665676017e+01 2.742873911108506135e+01 3.241816882304047454e+01 1.768527587712879878e+01 2.709480002037751234e+01 4.605508440880274001e+00 2.607552537051921693e+00 5.956034925219348075e+00 1.714606452434445760e+00 6.467423384649252149e+00 1.891103812165400200e+01
3.377451006094017316e+01 2.845182843890302493e+01 2.748264865602913432e+01 3.156616939912376196e+01 1.651606019426928285e+01 2.802854744738209547e+01 4.307363052179516316e+00 2.514717296643207423e+00 5.871837528111195859e+00 9.551676592697379009e-01 6.101603616829450516e+00 1.717411588862933414e+01
3.322901181307987173e+01 2.696258697639680335e+01 2.751722209329886581e+01 3.055114737016548077e+01 1.546393220109627364e+01 2.879204691743243316e+01 3.998050678408131553e+00 2.367656267638051926e+00 5.795270402884686867e+00 2.117187929100985688e-01 5.723949415581635058e+00 1.539144954606622484e+01
3.267759191629500748e+01 2.534710317184642747e+01 2.752933090415397643e+01 2.932923782026051640e+01 1.457715911273463050e+01 2.936927655466756804e+01 3.681357439909997975e+00 2.170344276069372746e+00 5.726189207749099452e+00 4.960029592984100399e-01 5.339219021073943416e+00 1.359043995985323150e+01
3.212026733825126712e+01 2.358545639464542276e+01 2.751253686276876564e+01 2.784674987570915761e+01 1.391431894580032314e+01 2.974371440876924666e+01 3.361729477529392440e+00 1.927645752129396373e+00 5.663070456700802779e+00 1.147792568642303390e+00 4.951606656920304772e+00 1.180092454902212928e+01
3.155704705327435988e+01 2.164890633111690477e+01 2.745206210913863387e+01 2.604188198182595926e+01 1.354248679836221925e+01 2.989861182146268348e+01 3.044194375409178477e+00 1.645216905660067397e+00 5.602323022688726617e+00 1.724795651256804119e+00 4.563954305787720322e+00 1.005313550230093966e+01
3.098793307856938029e+01 1.948280505147932473e+01 2.730729301933629927e+01 2.385170651134586706e+01 1.353013858688058946e+01 2.981743418512223442e+01 2.734234428248434323e+00 1.329368309819686012e+00 5.537312789594368567e+00 2.211362232453563781e+00 4.176633716731885215e+00 8.375546018815498428e+00
3.041292063155561465e+01 1.692525436241995607e+01 2.692982193586720641e+01 2.122770321007001826e+01 1.393149645401929959e+01 2.948451096811190908e+01 2.437612942170497288e+00 9.868915681514899285e-01 5.456953985901360049e+00 2.596602584474762221e+00 3.785956202028822659e+00 6.792943919778048567e+00
2.983199725537298264e+01 1.306739795022070005e+01 2.542287820876946469e+01 1.816042121500345985e+01 1.476174075387332962e+01 2.888593184462272490e+01 2.160160454624808768e+00 6.248578560460001929e-01 5.343653781252795554e+00 2.875365535712693266e+00 3.381905025848524815e+00 5.325025103228461454e+00
2.924514076305297294e+01 3.442837724965023050e+00 1.144394188691291347e+01 1.470530944594558598e+01 1.597105419011498029e+01 2.801070824626838984e+01 1.907533694930230395e+00 2.503997640393451074e-01 5.170387073105250586e+00 3.048495088786897789e+00 2.944979216804868294e+00 3.985670636505646236e+00
2.865231583957157468e+01 2.440396322397736739e+01 6.799854499075788539e+00 1.099111180397781595e+01 1.743610751610140142e+01 2.685218410722673354e+01 1.684965193727128163e+00 1.295096494959582789e-01 4.896995698290175447e+00 3.122386805889858064e+00 2.442257443224704172e+00 2.782911281401433179e+00
2.805346911203738358e+01 2.649126381723203494e+01 5.983621123943379416e+00 7.194514080519730292e+00 1.898530587249595669e+01 2.540962231191072362e+01 1.497024554798940033e+00 5.082658718029882117e-01 4.467247903094284212e+00 3.108002561689784393e+00 1.824233002368843781e+00 1.719449387909973925e+00
2.744852244779929862e+01 2.681862831945766601e+01 3.228127115034862271e+00 3.489077395531019921e+00 2.044976670068038871e+01 2.368981637000759832e+01 1.347412663304409453e+00 8.798163349279068957e-01 3.812331616996300188e+00 3.019573899437538511e+00 1.028107622663087861e+00 7.935365018054096886e-01
6.739954721701723273e+00 6.739954473469111917e+00 1.041056966823031248e-06 1.325992527627065888e-06 2.091961165176052262e+01 2.091961013433172667e+01 1.124143070798070854e+00 1.124142991888287479e+00 2.858597347257540999e+00 2.858597133270559087e+00 2.574546099295037900e-07 6.570213026878020834e-07
2.675094369478374645e+01 2.621386840002416463e+01 3.505783942423942978e+00 3.240686135752853136e+00 1.946884316370382351e+01 2.271190893064072114e+01 1.583878411106772965e+00 1.172346218478014679e+00 2.683758256712545531e+00 1.638008821466637066e+00 1.267895887062868043e+00 6.746029677179145034e-01
2.661084614262205505e+01 2.558365883366847982e+01 7.172231461003056197e+00 6.188655109668213861e+00 1.702520292653193223e+01 2.344044595073217963e+01 1.907713250394092341e+00 1.149712759839402576e+00 2.469113861861978787e+00 2.232314159706287604e-01 2.654747746479750869e+00 1.231397299819853020e+00
2.643482219767685848e+01 2.494643211959821016e+01 1.093783048060141994e+01 8.866029440154129304e+00 1.442331874665357283e+01 2.391896321798312997e+01 2.207421453282489843e+00 1.170212455113286421e+00 2.244825491806880180e+00 1.193433681210310127e+00 3.980854628088190683e+00 1.680615087699959265e+00
2.623020095775105531e+01 2.430177947479495160e+01 1.474500476101730229e+01 1.130774458912191349e+01 1.171592790786292859e+01 2.418468074539146073e+01 2.480989531310830554e+00 1.232128975237365642e+00 2.024637174686000574e+00 2.476975356732335154e+00 5.110297743956562222e+00 2.032774869770132220e+00
2.600050973796850684e+01 1.853670077183761578e+01 2.364915512162243871e+01 1.355015482773008095e+01 8.959524777264004314e+00 2.427588324136992171e+01 2.727218430474344757e+00 1.332878152010785522e+00 1.820223304620635751e+00 3.589313343000883449e+00 6.005159828264273969e+00 2.298294361554546139e+00
2.574771924707122395e+01 2.225788852301222676e+01 2.298783541454638168e+01 1.562572649041312012e+01 6.210576455375250937e+00 2.422674634441219865e+01 2.945636605231261473e+00 1.469189706502366466e+00 1.641105043887045367e+00 4.556938399505875203e+00 6.693088831586242016e+00 2.487239459863158864e+00
2.547314571525214788e+01 2.585835015580097718e+01 2.231686550330756447e+01 1.756130503287113953e+01 3.521782551779423454e+00 2.406577017914028715e+01 3.136397747737714958e+00 1.637299014144245612e+00 1.494709174903319004e+00 5.424058162019912643e+00 7.220349891701427048e+00 2.609175149306555586e+00
2.517787993068990104e+01 2.929530538847615873e+01 2.163498888719345459e+01 1.937806156495962284e+01 9.389601149158366411e-01 2.381592537240405605e+01 3.300171508635963757e+00 1.833133575975601559e+00 6.229044979505010460e+00 1.386519360135016310e+00 7.628170038263543340e+00 2.673087308046827815e+00
2.486304751030089122e+01 3.253516087646458033e+01 2.094055340404727161e+01 2.109204074628616610e+01 1.501037204576457285e+00 2.349543435364010691e+01 3.438034138180424915e+00 2.052482417756228195e+00 6.998937432735961472e+00 1.320278691227728007e+00 7.947134074604115916e+00 2.687350446094735723e+00
2.453004028494225608e+01 3.555409399698002915e+01 2.023138426882957930e+01 2.271479228684659546e+01 3.771215490299796524e+00 2.311867382583676900e+01 3.551364334191267069e+00 2.291140687439243262e+00 7.750832733269731989e+00 1.298212467075390952e+00 8.198473959012652301e+00 2.659722763871779527e+00
2.418082919500965744e+01 3.833746176888679713e+01 1.950461053221835073e+01 2.425387173240494931e+01 5.854252574280502941e+00 2.269699212909964103e+01 3.641747953532370463e+00 2.545025605035151628e+00 8.494593498047525060e+00 1.321249576477801391e+00 8.396678694498733719e+00 2.597355572742677587e+00
2.381852966340116495e+01 4.087813472895459199e+01 1.875642490976719401e+01 2.571313568022619123e+01 7.741495346813766609e+00 2.223938148084994992e+01 3.710893790718357010e+00 2.810263195592330288e+00 9.235145261211741285e+00 1.389228908825550501e+00 8.551703165430625475e+00 2.506808695340909221e+00
2.344861475320393041e+01 4.317369473608419383e+01 1.798174717970728054e+01 2.709280729845839986e+01 9.431475242874956422e+00 2.175300612366954667e+01 3.760561437080037095e+00 3.083247688547122944e+00 9.974104271515123799e+00 1.501083471076027909e+00 8.670516379305128751e+00 2.394066935726197887e+00
2.308189344423043465e+01 4.522168836918943668e+01 1.717374641931798607e+01 2.838929325115421420e+01 1.092824930073327216e+01 2.124360826605191477e+01 3.792501331447962531e+00 3.360677060477076594e+00 1.071086236204245701e+01 1.654999492412249973e+00 8.758115930719535314e+00 2.264555211133409518e+00
2.274299524407977202e+01 4.700942777942536566e+01 1.632315442317338849e+01 2.959471312071294236e+01 1.223979808606103781e+01 2.071581739026549585e+01 3.808406481981452707e+00 3.639569021532373938e+00 1.144329813811100038e+01 1.848550916456520810e+00 8.818177360127862130e+00 2.123151650487914655e+00
2.249980151146570506e+01 4.848304239009605965e+01 1.541726756850451352e+01 3.069606384617459938e+01 1.337662232220263370e+01 2.017338580429144557e+01 3.809874939001544725e+00 3.917261951334658932e+00 1.216824567605225482e+01 2.078811619094860674e+00 8.853468657696383914e+00 1.974199066020661864e+00
2.259937123476814236e+01 4.941029954631255094e+01 1.443848163064687640e+01 3.167388373832046611e+01 1.435060202844832666e+01 1.961936890111219967e+01 3.798381882044949975e+00 4.191405049727778831e+00 1.288180916566594547e+01 2.342448725552661148e+00 8.866117219584968012e+00 1.821515841435070060e+00
2.443195123426064796e+01 4.841561411343982968e+01 1.336212812306611397e+01 3.250019967201873072e+01 1.517412601358019408e+01 1.905626428793580374e+01 3.775260102966322862e+00 4.459941442332787886e+00 1.357958015837792587e+01 2.635800780603322568e+00 8.857784747379982448e+00 1.668407569744087215e+00
3.729891146879741370e+01 3.621138298823426993e+01 1.215328286667903512e+01 3.313543893043817690e+01 1.585946620696832987e+01 1.848612034766923884e+01 3.741687678813802265e+00 4.721087304565075193e+00 1.425679308939587209e+01 2.954944450490363916e+00 8.829784635802964132e+00 1.517680805361225405e+00
5.076024952917244804e+01 2.324996169942151880e+01 1.076212845726211675e+01 3.352389476182881367e+01 1.641835591339479805e+01 1.791062197951909241e+01 3.698681699594960737e+00 4.973309342558731139e+00 1.490844145265346121e+01 3.295753058128882973e+00 8.783163211038772289e+00 1.371660137369168364e+00
5.385335378091660630e+01 2.050455150898731560e+01 9.117500894312840387e+00 3.358738072156450727e+01 1.686172770892526174e+01 1.733115914174948813e+01 3.647097021658225913e+00 5.215302266154916211e+00 1.552936871181957024e+01 3.653949689518058541e+00 8.718758024682193408e+00 1.232209499914329598e+00
5.516663183520550007e+01 1.939535162927981915e+01 7.118845581005762035e+00 3.321730189937999711e+01 1.719957015005872591e+01 1.674888225122634822e+01 3.587629139688722990e+00 5.445967251811496546e+00 1.611434285643560216e+01 4.025156944552353622e+00 8.637241384208182993e+00 1.100758259474614142e+00
5.600945907381049693e+01 1.861948960629672811e+01 4.629033102650171649e+00 3.226759494406773143e+01 1.744086899608190322e+01 1.616474735288361586e+01 3.520820398214211888e+00 5.664391844825648725e+00 1.665812026644222144e+01 4.404944703699213981e+00 8.539154204178910135e+00 9.783322010485281384e-01
5.662095153668634850e+01 1.794220055692384364e+01 1.476560075367643554e+00 3.055706271772798033e+01 1.759360590947166614e+01 1.557955315158165099e+01 3.447068891196699347e+00 5.869831297519667146e+00 1.715550249362214075e+01 4.788876592115554942e+00 8.424933348273912159e+00 8.655891168019201887e-01
5.706743831784645238e+01 1.729936182710987680e+01 2.512401380868595879e+00 2.790156703672898786e+01 1.766479434936762516e+01 1.499397141640927700e+01 3.366639523980432536e+00 6.061690978515814621e+00 1.760138825243646110e+01 5.172555181623081033e+00 8.294934445311842097e+00 7.628583184485000501e-01
5.737152642210561027e+01 1.666847751614005091e+01 7.421937020901069992e+00 2.420624753797015316e+01 1.766053807108394480e+01 1.440857186063326978e+01 3.279676836963716813e+00 6.239509205431653882e+00 1.799082205625463970e+01 5.551665404723793884e+00 8.149451424503478592e+00 6.701830802955155431e-01
5.754043964087799168e+01 1.604042324665723029e+01 1.309630177251074201e+01 1.961577091175374932e+01 1.758610216841187679e+01 1.382384232211703790e+01 3.186219318790654675e+00 6.402939631258869113e+00 1.831904036306972827e+01 5.922015178539603575e+00 7.988733555608992454e+00 5.873647973628018937e-01
5.757433671417490473e+01 1.541124133849423039e+01 1.904936332378716202e+01 1.460505535997047843e+01 1.744599003282867855e+01 1.324020488367213311e+01 3.086215074654214963e+00 6.551732131293524830e+00 1.858151569454964758e+01 6.279571852872788185e+00 7.813000493241424316e+00 5.140075263269057171e-01
5.746934428733941758e+01 1.477924890791251222e+01 2.461339873800863742e+01 9.830648762970520593e+00 1.724402212608527307e+01 1.265802845371123198e+01 2.979538870369203174e+00 6.685710967305147356e+00 1.877399888755046220e+01 6.620492794708592754e+00 7.622455646034510757e+00 4.495615692865244650e-01
5.721890026806111962e+01 1.414386321596094120e+01 2.926389660076155863e+01 5.806107292424694144e+00 1.698341425591704734e+01 1.207763825442642691e+01 2.866010754733948840e+00 6.804748819615717537e+00 1.889255937331414614e+01 6.941148176459116748e+00 7.417298080158737150e+00 3.933648535962100401e-01
5.681448410408163596e+01 1.350506901532670767e+01 3.280274850703897727e+01 2.718989910230745100e+00 1.666685427624854299e+01 1.149932262208816169e+01 2.745416682089781180e+00 6.908735042273027815e+00 1.893362311427553024e+01 7.238133807963667898e+00 7.197733097373507860e+00 3.446810380760160220e-01
5.624610982056749009e+01 1.286315421083283006e+01 3.528976115105425748e+01 4.995366923815041105e-01 1.629657694008740165e+01 1.092333750027609796e+01 2.617531824920033667e+00 6.997536171478689226e+00 1.889400752726437105e+01 7.508271589764691889e+00 6.963981584612509046e+00 3.027335129432328631e-01
5.550273023612378154e+01 1.221856805030738613e+01 3.689046124101570712e+01 1.026942172587223201e+00 1.587443712037068089e+01 1.034990899321817004e+01 2.482147592054079421e+00 7.070946253701047013e+00 1.877095235702302745e+01 7.748594801017751443e+00 6.716288205156812907e+00 2.667347308232730918e-01
5.457261740354809376e+01 1.157183951989827797e+01 3.777521458238620511e+01 2.038989220680806458e+00 1.540198185850334944e+01 9.779234336618637613e+00 2.339103754874685137e+00 7.128623895861289306e+00 1.856214501649442994e+01 7.956314889419983771e+00 6.454928484635060748e+00 2.359105824417832287e-01
5.344375033328095270e+01 1.092352725615337761e+01 3.808176080963281152e+01 2.681337395205740215e+00 1.488052175725235138e+01 9.211481633031837646e+00 2.188327521341439041e+00 7.170011998505715134e+00 1.826573837779538678e+01 8.128765608685251109e+00 6.180214834651601485e+00 2.095197896636477597e-01
5.210422553378315769e+01 1.027418695423717310e+01 3.791124132527320256e+01 3.060742158644123911e+00 1.431120214304953997e+01 8.646788685195831548e+00 2.029881846877405582e+00 7.194234820887892567e+00 1.788035840871017612e+01 8.263319144920362902e+00 5.892501550487678763e+00 1.868685123732667097e-01
5.054269761572864184e+01 9.624349079981797672e+00 3.733534603096408944e+01 3.252936261286822894e+00 1.369507421131129199e+01 8.085261242259504044e+00 1.864025640423408792e+00 1.740509848912545721e+01 7.199965243299481621e+00 8.357267177160066396e+00 5.592188815679993930e+00 1.673205427282141167e-01
4.874885168575200822e+01 8.974503052524539726e+00 3.640484731015395425e+01 3.310978988765551190e+00 1.303316606064070449e+01 7.526970949994217008e+00 1.691288627586201576e+00 1.683949689497264757e+01 7.185252759617808849e+00 8.407657547668375031e+00 5.279725744535756604e+00 1.503035854315362407e-01
4.671390457957053144e+01 8.325085794637381298e+00 3.515659142130548531e+01 3.272074191817522681e+00 1.232655314051936735e+01 6.971953267115407193e+00 1.512563128325377981e+00 1.618349414841122780e+01 7.147299879550896406e+00 8.411074405815444521e+00 4.955612493315793010e+00 1.353121964268926003e-01
4.443112730425461621e+01 7.676473473099110656e+00 3.361858528450083128e+01 3.162500011825135626e+00 1.157642720803749192e+01 6.420205576538887016e+00 1.329213306547129436e+00 1.543736831177290725e+01 7.082171603891314504e+00 8.363346689088762886e+00 4.620401471614464128e+00 1.219079797373530116e-01
4.189637605741521043e+01 7.028975759932318823e+00 3.181353055358926341e+01 3.001007841527623565e+00 1.078416244365048371e+01 5.871685683898147268e+00 1.143198618223556284e+00 1.460164979204955316e+01 6.984420592051532317e+00 8.259167771535217639e+00 4.274697687207286378e+00 1.097176307942662327e-01
3.910861388715470355e+01 6.382832228767088445e+00 2.976123550333702994e+01 2.801127255441457464e+00 9.951376952196579140e+00 5.326310857291903567e+00 9.572008747564331177e-01 1.367702422186404299e+01 6.846612574264363538e+00 8.091611037110281401e+00 3.919158260184465004e+00 9.842937366782131270e-02
3.607039974440716890e+01 5.738210657681841020e+00 2.748024802033647518e+01 2.572726705638081590e+00 9.079987518515164169e+00 4.783957523398565392e+00 7.747319031824637658e-01 1.266424416425847355e+01 6.658749376706323275e+00 7.851538949656371003e+00 3.554491145431106336e+00 8.778827837435787540e-02
3.278831689913157987e+01 5.095207093402861709e+00 2.498895048766162219e+01 2.323077228480928458e+00 8.172255246530117034e+00 4.244461697110570420e+00 6.001799035166701657e-01 1.156408912928295507e+01 6.407625310083720827e+00 7.526941572623324639e+00 3.181453106332088776e+00 7.759087140139053762e-02
2.927330919248089458e+01 4.453847571070260081e+00 2.230627700282247261e+01 2.057585567794493642e+00 7.230819636231331948e+00 3.707620185868118146e+00 4.387279910776685221e-01 1.037743802041656416e+01 6.076244679093890433e+00 7.102332505035039212e+00 2.800846986853623211e+00 6.767937492938551347e-02
2.554089225651165052e+01 3.814091395910734317e+00 1.945215790651182175e+01 1.780306669655107532e+00 6.258718787850045651e+00 3.173192576853275160e+00 2.960543106294732385e-01 9.105542449097944413e+00 5.643619003461920691e+00 6.558521048546576360e+00 2.413518333742560085e+00 5.793583352757253335e-02
2.161120852258680713e+01 3.175835888434081156e+00 1.644776055704818774e+01 1.494307953385491938e+00 5.259393795722420606e+00 2.640903985817185440e+00 1.777164470674680585e-01 7.750596467376303700e+00 5.085599524706791996e+00 5.873416427819616814e+00 2.020351425348254626e+00 4.827631535848170979e-02
1.750890023517448313e+01 2.538922479843470636e+00 1.331557279208866440e+01 1.201933271410919213e+00 4.236676012718891826e+00 2.110448520959918639e+00 8.816466645240322864e-02 6.316657146449280447e+00 4.377851873849219366e+00 5.024971219213855811e+00 1.622264768348256725e+00 3.864531068008623255e-02
1.326278405360062607e+01 1.903144023771038196e+00 1.007936204920337531e+01 9.049985981680185310e-01 3.194756707856940992e+00 1.581493394096030958e+00 2.945549345418041129e-02 4.810844358787019992e+00 3.502313081252564686e+00 3.997604486154805681e+00 1.220206128293687353e+00 2.901039505144648728e-02
8.905323820910535204e+00 1.268253167538099024e+00 6.764035500548732038e+00 6.049412096346242773e-01 2.138139651189629564e+00 1.053683594222144082e+00 4.346332541748209178e-05 3.244529780011282227e+00 2.457556703061468006e+00 2.792530753052767878e+00 8.151471642207602786e-01 1.935717856026593006e-02
4.471913658834637317e+00 6.339716034337904427e-01 3.395422633132567647e+00 3.029374620576000821e-01 1.071578257713927451e+00 5.266470252816061182e-01 6.436183878472570563e-03 1.633995925823071405e+00 1.270233906021425385e+00 1.439163056931920703e+00 4.080777414525538771e-01 9.684525431236851167e-03
1.868521277600505776e-14 4.144425992981769059e-14 1.389932996914418708e-14 2.928474682740634033e-14 1.101578289008008931e-13 6.257900203702217616e-14 9.666229537060338407e-15 1.309448658058743881e-14 2.470487230607422643e-15 1.485295075646917845e-14 8.193239565859325147e-14 1.482833263367202865e-13
7.524643029997275523e-01 2.808951828744805201e+00 6.662034116961242924e-01 1.822918497553251527e+00 8.038674580962167582e+00 4.401644053831180514e+00 6.735804189929468500e-01 2.380603072104440013e-02 5.487794266509576913e-02 1.113303791003520615e+00 4.997204428648116092e+00 8.725071192794413122e+00
1.505222877441148466e+00 5.594561862943261410e+00 1.332094622135532980e+00 3.623200003576840356e+00 1.534665140292622532e+01 8.072063933937108970e+00 1.334445255566209632e+00 4.744335606708011827e-02 1.097724157931977002e-01 2.213156607335035719e+00 8.596165478456105902e+00 1.602965171980324399e+01
2.258569960491000561e+00 8.334489884428609940e+00 1.997360716408565828e+00 5.379127672422640671e+00 2.153122626584170973e+01 1.061822271410036223e+01 1.970359502430714560e+00 7.074550976865200125e-02 1.646979496542311239e-01 3.284765991340108382e+00 1.043042929531645946e+01 2.152407817713702087e+01
3.012799686574336722e+00 1.100829712283704254e+01 2.661687369841613027e+00 7.070722539148274421e+00 2.656943267984245338e+01 1.201720754208455411e+01 2.570024705199390525e+00 9.355045715703323717e-02 2.196651176941510908e-01 4.311097869036060182e+00 1.085755234779794698e+01 2.554118832176977349e+01
3.768205951383754027e+00 1.359816120492633296e+01 3.324758186313740094e+00 8.680374872246515494e+00 3.063667513062311087e+01 1.244505302759324650e+01 3.123488371975136069e+00 1.157026957703133491e-01 2.746786658777451984e-01 5.272740413261594483e+00 1.035363455698284341e+01 2.853102261555870811e+01
4.525082176731661576e+00 1.608935481263243261e+01 3.986254086593904677e+00 1.019323692384613622e+01 3.395143862672625090e+01 1.212163587181543001e+01 3.622489340543757930e+00 1.370552213956057475e-01 3.297357681625391335e-01 6.148642732810602141e+00 9.284634531274649660e+00 3.083311703785734537e+01
5.283720947109309840e+00 1.847047361625420692e+01 4.645852760407828796e+00 1.159736164103747313e+01 3.670349466090913637e+01 1.123905721605745889e+01 4.060726787763920598e+00 1.574713206396187171e-01 3.848244450056730326e-01 6.917589515520510268e+00 7.896678005123729527e+00 3.266844915703265428e+01
6.044413492047783443e+00 2.073343261436193430e+01 5.303228193526938306e+00 1.288360525243670196e+01 3.903748040455991486e+01 9.945384781558626486e+00 4.434045198932405896e+00 1.768261558890108220e-01 4.399221776790167016e-01 7.560063497028975732e+00 6.352135607566708586e+00 3.417746151642015917e+01
6.807448992269024224e+00 2.287327412898558165e+01 5.958050278301768365e+00 1.404533546473017580e+01 4.105818763546191263e+01 8.350085898327627376e+00 4.740530988417742897e+00 1.950081141001321072e-01 4.949947463459365427e-01 8.060052424746146471e+00 4.759587050258909713e+00 3.545183692028258093e+01
7.573113692072793945e+00 2.488784289443254849e+01 6.609984512833616321e+00 1.507799877946218992e+01 4.284055155940987447e+01 6.534136357278804930e+00 4.980518521971793788e+00 2.119198970207911981e-01 5.499953145166852631e-01 8.406407158408025992e+00 3.192440341121973724e+00 3.655440451977925420e+01
8.341689805319022710e+00 2.677738479806605909e+01 7.258691790488465578e+00 1.597860095463017771e+01 4.443851096165163739e+01 4.558972687757396614e+00 5.156504611532311877e+00 2.274793369678327626e-01 6.048637768534383952e-01 8.593521982095079892e+00 1.699934681572225825e+00 3.753068122792654293e+01
9.113454207630999448e+00 2.854411885822512573e+01 7.903828277821099313e+00 1.674514671268920907e+01 4.589156703072171695e+01 2.473114316820505199e+00 5.272972065621517324e+00 2.416199289256721894e-01 6.595263815284315712e-01 8.621311892285694611e+00 3.139461947737707814e-01 3.841544736800238979e+01
9.888676912928271889e+00 3.019182062051473281e+01 8.545045375309946678e+00 1.737607176923358665e+01 4.722931005683030037e+01 3.167287470825201345e-01 5.336125487941354884e+00 2.542910762761226295e-01 7.138956326374541472e-01 8.494627089718401081e+00 9.464063448414674617e-01 3.923649909866112750e+01
1.066761933798283124e+01 3.172544256563943321e+01 9.181989751706362668e+00 1.786968462852482986e+01 4.847444671770185920e+01 1.875316420493875258e+00 5.353546755663217915e+00 2.654580537230876724e-01 7.678704726919810541e-01 8.222328660677041157e+00 2.071367446377144539e+00 4.001679596279245743e+01
1.145053236425307297e+01 3.315078562142543461e+01 9.814303439402305429e+00 1.822361786872277278e+01 4.964478197099582957e+01 4.071438687487551888e+00 5.333783424251334004e+00 2.751016967700385951e-01 8.213367400905977611e-01 7.816251212633853029e+00 3.057919714839418379e+00 4.077568017766334663e+01
1.223765421166337397e+01 3.447422667190667767e+01 1.044162397510318385e+01 1.843426557089490458e+01 5.075446604249778915e+01 6.242012484172201781e+00 5.285890028953193820e+00 2.832178323126328667e-01 8.741678918038339186e-01 7.290226010520505007e+00 3.907733953989692921e+00 4.152954605012109113e+01
1.302920814414678041e+01 3.570250041566250587e+01 1.106358456735998708e+01 1.849614334600414622e+01 5.181467289967360301e+01 8.358484123128029353e+00 5.218948739560360650e+00 2.898164694363061789e-01 9.262259773607686153e-01 6.659266188124339791e+00 4.625594856354251050e+00 4.229217593861226021e+01
1.382540003155254027e+01 3.684252985061662145e+01 1.167981427024265173e+01 1.840101371594970203e+01 5.283370678547162669e+01 1.039276485691736163e+01 5.141600710050720835e+00 2.949207733027868206e-01 9.773628466363123435e-01 5.938949464409565060e+00 5.218228673075953949e+00 4.307487077996161418e+01
1.462641579682989068e+01 3.790129758769506196e+01 1.228993814069404777e+01 1.813635114694598727e+01 5.381621102441552296e+01 1.231679327851843020e+01 5.061621468634222687e+00 2.985658480569722273e-01 1.027421570903582770e+00 5.144986113929074456e+00 5.693463282021056671e+00 4.388645433308968791e+01
1.543241878116382182e+01 3.888574958459589226e+01 1.289357735593648613e+01 1.768180942358243612e+01 5.476020216153622044e+01 1.410220075998400624e+01 4.985571912228627056e+00 3.007973570024567445e-01 1.076238054119303955e+00 4.292933099649534512e+00 6.059652614060038189e+00 4.473320283590590662e+01
1.624354706287083161e+01 3.980272325312250814e+01 1.349034926675354029e+01 1.699858510876345008e+01 5.564685177365785762e+01 1.572004902545550742e+01 4.918550602018286533e+00 3.016700099244824518e-01 1.123642809400491771e+00 3.398006062992705800e+00 6.325302281706569829e+00 4.561873601172688808e+01
1.705991076831083575e+01 4.065889283568701984e+01 1.407986736255469573e+01 1.598597564354900413e+01 5.639731412688187362e+01 1.714064202983423968e+01 4.864063538611528514e+00 3.012459484455841108e-01 1.169462874080636983e+00 2.474944173103921674e+00 6.498841452593782542e+00 4.654389600499534652e+01
1.788158941479623820e+01 4.146072618066819615e+01 1.466174112485574632e+01 1.420185965083228119e+01 5.659329722055004197e+01 1.833344806486578804e+01 4.824015600284676353e+00 2.995930607606494545e-01 1.213523835527602124e+00 1.537893633473336630e+00 6.588495832224174897e+00 4.750663492719764491e+01
1.870862932643300169e+01 4.221444837588567367e+01 1.523557574716750551e+01 6.290792874944425073e+00 5.090500850501134522e+01 1.926720371286211275e+01 4.798815114317535269e+00 2.967832570982555929e-01 1.255651939008272100e+00 6.002896638242171123e-01 6.602226489243642860e+00 4.850192758297875173e+01
1.954104116402269398e+01 4.292600899840602580e+01 1.580097170125647565e+01 5.144458768227907086e+01 4.337928179981634713e+00 1.991030774221800570e+01 4.787571624330662523e+00 2.928907368776293985e-01 1.295676248226567129e+00 3.252693669467836557e-01 6.547708197857280865e+00 4.952172267362009705e+01
2.037879760956314712e+01 4.360105093007664578e+01 1.635752413229257485e+01 5.954377052162708139e+01 9.647630143547099024e+00 2.023164501132756499e+01 4.788358670097851544e+00 2.879902778515881501e-01 1.333430828696559045e+00 1.227150777090952216e+00 6.432328562165239738e+00 5.055494281727208516e+01
2.122183124453761138e+01 4.424487972648333312e+01 1.690482206848925273e+01 6.137335520068180017e+01 8.364497873313709420e+00 2.020199608577522454e+01 4.798509548627372112e+00 2.821555766140447230e-01 1.368756923799904879e+00 2.094807469442562020e+00 6.263195354553179328e+00 5.158754082675141461e+01
2.207003265910234546e+01 4.486243338728712615e+01 1.744244743441655743e+01 6.264707915249952208e+01 6.179525857571235292e+00 1.979616701385414856e+01 4.814914891676376207e+00 2.754576687551393843e-01 1.401505093197467744e+00 2.918874601399868762e+00 6.047144345995573822e+00 5.260261676392448749e+01
2.292324882650446582e+01 4.545825304559328828e+01 1.796997386117800488e+01 6.380773735186235029e+01 3.519270841474993361e+00 1.899588713758664937e+01 4.834295819047674136e+00 2.679634556992224192e-01 1.431537283216506307e+00 3.691230483198099765e+00 5.790743588947525389e+00 5.358059737382134813e+01
2.378128177364656892e+01 4.603645556948448814e+01 1.848696529101296093e+01 6.494439020087978065e+01 4.667328804929220532e-01 1.779334345740459966e+01 4.853434014512647998e+00 2.597343638739034177e-01 1.458728798937251492e+00 4.405013764528804110e+00 5.500292793477449038e+00 5.449947668600430006e+01
2.464388757471682112e+01 4.660070935379543755e+01 1.899297437856037263e+01 6.608459386890021392e+01 2.942531306273596492e+00 1.619494286830355989e+01 4.869348614002445785e+00 2.508251603233648819e-01 1.482970147989663090e+00 5.054594839089683767e+00 5.181818258566647906e+00 5.533511397766557138e+01
2.551077569030758951e+01 4.715421468541398298e+01 1.948754069591956295e+01 6.723914609546011434e+01 6.672307312577907545e+00 1.422456827439742710e+01 4.879417726771841934e+00 2.412829471678011317e-01 1.504168726600507044e+00 5.635505042356288463e+00 4.841064913515014112e+00 5.606158304316958407e+01
2.638160866951954375e+01 4.769969000875787657e+01 1.997018875369422020e+01 6.841279084213780948e+01 1.067317111085467118e+01 1.192534993161249268e+01 4.881448634697478361e+00 2.311463553797798720e-01 1.522250319270357810e+00 6.144331578308994679e+00 4.483487513693878768e+00 5.665156490586347360e+01
2.725600222730246358e+01 4.823936522424556017e+01 2.044042585533810197e+01 6.960756265379154684e+01 1.487976186941385670e+01 9.358995204164484605e+00 4.873704738799267133e+00 2.204449561409529967e-01 1.537160384685594128e+00 6.578588683242155177e+00 4.114243044645624181e+00 5.707677480169712680e+01
2.813352570380151718e+01 4.877498285199600758e+01 2.089773980724569924e+01 7.082404392687456607e+01 1.921312906661646025e+01 6.602152320909590699e+00 4.854899191071599951e+00 2.091989054966670869e-01 1.548865102166583130e+00 6.936576324276609640e+00 3.738186043012309057e+00 5.730841348180048556e+01
2.901370290686751829e+01 4.930780752016900692e+01 2.134159651208220154e+01 7.206191053754368170e+01 2.358649839911714707e+01 3.740085537820990069e+00 4.824165271544857525e+00 1.974188350779418066e-01 1.557352155196393806e+00 7.217237086329316931e+00 3.359867962327887980e+00 5.731763260597735865e+01
2.989601333325912336e+01 4.983864382850058661e+01 2.177143747774474036e+01 7.332019955427661273e+01 2.791286560219370827e+01 8.588156172363798913e-01 4.781012510306948293e+00 1.851059982566277962e-01 1.562631231431112822e+00 7.420020325803121430e+00 2.983541006580768595e+00 5.707600418332586401e+01
3.077989375852616050e+01 5.036786222807457847e+01 2.218667727900856335e+01 7.459745620994561932e+01 3.211257593776386443e+01 1.962592838064555645e+00 4.725275867720517553e+00 1.722526772017092533e-01 1.564734222114163353e+00 7.544760658025556843e+00 2.613166119033932144e+00 5.655598459042532511e+01
3.166474018020467085e+01 5.089543217999829494e+01 2.258670101327850332e+01 7.589182351727221487e+01 3.611923952000700666e+01 4.658014308404116122e+00 4.657063419320256692e+00 1.588428518964242753e-01 1.563715108022797784e+00 7.591575792316863414e+00 2.252424123278914170e+00 5.573136458004476879e+01
3.254991009391219592e+01 5.142096153459953456e+01 2.297086179586009891e+01 7.720110238962958249e+01 3.988302353194179517e+01 7.177587842612493496e+00 4.576706244931393108e+00 1.448531272779712553e-01 1.559649523950939587e+00 7.560786888946545048e+00 1.904728423832023232e+00 5.457769779863845372e+01
3.343472507726621501e+01 5.194374082780768731e+01 2.333847834372739172e+01 7.852279546975205449e+01 4.337123223324237387e+01 9.488312286818061381e+00 4.484712757177796050e+00 1.302539093235545731e-01 1.552633999231792350e+00 7.452863108996579555e+00 1.573237224521723432e+00 5.307270157618908257e+01
3.431847365237667447e+01 5.246279103336157590e+01 2.368883269984378970e+01 7.985414140551414164e+01 4.656676140277502896e+01 1.157250731657691034e+01 4.381728579716882344e+00 1.150108152272599632e-01 1.542784877826492762e+00 7.268390879003384875e+00 1.260862943172914363e+00 5.119662506177184014e+01
3.520041439405196826e+01 5.297691324109479183e+01 2.402116815263256910e+01 8.119214331712090882e+01 4.946530749886976253e+01 1.342502652584624556e+01 4.268502288403825062e+00 9.908629692641975073e-02 1.530236927914866429e+00 7.008067542939736327e+00 9.702764141134402331e-01 4.893258108715819077e+01
3.607977924786504076e+01 5.348473874839744724e+01 2.433468740716738665e+01 8.253359375928860686e+01 5.207216080047113849e+01 1.505005589755608497e+01 4.145856810702762019e+00 8.244145132034277901e-02 1.515141657543125797e+00 6.672718428548808589e+00 7.039035986407329304e-01 4.626683939504980714e+01
3.695577701991583552e+01 5.398477814372083827e+01 2.462855106602514610e+01 8.387509776351471658e+01 5.439917291103583352e+01 1.645809092039498012e+01 4.014665978383596290e+00 6.503798478179831366e-02 1.497665359497166282e+00 6.263335799579627050e+00 4.639128920149764301e-01 4.318908002631398801e+01
3.782759699851661139e+01 5.447546811328357563e+01 2.490187647849140973e+01 8.521309516542174833e+01 5.646221607029823986e+01 1.766341186413480457e+01 3.875835585507470427e+00 4.684029423079159177e-02 1.477986914940492058e+00 5.781137588019367612e+00 2.521917472794069082e-01 3.969260669170739675e+01
3.869441266714085259e+01 5.495521489827884665e+01 2.515373701693803099e+01 8.654388319425120812e+01 5.827923483886982581e+01 1.868215921804215895e+01 3.730288266223867666e+00 2.781762234902847644e-02 1.456295391237192094e+00 5.227643107222953667e+00 7.031224680648705261e-02 3.577452083870568345e+01
3.955538546780839226e+01 5.542243355253916093e+01 2.538316183867877029e+01 8.786364013283741770e+01 5.986885628003520310e+01 1.953097632901309311e+01 3.578951534524474898e+00 7.946240706432230669e-03 1.432787474524997551e+00 4.604762078960558114e+00 8.051356287577109139e-02 3.143585785346857620e+01
4.040966857460966111e+01 5.587558238348638895e+01 2.558913619048107435e+01 8.916845070065656387e+01 6.124946154898125172e+01 2.022612259028636217e+01 3.422748391337239404e+00 1.278838815418879664e-02 1.407664781793336761e+00 3.914892257736224401e+00 1.994863403582755601e-01 2.668168741009451139e+01
4.125641063825756305e+01 5.631319218784662439e+01 2.577060231116217892e+01 9.045433364903728091e+01 6.243860604485658428e+01 2.078294433861108104e+01 3.262589983071773059e+00 3.438952008698040880e-02 1.381131100263951694e+00 3.161019765050094854e+00 2.862763364972260582e-01 2.152118039902043733e+01
4.209475946435680527e+01 5.673389010648908481e+01 2.592646098534573795e+01 9.171727188021348809e+01 6.345268498763072529e+01 2.121559991070496309e+01 3.099369877118920424e+00 5.684716066889698022e-02 1.353389603637328520e+00 2.346815093492893745e+00 3.410791856340638639e-01 1.596764514334267027e+01
4.292386559041433003e+01 5.713641811129694759e+01 9.295324520989856865e+01 2.605557380194864336e+01 6.430676115959498418e+01 2.153695479775488053e+01 2.933959596382161195e+00 8.013626763632929195e-02 1.324640095183658994e+00 1.476716820486469794e+00 3.646640151395622031e-01 1.003853575858212643e+01
4.374288572942244713e+01 5.751964629582762711e+01 9.415826572862147259e+01 2.615676613974114417e+01 6.501449286702251129e+01 2.175858379052073133e+01 2.767205122883198865e+00 1.042151708309817099e-01 1.295076326715243198e+00 5.559946522526509893e-01 3.584065474164860321e-01 3.755435541974858182e+00
4.455098605103277265e+01 5.788258126822756111e+01 9.532841543580885002e+01 2.622883099520434413e+01 6.558811886936959468e+01 2.189083537313469918e+01 2.599924138448847177e+00 1.290242519734541848e-01 1.264883440251334035e+00 4.092162258409058340e-01 3.242999376524550170e-01 2.855981794423391840e+00
4.534734527482284250e+01 5.822437003949635681e+01 9.645988584629772333e+01 2.627053356892842473e+01 6.603847178852004163e+01 2.194292810667647586e+01 2.432903818531107376e+00 1.544849213371946584e-01 1.234235575803697582e+00 1.411916176362828290e+00 2.649371791477999061e-01 9.766010394293896724e+00
4.613115755384237815e+01 5.854429986492804971e+01 9.754901888787362907e+01 2.628061676418694503e+01 6.637500242445000254e+01 2.192305942763647764e+01 2.266899034230356769e+00 1.804989221999737659e-01 1.203293684366648408e+00 2.444281807402199913e+00 1.834610807738013827e-01 1.694098762060489349e+01
4.690163513044198140e+01 5.884179453518296299e+01 9.859234849547371482e+01 2.625780755091401275e+01 6.660580509055559162e+01 2.183851480185125027e+01 2.102630848857541146e+00 2.069479870633555985e-01 1.172203580117539001e+00 3.497747334143167741e+00 8.348093391019603682e-02 2.434338441698683297e+01
4.765801075021551725e+01 5.911640763084855621e+01 9.958664214309595764e+01 2.620082423844543840e+01 6.673763928397376333e+01 2.169577026678898690e+01 1.940785220265680788e+00 2.336938623383130187e-01 1.141094260285730577e+00 4.563123760575405363e+00 3.104133461598108240e-02 3.193190895846860400e+01
4.839953982369321750e+01 5.936781325623194050e+01 1.005289415515642304e+02 2.610838466483817299e+01 6.677594639457379344e+01 2.150058473485174559e+01 1.782011840021129556e+00 2.605787107888960508e-01 1.110076515391845708e+00 5.630749219250479776e+00 1.559290408808090278e-01 3.966162234312330526e+01
4.912550232910436421e+01 5.959579476053305314e+01 1.014166018110323080e+02 2.597921530518618027e+01 6.672486226995621905e+01 2.125808055277091668e+01 1.626923056439041781e+00 2.874258937867302244e-01 1.079241846851829223e+00 6.690660640896057387e+00 2.869431127728147013e-01 4.748406561635613343e+01
4.983520445303462765e+01 5.980023194378620843e+01 1.022473281900849997e+02 2.581206129137080652e+01 6.658722769848689893e+01 2.097281211593832495e+01 1.476092841547955059e+00 3.140411286068154340e-01 1.048661703505120668e+00 7.732774970293021077e+00 4.199375391183208239e-01 5.534739805166903892e+01
5.052797996909629319e+01 5.998108723723992597e+01 1.030192099576104994e+02 2.560569732443527613e+01 6.636459954141641049e+01 2.064882310574589752e+01 1.330055772943685488e+00 3.402140097909643335e-01 1.018387043643533163e+00 8.747067739286293886e+00 5.510061478644286970e-01 6.319654735223652153e+01
5.120319135775817898e+01 6.013839134930473307e+01 1.037307506111390154e+02 2.535893944811034473e+01 6.605726554491791092e+01 2.028969334884475373e+01 1.189306010818075299e+00 3.657198781717161395e-01 9.884482247143369094e-01 9.723737982650222378e+00 6.766101813613224492e-01 7.097337330726352889e+01
5.186023067321600877e+01 6.027222888459870376e+01 1.043808939781276166e+02 2.507065763783974788e+01 6.566426593560507285e+01 1.989857652177759206e+01 1.054296258603039993e+00 3.903220165604215919e-01 9.588552191069728003e-01 1.065335095793697739e+01 7.936786364260373094e-01 7.861684745998613266e+01
5.249852016562202550e+01 6.038272448029644579e+01 1.049690457278914408e+02 2.473978914384103334e+01 6.518342484449019025e+01 1.947823002977820295e+01 9.254367029123996558e-01 4.137741473787280855e-01 9.295981513066647883e-01 1.152695340072875219e+01 8.996766110613613199e-01 8.606325254613167886e+01
5.311751266912306590e+01 6.047003006541563508e+01 1.054950898961731696e+02 2.436535250926270990e+01 6.461139447649530609e+01 1.903103843082221047e+01 8.030939349377232972e-01 4.358232045911272778e-01 9.006481491405650130e-01 1.233615951838830505e+01 9.926403541341780601e-01 9.324640686751762075e+01
5.371669176795585088e+01 6.053431393804469707e+01 1.059594000783154542e+02 2.394646216535320704e+01 6.394371478269496123e+01 1.855903179040029727e+01 6.875898612319563119e-01 4.562123500633796236e-01 8.719584997227364243e-01 1.307320905970917657e+01 1.071180808417192543e+00 1.000979203945520766e+02
5.429557175438117156e+01 6.057575247394476037e+01 1.063628449892503767e+02 2.348234348484735889e+01 6.317489121848320366e+01 1.806390035986156306e+01 5.792006169300644158e-01 4.746842027502500283e-01 8.434660988456681441e-01 1.373100121491293102e+01 1.134459787194156632e+00 1.065474912504240592e+02
5.485369739552096036e+01 6.059452542308626732e+01 1.067067881195866192e+02 2.297234815269790431e+01 6.229849298505610733e+01 1.754700698255154023e+01 4.781554989536836997e-01 4.909842476859296312e-01 8.150931807402246321e-01 1.430310962244877970e+01 1.182144342751557220e+00 1.125232533008833684e+02
6.059081593206165905e+01 5.539064351046290824e+01 1.069930812394462265e+02 2.241596969014478802e+01 6.130727394253829488e+01 1.700939865118625249e+01 3.846359407225452554e-01 5.048643903638226904e-01 7.867493130904815724e-01 1.478378439522267307e+01 1.214345356842159163e+00 1.179521877937682035e+02
6.056481654144251081e+01 5.590601441819689654e+01 1.072240515195311445e+02 2.181285894439734818e+01 6.019331812666056436e+01 1.645181866514503000e+01 2.987745535573153588e-01 5.160866204812106783e-01 7.583336396767583754e-01 1.516794697134350578e+01 1.231545988358422772e+00 1.227606142138017589e+02
6.051674267361848081e+01 5.639944320040633130e+01 1.074024820580655870e+02 2.116283933251203919e+01 5.894821146134600554e+01 1.587472086084025058e+01 2.206542636897968201e-01 5.244267469302666962e-01 7.297373497847807755e-01 1.545118295058374969e+01 1.234524387330921513e+00 1.268747774162771833e+02
6.044685507137103997e+01 5.687059086971773780e+01 1.075315856300488662e+02 2.046592160515033498e+01 5.756324079066241950e+01 1.527828740045489475e+01 1.503075782439198815e-01 5.296781631103754107e-01 7.008463493378191966e-01 1.562973710936297422e+01 1.224272729541161508e+00 1.302215489258749699e+02
6.035549274166499600e+01 5.731914541728743018e+01 1.076149715204215056e+02 1.972231787474866849e+01 5.602962070121956373e+01 1.466245158765143586e+01 8.771601974208914632e-02 5.316555979359806061e-01 6.715441034214415517e-01 1.570051366835246043e+01 1.201909655868042881e+00 1.327292580132324247e+02
6.024311769110743597e+01 5.774482077188812923e+01 1.076566053750654675e+02 1.893245463428097608e+01 5.433874771248494540e+01 1.402692711184382190e+01 3.280977819485533797e-02 5.301988032326038214e-01 6.417146134134150692e-01 1.566108373322742331e+01 1.168569549733713187e+00 1.343286561091843225e+02
6.011037226857604310e+01 5.814735568601428639e+01 1.076607621133295680e+02 1.809698447845303448e+01 5.248248022366342269e+01 1.337124497887479713e+01 1.453235500867954000e-02 5.251761225638154063e-01 1.550970069437951615e+01 6.112454842370147468e-01 1.125202208968019146e+00 1.349539680235753849e+02
5.995814906156943636e+01 5.852651256627534337e+01 1.076319721027264080e+02 1.721679623010360771e+01 5.045344108209821599e+01 1.269479913478808086e+01 5.448268293862092160e-02 5.164878800772154666e-01 1.524532325794942977e+01 5.800310288342294118e-01 1.071970135873315577e+00 1.345437342498350688e+02
5.978767194969443466e+01 5.888207626518741478e+01 1.075749610081456211e+02 1.629302317208101769e+01 4.824533776883876612e+01 1.199690139747769280e+01 8.726380195232492920e-02 5.040695210310077723e-01 1.486764466154217423e+01 5.479753479187615683e-01 1.005074256496495178e+00 1.330392858145748676e+02
5.960058503384308182e+01 5.921385285098493512e+01 1.074945839969673926e+02 1.532704909015995831e+01 4.585329301755626830e+01 1.127684574522368344e+01 1.131471177816093659e-01 4.878944287750850428e-01 1.437712548647849609e+01 5.149953128893434151e-01 8.757341421097704082e-01 1.303455774614841687e+02
5.939904373959915773e+01 5.952166837180585901e+01 1.073957553026593104e+02 1.432051184674981670e+01 4.327417629318225067e+01 1.053398124352135312e+01 1.324504053896545797e-01 4.679763368131680257e-01 1.377502638684778802e+01 4.810233729145663717e-01 1.242262269941979156e+02 1.516812769608325562e+00
5.918579956881031023e+01 5.980536763029404312e+01 1.072833745057000101e+02 1.327530422908787244e+01 4.050692413516821944e+01 9.767791907323562839e+00 1.455340161583986991e-01 4.443712500403138033e-01 1.306343636252280760e+01 4.460100986014099433e-01 1.216102111686076199e+02 7.791967908574386481e-01
5.896426705349009012e+01 6.006481298435759442e+01 1.071622512504923606e+02 1.219357184985506137e+01 3.755283517936211979e+01 8.977980605873751685e+00 1.527951832769085805e-01 4.171787873180156092e-01 1.224529299004830030e+01 4.099263711335627836e-01 1.154657058604578026e+02 7.396255319046104448e-01
5.873855897872049070e+01 6.029988319016458576e+01 1.070370304327956177e+02 1.107770792280490646e+01 3.441582404518387506e+01 8.164552778816640100e+00 1.546597383887367838e-01 3.865428592650476114e-01 1.132439624595039440e+01 3.727651247737508999e-01 1.081106239786718248e+02 6.727360057217823819e-01
5.851347462733147609e+01 6.051047230490032547e+01 1.069121201039285012e+02 9.930344790698189428e+00 3.110261757824745033e+01 7.327894378320872981e+00 1.515705745865165155e-01 3.526516014788547704e-01 1.030543475452196489e+01 3.345425545868345729e-01 9.959579762292142391e+01 6.003237477383988052e-01
5.829442653092610982e+01 6.069648867123881786e+01 1.067916243809691395e+02 8.754342146650206047e+00 2.762287751148166137e+01 6.468837328617435212e+00 1.439727262160710730e-01 3.157364951589303748e-01 9.194090434158809444e+00 2.952987106719491273e-01 8.997482253736382063e+01 5.259386305357187652e-01
5.808729480835940961e+01 6.085785401981249265e+01 1.066792834738026272e+02 7.552771961438797810e+00 2.398923567871709039e+01 5.588705287582573789e+00 1.322966587225176960e-01 2.760706247314860251e-01 7.997402084762339491e+00 2.550974156025038742e-01 7.932075485971564888e+01 4.507566072601146834e-01
5.789820511697484307e+01 6.099450277262328513e+01 1.065784225252913870e+02 6.328900206321716126e+00 2.021723151987793798e+01 4.689333102132841269e+00 1.169451330068965178e-01 2.339660455652648186e-01 6.724803567177590757e+00 2.140254631793849505e-01 6.772727289220634361e+01 3.753231869815667476e-01
5.773323637010354048e+01 6.110638180892892279e+01 1.064919103864392582e+02 5.086165540927285456e+00 1.632514654616325345e+01 3.773055523549267765e+00 9.829483544841642606e-02 1.897702636373547469e-01 5.390561400381750801e+00 1.721910834499124354e-01 5.530616252490816720e+01 2.999205601536453769e-01
5.759807674301794833e+01 6.119345181374720255e+01 1.064221291050766638e+02 3.828155215851142046e+00 1.233373623374333583e+01 2.842664568093507427e+00 7.672830419373215249e-02 1.438618618237031688e-01 4.018013698377464138e+00 1.297216900210150237e-01 4.218173121917592994e+01 2.246822987703245289e-01
5.749766057721717516e+01 6.125569733035300146e+01 1.063709574599975554e+02 2.558578516512367340e+00 8.265865866490260672e+00 1.901339662171686484e+00 5.270471379959074110e-02 9.664534255932466511e-02 2.642485835662365279e+00 8.676095923439375301e-02 2.848541473706798399e+01 1.496440600605830895e-01
5.743585918045349814e+01 6.129324066076778621e+01 1.063398210513500004e+02 1.281238145309252063e+00 4.146062505128679021e+00 9.525587602892346961e-01 2.684915966013023611e-02 4.854529160400389287e-02 1.300995979153156457e+00 4.346532445442360948e-02 1.436252684003371982e+01 7.477460191494653130e-02
0.000000000000000000e+00 0.000000000000000000e+00 0.000000000000000000e+00 0.000000000000000000e+00 0.000000000000000000e+00 0.000000000000000000e+00 0.000000000000000000e+00 0.000000000000000000e+00 0.000000000000000000e+00 0.000000000000000000e+00 0.000000000000000000e+00 0.000000000000000000e+00
5.725719975091332259e+01 5.725719445473819036e+01 1.031101940221232809e+02 7.250054864147439382e-01 7.250054867227239130e-01 4.079390891466449176e+00 1.594421440601454520e+01 1.489436425849091118e-02 1.489436423204930880e-02 1.312862448741014265e-01 1.312862449530057818e-01 2.920577373754323691e+00
5.723898063081871612e+01 5.723897930551790125e+01 1.032947251233838415e+02 1.450065475474733301e+00 1.450065476087963656e+00 8.127560454724212846e+00 3.166950454266669013e+01 3.003079965240807933e-02 3.003079960010104563e-02 2.622243777593534220e-01 2.622243779173443756e-01 5.803944801571219614e+00
5.720887557324942918e+01 5.720887498324174203e+01 1.035926079173443384e+02 2.175236172227288378e+00 2.175236173140360219e+00 1.211470349914218403e+01 4.696421612645683297e+01 4.564909142283572058e-02 4.564909134583325367e-02 3.924683802657332188e-01 3.924683805031793926e-01 8.614564879944662579e+00
5.716660872753800504e+01 5.716660839488658041e+01 1.039901410498991225e+02 2.900577143681145387e+00 2.900577144886028247e+00 1.601370531603597058e+01 6.163066693576441679e+01 6.198447847120906740e-02 6.198447837135823840e-02 5.216763975212298510e-01 5.216763978386707024e-01 1.132009657650323042e+01
5.711199871791615124e+01 5.711199850431697200e+01 1.044698809272969697e+02 3.626152893374642971e+00 3.626152894860817266e+00 1.980115690864418454e+01 7.549079575229204409e+01 7.926544347894284859e-02 7.926544335892436732e-02 6.495127610756231684e-01 6.495127614737510324e-01 1.389264629036311760e+01
5.704483611461634496e+01 5.704483596565741266e+01 1.050120042245830518e+02 4.352034310184087040e+00 4.352034311938643540e+00 2.345803630296061115e+01 8.839041940893807237e+01 9.771157804631130928e-02 9.771157790978310387e-02 7.756499421360552038e-01 7.756499426157260624e-01 1.630966497150740224e+01
5.696487439128798513e+01 5.696487428129359643e+01 1.055957190136739143e+02 5.078299952646164073e+00 5.078299954654002413e+00 2.697003119893652823e+01 1.002019377640948079e+02 1.175315463354676682e-01 1.175315461843523812e-01 8.997704134930287756e-01 8.997704140552319485e-01 1.855446071839392630e+01
5.687183073720736104e+01 5.687183065246753699e+01 1.062005443146601067e+02 5.805037132747629336e+00 5.805037134991698267e+00 3.032752484784861124e+01 1.389211693077379295e-01 1.389211691540026272e-01 1.108255023146447087e+02 1.021568399820289352e+00 1.021568400465979298e+00 2.061634356580358229e+01
5.676538894267526558e+01 5.676538887524274912e+01 1.068073434548103933e+02 6.532342766408144819e+00 6.532342768869645155e+00 3.352530196966342402e+01 1.620616504403078473e-01 1.620616502888177768e-01 1.140751497649383772e+00 1.140751498379862117e+00 1.201888086953214412e+02 2.249045488074496291e+01
5.664520310703577621e+01 5.664520305198768568e+01 1.073990546303197107e+02 7.260323961702760620e+00 7.260323964361453442e+00 3.656205090686172809e+01 1.871179612097649547e-01 1.871179610698849582e-01 1.257042148209173371e+00 1.257042149025988875e+00 1.282457697332993121e+02 2.417735402558677293e+01
5.651090185045698178e+01 5.651090180457349277e+01 1.079611145446410347e+02 7.989098320182000279e+00 7.989098323016454728e+00 3.943974251650595875e+01 2.142374034664801252e-01 2.142374033495452190e-01 1.370178948445733624e+00 1.370178949350043140e+00 1.349743703248883548e+02 2.568244016197922619e+01
5.636209290221430024e+01 5.636209286332977797e+01 1.084816101272824511e+02 8.718793931382650797e+00 8.718793934370651755e+00 4.216295896399442000e+01 2.435483627813275764e-01 2.435483627005394502e-01 1.479917787872248480e+00 1.479917788865408701e+00 1.403740048937516178e+02 2.701528066136818396e+01
5.619836798682507606e+01 5.619836795342814639e+01 1.089512160513559422e+02 9.449549045714393358e+00 9.449549048833166154e+00 4.473823124507784144e+01 2.751592647063699215e-01 2.751592646768734607e-01 1.586032801412352811e+00 1.586032802495775051e+00 1.444625651948707912e+02 2.818890417787478953e+01
5.601930794316199780e+01 5.601930791417714772e+01 1.093629833679175931e+02 1.018151141627310530e+01 1.018151141949987704e+01 4.717342732116029680e+01 3.091577431485538763e-01 3.091577431874592552e-01 1.688317131035440788e+00 1.688317132210514382e+00 1.472734948221933848e+02 2.921910040050194723e+01
5.582448801557535489e+01 5.582448799022204611e+01 1.097120408954998112e+02 1.091483730569458466e+01 1.091483730900678673e+01 4.947721650306012720e+01 3.456100273030055514e-01 3.456100274292971952e-01 1.786583491721506656e+00 1.786583492989595179e+00 1.488529692709270194e+02 3.012375311574479042e+01
5.561348325719605157e+01 5.561348323490622647e+01 1.099952605965335692e+02 1.164969015982921796e+01 1.164969016320505624e+01 5.165862211653573866e+01 3.845605507529934464e-01 3.845605509875474892e-01 1.880664540078493818e+00 1.880664541440935089e+00 1.492573057323639887e+02 3.092222042618280042e+01
5.538587398599727862e+01 5.538587396636290094e+01 1.102109250541901702e+02 1.238623895570850841e+01 1.238623895912717288e+01 5.372666431033921697e+01 4.260317834678043480e-01 4.260317838320907269e-01 1.970413046729263540e+00 1.970413048187361849e+00 1.485506602476010301e+02 3.163476656351198812e+01
5.514125123490568114e+01 5.514125121762693027e+01 1.103584222223029059e+02 1.312465623688935068e+01 1.312465624033157496e+01 5.569008807812299011e+01 4.700242845524232327e-01 4.700242850685692475e-01 2.055701876344391721e+00 2.055701877899341223e+00 3.228204366067625841e+01 1.468030336224234702e+02
5.487922213817072503e+01 5.487922212302972724e+01 1.104379815420966793e+02 1.386511585472045560e+01 1.386511585816886871e+01 5.755716764629844562e+01 5.165169707771508634e-01 5.165169714677928514e-01 2.136423781876146233e+00 2.136423783529097786e+00 3.288461859875656046e+01 1.440885816382319149e+02
5.459941519791198772e+01 5.459941518476416178e+01 1.104504570002073081e+02 1.460779043928513765e+01 1.460779044272455707e+01 5.933557663734301002e+01 5.654675931662400679e-01 5.654675940528924860e-01 2.212491022109205563e+00 2.212491023861190342e+00 3.346253893232972132e+01 1.404842083352698978e+02
5.430148537674455866e+01 5.430148536548007598e+01 1.103971567690841624e+02 1.535284862865107769e+01 1.535284863206904404e+01 6.103231316343625679e+01 6.168134113009536845e-01 6.168134124039292843e-01 2.283834814040587968e+00 2.283834815892580306e+00 3.403493223903016229e+01 1.360684116856243975e+02
5.398511896503810448e+01 5.398511895557765428e+01 1.102797153769360250e+02 1.610045208952898932e+01 1.610045209291587298e+01 6.265366965272268374e+01 6.704720525370411188e-01 6.704720538741131275e-01 2.350404633800979859e+00 2.350404635753812865e+00 3.461963445238079373e+01 1.309203469277305203e+02
5.365003817445246881e+01 5.365003816673918635e+01 1.101000024039860534e+02 1.685075236642552809e+01 1.685075236977487734e+01 6.420523831145790439e+01 7.263425410695508733e-01 7.263425426554778186e-01 2.412167381794380727e+00 2.412167383848795144e+00 3.523284437243983547e+01 1.251190725115180982e+02
5.329600541292449378e+01 5.329600540690593391e+01 1.098600609930953738e+02 1.760388759981717754e+01 1.760388760312589795e+01 6.569194436660417580e+01 7.843064797514104347e-01 7.843064815976299453e-01 2.469106429433088667e+00 2.469106431589708439e+00 3.588880328708941647e+01 1.187429456304559210e+02
5.292282720010430097e+01 5.292282719572601479e+01 1.095620695622952638e+02 1.835997915671025638e+01 1.835997915997877783e+01 6.711810041721683717e+01 8.442293658027764103e-01 8.442293679161174680e-01 2.521220566253188800e+00 2.521220568512517524e+00 3.659950026725616112e+01 1.118691376576510521e+02
5.253035768651773196e+01 5.253035768371759673e+01 1.092083206767315318e+02 1.911912821914258132e+01 1.911912822237483311e+01 6.848747624128077405e+01 9.059620200657017008e-01 9.059620224493856178e-01 2.568522867289612766e+00 2.568522869652031915e+00 3.737440509428937929e+01 1.045732437260833478e+02
5.211850174417147485e+01 5.211850174287684467e+01 1.088012118359262246e+02 1.988141237769704261e+01 1.988141238090043927e+01 6.980337921538887258e+01 9.693421082950086642e-01 9.693421109473481234e-01 2.611039501352089065e+00 2.611039503817897511e+00 3.822023186836295849e+01 9.692896471485374832e+01
5.168721760099703033e+01 5.168721760112255481e+01 1.083432437985374435e+02 2.064688227790557917e+01 2.064688228108984802e+01 7.106874111113357628e+01 1.034195732126693912e+00 1.034195735042126252e+00 2.648808501263262283e+00 2.648808503832596362e+00 3.914073710399187433e+01 8.900784372987179438e+01
5.123651899637786045e+01 5.123651899782350938e+01 1.078370229034438097e+02 2.141555836752163700e+01 2.141555837066773549e+01 7.228620746702253541e+01 1.100339066872152660e+00 1.100339070041092882e+00 2.681878517189918210e+00 2.681878519862789911e+00 4.013655653893152930e+01 8.087904264010482791e+01
5.076647683993618898e+01 5.076647684259748416e+01 2.218742779203294191e+01 2.218742779521824104e+01 1.072852646012364062e+02 7.345822604773044873e+01 1.167580023127051891e+00 1.167580026536813254e+00 2.710307573920053059e+00 2.710307576696391330e+00 4.120508497803320580e+01 7.260914728267245266e+01
5.027722036077217638e+01 5.027722036453664600e+01 2.296244148446733035e+01 2.296244148769907767e+01 1.066907960608591281e+02 7.458713115031866892e+01 1.235719909384234816e+00 1.235719913019340588e+00 2.734161852315531771e+00 2.734161855195116342e+00 4.234040328591819957e+01 6.426199257364122275e+01
4.976893773932638965e+01 4.976893774407987081e+01 2.374051149359891610e+01 2.374051149688948570e+01 1.060565562633568959e+02 7.567522075584858499e+01 1.304555073379204400e+00 1.304555077221956294e+00 2.753514514215242848e+00 2.753514517197745981e+00 4.353325615947872507e+01 5.589850098285885593e+01
4.924187621905784340e+01 4.924187622468614478e+01 2.452150859202487609e+01 2.452150859539779759e+01 1.053855924405086881e+02 7.672482380379601352e+01 1.373878500776906986e+00 1.373878504808201839e+00 2.768444588793823602e+00 2.768444591878797656e+00 4.477108358523456388e+01 4.757652969507941521e+01
4.869634169999149265e+01 4.869634170638349957e+01 2.530526020241455498e+01 2.530526020589555714e+01 1.046810520811073388e+02 7.773835522323228986e+01 1.443481351008457425e+00 1.443481355208153127e+00 2.779035936817678021e+00 2.779035940004539906e+00 4.603810795279790824e+01 3.935072333737935679e+01
4.813269782103278516e+01 4.813269782808001196e+01 2.609154867650822140e+01 2.609154868012414497e+01 1.039461700226011658e+02 7.871835681080534641e+01 1.513154411567643187e+00 1.513154415915295870e+00 2.785376307411526753e+00 2.785376310699581026e+00 4.731547769267719161e+01 3.127237045593060571e+01
4.755136454258155965e+01 4.755136455018227082e+01 2.688010995725514363e+01 2.688010996103305672e+01 1.031842503884593185e+02 7.966752260578674338e+01 1.582689453857339723e+00 1.582689458332277255e+00 2.787556499886102657e+00 2.787556503274514430e+00 4.858146707634289641e+01 2.338926302088984954e+01
4.695281624548982080e+01 4.695281625354689936e+01 2.767063264990025928e+01 2.767063265386677529e+01 1.023986433359071242e+02 8.058870806404769382e+01 1.651880475700002959e+00 1.651880480282158725e+00 2.785669640916701884e+00 2.785669644404514145e+00 4.981173050454297879e+01 1.574555916732180094e+01
4.633757936668582289e+01 4.633757937510934255e+01 2.846275752292026340e+01 2.846275752710172569e+01 1.015927167568708853e+02 8.148492304735859193e+01 1.720524817869432121e+00 1.720524822539253540e+00 2.779810584942673302e+00 2.779810588528778936e+00 5.097960826566900749e+01 8.381650175926552038e+00
4.570622959588146728e+01 4.570622960458694450e+01 2.925607745455658915e+01 2.925607745897762513e+01 1.007698232374317655e+02 8.235930938137578039e+01 1.788424144414568762e+00 1.788424149153489129e+00 2.770075443120493919e+00 2.770075446803630825e+00 5.205647942219955837e+01 1.334033385039780306e+00
4.505938866158090406e+01 4.505938867049007968e+01 3.005013783536401561e+01 3.005013784004750832e+01 9.993326273559904394e+01 8.321510444736830436e+01 1.855385279102820251e+00 1.855385283893254522e+00 2.756561243552071439e+00 2.756561247330833186e+00 5.301215623471172478e+01 5.364806677982230099e+00
4.439772073817869114e+01 4.439772074721891215e+01 3.084443743177717323e+01 3.084443743674369642e+01 9.908624158933068315e+01 8.405559291003041267e+01 1.921220892956769122e+00 1.921220897782301096e+00 2.739365722870538367e+00 2.739365726743312912e+00 5.381531341471227137e+01 1.168650614298316981e+01
4.372192850918562357e+01 4.372192851829029792e+01 3.163842971025460216e+01 3.163842971552158900e+01 9.823182861927324439e+01 8.488404920176563451e+01 1.985750040558270868e+00 1.985750045403704256e+00 2.718587246641745558e+00 2.718587250606701922e+00 5.443394456216048383e+01 1.760691538264666534e+01
4.303274892457638856e+01 4.303274893368443799e+01 3.243152461618156934e+01 3.243152462176368545e+01 9.737290924406171655e+01 8.570367374721838871e+01 2.048798545499173951e+00 2.048798550350565240e+00 2.694324853478640147e+00 2.694324857533760831e+00 5.483583743781892395e+01 2.310617474847352071e+01
4.233094869284971651e+01 4.233094870190534920e+01 3.322309079644333707e+01 3.322309080235127965e+01 9.651213867770140098e+01 8.651752609836759689e+01 2.110199238024572654e+00 2.110199242869219560e+00 2.666678415308551209e+00 2.666678419451505633e+00 5.498905928189926584e+01 2.816876861158439738e+01
4.161731955067028821e+01 4.161731955962260088e+01 3.401245824951222829e+01 3.401245825575277593e+01 9.565189542339041395e+01 8.732845815323332772e+01 2.169792050499059766e+00 2.169792055325444835e+00 2.635748903924448161e+00 2.635748908152625081e+00 5.486244324362430547e+01 3.278355371544555652e+01
4.089267335483405219e+01 4.089267336363781880e+01 3.479892138205033802e+01 3.479892138862635420e+01 9.479423640819007346e+01 8.813905045859530674e+01 2.227423978785070702e+00 2.227423983582840883e+00 2.601638751828844853e+00 2.601638756139252884e+00 5.442606714073316709e+01 3.694375782664643992e+01
4.015783704280293875e+01 4.015783705141755178e+01 3.558174244649866580e+01 3.558174245340852337e+01 9.394085520779923115e+01 8.895155427116675639e+01 2.282948919916206076e+00 2.282948924676086566e+00 2.564452293479718925e+00 2.564452297868968778e+00 5.365171621631616716e+01 4.064694479359608437e+01
3.941364750913815129e+01 3.941364751752821860e+01 3.636015532991257970e+01 3.636015533714990511e+01 9.309304487793710337e+01 8.976784160504935528e+01 2.336227398537393807e+00 2.336227403251158297e+00 2.524296271403915881e+00 2.524296275868148420e+00 5.251332227863414204e+01 4.389494240839405137e+01
3.866094644583918694e+01 3.866094645397443941e+01 3.713336966049016041e+01 3.713336966804408235e+01 9.225166692484199871e+01 9.058936496519487491e+01 2.387126196435628067e+00 2.387126201095950861e+00 2.481280390283610693e+00 2.481280394818447643e+00 5.098737255854761941e+01 4.669372992734560057e+01
7.388903387483058020e-06 7.729783952025576482e-06 7.363309572849623888e-06 7.755377741226069643e-06 2.253145736777864119e-05 2.253145735394068426e-05 2.435749703905154142e-07 3.407468885948401811e-07 2.554268106525628387e-07 3.288950585267069572e-07 5.353261134422367958e-05 5.353261130880902877e-05
