2.483815117761912963e-03 2.483815115481642806e-03 2.483815109526471988e-03 1.171365145778530703e+01 1.171365145778531414e+01 1.171365145778857020e+01
1.712587681309178655e-01 1.712587848374622912e-01 2.499572691727012796e-01 1.171431144999028007e+01 1.171431145023236198e+01 2.086592032550863962e+01
3.424741395591210380e-01 3.424741721230888380e-01 4.998582466549509884e-01 1.171627769113505835e+01 1.171627769208476266e+01 2.086121483462646964e+01
5.135029050888165747e-01 5.135029518681920591e-01 7.495592340620477190e-01 1.171951126640623464e+01 1.171951126845375768e+01 2.085337624557590885e+01
6.843061406904731303e-01 6.843061993392087761e-01 9.989731016095728666e-01 1.172395220237815927e+01 1.172395220579921649e+01 2.084240318957411375e+01
8.547967540061083280e-01 8.547968216174289813e-01 1.248009282709479084e+00 1.172951752657296787e+01 1.172951753149802734e+01 2.082830289107901578e+01
1.024877080021423303e+00 1.024877153301743560e+00 1.496569270330488255e+00 1.173611213157478517e+01 1.173611213797196484e+01 2.081107983029931319e+01
1.194477194684688159e+00 1.194477270148381010e+00 1.744573811172924316e+00 1.174362994328981280e+01 1.174362995096327644e+01 2.079074462200694740e+01
1.363498171016064298e+00 1.363498245198836001e+00 1.991923155421914782e+00 1.175196174732464272e+01 1.175196175592939518e+01 2.076730657346290698e+01
1.531835938629269478e+00 1.531836008300279550e+00 2.238525911152341230e+00 1.176100315624942816e+01 1.176100316532171774e+01 2.074078340196733095e+01
1.699392797502136787e+00 1.699392859863708694e+00 2.484296345941904072e+00 1.177065593816363176e+01 1.177065594716495589e+01 2.071119333938418094e+01
1.866067006780699256e+00 1.866067059647268822e+00 2.729144076451652801e+00 1.178083915567296813e+01 1.178083916404480114e+01 2.067856183541177373e+01
2.031749336836396136e+00 2.031749378778187953e+00 2.972976057470245514e+00 1.179148758406999242e+01 1.179148759129468083e+01 2.064291650598616457e+01
2.196326634295208802e+00 2.196326664739495449e+00 3.215718461674213824e+00 1.180255957126526667e+01 1.180255957692846280e+01 2.060429319487457178e+01
2.359696830395018985e+00 2.359696849676952368e+00 3.457279203579780802e+00 1.181403569483282290e+01 1.181403569868198389e+01 2.056272167279562169e+01
2.521757096171978851e+00 2.521757105531988508e+00 3.697579568632967550e+00 1.182592058158917325e+01 1.182592058358294906e+01 2.051825742125055996e+01
2.682411708463336542e+00 2.682411709989345194e+00 3.936544469184090733e+00 1.183823964419381980e+01 1.183823964453744715e+01 2.047094011322067786e+01
2.841573264726481529e+00 2.841573268209460768e+00 4.174093015834078990e+00 1.185103912313766550e+01 1.185103912397494241e+01 2.042081727025411197e+01
2.999161262092199465e+00 2.999161267180870283e+00 4.410158471568330185e+00 1.186437809763539697e+01 1.186437809892388984e+01 2.036793917009921984e+01
3.155112934540275305e+00 3.155112937451093558e+00 4.644675324495735502e+00 1.187832806467217317e+01 1.187832806544748365e+01 2.031235829046325847e+01
3.309369414873967852e+00 3.309369418077288127e+00 4.877570430275315339e+00 1.189296528472286951e+01 1.189296528561209598e+01 2.025412623049645688e+01
3.461885628200315423e+00 3.461885641362588473e+00 5.108789965663749655e+00 1.190836542311360446e+01 1.190836542693787869e+01 2.019329529612846130e+01
3.612624007065373455e+00 3.612624033692855452e+00 5.338261933479692800e+00 1.192460082902749718e+01 1.192460083709230645e+01 2.012991814397825507e+01
3.761553348384324202e+00 3.761553391409268698e+00 5.565931236683091754e+00 1.194173230202917679e+01 1.194173231557957493e+01 2.006404589067407684e+01
3.908645265911142364e+00 3.908645327481350851e+00 5.791731813224635594e+00 1.195980828865814161e+01 1.195980830877808820e+01 1.999573273141821872e+01
4.053876698844840476e+00 4.053876780152050330e+00 6.015597739668137045e+00 1.197886154340469567e+01 1.197886157091849491e+01 1.992503202957201935e+01
4.197218486634000101e+00 4.197218587790575661e+00 6.237459078741282248e+00 1.199890692850156526e+01 1.199890696388402311e+01 1.985199822393737534e+01
4.338643077983928897e+00 4.338643197957281039e+00 6.457245547324010460e+00 1.201993959848988425e+01 1.201993964179260743e+01 1.977669087595028685e+01
4.478178761887082082e+00 4.478178898493720972e+00 6.674934563163509971e+00 1.204193899836158899e+01 1.204193904916101054e+01 1.969917356927031094e+01
4.615663883617496133e+00 4.615664033588907422e+00 6.890321156647382317e+00 1.206486243105665324e+01 1.206486248842922748e+01 1.961951084901766862e+01
4.751118242378955081e+00 4.751118401477215869e+00 7.103376914548238830e+00 1.208865606836454454e+01 1.208865613089169955e+01 1.953778067441663779e+01
4.884490937316233961e+00 4.884491100513149497e+00 7.314003985124632123e+00 1.211325155202812454e+01 1.211325161783278581e+01 1.945406590689605864e+01
5.015732472548243059e+00 5.015732634249657096e+00 7.522100572804190755e+00 1.213857463452679042e+01 1.213857470134069594e+01 1.936847905834358130e+01
5.144790195636042895e+00 5.144790349941299468e+00 7.727561627587776094e+00 1.216453180033999359e+01 1.216453186559878930e+01 1.928108395343577541e+01
5.271607801408212168e+00 5.271607942391870694e+00 7.930274304014390374e+00 1.219103667956838599e+01 1.219103674052998443e+01 1.919201229667233477e+01
5.396133052504673344e+00 5.396133174504177177e+00 8.130126251494418810e+00 1.221799884978511486e+01 1.221799890366465036e+01 1.910138696359271648e+01
5.518316840231311637e+00 5.518316938125713556e+00 8.327002001695881006e+00 1.224532807300744430e+01 1.224532811712115432e+01 1.900934443491344084e+01
5.638111688227755103e+00 5.638111757692064963e+00 8.520780602042989926e+00 1.227294131052879322e+01 1.227294134243818569e+01 1.891602712762412963e+01
5.755476861541865219e+00 5.755476899262760959e+00 8.711345774165650369e+00 1.230075909683703017e+01 1.230075911448441595e+01 1.882159118853577695e+01
5.870375471180150129e+00 5.870375475021376133e+00 8.898581660936162763e+00 1.232870799195989875e+01 1.232870799378685156e+01 1.872619894197110924e+01
5.982783493211444537e+00 5.982783524102946338e+00 9.082365692493089782e+00 1.235672638127575951e+01 1.235672639623462921e+01 1.863002072966355982e+01
6.092676573872450874e+00 6.092676639025130569e+00 9.262582080705772825e+00 1.238475754596765199e+01 1.238475757802154220e+01 1.853323457334986557e+01
6.200041828509723629e+00 6.200041926152375815e+00 9.439113606755970665e+00 1.241275581276996398e+01 1.241275586154350208e+01 1.843602337971105953e+01
6.304869807823313188e+00 6.304869934974128398e+00 9.611848772606588653e+00 1.244068103732792352e+01 1.244068110176931619e+01 1.833857357124474774e+01
6.407159501799329249e+00 6.407159654412777350e+00 9.780668022125693639e+00 1.246850299737933554e+01 1.246850307580448103e+01 1.824107395991700642e+01
6.506913110883616014e+00 6.506913284046024870e+00 9.945460421100964510e+00 1.249619473863885410e+01 1.249619482880856225e+01 1.814371874180358546e+01
6.604137243289279979e+00 6.604137431450969764e+00 1.010611315799376619e+01 1.252373597521671122e+01 1.252373607444198278e+01 1.804670121862923438e+01
6.698840648537345288e+00 6.698840845767565000e+00 1.026251272396607739e+01 1.255110913447112786e+01 1.255110923973985670e+01 1.795021634762455776e+01
6.791034502451019250e+00 6.791034702701026937e+00 1.041454545742182169e+01 1.257829984349372765e+01 1.257829995161089975e+01 1.785446053219272144e+01
6.880728857130137044e+00 6.880729054490027252e+00 1.056209761640585398e+01 1.260529410064611255e+01 1.260529420837904979e+01 1.775963162738564804e+01
6.967936714049462132e+00 6.967936902985126579e+00 1.070505240827019477e+01 1.263207951057909639e+01 1.263207961479924535e+01 1.766593005494502933e+01
7.052667390587507690e+00 7.052667566146540779e+00 1.084329427821763225e+01 1.265864155404617719e+01 1.265864165185958967e+01 1.757355663925164535e+01
7.134931952765724894e+00 7.134932110742780331e+00 1.097670370689602848e+01 1.268496654720183692e+01 1.268496663606143748e+01 1.748271573891840447e+01
7.214737393262353748e+00 7.214737530318443781e+00 1.110516100809808648e+01 1.271103711389437940e+01 1.271103719168890933e+01 1.739361328823588693e+01
7.292092748302640537e+00 7.292092862034839307e+00 1.122854844876426839e+01 1.273683517543643262e+01 1.273683524055238792e+01 1.730645993908923685e+01
7.367005501298527825e+00 7.367005590260776060e+00 1.134674698955475414e+01 1.276233816878133176e+01 1.276233822013640662e+01 1.722146730294545591e+01
7.439483685205190433e+00 7.439483748883024994e+00 1.145963972770235806e+01 1.278752372822683547e+01 1.278752376527510748e+01 1.713884980091994592e+01
7.509536198441401744e+00 7.509536237186273055e+00 1.156711552166038892e+01 1.281236490681710727e+01 1.281236492952809414e+01 1.705882228224789188e+01
7.577172484634665750e+00 7.577172499565326014e+00 1.166906711376045003e+01 1.283683304538845782e+01 1.283683305420353449e+01 1.698159646256169708e+01
7.642402555082075999e+00 7.642402562202325278e+00 1.176539849810570182e+01 1.286089680053136419e+01 1.286089680476048969e+01 1.690738479056147980e+01
7.705239490555369386e+00 7.705239517456160314e+00 1.185602840134302127e+01 1.288452307818866061e+01 1.288452309427397147e+01 1.683638596936510012e+01
7.765699099695200225e+00 7.765699143741980670e+00 1.194088771230933510e+01 1.290767721471315532e+01 1.290767724121122662e+01 1.676879353074200907e+01
7.823797055885820306e+00 7.823797114219514626e+00 1.201993084534568723e+01 1.293032415349066611e+01 1.293032418878487100e+01 1.670478215620255469e+01
7.879550683603701700e+00 7.879550753269797703e+00 1.209313578328682937e+01 1.295242739778064767e+01 1.295242744015973457e+01 1.664450688237826981e+01
7.932979774840201337e+00 7.932979852901383744e+00 1.216050942255904666e+01 1.297395041036381791e+01 1.297395045809271252e+01 1.658809931506131718e+01
7.984101011902152933e+00 7.984101095530819592e+00 1.222209242876411039e+01 1.299485738994805750e+01 1.299485744132793918e+01 1.653565820795888541e+01
8.032935776293125940e+00 8.032935862841588559e+00 1.227795868342220942e+01 1.301511374921497755e+01 1.301511380263077911e+01 1.648725003236663156e+01
8.079499965043394738e+00 8.079500052092003060e+00 1.232822390141809343e+01 1.303468522953923348e+01 1.303468528349402433e+01 1.644290298049534726e+01
8.123810800658787912e+00 8.123810886043347779e+00 1.237304125208911465e+01 1.305354087945923602e+01 1.305354093259597015e+01 1.640260291049336061e+01
8.165882231957391824e+00 8.165882313779100343e+00 1.241260510347327006e+01 1.307164903277572954e+01 1.307164908388794622e+01 1.636629482028730109e+01
8.205727154308892324e+00 8.205727230930444094e+00 1.244715241865739586e+01 1.308898330674895760e+01 1.308898335478248676e+01 1.633388034732444893e+01
8.243356354818287102e+00 8.243356424850665221e+00 1.247695236306532074e+01 1.310551806209338288e+01 1.310551810614172830e+01 1.630522304645810650e+01
8.278777316736633196e+00 8.278777379020938909e+00 1.250231250140172534e+01 1.312122824471808791e+01 1.312122828401413344e+01 1.628014745244986727e+01
8.311998902042860848e+00 8.311998955630993891e+00 1.252356562346089142e+01 1.313609423134305132e+01 1.313609426524955559e+01 1.625844446614397754e+01
8.343025700422249002e+00 8.343025744560090828e+00 1.254107015261892855e+01 1.315009619584408362e+01 1.315009622384522281e+01 1.623987723226941071e+01
8.371862868911101430e+00 8.371862903026057623e+00 1.255519942708921732e+01 1.316321460461942294e+01 1.316321462631474937e+01 1.622419118095901780e+01
8.398515172451714861e+00 8.398515196146206563e+00 1.256633526714158755e+01 1.317543386647098203e+01 1.317543388157280226e+01 1.621111287384450250e+01
8.422988781270989378e+00 8.422988794321799588e+00 1.257486239070553324e+01 1.318673999417833897e+01 1.318674000251257361e+01 1.620036496475737664e+01
8.445289317898632575e+00 8.445289320261338162e+00 1.258116195351191813e+01 1.319711761587290511e+01 1.319711761738295408e+01 1.619166655216180928e+01
8.465425266829489814e+00 8.465425275012771422e+00 1.258560340029056412e+01 1.320656956275336924e+01 1.320656956800078774e+01 1.618474657666214966e+01
8.483399746004806730e+00 8.483399764396557075e+00 1.258852094128807586e+01 1.321505097025611875e+01 1.321505098206462492e+01 1.617932168192584896e+01
8.499227609733162936e+00 8.499227637793083545e+00 1.259027560977647830e+01 1.322256671741841672e+01 1.322256673545675376e+01 1.617517779747133844e+01
8.512916533556557752e+00 8.512916570538200389e+00 1.259115181918886073e+01 1.322910532209049173e+01 1.322910534589006737e+01 1.617207114539022683e+01
8.524477291930379508e+00 8.524477336883856893e+00 1.259141834945888760e+01 1.323465648180278009e+01 1.323465651075935412e+01 1.616980234978927911e+01
8.533919095293317270e+00 8.533919147075813783e+00 1.259130744561805493e+01 1.323921126758282618e+01 1.323921130096344356e+01 1.616819169564821479e+01
8.541253398831514687e+00 8.541253456126344901e+00 1.259102335672225514e+01 1.324277135402087602e+01 1.324277139097651812e+01 1.616710478448561261e+01
8.546484387488934686e+00 8.546484448833187031e+00 1.259070310032136319e+01 1.324531266477669789e+01 1.324531270436075125e+01 1.616640478213383503e+01
8.549621361641920103e+00 8.549621425461957358e+00 1.259046577799605338e+01 1.324683997828984694e+01 1.324684001948175371e+01 1.616601887036493324e+01
8.550666111603675290e+00 8.550666176256815021e+00 1.259037971505248521e+01 1.324734907570297437e+01 1.324734911743606958e+01 1.616589577491240703e+01
8.550666111603675290e+00 8.550666176256815021e+00 1.259037971505248521e+01 1.324734907570297437e+01 1.324734911743606958e+01 1.616589577491240703e+01
8.550840572650903582e+00 8.554917839850322281e+00 1.258959910535139315e+01 1.324635699435433445e+01 1.324941966249861025e+01 1.616506112111947502e+01
8.551362132516857173e+00 8.567651076688383327e+00 1.258725901890959520e+01 1.324338138280932853e+01 1.325561665925974353e+01 1.616255876134784231e+01
8.552225711227350757e+00 8.588799980055870975e+00 1.258336080812840052e+01 1.323842540815544666e+01 1.326589770158548198e+01 1.615838733823301610e+01
8.553420477282029921e+00 8.618252496525707684e+00 1.257790416749009488e+01 1.323147892019366090e+01 1.328016883790911606e+01 1.615254237130737991e+01
8.554939965772852872e+00 8.655865244540811076e+00 1.257090142717058256e+01 1.322258053260350685e+01 1.329838259310096404e+01 1.614503690881775100e+01
8.556767631960150666e+00 8.701445355259924241e+00 1.256235387586101737e+01 1.321172311384585640e+01 1.332039231347833308e+01 1.613586753369458648e+01
8.558889069425942964e+00 8.754768332785067386e+00 1.255226658744171075e+01 1.319891603980320305e+01 1.334605178549229443e+01 1.612503420543232835e+01
8.561288730104672950e+00 8.815576306146898133e+00 1.254064416986107489e+01 1.318417318436887697e+01 1.337519660163961177e+01 1.611254013897104542e+01
8.563950792065700313e+00 8.883593414776919772e+00 1.252749126113362443e+01 1.316750568343149297e+01 1.340764145466200219e+01 1.609839105178382468e+01
8.566859531147111184e+00 8.958482339346346635e+00 1.251281053700552270e+01 1.314892975509721929e+01 1.344318266828178032e+01 1.608259058172556522e+01
8.570000856588157134e+00 9.039917787009002836e+00 1.249660423114487351e+01 1.312846026544601585e+01 1.348160644132758357e+01 1.606514486776095652e+01
8.573362596248767176e+00 9.127544676360718867e+00 1.247887207955781008e+01 1.310611504100339531e+01 1.352268854421787125e+01 1.604606185489099701e+01
8.576932083069504387e+00 9.220989979397332448e+00 1.245961333106698987e+01 1.308191213444792922e+01 1.356619637647128762e+01 1.602534973610049818e+01
8.580701858994114417e+00 9.319871395387965052e+00 1.243882375483825520e+01 1.305587031009165599e+01 1.361189268023245269e+01 1.600302005764473279e+01
8.584662505564960355e+00 9.423793564169187675e+00 1.241649611404467990e+01 1.302801017590894617e+01 1.365953944281966592e+01 1.597908310224846851e+01
8.588807384585692262e+00 9.532354983398029447e+00 1.239262612572903777e+01 1.299835449261127884e+01 1.370890124651898390e+01 1.595355253776066817e+01
8.593130484672590441e+00 9.645149302521613066e+00 1.236720247909143566e+01 1.296692661192575180e+01 1.375974644229227017e+01 1.592644312822055142e+01
8.597624111751079212e+00 9.761764942669392653e+00 1.234021781450682909e+01 1.293375357471319198e+01 1.381185306028024762e+01 1.589777072931400959e+01
8.602279595794867006e+00 9.881788345979913402e+00 1.231166015259140245e+01 1.289886326817037521e+01 1.386500844608058891e+01 1.586755314199640310e+01
8.607087069775140264e+00 1.000480485319407187e+01 1.228151942906426264e+01 1.286228672850167598e+01 1.391901406566190680e+01 1.583580698078013249e+01
8.612030405209907258e+00 1.013039605380006591e+01 1.224978542343729160e+01 1.282405891677755072e+01 1.397368812463205856e+01 1.580255320483987447e+01
8.617090317763064888e+00 1.025814317865902581e+01 1.221644873441002943e+01 1.278421837351119450e+01 1.402886854265410399e+01 1.576781092358814362e+01
8.622242606128592612e+00 1.038762537592208268e+01 1.218150173553087789e+01 1.274280767201246967e+01 1.408441452053486920e+01 1.573160137129600500e+01
8.627453975166906375e+00 1.051841686969845036e+01 1.214493755610119941e+01 1.269987358421029455e+01 1.414020972118719577e+01 1.569394796218693777e+01
8.632686080093668224e+00 1.065008870611166714e+01 1.210674997732650482e+01 1.265546724737549233e+01 1.419616393756609796e+01 1.565487325882351399e+01
8.637890797237750107e+00 1.078220395527496400e+01 1.206693708344546145e+01 1.260964693726326757e+01 1.425221854374611219e+01 1.561440131081335281e+01
8.643013019969167487e+00 1.091431977241105855e+01 1.202550167870414555e+01 1.256247506528958446e+01 1.430834514918825562e+01 1.557256735195052144e+01
8.647988743473923989e+00 1.104597798115901952e+01 1.198243037952793522e+01 1.251401984391356059e+01 1.436454898597872543e+01 1.552938001473783025e+01
8.652746561500547884e+00 1.117671237450705490e+01 1.193773025193256743e+01 1.246435592992605379e+01 1.442087351496352454e+01 1.548487796790463200e+01
8.657205544739927205e+00 1.130603805732344647e+01 1.189140021974026951e+01 1.241356318193217767e+01 1.447739826642058780e+01 1.543909139966075372e+01
8.661281376549961664e+00 1.143345697606273781e+01 1.184343941732631400e+01 1.236173010879321055e+01 1.453424481372598365e+01 1.539205265063322337e+01
8.661281376549959887e+00 1.143345697606273603e+01 1.184343941732630690e+01 1.236173010879321410e+01 1.453424481372598365e+01 1.539205265063321271e+01
8.664879330718683548e+00 1.155844831107296500e+01 1.179384755274649166e+01 1.230894799869708756e+01 1.459157254188599673e+01 1.534379639887591651e+01
8.667900891363862215e+00 1.168047474975514355e+01 1.174261967602468459e+01 1.225531739179730728e+01 1.464958326608031669e+01 1.529436253621945241e+01
8.670245154828171152e+00 1.168975085786365575e+01 1.179898189219092863e+01 1.220094351923273912e+01 1.470851525602310339e+01 1.524379058468533721e+01
8.671802857898223138e+00 1.163523022723327038e+01 1.191339721982340549e+01 1.214593909879079270e+01 1.476864317632537826e+01 1.519212468914012959e+01
8.672464081266273439e+00 1.157904646664117010e+01 1.202313931114711210e+01 1.209041981400753585e+01 1.483026826632081985e+01 1.513941145085756723e+01
8.672115738194339229e+00 1.152118149174034656e+01 1.203451323575606047e+01 1.212762309872593214e+01 1.489371696373612153e+01 1.508569907000815213e+01
8.670641953353722897e+00 1.146161405948797984e+01 1.197835155378122707e+01 1.222627005674481815e+01 1.495932327082122271e+01 1.503104109133734489e+01
8.667921844694252087e+00 1.140032006755680349e+01 1.192207115388630889e+01 1.231852072779475726e+01 1.497549291809232663e+01 1.502741716696532670e+01
8.663832800799143641e+00 1.133727066956713436e+01 1.186581934188331466e+01 1.240385009639549629e+01 1.491911156953217343e+01 1.509831051631250531e+01
8.658250707061663221e+00 1.127243291958587434e+01 1.180974946132685233e+01 1.248178521875312974e+01 1.486195720418579036e+01 1.517227959350214661e+01
8.651037424822584754e+00 1.120576095967030739e+01 1.175401140785821852e+01 1.255193173791769823e+01 1.480408304658736185e+01 1.524956320663690867e+01
8.642064440562025496e+00 1.113724197775181501e+01 1.169879712686308793e+01 1.261392693066149917e+01 1.474556691106137407e+01 1.533029221134963116e+01
8.631184338432481340e+00 1.106682701112180567e+01 1.164427397578639045e+01 1.266754206327726529e+01 1.468646311843081875e+01 1.541456680755896791e+01
8.618244462392535610e+00 1.099448114341631566e+01 1.159062574086675390e+01 1.271262446461579287e+01 1.462683866569011215e+01 1.550238992773711644e+01
8.603081471803552205e+00 1.092016623921000296e+01 1.153804327181291711e+01 1.274910663287717583e+01 1.456674768785218888e+01 1.559367257534021967e+01
8.585533530676450198e+00 1.084385555345943608e+01 1.148673116009673478e+01 1.277702061077766160e+01 1.450626662746761930e+01 1.568830134557711631e+01
8.565419439887801190e+00 1.076551763735876577e+01 1.143689003814934679e+01 1.279645316177575332e+01 1.444545174595106829e+01 1.578605064673210023e+01
8.542557384810317345e+00 1.068512928776143767e+01 1.138872621314989786e+01 1.280755774564186567e+01 1.438436632908935664e+01 1.588666197374697830e+01
8.516756972853894325e+00 1.060267079862974171e+01 1.134244696564953081e+01 1.281053127666737979e+01 1.432306987711780977e+01 1.598984140196640702e+01
8.487831251491067874e+00 1.051812809496661494e+01 1.129825160618668356e+01 1.280560347599192461e+01 1.426162303442024282e+01 1.609527214539039974e+01
8.455592426371806525e+00 1.043149206760701908e+01 1.125633659778284823e+01 1.279302178107560728e+01 1.420008520500925719e+01 1.620262982216293679e+01
8.419861559141065044e+00 1.034275960510187531e+01 1.121688094818948400e+01 1.277303944659482760e+01 1.413851566043247487e+01 1.631158738218493198e+01
8.380472503327601075e+00 1.025193193653415946e+01 1.118004601012489907e+01 1.274591315982517159e+01 1.407697624422074334e+01 1.642183853758855605e+01
8.337276220731137499e+00 1.015901146442296543e+01 1.114597207898981956e+01 1.271188657871876693e+01 1.401551886120893542e+01 1.653305747947338844e+01
8.290149078480400391e+00 1.006400744647521606e+01 1.111477048630394115e+01 1.267119802412396901e+01 1.395420513196310175e+01 1.664496818864778760e+01
8.238993225026836953e+00 9.966929256704561979e+00 1.108652237977430843e+01 1.262406911523763853e+01 1.389309342998404873e+01 1.675730386716356080e+01
8.183745359845316258e+00 9.867787621125668096e+00 1.106127682670899404e+01 1.257070795782980177e+01 1.383224285697427369e+01 1.686981930272862940e+01
8.124372638010031622e+00 9.766594961908552364e+00 1.103904713223549905e+01 1.251130497103254058e+01 1.377171351778143737e+01 1.698228730953744048e+01
8.060877999616462120e+00 9.663359453815694167e+00 1.101981499316423196e+01 1.244603661697675356e+01 1.371156335682048777e+01 1.709450379690363064e+01
7.993301930746108397e+00 9.558090832687581084e+00 1.100353189270518683e+01 1.237506490491836253e+01 1.365185067836406319e+01 1.720628215421850626e+01
7.921710403360726183e+00 9.450795654520383948e+00 1.099012045415046579e+01 1.229853735938617909e+01 1.359263295752621659e+01 1.731745329756811813e+01
7.846203504888006997e+00 9.341478540014875875e+00 1.097948083739411373e+01 1.221658873581899307e+01 1.353396651474938572e+01 1.742786385998307708e+01
7.766901379710377640e+00 9.230140551511732738e+00 1.097149382805063844e+01 1.212934216361963458e+01 1.347590360950333732e+01 1.753737604509143466e+01
7.683948463160063191e+00 9.116783243085782473e+00 1.096602848725989787e+01 1.203691171603350440e+01 1.341849588619923317e+01 1.764586525200580880e+01
7.597498778904162364e+00 9.001404451665539597e+00 1.096294607655811681e+01 1.193939974413574845e+01 1.336179002096791457e+01 1.775321732876065539e+01
7.507722627576976393e+00 8.884001397199179806e+00 1.096210452960261428e+01 1.183690459269265283e+01 1.330582628877095352e+01 1.785933068138016111e+01
7.414790131148355279e+00 8.764573028255924214e+00 1.096335948311875264e+01 1.172951414102859857e+01 1.325064405593538019e+01 1.796411212624719766e+01
7.318876540581290335e+00 8.643119612245222072e+00 1.096657392067010584e+01 1.161731098023591358e+01 1.319627317790411603e+01 1.806747661458838294e+01
7.220151842296989919e+00 8.519643007593719730e+00 1.097161413223712323e+01 1.150037233027750005e+01 1.314273978247482333e+01 1.816934739107944807e+01
7.118784331279486288e+00 8.394149765675138042e+00 1.097835713653616807e+01 1.137877306384977949e+01 1.309006402728596363e+01 1.826965571361222729e+01
7.014932857786433829e+00 8.266651859943491942e+00 1.098668320060914461e+01 1.125258107446716771e+01 1.303826139433858877e+01 1.836833713161074755e+01
6.908747653522568477e+00 8.137166270374947885e+00 1.099648526710649321e+01 1.112186348001451108e+01 1.298734122105528677e+01 1.846533438343898581e+01
6.800366354071186947e+00 8.005716967662435124e+00 1.098668363297695727e+01 1.100765851429096287e+01 1.293731087407916647e+01 1.856059539753449172e+01
6.689917578246981300e+00 7.872335951086370187e+00 1.084710353275619887e+01 1.102011061184918361e+01 1.288817449952303740e+01 1.865407355117783084e+01
6.577516863419761606e+00 7.737061097969192502e+00 1.070318327171696993e+01 1.103374634329350990e+01 1.283993399017607295e+01 1.874572641789785976e+01
6.463265536576294323e+00 7.599938717022747703e+00 1.055498041977354085e+01 1.104846038926513963e+01 1.279258391963682584e+01 1.883550930576943117e+01
6.347259808499194023e+00 7.461021282763428353e+00 1.040255398874369241e+01 1.106420523277763124e+01 1.274614405786255489e+01 1.892340466076242222e+01
6.229582240090757672e+00 7.320368220217964961e+00 1.024596112558600147e+01 1.108087329077482863e+01 1.270061303829822741e+01 1.900937620766242020e+01
6.110304227443205782e+00 7.178042900225626965e+00 1.008525932186504726e+01 1.109837627448797903e+01 1.265599970180942435e+01 1.909339964600994222e+01
5.989491292514653509e+00 7.034114090516331075e+00 9.920504009899968167e+00 1.111662230892043546e+01 1.261231786746970229e+01 1.917545374135583458e+01
5.867202175654393059e+00 6.888653197676183559e+00 9.751752741987690598e+00 1.113551655961027542e+01 1.256958610326543457e+01 1.925552184522095445e+01
5.743491558536472752e+00 6.741733066397356033e+00 9.579064292955571602e+00 1.115496295239414692e+01 1.252782868195304822e+01 1.933359115606297962e+01
5.618408422320498197e+00 6.593426233031845385e+00 9.402495393990973227e+00 1.117485937583750832e+01 1.248707402919615639e+01 1.940965183335280386e+01
5.492002026197519093e+00 6.443803681030622954e+00 9.222104266209116830e+00 1.119510370704676383e+01 1.244735448597718452e+01 1.948369765940536880e+01
5.364313672572580849e+00 6.292937447693734754e+00 9.037949902763141807e+00 1.121558766073808044e+01 1.240870725151672005e+01 1.955572410447726739e+01
5.235397706239760751e+00 6.140891217816436765e+00 8.850095003696766938e+00 1.123621035512414679e+01 1.237117073888624574e+01 1.962573121265154441e+01
5.105295291208284070e+00 5.987726966908665460e+00 8.658598247424309946e+00 1.125686705729375703e+01 1.233478364463037558e+01 1.969371888681869365e+01
4.974055677217329219e+00 5.833498518206647887e+00 8.463524489433950748e+00 1.127745833012170351e+01 1.229958314909214501e+01 1.975969214267056273e+01
4.841732171218054326e+00 5.678254742026800805e+00 8.264935759416045968e+00 1.129788976199085937e+01 1.226560367276712959e+01 1.982365536927989424e+01
4.708374641211275247e+00 5.522040099670967095e+00 8.062898480534466117e+00 1.131807668376338327e+01 1.223287578111513163e+01 1.988561669701562806e+01
4.574033036074792946e+00 5.364889256515597893e+00 7.857477977084471377e+00 1.133794167408798437e+01 1.220142290252422690e+01 1.994558222764466038e+01
4.438757532186347277e+00 5.206831283629914431e+00 7.648742505576834105e+00 1.135741991278395346e+01 1.217125906337163421e+01 2.000356262453388823e+01
4.302610407634334777e+00 5.047890067855815843e+00 7.436761943804019559e+00 1.137645461586078532e+01 1.214238773182978370e+01 2.005956640614429176e+01
4.165630867752874167e+00 4.888036962448263800e+00 7.221585551310634621e+00 1.139500433120461409e+01 1.211480311097375306e+01 2.011359387133040144e+01
4.027895632423887484e+00 4.727385842489969292e+00 7.003332042031551907e+00 1.141304553222567897e+01 1.208848906339274265e+01 2.016567699476275521e+01
3.889446367168261975e+00 4.565898973560915231e+00 6.782053139753374538e+00 1.143055969035180830e+01 1.206341631103365231e+01 2.021581534977795513e+01
3.750332302011530228e+00 4.403591144545897507e+00 6.557826027174479044e+00 1.144754203351933342e+01 1.203954252654863843e+01 2.026401937224119010e+01
3.610603414608153816e+00 4.240475973875084570e+00 6.330729037666754877e+00 1.146399840799017333e+01 1.201681825841919604e+01 2.031029876054871863e+01
3.470306387271624438e+00 4.076568236887241348e+00 6.100844548105420984e+00 1.147994703646991255e+01 1.199518398521848361e+01 2.035466453618550986e+01
3.329484742996939417e+00 3.911886346271956860e+00 5.868255517846765912e+00 1.149540665573351639e+01 1.197457400177780507e+01 2.039712597785608139e+01
3.188175826196543383e+00 3.746454588117984930e+00 5.633044370291633740e+00 1.151040470736721844e+01 1.195491830961861623e+01 2.043769231188981905e+01
3.046421265146688206e+00 3.580300639472855373e+00 5.395303539361382406e+00 1.152496906648178054e+01 1.193614509827262360e+01 2.047637349240489613e+01
2.904252408245641348e+00 3.413458958643216690e+00 5.155121306378417145e+00 1.153912931462934743e+01 1.191818551529112113e+01 2.051317812143862440e+01
2.761695649580604872e+00 3.245965407915805567e+00 4.912590379914176353e+00 1.155290708612324835e+01 1.190097362052231844e+01 2.054811444503003059e+01
2.618780379903431488e+00 3.077862567184880493e+00 4.667760528918075025e+00 1.156633327671313971e+01 1.188445273929140100e+01 2.058119726609368882e+01
2.475526102420470664e+00 2.909205441190827468e+00 4.420821315490097270e+00 1.157940047747912971e+01 1.186857492224398669e+01 2.061242379330471763e+01
2.331946143148985406e+00 2.740036868058140840e+00 4.171825933975160439e+00 1.159211865998475943e+01 1.185330501708702222e+01 2.064180677393031260e+01
2.188067290097216677e+00 2.570413509214690695e+00 3.920879090968851788e+00 1.160448222380077254e+01 1.183862368577175950e+01 2.066935579040169912e+01
2.043888290424866749e+00 2.400382807627644333e+00 3.668083887105925811e+00 1.161647023599489259e+01 1.182452431477081056e+01 2.069507765350778072e+01
1.899421507459315928e+00 2.229999697718773266e+00 3.413548945694818038e+00 1.162805126203104855e+01 1.181101715197108248e+01 2.071898092077219644e+01
1.754676224538318730e+00 2.059314793419003031e+00 3.157388780353421520e+00 1.163918464730464386e+01 1.179812861425394033e+01 2.074107388226418536e+01
1.609660081286045097e+00 1.888369204788016509e+00 2.899713833368561033e+00 1.164981591404839811e+01 1.178589848813520646e+01 2.076136403148412057e+01
1.464378987023353451e+00 1.717207650228607774e+00 2.640638652474820436e+00 1.165988254963989590e+01 1.177437949083882529e+01 2.077985895286831308e+01
1.318832568594584753e+00 1.545867727716467632e+00 2.380281220751645055e+00 1.166931495268608288e+01 1.176363583337996488e+01 2.079656584701506716e+01
1.173035664653691912e+00 1.374386530706970477e+00 2.118767350841197938e+00 1.167803837893861107e+01 1.175373800425628978e+01 2.081149242102055297e+01
1.027006043213027686e+00 1.202785783814816378e+00 1.856216470297690879e+00 1.168597521343706269e+01 1.174476292348327533e+01 2.082464501091539333e+01
8.807465153868752061e-01 1.031101865363337700e+00 1.592747639049206798e+00 1.169304593613363963e+01 1.173678778279586155e+01 2.083603046555235494e+01
7.342974418243559676e-01 8.593402897454288647e-01 1.328501643610571659e+00 1.169917779442982564e+01 1.172988780278026333e+01 2.084565403377201065e+01
5.876657912402537542e-01 6.875276290051290928e-01 1.063598206491218612e+00 1.170429901766051550e+01 1.172413428420996340e+01 2.085352001918220921e+01
4.408925894835277193e-01 5.156786441181152592e-01 7.981577592287366629e-01 1.170835102984671572e+01 1.171958881301641853e+01 2.085963381098500236e+01
2.939717046444882409e-01 3.438052164043771675e-01 5.323224141514231178e-01 1.171128224822379593e+01 1.171630336690313534e+01 2.086399831863207410e+01
1.470536545557837305e-01 1.719019180734725760e-01 2.662682647742860564e-01 1.171305702983095642e+01 1.171431654761727970e+01 2.086661597184246020e+01
2.483815117761912963e-03 2.483815115481642806e-03 2.483815109526471988e-03 1.171365145778530703e+01 1.171365145778531414e+01 1.171365145778857020e+01
2.483815117761912963e-03 2.483815115481642806e-03 2.483815109526471988e-03 1.171365145778530703e+01 1.171365145778531414e+01 1.171365145778857020e+01
1.556275284918545720e-01 1.556275284920484447e-01 2.709031176276349706e-01 1.171347751285861882e+01 1.171347751285862060e+01 2.086685327142555835e+01
3.111651124393048362e-01 3.111651124393367551e-01 5.417912823074063633e-01 1.171295844646236084e+01 1.171295844646236262e+01 2.086494773118240431e+01
4.665741695903142805e-01 4.665741695903641295e-01 8.125078898178613729e-01 1.171210302991746666e+01 1.171210302991746666e+01 2.086177380928903702e+01
6.218123658239028684e-01 6.218123658239287366e-01 1.082994944410478722e+00 1.171092673926758465e+01 1.171092673926759176e+01 2.085733365060506017e+01
7.767885498130789879e-01 7.767885498130953081e-01 1.353222502952633466e+00 1.170944694177705436e+01 1.170944694177705614e+01 2.085163124289596936e+01
9.314638353815251071e-01 9.314638353815444249e-01 1.623090605973998235e+00 1.170768441608813326e+01 1.170768441608814037e+01 2.084466977894721396e+01
1.085765438127449523e+00 1.085765438127465732e+00 1.892539103821830881e+00 1.170566154406322923e+01 1.170566154406322923e+01 2.083645243874866892e+01
1.239649899789477150e+00 1.239649899789504461e+00 2.161490256850895797e+00 1.170340061262140807e+01 1.170340061262140807e+01 2.082698130478043552e+01
1.393065670352212626e+00 1.393065670352225505e+00 2.429892221013306042e+00 1.170092037967742193e+01 1.170092037967742371e+01 2.081625786228265440e+01
1.545964298807030568e+00 1.545964298807041448e+00 2.697673873190868932e+00 1.169823537237109612e+01 1.169823537237109790e+01 2.080428196809032215e+01
1.698298080202394367e+00 1.698298080202407467e+00 2.964761322808159072e+00 1.169535494576147627e+01 1.169535494576148160e+01 2.079105012102790795e+01
1.850020720260483698e+00 1.850020720260487694e+00 3.231100902050961121e+00 1.169228191246700810e+01 1.169228191246700987e+01 2.077655738739567326e+01
2.001090391838202365e+00 2.001090391838213467e+00 3.496623732569296816e+00 1.168901044174374881e+01 1.168901044174375059e+01 2.076079563772114156e+01
2.151455592847087317e+00 2.151455592847096199e+00 3.761267561664456860e+00 1.168552595685768303e+01 1.168552595685768480e+01 2.074375365181878550e+01
2.301081874005256545e+00 2.301081874005267647e+00 4.024970864177404017e+00 1.168180733284738260e+01 1.168180733284738260e+01 2.072541854174305698e+01
2.449918210999497248e+00 2.449918210999503465e+00 4.287674282052032382e+00 1.167782408084909385e+01 1.167782408084909562e+01 2.070577267728299020e+01
2.597921558505185580e+00 2.597921558505189132e+00 4.549314274076764697e+00 1.167353904234655637e+01 1.167353904234655992e+01 2.068479892063345815e+01
2.745046806831970887e+00 2.745046806831977548e+00 4.809832890807903993e+00 1.166890992768188617e+01 1.166890992768188973e+01 2.066247573322285902e+01
2.891247422286613133e+00 2.891247422286626900e+00 5.069172584941953552e+00 1.166389082453123649e+01 1.166389082453124182e+01 2.063878162462473753e+01
3.036481863004061754e+00 3.036481863004072412e+00 5.327330812164879248e+00 1.165843135467542524e+01 1.165843135467542702e+01 2.061369492044811480e+01
3.180687616651401761e+00 3.180687616651407978e+00 5.584136033761486040e+00 1.165248431507333926e+01 1.165248431507334281e+01 2.058719231395661708e+01
3.323820221823270860e+00 3.323820221823276633e+00 5.839588263196475282e+00 1.164600069508817981e+01 1.164600069508817981e+01 2.055925224992943612e+01
3.465832697601999968e+00 3.465832697602007961e+00 6.093630012700292475e+00 1.163892810885032780e+01 1.163892810885032958e+01 2.052984771717775914e+01
3.606673653005347813e+00 3.606673653005352698e+00 6.346206340358149234e+00 1.163124721317883292e+01 1.163124721317883470e+01 2.049897338116826617e+01
3.746293226252959574e+00 3.746293226252962683e+00 6.597258947520351136e+00 1.162291530011605367e+01 1.162291530011605545e+01 2.046660680178099412e+01
3.884646938138298200e+00 3.884646938138308858e+00 6.846739364697174146e+00 1.161391162130750310e+01 1.161391162130750665e+01 2.043273430001136148e+01
4.021681240305886362e+00 4.021681240305894356e+00 7.094586594657980250e+00 1.160421651209850147e+01 1.160421651209850857e+01 2.039734405400067985e+01
4.157361089686601119e+00 4.157361089686602895e+00 7.340752450579005384e+00 1.159382651412591159e+01 1.159382651412591336e+01 2.036043029459042231e+01
4.291662239293557057e+00 4.291662239293559722e+00 7.585200633914505275e+00 1.158274201405519221e+01 1.158274201405519221e+01 2.032198800864227906e+01
4.424497225651491839e+00 4.424497225651498944e+00 7.827844474442419376e+00 1.157097151830715553e+01 1.157097151830715553e+01 2.028201396141133017e+01
4.555861734954709696e+00 4.555861734954712361e+00 8.068653518784785206e+00 1.155853174123715377e+01 1.155853174123715732e+01 2.024050980812537048e+01
4.685719670615247523e+00 4.685719670615251964e+00 8.307576311383378709e+00 1.154544318145749493e+01 1.154544318145749671e+01 2.019747620881408423e+01
4.814041737861853854e+00 4.814041737861859183e+00 8.544566213421390444e+00 1.153173055714093032e+01 1.153173055714093209e+01 2.015291566003734758e+01
4.940806315470188004e+00 4.940806315470194221e+00 8.779577640097945945e+00 1.151742124218621832e+01 1.151742124218622010e+01 2.010683290630515074e+01
5.065993009863854368e+00 5.065993009863858809e+00 9.012564624142523684e+00 1.150254270532978573e+01 1.150254270532978573e+01 2.005922918732384730e+01
5.189579805613362851e+00 5.189579805613363739e+00 9.243483440392751049e+00 1.148711900583655421e+01 1.148711900583655598e+01 2.001010729821830125e+01
5.311550756053622813e+00 5.311550756053622813e+00 9.472292841032519561e+00 1.147117469275815260e+01 1.147117469275815260e+01 1.995946652045234870e+01
5.431887780546370337e+00 5.431887780546371225e+00 9.698949203452677637e+00 1.145474240877797456e+01 1.145474240877797456e+01 1.990732432576555766e+01
5.550574138923743739e+00 5.550574138923749956e+00 9.923415904177861790e+00 1.143780756570903101e+01 1.143780756570903456e+01 1.985363664626049029e+01
5.667591566534867731e+00 5.667591566534873060e+00 1.014565276735430466e+01 1.142039352889703352e+01 1.142039352889703530e+01 1.979841381960435243e+01
5.782916601777324139e+00 5.782916601777331245e+00 1.036562209274223534e+01 1.140250199619184279e+01 1.140250199619184812e+01 1.974164314773031847e+01
5.896526019196358881e+00 5.896526019196363322e+00 1.058328979624632993e+01 1.138413442479933302e+01 1.138413442479933835e+01 1.968330976043241165e+01
6.008390623672675623e+00 6.008390623672677400e+00 1.079862008085260072e+01 1.136528410938074707e+01 1.136528410938075240e+01 1.962339422010235523e+01
6.118476126428602058e+00 6.118476126428604722e+00 1.101157939067634572e+01 1.134594243565757665e+01 1.134594243565757665e+01 1.956187405864311657e+01
6.226740819812201622e+00 6.226740819812203398e+00 1.122213629838772420e+01 1.132609979126169719e+01 1.132609979126169897e+01 1.949872424739259102e+01
6.333142204476823522e+00 6.333142204476830628e+00 1.130574623772379894e+01 1.130574623772380605e+01 1.143025961907108012e+01 1.943391713525761588e+01
6.437627063013469986e+00 6.437627063013475315e+00 1.128487220235477295e+01 1.128487220235477828e+01 1.163591861501567060e+01 1.936742316525125673e+01
6.540139600641285966e+00 6.540139600641290407e+00 1.126347597144483004e+01 1.126347597144483537e+01 1.183908532467354036e+01 1.929921188854347847e+01
6.640612012095655103e+00 6.640612012095657768e+00 1.124155505497768459e+01 1.124155505497768637e+01 1.203973091649597471e+01 1.922925241252086082e+01
6.738978040133246417e+00 6.738978040133250857e+00 1.121911968281334815e+01 1.121911968281334815e+01 1.223782780588740948e+01 1.915751428066997164e+01
6.835159364858832909e+00 6.835159364858838238e+00 1.119618365212447131e+01 1.119618365212447308e+01 1.243335036838873719e+01 1.908396785775348903e+01
6.929075458723622738e+00 6.929075458723626291e+00 1.117277551963833382e+01 1.117277551963833560e+01 1.262627253800608429e+01 1.900858545065124972e+01
7.020638680741247306e+00 7.020638680741250859e+00 1.114893208240790301e+01 1.114893208240791012e+01 1.281656697040127746e+01 1.893134154647771439e+01
7.109754114177499140e+00 7.109754114177501805e+00 1.112470370422918897e+01 1.112470370422918897e+01 1.300420932788564166e+01 1.885221482337324161e+01
7.196326178683245089e+00 7.196326178683249530e+00 1.110015112315362984e+01 1.110015112315363339e+01 1.318917359929209532e+01 1.877118736388538522e+01
7.280248921548172270e+00 7.280248921548175822e+00 1.107535038142890116e+01 1.107535038142890116e+01 1.337143049312799192e+01 1.868824358914658390e+01
7.361414879444749815e+00 7.361414879444756920e+00 1.105039118556822331e+01 1.105039118556822686e+01 1.355095378205055034e+01 1.860337709539588147e+01
7.439706882035368452e+00 7.439706882035372004e+00 1.102537398721386808e+01 1.102537398721386985e+01 1.372771140331784068e+01 1.851658423624689931e+01
7.515005358653289669e+00 7.515005358653291445e+00 1.100041108337764584e+01 1.100041108337764584e+01 1.390166881951553712e+01 1.842786792401758333e+01
7.587182945234587805e+00 7.587182945234588693e+00 1.097562799121581101e+01 1.097562799121581278e+01 1.407278750312461923e+01 1.833724171580342954e+01
7.656106482182400086e+00 7.656106482182404527e+00 1.095116068795758402e+01 1.095116068795759112e+01 1.424102198406508002e+01 1.824471998031981457e+01
7.721638949182927369e+00 7.721638949182933587e+00 1.092715583126186729e+01 1.092715583126187262e+01 1.440631631274009550e+01 1.815034961643150169e+01
7.783635034852180112e+00 7.783635034852183665e+00 1.090376546906200694e+01 1.090376546906201050e+01 1.456860257745060316e+01 1.805417416541004272e+01
7.841945196136315133e+00 7.841945196136318685e+00 1.088115155692762315e+01 1.088115155692762670e+01 1.472779221239010106e+01 1.795626406461650859e+01
7.896413002564075079e+00 7.896413002564075079e+00 1.085948039625609773e+01 1.085948039625610129e+01 1.488376792189717968e+01 1.785671907150583948e+01
7.946881604576553570e+00 7.946881604576558011e+00 1.083892315195646106e+01 1.083892315195646283e+01 1.503637413290452507e+01 1.775568494724203106e+01
7.993189799362612646e+00 7.993189799362615311e+00 1.081965008471656553e+01 1.081965008471657086e+01 1.518538939076662508e+01 1.765336881518739176e+01
8.035177607483865003e+00 8.035177607483870332e+00 1.080183342657932322e+01 1.080183342657932677e+01 1.533049514366463306e+01 1.755007711861636110e+01
8.072683238518264304e+00 8.072683238518266080e+00 1.078563904828470044e+01 1.078563904828470044e+01 1.547121687603726947e+01 1.744627579621722546e+01
8.105556396333010838e+00 8.105556396333012614e+00 1.077122615321809462e+01 1.077122615321810173e+01 1.560681828768812451e+01 1.734269117268877025e+01
8.133651908149500898e+00 8.133651908149500898e+00 1.075874808213733935e+01 1.075874808213734468e+01 1.573611301368458726e+01 1.724052013629374969e+01
8.156836727416443722e+00 8.156836727416445498e+00 1.074833504945700113e+01 1.074833504945700469e+01 1.585710459935042138e+01 1.714171640809496822e+01
8.174998410929891435e+00 8.174998410929896764e+00 1.074010671041146914e+01 1.074010671041147447e+01 1.596631633549711360e+01 1.704976888192944884e+01
8.188041418477975952e+00 8.188041418477975952e+00 1.073415638285450768e+01 1.073415638285450768e+01 1.605763305531105445e+01 1.697078579632005457e+01
8.195895599515184315e+00 8.195895599515187868e+00 1.073055779721605418e+01 1.073055779721605951e+01 1.612107014578185726e+01 1.691475035660026194e+01
8.198518699549216748e+00 8.198518699549218525e+00 1.072935354431020016e+01 1.072935354431020194e+01 1.614432052676532336e+01 1.689396831757048645e+01
8.198518699549216748e+00 8.198518699549218525e+00 1.072935354431020016e+01 1.072935354431020194e+01 1.614432052676532336e+01 1.689396831757048645e+01
8.198950514729920869e+00 8.200720838697298731e+00 1.073036188544835312e+01 1.073313750895969498e+01 1.614187598394608258e+01 1.689312385329481003e+01
8.200244686595276278e+00 8.207317285576387178e+00 1.073338835406621072e+01 1.074446458476728772e+01 1.613454903912211336e+01 1.689059150055869907e+01
8.202407973008089215e+00 8.218277837259602592e+00 1.073843199751112643e+01 1.076325334978495007e+01 1.612235806741689359e+01 1.688637389375076836e+01
8.205440311433848777e+00 8.233549342083549050e+00 1.074549326733020571e+01 1.078937331599008687e+01 1.610533169696630651e+01 1.688047539010274178e+01
8.209348439505905759e+00 8.253059164986519036e+00 1.075457101351131328e+01 1.082264338919895685e+01 1.608351102074350436e+01 1.687290158890444047e+01
8.214140575556381663e+00 8.276719569146084865e+00 1.076566566303215389e+01 1.086283831518648491e+01 1.605694936130437256e+01 1.686365947006991206e+01
8.219824562839821880e+00 8.304420244494409076e+00 1.077877530549877427e+01 1.090968901828589210e+01 1.602571081307202761e+01 1.685275728489591884e+01
8.226407491402223826e+00 8.336037396919468989e+00 1.079389773698851762e+01 1.096289161627278119e+01 1.598986970091180915e+01 1.684020580460452265e+01
8.233901576912598941e+00 8.371430742054881691e+00 1.081102760541739016e+01 1.102210653905625826e+01 1.594951195961459689e+01 1.682601527650077244e+01
8.242317715031042269e+00 8.410448476475604451e+00 1.083015831120308370e+01 1.108697135551085111e+01 1.590473355479090145e+01 1.681019755054313336e+01
8.251670732338716618e+00 8.452928114868495157e+00 1.085128229029068159e+01 1.115709488722460030e+01 1.585564014363720275e+01 1.679276448989575954e+01
8.261971001793090963e+00 8.498693957169802360e+00 1.087438657033991163e+01 1.123207594046872337e+01 1.580234812190807325e+01 1.677373060039206010e+01
8.273239261763455588e+00 8.547564635895499308e+00 1.089945783222343145e+01 1.131149412754228223e+01 1.574498052106336488e+01 1.675310925319086408e+01
8.285492148820321034e+00 8.599350360291204254e+00 1.092647663759809795e+01 1.139492235263123909e+01 1.568367260055265611e+01 1.673091406835882466e+01
8.298751803980234598e+00 8.653859526597109664e+00 1.095541971827963046e+01 1.148192759968699406e+01 1.561856242231144876e+01 1.670715277921542707e+01
8.313043500832462129e+00 8.710896504463528700e+00 1.098626347369085821e+01 1.157208231686052180e+01 1.554980948356180548e+01 1.668185463694492654e+01
8.328393663404655811e+00 8.770271638297256089e+00 1.101897620716834680e+01 1.166496455682970357e+01 1.547756828935594164e+01 1.665502797903511478e+01
8.344832886036318342e+00 8.831764953292712050e+00 1.105352139684267065e+01 1.176012222844909338e+01 1.540200624430586807e+01 1.662668769682702319e+01
8.362394062328561972e+00 8.895187003923631153e+00 1.108986050513244415e+01 1.185714664373009519e+01 1.532330049072076505e+01 1.659685005504129407e+01
8.381114435086789882e+00 8.960342349907509885e+00 1.112794948679854024e+01 1.195561965356051992e+01 1.524163654795357203e+01 1.656553112421519813e+01
8.401032356020877501e+00 9.027033400067081104e+00 1.116773943772639477e+01 1.205513308674990469e+01 1.515721012171485249e+01 1.653274852920223381e+01
8.422187819863012237e+00 9.095068322786119097e+00 1.120917849772842878e+01 1.215528358709982548e+01 1.507022995076954253e+01 1.649852141899741653e+01
8.444625065870260627e+00 9.164258506042235908e+00 1.125220882951360757e+01 1.225566725162758708e+01 1.498091942268646015e+01 1.646286735588805072e+01
8.468386313799779685e+00 9.234418355695872549e+00 1.129677037930587602e+01 1.235588236960182407e+01 1.488952194424794939e+01 1.642580880406083566e+01
8.493524923069871946e+00 9.305373033458350207e+00 1.134280501878491698e+01 1.245551978325267584e+01 1.479630708275532136e+01 1.638736749968612116e+01
8.520066390953008550e+00 9.376934491257742366e+00 1.139023144335471649e+01 1.255414237167894420e+01 1.470158158025215123e+01 1.634756835191467417e+01
8.548063210453697991e+00 9.448933772380202711e+00 1.143898539585878993e+01 1.265128240697769613e+01 1.460570560765030201e+01 1.630643808354846769e+01
8.577553603484933120e+00 9.521205276060820566e+00 1.148899274414688954e+01 1.274640744002896575e+01 1.450912406524716225e+01 1.626400813563211045e+01
8.608578365038203728e+00 9.593582401775146096e+00 1.154017772669573638e+01 1.283886516622088791e+01 1.441240842009029244e+01 1.622030953463188396e+01
8.641172659026237213e+00 9.665906503946743555e+00 1.159245976679531331e+01 1.292781417978826042e+01 1.431634038097325856e+01 1.617538000346356952e+01
8.675368784204863459e+00 9.738020740064040837e+00 1.164575954479869146e+01 1.301207600575210499e+01 1.422205101291388196e+01 1.612926044530310676e+01
8.711195123494862358e+00 9.809772500054158684e+00 1.169999261237204280e+01 1.308988407174933855e+01 1.413127003390381908e+01 1.608199542128232196e+01
8.748677786639261100e+00 9.881011877319084036e+00 1.175507605300008329e+01 1.315845238378142312e+01 1.404676088298005965e+01 1.603363509435260781e+01
8.787835867892040298e+00 9.951591329266298303e+00 1.181092117785978957e+01 1.321332216747033428e+01 1.397296981614891465e+01 1.598423405541706721e+01
8.828685956680592639e+00 1.002136754373883498e+01 1.186744065520709057e+01 1.324786934090943902e+01 1.391651965659759682e+01 1.593385376180116886e+01
8.871238413852678306e+00 1.009018734990716304e+01 1.192453862872021020e+01 1.325454702278645414e+01 1.388494462784995243e+01 1.588255374585733293e+01
8.915503568999268325e+00 1.015793147812789776e+01 1.198213242721364225e+01 1.322957116220781160e+01 1.388208640329402499e+01 1.583042155587644473e+01
8.961481348294608296e+00 1.022444869261476974e+01 1.204012176152338043e+01 1.317657138668414341e+01 1.390431936550262115e+01 1.577753034275854382e+01
9.009171691744029431e+00 1.028961004664374634e+01 1.209841056700456186e+01 1.310350524463662580e+01 1.394373091852321522e+01 1.572396986734844582e+01
9.058567166502413670e+00 1.035326406140065458e+01 1.215689226023272695e+01 1.301762304350915223e+01 1.399309293626155082e+01 1.566983588381479287e+01
9.109655181506226995e+00 1.041528107735921260e+01 1.221546196855258692e+01 1.292383716999505161e+01 1.404755249429736530e+01 1.561523627755536303e+01
9.162420237854751903e+00 1.047552741961926337e+01 1.227400681381291925e+01 1.282518379022350530e+01 1.410413286724417326e+01 1.556028847091686984e+01
9.216838414293988535e+00 1.053386957526171130e+01 1.233240502770185643e+01 1.272353860718846086e+01 1.416102778359115533e+01 1.550512310762912094e+01
9.272879899743751153e+00 1.059017343016924073e+01 1.239052668266904078e+01 1.262010639572999793e+01 1.421710680015485551e+01 1.544988209614729158e+01
9.330506469635853506e+00 1.064431179554574136e+01 1.244822732191879666e+01 1.251570922317397638e+01 1.427163975044576816e+01 1.539472477304084386e+01
9.389668148421046467e+00 1.069615300303552452e+01 1.241094058691230373e+01 1.250535045651365351e+01 1.432413179079924959e+01 1.533982764771985075e+01
9.450304234698801764e+00 1.074557345863983571e+01 1.230626464378384988e+01 1.256171976425932613e+01 1.437424038525840686e+01 1.528538976093559576e+01
9.512333360586175957e+00 1.079244955382816684e+01 1.220206603705409520e+01 1.261713739304713222e+01 1.442171240432325519e+01 1.523162953745125670e+01
9.575654212603444293e+00 1.083666342900093582e+01 1.209869173545338761e+01 1.267137904984212504e+01 1.446636487409134553e+01 1.517879724151965881e+01
9.640133341537920231e+00 1.087810007469877327e+01 1.199647426970745734e+01 1.272418970982715436e+01 1.450805540568488894e+01 1.512717152689172728e+01
9.705594310266000946e+00 1.091665162141272560e+01 1.189575776148287112e+01 1.277527925757233795e+01 1.454667592777907004e+01 1.507706809292334249e+01
9.771802520623928956e+00 1.095221595339394760e+01 1.179692099614774037e+01 1.282431812919619141e+01 1.458213942940677832e+01 1.502884077396301166e+01
9.838442079396745754e+00 1.098469632060431245e+01 1.170040608416525352e+01 1.287093078689450998e+01 1.461437823361906396e+01 1.498288711843215104e+01
9.905076104442846585e+00 1.101400357531130147e+01 1.160675733528315234e+01 1.291469777809149555e+01 1.464333826597740185e+01 1.493964977424826124e+01
9.971097352611026920e+00 1.104005950330273755e+01 1.151667999034576617e+01 1.295515254727323295e+01 1.466897567466799224e+01 1.489961428511409558e+01
1.003564502643127021e+01 1.106278977427423271e+01 1.143111565098206306e+01 1.299178894732600398e+01 1.469125471231215485e+01 1.486330409917060003e+01
1.009749043736628593e+01 1.108213153187793409e+01 1.135136574768385742e+01 1.302407205534578161e+01 1.471014804095575634e+01 1.483127037034673279e+01
1.015487666546370704e+01 1.109803116180935589e+01 1.127924825875540904e+01 1.305145791480246231e+01 1.472563423426509210e+01 1.480407097446981268e+01
1.020534281623539030e+01 1.111044455678206688e+01 1.121727380224134052e+01 1.307342242207562677e+01 1.473769404347324574e+01 1.478223947618943512e+01
1.024564400105286310e+01 1.111933587168042337e+01 1.116872383450200878e+01 1.308949422617135561e+01 1.474631767304448005e+01 1.476625660310484989e+01
1.027203732524831636e+01 1.112468021865819523e+01 1.113736066849864059e+01 1.309929245269964326e+01 1.475149380247067121e+01 1.475649781201694388e+01
1.028127418030710238e+01 1.112645616799906279e+01 1.112645618119046098e+01 1.310258044067069783e+01 1.475320542737394724e+01 1.475320543732275347e+01
1.028127418030710238e+01 1.112645616799906279e+01 1.112645618119046098e+01 1.310258044067069783e+01 1.475320542737394724e+01 1.475320543732275347e+01
1.027869359781594838e+01 1.106044683361343672e+01 1.119114411721728608e+01 1.310328071222323842e+01 1.469990088324483501e+01 1.480640697107032189e+01
1.027093372071826138e+01 1.099316181168015838e+01 1.125447570566070254e+01 1.310531554561158529e+01 1.464658653192114279e+01 1.485942049165934620e+01
1.025808598938995964e+01 1.092462762623529393e+01 1.131642377220878615e+01 1.310865168541922721e+01 1.459328706834000222e+01 1.491217392718536949e+01
1.024027477123342500e+01 1.085490757805946949e+01 1.137697048942404443e+01 1.311320860483106721e+01 1.454010190828927307e+01 1.496459373136827864e+01
1.021767194974593806e+01 1.078406243637997441e+01 1.143609944327840111e+01 1.311887902706325271e+01 1.448710441884749223e+01 1.501660618763990840e+01
1.019048471097010911e+01 1.071216219650249890e+01 1.149380077966981162e+01 1.312553526616091482e+01 1.443436825329209938e+01 1.506813465576836464e+01
1.015895815969473936e+01 1.063928238736824738e+01 1.155006626494693478e+01 1.313302933073172696e+01 1.438196691652754033e+01 1.511910773473300651e+01
1.012335992543347452e+01 1.056550829500077882e+01 1.160489022451534602e+01 1.314120521548132281e+01 1.432997341473861042e+01 1.516945390838082375e+01
1.008398164859634250e+01 1.049092996771229203e+01 1.165827069262425653e+01 1.314989946796073461e+01 1.427846160314886248e+01 1.521910017979768170e+01
1.004112834659698628e+01 1.041564947548965137e+01 1.171020445711578795e+01 1.315894824254397300e+01 1.422750451835194774e+01 1.526798106162726398e+01
9.995114087710730288e+00 1.033977112826782196e+01 1.176069051709259483e+01 1.316819120878843741e+01 1.417717442533429661e+01 1.531603013407364777e+01
9.946259086241340697e+00 1.026340867771089016e+01 1.180972629678956132e+01 1.317747587564081435e+01 1.412754684146675821e+01 1.536318088462718201e+01
9.894884032847361510e+00 1.018668438087381745e+01 1.185731079570135549e+01 1.318666102620480807e+01 1.407869187051320203e+01 1.540937590996523276e+01
9.841307734250122508e+00 1.010972471278922136e+01 1.190343993948910750e+01 1.319561792443819215e+01 1.403068271649716436e+01 1.545455669251046515e+01
9.785844846533912289e+00 1.003266261899595513e+01 1.194811079435383938e+01 1.320423176727673464e+01 1.398358935716986373e+01 1.549866995056539665e+01
9.728804887531252277e+00 9.955643076342784781e+00 1.199131847193199540e+01 1.321240484976941154e+01 1.393748354076059037e+01 1.554166432428109523e+01
9.670490636904519377e+00 9.878811411604354831e+00 1.203305752206199841e+01 1.322005444127806406e+01 1.389243138429537616e+01 1.558349084779889893e+01
9.611197351560161195e+00 9.802323260788456949e+00 1.207332268388040220e+01 1.322711463030472956e+01 1.384850002272744263e+01 1.562410744828085285e+01
9.551213971607662501e+00 9.726341230324910825e+00 1.211210756910442932e+01 1.323353593196641675e+01 1.380575346211541898e+01 1.566347272610525465e+01
9.490823485324883180e+00 9.651034393144476198e+00 1.214940471541886069e+01 1.323928266576020008e+01 1.376425319721015050e+01 1.570154903170637439e+01
9.430300407549445652e+00 9.576577602984404081e+00 1.218520934631545849e+01 1.324433468311701034e+01 1.372405689982338117e+01 1.573830026938921556e+01
9.369916663408115909e+00 9.503155608567732671e+00 1.221951584524289203e+01 1.324868605996086579e+01 1.368522048226653531e+01 1.577369336765252683e+01
9.309937117271367413e+00 9.430955429649607424e+00 1.225231824195222607e+01 1.325234208151402093e+01 1.364779572379709904e+01 1.580769901687221690e+01
9.250621344742821606e+00 9.360173340574309719e+00 1.228361218264435095e+01 1.325531894195449212e+01 1.361183048755477110e+01 1.584028851067023247e+01
9.192226449456669002e+00 9.291010265910053079e+00 1.231339530801996140e+01 1.325764459298618725e+01 1.357736999950746615e+01 1.587143534817300328e+01
9.135003995270542632e+00 9.223671177742588156e+00 1.234166487158982051e+01 1.325935318702280163e+01 1.354445501570672938e+01 1.590111584755277185e+01
9.079201568278788770e+00 9.158365615629202594e+00 1.236841959671279589e+01 1.326048976118326728e+01 1.351312509906423109e+01 1.592930610306672889e+01
9.025062732800373411e+00 9.095306197450382157e+00 1.239365879411879412e+01 1.326110225820862176e+01 1.348341410288838382e+01 1.595598573682055488e+01
8.972824292248409606e+00 9.034705422240321582e+00 1.241738126463837055e+01 1.326124629523324039e+01 1.345535355589242243e+01 1.598113327803285344e+01
8.922718453611086176e+00 8.976778090388716436e+00 1.243958736987551639e+01 1.326097953992796086e+01 1.342897290783063546e+01 1.600473381868297551e+01
8.874969043089580012e+00 8.921734614973662048e+00 1.246027600213383302e+01 1.326036451857741483e+01 1.340429895014710837e+01 1.602676740120145737e+01
8.829794330014061998e+00 8.869784136083476156e+00 1.247944858344301267e+01 1.325946435172985893e+01 1.338135547077294873e+01 1.604722135029701491e+01
8.787389244791000920e+00 8.821117851076781591e+00 1.249710259065810725e+01 1.325834005647695157e+01 1.336016306193659986e+01 1.606608099020056812e+01
8.747972387670063910e+00 8.775955568235378479e+00 1.251323754654341691e+01 1.325706049891323524e+01 1.334074518429640044e+01 1.608333423098281756e+01
8.711717743895199817e+00 8.734471318321919142e+00 1.252784954345329638e+01 1.325568397180330926e+01 1.332311909844427866e+01 1.609897079754290417e+01
8.678795957697156283e+00 8.696841722438797717e+00 1.254093913594875787e+01 1.325427139745379179e+01 1.330730128225970610e+01 1.611298222097370925e+01
8.649363400956319836e+00 8.663229145926171881e+00 1.255250054899446610e+01 1.325287783729244317e+01 1.329330698944554712e+01 1.612535946415686894e+01
8.623561262666660454e+00 8.633781984438861912e+00 1.256253143921635562e+01 1.325155600285387081e+01 1.328114958598461115e+01 1.613609913280626174e+01
8.601513119726165613e+00 8.608632306108752630e+00 1.257102710635595599e+01 1.325035331549474904e+01 1.327084095165236732e+01 1.614519262165213576e+01
8.583327285983143540e+00 8.587895151010684458e+00 1.257799383028353013e+01 1.324931919865784735e+01 1.326240133378988162e+01 1.615264790039423204e+01
8.569089395977970369e+00 8.571664493341886626e+00 1.258341003992130247e+01 1.324847022279879027e+01 1.325582106939212501e+01 1.615844161724104566e+01
8.558871384363063939e+00 8.560017395241793281e+00 1.258728121337168915e+01 1.324786160503784238e+01 1.325111614266426585e+01 1.616258279966312728e+01
8.552720013008858757e+00 8.553006594119533901e+00 1.258960488493019447e+01 1.324747785881454476e+01 1.324829133336783649e+01 1.616506733165607201e+01
8.550666111603675290e+00 8.550666176256815021e+00 1.259037971505248521e+01 1.324734907570297437e+01 1.324734911743606958e+01 1.616589577491240703e+01
