3.038901802514049607e-12 -8.521452506853661546e-12 1.779760479622832415e-11 1.853980138841730697e-15 4.723712311066543862e-15 1.719621054781832759e-15
-7.149587388790442333e+01 -7.149589940806441746e+01 -6.538406092446280127e+01 -4.233365601374952103e-01 -4.233370351963712808e-01 7.717237692719223219e-01
-7.144228515786852540e+01 -7.144230996685354285e+01 -6.533907422857969038e+01 -8.371003154346371433e-01 -8.371012391179508683e-01 1.543457049989717778e+00
-7.136628643357011015e+01 -7.136631009377323664e+01 -6.527196441767918600e+01 -1.232281642446454439e+00 -1.232282963795085839e+00 2.315154062123313317e+00
-7.125613661240201679e+01 -7.125615873436770187e+01 -6.517924131590515913e+01 -1.600963642346894478e+00 -1.600965289558014870e+00 3.086656902270209279e+00
-7.111537893746289285e+01 -7.111539919806496357e+01 -6.506973195661389298e+01 -1.936801232311148313e+00 -1.936803117928326712e+00 3.857633230165441240e+00
-7.093749886078263955e+01 -7.093751701655122588e+01 -6.492484580274567918e+01 -2.235351779784240822e+00 -2.235353806985969971e+00 4.627631224243947017e+00
-7.072294051275771665e+01 -7.072295640807416817e+01 -6.475489747874567570e+01 -2.494395814364611219e+00 -2.494397883952689465e+00 5.395927583073607536e+00
-7.047054908787779937e+01 -7.047056265987417589e+01 -6.456053012575694083e+01 -2.714013433727030744e+00 -2.714015451240958221e+00 6.161613004400512850e+00
-7.018149710508166095e+01 -7.018150838341298936e+01 -6.434295091711068437e+01 -2.896587322636876127e+00 -2.896589205120413624e+00 6.923589997244635086e+00
-6.984867662442002256e+01 -6.984868572586701418e+01 -6.410074372452055513e+01 -3.046574100792536210e+00 -3.046575782549765243e+00 7.680620381985390210e+00
-6.947359264417006841e+01 -6.947359976339365062e+01 -6.383543881452393975e+01 -3.170278445785920773e+00 -3.170279882970295393e+00 8.431364353268826051e+00
-6.905573113335199764e+01 -6.905573652935275675e+01 -6.354776185157403035e+01 -3.275378093754194087e+00 -3.275379267141107054e+00 9.174324755730207670e+00
-6.859545111790997396e+01 -6.859545509729150581e+01 -6.323828340302159035e+01 -3.370415578279760460e+00 -3.370416494121069917e+00 9.908428573832525288e+00
-6.809361879110149118e+01 -6.809362168903089696e+01 -6.290812295094345785e+01 -3.464250235325753824e+00 -3.464250924156748290e+00 1.063236351483429054e+01
-6.755218963930049370e+01 -6.755219179919726002e+01 -6.255835979172179151e+01 -3.565478208660355364e+00 -3.565478722101324660e+00 1.134512429607899442e+01
-6.697392922409009941e+01 -6.697393097716259547e+01 -6.219012393644960923e+01 -3.681899704853818456e+00 -3.681900110606447729e+00 1.204594950422045940e+01
-6.636229485586129329e+01 -6.636229321011370530e+01 -6.180482333283051588e+01 -3.820050920039845366e+00 -3.820050544666020897e+00 1.273436685662117007e+01
-6.572124438244667033e+01 -6.572124259362895771e+01 -6.140357692716375482e+01 -3.985190201534380972e+00 -3.985189777099795272e+00 1.340992469979878088e+01
-6.505474923377731500e+01 -6.505474711485413764e+01 -6.098749003992246998e+01 -4.179681085410587471e+00 -4.179680538252831923e+00 1.407316790075760871e+01
-6.436680220611619063e+01 -6.436680476834281706e+01 -6.055755606185975637e+01 -4.404924711050333563e+00 -4.404925441030220767e+00 1.472412557281916534e+01
-6.366088200260776375e+01 -6.366088504170046747e+01 -6.011420755681619710e+01 -4.660041729227670793e+00 -4.660042681591235691e+00 1.536318796843238310e+01
-6.293979893860775121e+01 -6.293980240757586841e+01 -5.965774518174054464e+01 -4.942349381480974913e+00 -4.942350569625463486e+00 1.599078306308344999e+01
-6.220550993020667363e+01 -6.220551370561460658e+01 -5.918780177311708712e+01 -5.247613421458431127e+00 -5.247614828849067159e+00 1.660726005871893918e+01
-6.145910057952158922e+01 -6.145910447035116420e+01 -5.870364946699842790e+01 -5.570353921741334702e+00 -5.570355500349381650e+00 1.721277746595830749e+01
-6.070064554117855238e+01 -6.070064930201940712e+01 -5.820414021406254790e+01 -5.904237692534592519e+00 -5.904239363723419842e+00 1.780722388438928405e+01
-5.992953730910841870e+01 -5.992954065683940712e+01 -5.768765719225143584e+01 -6.242439594240091871e+00 -6.242441252103946958e+00 1.839009169484339523e+01
-5.914445789774846673e+01 -5.914446053076678567e+01 -5.715231041688272029e+01 -6.578185745636733195e+00 -6.578187262668723001e+00 1.896027676739300816e+01
-5.834287008797674190e+01 -5.834287170694818769e+01 -5.659549359127206003e+01 -6.904521646312712591e+00 -6.904522881107287624e+00 1.951672734696855116e+01
-5.752490413762535582e+01 -5.752490446607451702e+01 -5.601608633581926000e+01 -7.215455201315493561e+00 -7.215456007717683917e+00 2.005739554075565678e+01
-5.668737513132375483e+01 -5.668737393581249506e+01 -5.541137502076480104e+01 -7.505675070369412616e+00 -7.505675307743753244e+00 2.057993255916672481e+01
-5.582907312645844655e+01 -5.582907023389368106e+01 -5.477927624858715205e+01 -7.770860329317708093e+00 -7.770859872880741648e+00 2.108159322040369688e+01
-5.494890319369215348e+01 -5.494889850569209955e+01 -5.411793990576437352e+01 -8.007787502201066943e+00 -8.007786253003827071e+00 2.155929210250513961e+01
-5.404632216750960083e+01 -5.404631567052484087e+01 -5.342576300283194968e+01 -8.214398709320274605e+00 -8.214396603028159660e+00 2.200977478803525855e+01
-5.312142639960060109e+01 -5.312141817014598644e+01 -5.270150439872794834e+01 -8.389766925882044646e+00 -8.389763939699447448e+00 2.242961303509029847e+01
-5.217488659827711217e+01 -5.217487680296452623e+01 -5.194423338974514337e+01 -8.534035762134088543e+00 -8.534031919335166805e+00 2.281539741040084124e+01
-5.120793579824346864e+01 -5.120792468849631263e+01 -5.115336685876700074e+01 -8.648300032951789618e+00 -8.648295404603306480e+00 2.316382985363783575e+01
-5.022232735870437637e+01 -5.022231526038954996e+01 -5.032868640339681576e+01 -8.734442463460744932e+00 -8.734437167118031198e+00 2.347184838519175543e+01
-4.922020292370767436e+01 -4.922019022227632234e+01 -4.947023201590157271e+01 -8.794951245606002388e+00 -8.794945440974601070e+00 2.373670524896139966e+01
-4.820401531786172455e+01 -4.820400243983651478e+01 -4.857828591754227432e+01 -8.832828619916780255e+00 -8.832822501691104833e+00 2.395604720280923772e+01
-4.717629488351461475e+01 -4.717630749159005887e+01 -4.765336408704979476e+01 -8.850963289637130416e+00 -8.850969501341500845e+00 2.412796679218043749e+01
-4.613972545110642187e+01 -4.613973734501768575e+01 -4.669608414666159035e+01 -8.852607540649088946e+00 -8.852613611669871929e+00 2.425102053752652509e+01
-4.509680495388796828e+01 -4.509681571399297439e+01 -4.570712963184069366e+01 -8.840761957808995319e+00 -8.840767652376605668e+00 2.432421659504686318e+01
-4.404988610370593705e+01 -4.404989535576221016e+01 -4.468718391279535496e+01 -8.818210513538081941e+00 -8.818215606967555686e+00 2.434653112477693426e+01
-4.300099248753974734e+01 -4.300099992082622435e+01 -4.363689102846556267e+01 -8.787240140424781742e+00 -8.787244431207815509e+00 2.431864938501372109e+01
-4.195181497842806806e+01 -4.195182036014416127e+01 -4.255676691737088646e+01 -8.749850816186693692e+00 -8.749854136706714414e+00 2.424019616127946009e+01
-4.090364401084259072e+01 -4.090364719596947651e+01 -4.144718246723545008e+01 -8.707542258972116755e+00 -8.707544484147232922e+00 2.411141037613529292e+01
-3.985737760374754401e+01 -3.985737853991079760e+01 -4.030836756927349995e+01 -8.661357227765069666e+00 -8.661358281099683865e+00 2.393261959141005235e+01
-3.881353556031112362e+01 -3.881353428751318546e+01 -3.914035147075266963e+01 -8.611902919792584044e+00 -8.611902776506234147e+00 2.370411333462093850e+01
-3.777232726758752790e+01 -3.777232391301842540e+01 -3.794302194911135473e+01 -8.559390634415699139e+00 -8.559389321533462436e+00 2.342608289225817231e+01
-3.673370521358837948e+01 -3.673369998203885700e+01 -3.671613853111293224e+01 -8.503680431597931744e+00 -8.503678025101477189e+00 2.309853730172751440e+01
-3.569749053114286141e+01 -3.569748369178694247e+01 -3.545939589387658941e+01 -8.444337365838057607e+00 -8.444333985170713319e+00 2.272128476410273024e+01
-3.466342311605906445e+01 -3.466341498658773901e+01 -3.417251089644069140e+01 -8.380693985529068968e+00 -8.380689785919612333e+00 2.229392433794555473e+01
-3.363129863008396114e+01 -3.363128955925257912e+01 -3.285530102847940981e+01 -8.311900279003200609e+00 -8.311895442189886296e+00 2.181588504358078140e+01
-3.260099683592668640e+01 -3.260098718565312481e+01 -3.150777289331698228e+01 -8.236986361374864174e+00 -8.236981085396504199e+00 2.128648865893048026e+01
-3.157256489380096554e+01 -3.157255502186755436e+01 -3.013029481446038460e+01 -8.154911784257789620e+00 -8.154906272993548200e+00 2.070509490119112783e+01
-3.054623493786159116e+01 -3.054622518219215621e+01 -2.872367078882196978e+01 -8.064613058278700564e+00 -8.064607511402929418e+00 2.007121741528994718e+01
-2.952242528361635010e+01 -2.952241594891700061e+01 -2.728930956491949900e+01 -7.965052646478271825e+00 -7.965047250416383839e+00 1.938472955826051702e+01
-2.850172215580191093e+01 -2.850171350315374141e+01 -2.582932472302479709e+01 -7.855256564230630012e+00 -7.855251484605315859e+00 1.864603483140800932e+01
-2.748481614570664888e+01 -2.748482390595588498e+01 -2.434667668731812640e+01 -7.734353254470273775e+00 -7.734357878559682042e+00 1.785628255957159993e+01
-2.647247243155692331e+01 -2.647247914348517739e+01 -2.284522619780175035e+01 -7.601618907545507398e+00 -7.601622967212222193e+00 1.701753729396171622e+01
-2.546541466030593170e+01 -2.546542022282207185e+01 -2.132988502630690064e+01 -7.456473283302829103e+00 -7.456476701494335835e+00 1.613297510004639435e+01
-2.446431486198281036e+01 -2.446431922626863198e+01 -1.980715748984647107e+01 -7.298530417433113371e+00 -7.298533148593052466e+00 1.520686544022977138e+01
-2.346960426246705822e+01 -2.346960742695640434e+01 -1.828292449411914333e+01 -7.127581429004399283e+00 -7.127583457020266522e+00 1.424517494678391749e+01
-2.248160430797180354e+01 -2.248160631147522182e+01 -1.676581174387866113e+01 -6.943625700126761835e+00 -6.943627034899879646e+00 1.325478873802826740e+01
-2.150039210090029584e+01 -2.150039301456403251e+01 -1.526475899096156930e+01 -6.746843823880370294e+00 -6.746844496929689683e+00 1.224396680548300509e+01
-2.052579486652481933e+01 -2.052579478530572743e+01 -1.378944001731524516e+01 -6.537592379001312182e+00 -6.537592438534939099e+00 1.122204970887373321e+01
-1.955743840488744212e+01 -1.955743743919395072e+01 -1.235004363790405613e+01 -6.316379117703853296e+00 -6.316378623585898744e+00 1.019923915035613327e+01
-1.859476612965349318e+01 -1.859476439770367762e+01 -1.095696571692288757e+01 -6.083831704256629891e+00 -6.083830723250645889e+00 9.186267605528987801e+00
-1.763710990743230056e+01 -1.763710752876028920e+01 -9.620504154837325572e+00 -5.840662254681858734e+00 -5.840660856282464231e+00 8.194050926082285358e+00
-1.668373477746218114e+01 -1.668373186785872520e+01 -8.350493822778888742e+00 -5.587637052624893741e+00 -5.587635305699906851e+00 7.233282054814498707e+00
-1.573392599076467846e+01 -1.573392265877730090e+01 -7.155974983162347591e+00 -5.325532620589138233e+00 -5.325530590951306209e+00 6.314037113699398240e+00
-1.478704925545314453e+01 -1.478704560042696592e+01 -6.044883943246444957e+00 -5.055106703572405102e+00 -5.055104452503305090e+00 5.445419836138665204e+00
-1.384259768744903418e+01 -1.384259379896485243e+01 -5.023754276437478516e+00 -4.777068020614679611e+00 -4.777065604276213406e+00 4.635218807189540158e+00
-1.290024290684257124e+01 -1.290023886528302199e+01 -4.097559056905103247e+00 -4.492057066344329108e+00 -4.492054535927286985e+00 3.889705203377755272e+00
-1.195984543117864973e+01 -1.195984130911418575e+01 -3.269530703747088207e+00 -4.200633958797702405e+00 -4.200631361219360649e+00 3.213438250828216880e+00
-1.102146331267780255e+01 -1.102145917670314113e+01 -2.541312158781765973e+00 -3.903354209401761921e+00 -3.903351588323463517e+00 2.608945127100442019e+00
-1.008529156983754405e+01 -1.008528748251011464e+01 -1.912280062816294590e+00 -3.600461219080846043e+00 -3.600458616019207359e+00 2.077852758302757064e+00
-9.151672678773627112e+00 -9.151668700336209383e+00 -1.380585110464933152e+00 -3.292369130685694589e+00 -3.292366586008664164e+00 1.619278345232116445e+00
-8.221006665325194973e+00 -8.221010475700856190e+00 -9.426049987066902336e-01 -2.979363597721641721e+00 -2.979366044086644294e+00 1.231069319523949712e+00
-7.293686873823759242e+00 -7.293690457407126182e+00 -5.933049894291022586e-01 -2.661747809566103129e+00 -2.661750117819122963e+00 9.097474535782905658e-01
-6.370037815112678636e+00 -6.370041113732479054e+00 -3.260463301681209569e-01 -2.339801934721220000e+00 -2.339804065340547190e+00 6.504239280140480250e-01
-5.450264842146289368e+00 -5.450267798991257351e+00 -1.332865970136110356e-01 -2.013848449024755016e+00 -2.013850363364711793e+00 4.474107474470793155e-01
-4.534392199092223130e+00 -4.534394760105974420e+00 -6.334215407438715389e-03 -1.684264872648804534e+00 -1.684266533921208842e+00 2.940850767589455184e-01
-3.622426809177582641e+00 -3.622428924878733358e+00 6.429606426425572840e-02 -1.351525280826643804e+00 -1.351526655356117157e+00 1.830174142673426929e-01
-2.713592488452988505e+00 -2.713594115971095455e+00 8.913522563319924152e-02 -1.016090380310949781e+00 -1.016091438923907520e+00 1.065752642012291196e-01
-1.807458641539964272e+00 -1.807459746604276996e+00 7.906609214636796390e-02 -6.785823893846354427e-01 -6.785831087660157968e-01 5.633429213979995048e-02
-9.032345790551172815e-01 -9.032351377385388069e-01 4.545641159270684406e-02 -3.396526919159394975e-01 -3.396530557902957548e-01 2.373329099368670647e-02
-3.908838731306741839e-15 -4.022251542045614886e-15 5.421496185947102593e-15 -3.576131355627607229e-15 -4.268938578608250336e-15 -5.492267893240128617e-15
-3.908838731306741839e-15 -4.022251542045614886e-15 5.421496185947102593e-15 -3.576131355627607229e-15 -4.268938578608250336e-15 -5.492267893240128617e-15
7.008167219316371541e-07 1.288735648135252236e-07 -2.117919818903749403e-07 -4.523939990793948241e-07 -3.439319368773142213e-08 1.249338378932506812e-07
1.367561743828333075e-06 2.289442434509915720e-07 -6.271728535749644789e-07 -8.830461029077862837e-07 -5.297930908547053124e-08 4.105256542087263040e-07
2.006001166494550917e-06 3.111168824350638236e-07 -1.087224206160657455e-06 -1.295907565245255819e-06 -6.530251039254935454e-08 7.349191476808631306e-07
2.462204166326645110e-06 2.284095737192452469e-07 2.100777788336614723e-07 -1.591679126228904753e-06 2.198290643131683861e-08 -3.035291830265663610e-07
3.427877208662346463e-06 6.634124542571366943e-07 6.056009250251165818e-07 -2.217818630478882567e-06 -2.360594843902328882e-07 -6.327735256615551745e-07
3.620158294821819097e-06 3.682298132426807817e-07 3.672754085158793377e-07 -2.344649132959305360e-06 -2.875550237822389440e-08 -4.607712830327923095e-07
4.457059319583567995e-06 7.151100655873942937e-07 7.846737052348478167e-07 -2.890197820689799928e-06 -2.512862848232602154e-07 -7.910916569115889780e-07
4.460861171210370588e-06 3.071663999292639420e-07 -1.333148993994400424e-07 -2.896709743113832781e-06 1.122414500823364996e-08 -7.361492015669751063e-08
5.138677449727745580e-06 5.521609585449495754e-07 9.964631808072316748e-07 -3.342119950905284140e-06 -1.663846475500267543e-07 -9.415559398376600589e-07
5.426882125845297310e-06 4.611559496885825211e-07 -1.663835849615688535e-06 -3.535750877920941328e-06 -1.319258253016261165e-07 1.147918532318483693e-06
5.903341759315492934e-06 5.556897611721449955e-07 -1.220770583801186378e-06 -3.853585726033158732e-06 -2.309066993709037741e-07 8.306856408016279005e-07
5.753953888028376350e-06 1.544860986344478566e-07 2.369497209594342977e-06 -3.763948070719557207e-06 -5.591118003100924554e-09 -1.925901176801823078e-06
6.210675525105704356e-06 2.632416697056492643e-07 1.384168874707902893e-06 -4.071923519587809746e-06 -1.323325003532418398e-07 -1.115627099458122114e-06
6.316319922725241512e-06 1.163347063870861637e-07 -8.995297420394084453e-07 -4.151271451900027833e-06 -9.393369035648131974e-08 7.113331198631495913e-07
6.400107948839138986e-06 -3.760149127052910304e-08 2.692153639781198894e-06 -4.217280268277557709e-06 -5.765583642291845273e-08 -2.020467624662462612e-06
6.444593224561881080e-06 -2.039689865079637994e-07 2.112705036325711872e-06 -4.258336993653914727e-06 -1.907932427483675627e-08 -1.502869487857827114e-06
6.474294829185011247e-06 -3.763437333278906187e-07 -1.500986866641075519e-06 -4.290489610265118819e-06 1.819634656374509818e-08 1.377741215022444958e-06
6.297579901195117745e-06 -6.119364427837844376e-07 3.030913257382642670e-06 -4.186273401646527986e-06 9.559245054747417799e-08 -2.059965816286349922e-06
6.507873586484683779e-06 -6.705325466290908212e-07 -2.703490412459027466e-06 -4.340115152385944711e-06 4.412511064228421418e-08 2.476671452106877487e-06
6.509875004907738620e-06 -8.031893063751349623e-07 3.209378584008108601e-06 -4.356228862601255948e-06 4.235897240345913048e-08 -2.018835746770802859e-06
6.583058795309855926e-06 -9.205298645467403199e-07 1.971428304030517810e-06 -4.420870673715094986e-06 2.834090610521022570e-08 -9.631528011809075381e-07
6.555847902225261951e-06 -1.031473604308588034e-06 1.684642128101147876e-06 -4.418912073133468057e-06 9.957331015652716286e-09 -6.430210954041094649e-07
6.571562645220830618e-06 -1.115027416958959083e-06 3.331280199568496899e-07 -4.446556220246517002e-06 -2.669481543875314290e-08 5.022034121885467013e-07
6.667821387351482782e-06 -1.211171670822302638e-06 1.074629845688184414e-06 -4.529676996560951806e-06 -5.075444774764558790e-08 2.586797290387305490e-08
6.650926418398772989e-06 -1.194085488000143795e-06 -2.873595865318890261e-07 -4.536803073963766737e-06 -1.550239101615907155e-07 1.175151530401353780e-06
6.719711751083160182e-06 -1.241689911219880268e-06 5.902008565836673347e-07 -4.603153394177657066e-06 -2.063240797250471901e-07 5.896357617250870497e-07
6.768057405880351001e-06 -1.236589961760261041e-06 -9.903493970525415401e-08 -4.656439918271392075e-06 -2.934668301592414351e-07 1.212806105847002108e-06
6.828676722121086318e-06 -1.318026022600734904e-06 1.305897676708248188e-06 -4.719052890758473379e-06 -3.131969119796214928e-07 2.195830020538067577e-07
6.861133961308075304e-06 -1.276239494357162734e-06 5.523444301552798905e-07 -4.762994210989867195e-06 -4.342524912459941942e-07 8.997630173592974436e-07
6.873731921680633327e-06 -1.390389038873218020e-06 1.368484077629395721e-06 -4.793733346505048470e-06 -4.604316555508329064e-07 3.959073266954842914e-07
6.853801067700566638e-06 -1.596142410573449516e-06 1.547986714748029114e-06 -4.802135318790868465e-06 -4.953660415687921599e-07 4.622975170751168369e-07
-3.810177909461490042e+00 3.149570039510063779e+01 -1.355230937935558977e+01 -1.090026291844343476e+01 1.721576327986090504e+01 -1.284985121629975602e+01
-3.948907878671301663e+00 3.096597171352857103e+01 -1.402615345054630325e+01 -1.113289824141517492e+01 1.722080999561030978e+01 -1.315352127394474735e+01
-4.096887619421903715e+00 3.031738319288297845e+01 -1.450320456652383072e+01 -1.135023514528015554e+01 1.725856654410178237e+01 -1.344492496353683464e+01
-4.254263446710067953e+00 -1.498426956854784642e+01 2.954632817725593341e+01 -1.155154187772199492e+01 1.733781089600993752e+01 -1.372327009970840273e+01
-4.420964907134439237e+00 -1.547028844417938309e+01 2.864978816543991513e+01 -1.173611875751780076e+01 1.746651626790260181e+01 -1.398775190333648766e+01
-4.596742271351279108e+00 -1.596229319744329977e+01 2.762580523566605706e+01 -1.190329206641443704e+01 1.765136941129571468e+01 -1.423757151808725929e+01
-4.781244237286590426e+00 -1.646138123905016215e+01 -1.205237612246649093e+01 2.647403377412371128e+01 1.789721685139557295e+01 -1.447194915310104335e+01
-4.974086435897779879e+00 -1.696864370981268877e+01 -1.218266172177256301e+01 2.519632959087516966e+01 1.820649155153526877e+01 -1.469015319477768244e+01
-5.174942805088663889e+00 -1.748510637072870466e+01 -1.229338675666100045e+01 2.379726905869400611e+01 -1.489152612938154796e+01 1.857869911369836302e+01
-5.383635885857253278e+00 -1.801167429201598225e+01 -1.238369998683186424e+01 2.228453319076389150e+01 -1.507550503381057538e+01 1.901004235000499065e+01
-5.600224298600780415e+00 -1.854907255143392675e+01 -1.245264005561564602e+01 2.066901905097124725e+01 -1.524163977108540102e+01 1.949331657601929280e+01
-5.825116202389559739e+00 -1.909788929553723591e+01 -1.249910552398459984e+01 1.896487052172455634e+01 -1.538955825922047538e+01 2.001789938557532977e+01
-6.058991819374247356e+00 -1.965820104751974995e+01 -1.252188678842171932e+01 1.718816324421808162e+01 -1.551913656795545293e+01 2.057109141688778564e+01
-6.302946459044259875e+00 -2.023002361847488473e+01 -1.251955708550664603e+01 1.535720180179740169e+01 -1.563022871009765957e+01 2.113802785352091007e+01
-6.558723470207783457e+00 -2.081303079493970287e+01 -1.249075647213812346e+01 1.349046751022013879e+01 -1.572295611773385993e+01 2.170280743999022377e+01
-6.828143301283962963e+00 -2.140654699105855840e+01 -1.243391732596045784e+01 1.160624594399547860e+01 -1.579746469735658465e+01 2.225037866475386039e+01
-7.113448903754633790e+00 -2.200970010281717038e+01 -1.234749902260411680e+01 9.720821972216119988e+00 -1.585394447633039050e+01 2.276715887973664465e+01
-7.417017914176745386e+00 -2.262131645082888554e+01 -1.223011508286686322e+01 7.848610498915080669e+00 -1.589273392419991815e+01 2.324146947157903753e+01
-7.741239540154236209e+00 -2.324006848020593452e+01 -1.208060285155652558e+01 6.001176022240858110e+00 -1.591417398686998119e+01 2.366430603714164249e+01
-8.088332314472221896e+00 -2.386450391413392680e+01 -1.189816114472105646e+01 4.187254259451290928e+00 -1.591862534446428512e+01 2.402937393577430569e+01
-8.460120533140115029e+00 -2.449312680610447046e+01 -1.168250230672078693e+01 2.412858992313115181e+00 -1.590642610075507513e+01 2.433297646279342530e+01
-8.857835054606072234e+00 -2.512444833606134154e+01 -1.143397336397159236e+01 6.816346416437959466e-01 -1.587789001857662718e+01 2.457366630694211906e+01
-9.281900364372786427e+00 -2.575696539018732167e+01 -1.115365684613139585e+01 -1.004532801313495316e+00 -1.583324125574274888e+01 2.475191807623314588e+01
-9.731783827004418796e+00 -2.638958514544636103e+01 -1.084342578246343969e+01 -2.645633625886552043e+00 -1.577272568391805763e+01 2.486957408517113421e+01
-1.020613487107039674e+01 -2.702125703402648682e+01 -1.050613228167832602e+01 -4.243232494025287238e+00 -1.569654210717215115e+01 2.492938909210150911e+01
-1.070234410541391767e+01 -2.765111607058387833e+01 -1.014519987711752869e+01 -5.798805995385364120e+00 -1.560477082493909329e+01 2.493499721870647790e+01
-1.121692445204097410e+01 -2.827861325771236523e+01 -9.764763252893493117e+00 -7.314679745220417750e+00 -1.549751098702431307e+01 2.489030473965207690e+01
-1.174557476846160853e+01 -2.890345680621843272e+01 -9.369409203724524460e+00 -8.793458318330248602e+00 -1.537487400573318119e+01 2.479937126242810663e+01
-1.228338895457347846e+01 -2.952559824758266060e+01 -8.963956607303098068e+00 -1.023782511653429239e+01 -1.523701282522458200e+01 2.466622410139343557e+01
-1.282507227955825790e+01 -3.014520589641472625e+01 -8.553182654243038030e+00 -1.165043388124914436e+01 -1.508413815058537466e+01 2.449474257108225927e+01
-1.336526591309804601e+01 -3.076262833517722584e+01 -8.141698748895327853e+00 -1.303382071310120338e+01 -1.491664811500436549e+01 2.428859608169673123e+01
-1.389869679132563007e+01 -3.137829553158719875e+01 -7.733365357231951620e+00 -1.439035952882906422e+01 -1.473498217734154281e+01 2.405126384423127206e+01
-1.442061612645557389e+01 -3.199268317625749702e+01 -7.331978854836473047e+00 -1.572222625417144926e+01 -1.453989140435715299e+01 2.378571450280945143e+01
-1.492669762185834159e+01 -3.260623593823788013e+01 -6.940047097289839151e+00 -1.703137687949970669e+01 -1.433220161142731008e+01 2.349486014051687377e+01
-1.541335117727946447e+01 -3.321925256314561636e+01 -6.559472128029816496e+00 -1.831956021455838979e+01 -1.411298881623126178e+01 2.318126710909384514e+01
-1.587776407635279163e+01 -3.383187998207189651e+01 -6.191390894961735114e+00 -1.958830677668360210e+01 -1.388350295391225764e+01 2.284724034767301859e+01
-1.631792760837482348e+01 -3.444401626534127558e+01 -5.836233026121962375e+00 -2.083895036869283501e+01 -1.364516592347706947e+01 2.249485775042245805e+01
-1.673263616209547067e+01 -3.505527304863052507e+01 -5.493843737730695231e+00 -2.207263595857818572e+01 -1.339951847185778000e+01 2.212598932142966746e+01
-1.712140993246417153e+01 -3.566496310340465214e+01 -5.163627602303854758e+00 -2.329033555842427816e+01 -1.314817099542525014e+01 2.174232896503809798e+01
-1.748447096313874027e+01 -3.627209331178887197e+01 -4.844683400985164923e+00 -2.449285725132900282e+01 -1.289273739014417330e+01 2.134541535844478233e+01
-1.782261232783452698e+01 -3.687537801358954681e+01 -4.535974450764589605e+00 -2.568086479967878333e+01 -1.263476240894737401e+01 2.093666326713305281e+01
-1.813714020355705614e+01 -3.747326836493340352e+01 -4.236458940811911766e+00 -2.685488837271415363e+01 -1.237565108110790391e+01 2.051738091316349255e+01
-1.842973329654947889e+01 -3.806402187502672518e+01 -3.945233551660292104e+00 -2.801534882081028854e+01 -1.211659198076436539e+01 2.008880050975592724e+01
-1.870237600495659080e+01 -3.864574124301034885e+01 -2.916254498940358530e+01 -3.661621405850588484e+00 -1.185850424545028048e+01 1.965207705826541229e+01
-1.895720019907962239e+01 -3.921646461014899643e+01 -3.029669457472994054e+01 -3.385271401702972138e+00 -1.160197787076165810e+01 1.920832229789369450e+01
-1.919644700015262728e+01 -3.977423618303652120e+01 -3.141791998765438265e+01 -3.116177476511470257e+00 -1.134725364316215668e+01 1.875860006086989884e+01
-1.942228776557213976e+01 -4.031717356259876794e+01 -3.252628304214957922e+01 -2.854749203925781575e+00 -1.109421566723046482e+01 1.830395242604183537e+01
-1.963685280742172168e+01 -4.084358629854556710e+01 -3.362175278177109305e+01 -2.601696862725262349e+00 -1.084235441920207954e+01 1.784535801403324129e+01
-1.984201279746759994e+01 -4.135195570077713256e+01 -3.470426867555781314e+01 -2.358052399500553342e+00 -1.059088896934432356e+01 1.738392615371876460e+01
-2.003941296659335336e+01 -4.184106572707337790e+01 -3.577369016608860619e+01 -2.125302995180387899e+00 -1.033875720477264437e+01 1.692034146801053041e+01
-2.023042349138062690e+01 -4.231000731640282453e+01 -3.682985866380030160e+01 -1.904878578552293034e+00 -1.008470949557111673e+01 1.645564693168794435e+01
-2.041603567824105525e+01 -4.275822077618104800e+01 -3.787254619552027179e+01 -1.698382585130608691e+00 -9.827394771066897405e+00 1.599070739215989079e+01
-2.059694440352632583e+01 -4.318551493834887367e+01 -3.890149915394656688e+01 -1.507353445788906621e+00 -9.565455390186325957e+00 1.552635213823659122e+01
-2.077349425004243955e+01 -4.359206213128837248e+01 -3.991643402131315099e+01 -1.333189924815220584e+00 -9.297635142268475761e+00 1.506335773100556708e+01
-2.094572788940110186e+01 -4.397841375822169141e+01 -4.091703892606968651e+01 -1.177018785442252913e+00 -9.022864540375371334e+00 1.460244641275058797e+01
-2.111344574392076368e+01 -4.434540595537534102e+01 -4.190297236000769487e+01 -1.039604790291149827e+00 -8.740375191609928152e+00 1.414427772782943471e+01
-2.127618607456476951e+01 -4.469421831808893586e+01 -4.287385589631188765e+01 -9.212649307211903116e-01 -8.449761350806944904e+00 1.368944281389453010e+01
-2.143339282685985125e+01 -4.502625769846613224e+01 -4.382931214461465430e+01 -8.218093046261270018e-01 -8.151051728078833492e+00 1.323846308196182342e+01
-2.158438874204157187e+01 -4.534313000705522256e+01 -4.476892322430740023e+01 -7.404254337735015623e-01 -7.844597357050830055e+00 1.279183603801470781e+01
-2.172846300880369697e+01 -4.564656108363845988e+01 -4.569226987574400312e+01 -6.760173630831981528e-01 -7.531717693087117027e+00 1.234983344032301211e+01
-2.186494694056355570e+01 -4.593827745141864227e+01 -4.659889758338832166e+01 -6.267233092915273085e-01 -7.213766647661724818e+00 1.191279996797581475e+01
-2.199326974875757656e+01 -4.622000309270706708e+01 -4.748834591423823070e+01 -5.903056941052626794e-01 -6.892710093297255369e+00 1.148095861255543682e+01
-2.211297211386799688e+01 -4.649332512319729460e+01 -4.836013070227628674e+01 -5.641592873428157295e-01 -6.570923573571282539e+00 1.105446124333999514e+01
-2.222367184282655117e+01 -4.675961485250955718e+01 -4.921374872940273804e+01 -5.454154855443842376e-01 -6.251109167128141131e+00 1.063339639936169689e+01
-2.232528341144180573e+01 -4.702046834118238650e+01 -5.004883469698297915e+01 -5.310523231280299683e-01 -5.936169089880030114e+00 1.021779918887034455e+01
-2.241765380709384914e+01 -4.727564358653847165e+01 -5.086453774056469967e+01 -5.180455143749183033e-01 -5.629146016769351668e+00 9.807635756080593126e+00
-2.250098953040895111e+01 -4.752604663387023720e+01 -5.166045432728191855e+01 -5.034834085030898132e-01 -5.332990315926921632e+00 9.402847490059679458e+00
-2.257560463746440860e+01 -4.777166459426720735e+01 -5.243601096385278026e+01 -4.847049558807636216e-01 -5.050477141408761916e+00 9.003337029201560426e+00
-2.264191249892170532e+01 -4.801211811202654189e+01 -5.319060550443952451e+01 -4.594280603739213653e-01 -4.784045842594149889e+00 8.608975740350084394e+00
-2.270046782203528224e+01 -4.824670078523487149e+01 -5.392362934210520109e+01 -4.258409299015959437e-01 -4.535659368094172805e+00 8.219625443262815523e+00
-2.275194148740688860e+01 -4.847441604394390424e+01 -5.463444371750895812e+01 -3.826884666265307211e-01 -4.306684321371333724e+00 7.835130372356880812e+00
-2.279711723352154351e+01 -4.869403812934742604e+01 -5.532242022781749569e+01 -3.293327123366738829e-01 -4.097792668874136623e+00 7.455331197171178204e+00
-2.283680215211738229e+01 -4.890424447253700890e+01 -5.598686426280408313e+01 -2.657838307894108687e-01 -3.908893342496310819e+00 7.080076314578365171e+00
-2.287191209308657491e+01 -4.910365302809376686e+01 -5.662710215250794477e+01 -1.927021367594684842e-01 -3.739106567483550414e+00 6.709213029654389260e+00
-2.290344366287036237e+01 -4.929101947378733684e+01 -5.724244486081158101e+01 -1.113670148458824477e-01 -3.586764848219955670e+00 6.342601345075060237e+00
-2.293168179788334982e+01 -4.946488447696057023e+01 -5.783276039969352667e+01 -2.362842788351767268e-02 -3.449456636339010895e+00 5.980194898286688598e+00
-2.295889947465964553e+01 -4.962492558755528194e+01 -5.839621783066661465e+01 6.814905212682421942e-02 -3.324143426665501888e+00 5.621704209505929306e+00
-2.298547715382377987e+01 -4.977035228006438672e+01 -5.893264780051644891e+01 1.613753585185162542e-01 -3.207029877689309139e+00 5.267247705309697103e+00
-2.301209272669271044e+01 -4.990080865782454111e+01 -5.944129923221507283e+01 2.527264061246499716e-01 -3.094573166418081556e+00 4.916398735825497468e+00
-2.303966900421627173e+01 -5.001647028958571184e+01 -5.992148855866100376e+01 3.391956486488370559e-01 -2.982400258030186269e+00 4.569207956214958344e+00
-2.306872339272003103e+01 -5.011767271760667342e+01 -6.037251964259264980e+01 4.176072785838982893e-01 -2.866330405360736577e+00 4.225565851267449879e+00
-2.309960746347169547e+01 -5.020507862894527307e+01 -6.079358989413387349e+01 4.849308327439536548e-01 -2.742315966190208343e+00 3.885485638896982952e+00
-2.313234929369662751e+01 -5.027972462583591806e+01 -6.118410397837279646e+01 5.384039032946881242e-01 -2.606769932475040630e+00 3.548555281314711429e+00
-2.316684357069921774e+01 -5.034267817091950548e+01 -6.154335131639810896e+01 5.756941745801673616e-01 -2.456508043074310699e+00 3.214760764076878718e+00
-2.320276040222780622e+01 -5.039515834657097315e+01 -6.187075435965484616e+01 5.949884196146190130e-01 -2.289042740270757381e+00 2.883938017912333063e+00
-2.323773589104347082e+01 -5.043592193267865298e+01 -6.216512391912151969e+01 5.951177492443965322e-01 -2.102637190580895599e+00 2.555897075253269701e+00
-2.327383652776989820e+01 -5.047093908045416555e+01 -6.242683858656813101e+01 5.755852000586123562e-01 -1.896438375214662075e+00 2.230410717372072416e+00
-2.330876553830269415e+01 -5.049868486189087946e+01 -6.265523595625428044e+01 5.366617227552663572e-01 -1.670428644293033171e+00 1.907238521881100324e+00
-2.333932201835881770e+01 -5.051934389986006124e+01 -6.284769489919481344e+01 4.793761199663517658e-01 -1.425472672014931330e+00 1.586112378873911322e+00
-2.336695117651277087e+01 -5.053585714081166458e+01 -6.300175588423307005e+01 4.054656531659463492e-01 -1.163280233076985581e+00 1.266737844486267806e+00
-2.338989282788916313e+01 -5.054795388609999662e+01 -6.312607934695602552e+01 3.173544094433635721e-01 -8.863027916881145440e-01 9.487786944248708387e-01
-2.340913674997372595e+01 -5.055557647313293756e+01 -6.321527995142800904e+01 2.180437670470005418e-01 -5.976360818321396762e-01 6.319066478394330666e-01
-2.341228881525828953e+01 -5.056190642026358972e+01 -6.325890236296857694e+01 1.109967739234760664e-01 -3.008836767411979807e-01 3.157679540728092760e-01
3.038901802514049607e-12 -8.521452506853661546e-12 1.779760479622832415e-11 1.853980138841730697e-15 4.723712311066543862e-15 1.719621054781832759e-15
3.038901802514049607e-12 -8.521452506853661546e-12 1.779760479622832415e-11 1.853980138841730697e-15 4.723712311066543862e-15 1.719621054781832759e-15
-9.728680665045587261e+00 -4.469714001667405512e+01 -5.599953683195808196e+01 2.024149104021969736e-01 -2.453990739025779522e-01 1.944386627232317644e-01
-4.413456579924653056e+01 -1.025503644036350437e+01 -5.597000911386882649e+01 2.882541533059988503e-01 -3.767185199734515710e-01 3.886843517645026114e-01
-4.488794008546291536e+01 -9.435819090440409340e+00 -5.593065820703171198e+01 5.756417154286389698e-02 -1.963076558887150713e-01 5.825730645811030284e-01
-2.027145103523121605e+01 -3.395796630249066794e+01 -5.587644968694310421e+01 -2.997463304394535344e-01 1.039993878205705963e-01 7.759923703972351205e-01
-2.091464808048864654e+01 -3.319885446063905476e+01 -5.580947455635039489e+01 4.528497979767729387e-01 -7.137181090214560486e-01 9.688963708551556753e-01
-1.466301568751298134e+01 -3.931064205257955280e+01 -5.572429221551166023e+01 3.500262965111956559e-01 -6.848722012175076923e-01 1.161360972521143342e+00
-2.707173490538077232e+01 -2.673580428880904236e+01 -5.562238144282227381e+01 -7.375743913474139823e-01 3.199316642272969635e-01 1.353550615113399802e+00
-1.111356646616039789e+01 -4.250596918297043203e+01 -5.550575899958484882e+01 4.448900839928262574e-01 -9.533744578428070549e-01 1.545731912728292690e+00
-4.469741056876048191e+01 -8.713217796764205048e+00 -5.537416414520093610e+01 -1.282340052840912570e+00 6.765145981564867350e-01 1.738288600684137375e+00
-4.320129855899767080e+01 -9.980441541104116965e+00 -5.522790836431409645e+01 -1.594219245305593891e+00 8.868104951383497525e-01 1.931698711882565256e+00
-4.348617700343530856e+01 -9.447486638781919410e+00 -5.506738106799727461e+01 2.646529694586926551e-01 -1.075032501309177269e+00 2.126529513004156602e+00
-2.169539748488088549e+01 -3.097150886740459796e+01 -5.489254388414133956e+01 -2.529357983328914816e+00 1.617887437799408579e+00 2.323218419366728238e+00
-4.269040210209600161e+01 -9.691442400695187587e+00 -5.470366209010553149e+01 8.502323595538914258e-01 -1.857250023004851203e+00 2.522778226770405752e+00
-2.009938009557178162e+01 -3.197931226940446336e+01 -5.450094597336755697e+01 1.493845290238277612e-01 -1.242769810292978283e+00 2.725700943913954344e+00
-3.114307465009131093e+01 -2.061524257523385373e+01 -5.428454785858863829e+01 -3.531804818921715355e-02 -1.131646968583191137e+00 2.932618519100451682e+00
-1.690683737213856830e+01 -3.451189461261785851e+01 -5.405461408561373560e+01 -1.871943165787610663e+00 6.474993403160311800e-01 3.144111045306988927e+00
-1.269968937522294716e+01 -3.836087756766045942e+01 -5.381134428058449259e+01 -2.726739994457742178e+00 1.463725134543226725e+00 3.360671468260394423e+00
-8.770462828156302848e+00 -4.191304257912461395e+01 -5.355487692528470944e+01 2.538604299743205117e-01 -1.534321801418170983e+00 3.582687325053656391e+00
-1.616379190774735974e+01 -3.412341854851315048e+01 -5.328533892897918633e+01 8.335659243694349962e-01 -2.108871213043229442e+00 3.810415555502588703e+00
-4.048167086692672711e+01 -9.389538787081663784e+00 -5.300230263451101109e+01 -2.612217182761362722e+00 1.365317042419684546e+00 4.043969501531798905e+00
-2.270899593529419747e+01 -2.672652527422360436e+01 -5.270707011442877388e+01 1.879945975365012290e+00 -3.075685486116439549e+00 4.283261795046698239e+00
-2.548927796916651189e+01 -2.349061611646450842e+01 -5.239917698467459672e+01 -2.060445355006328416e+00 9.382043182652348712e-01 4.528238335962788241e+00
-1.701612615179778487e+01 -3.148822292273804990e+01 -5.207877220869428925e+01 6.305693277541963848e-01 -1.659169407928327455e+00 4.778421940371848642e+00
-1.514510945011946852e+01 -3.286403471467809112e+01 -5.174598929632977473e+01 -8.960357191668579802e-01 -2.104151152319074999e-02 5.033623987662958932e+00
-3.915015320989312642e+01 -8.344605502464153446e+00 -5.140100875896562371e+01 -2.915017250045673247e+00 2.124241120653041826e+00 5.293213750308667365e+00
-1.325736449726536392e+01 -3.370450572079337803e+01 -5.104395482476184753e+01 -1.817263402952485229e+00 1.164209945699392401e+00 5.556617995073027672e+00
-9.865380096346825667e+00 -3.654615729934927515e+01 -5.067506429360336995e+01 -1.795965197628092147e+00 1.288524030470687531e+00 5.823232030282540883e+00
-3.253705146483860489e+01 -1.330781500572630094e+01 -5.029450310528228840e+01 -2.691754529822726116e+00 2.334305114289190186e+00 6.092455732232522791e+00
-3.591898017225227591e+01 -9.344122274376754689e+00 -4.990239322652053744e+01 7.250302638631233032e-01 -9.314102381147955079e-01 6.363730200268476800e+00
-7.997479306073663530e+00 -3.667091028819558574e+01 -4.949920518394172575e+01 -4.349206115561509156e-01 3.777838118231008901e-01 6.636564645285624842e+00
-2.036684051763976910e+01 -2.369523203376380849e+01 -4.908506039913071106e+01 4.033346312662557942e-01 -3.154418245725729708e-01 6.910569657385787323e+00
-1.748566665557207500e+01 -2.596026569393593064e+01 -4.866025277180870745e+01 1.421627079164907492e+00 -1.194649162865598191e+00 7.185484320133612712e+00
-3.518318661773557210e+01 -7.638472339783221265e+00 -4.822504713555248657e+01 2.291114731877726296e+00 -1.932008096155353849e+00 7.461181438785843945e+00
-1.367858276078041690e+01 -2.851217163676612643e+01 -4.777973911694412124e+01 2.533060141475392602e+00 -2.049049974506195859e+00 7.737692577084275491e+00
-3.095331910748273430e+01 -1.060118968534468742e+01 -4.732462677008624752e+01 -2.024469225904659275e-01 8.045926253018911289e-01 8.015198797306052114e+00
-2.979516084335030968e+01 -1.111880746945099752e+01 -4.686001662866348738e+01 -1.223627226200758589e+00 1.938275260044563630e+00 8.294033215661691827e+00
-2.452949228663936765e+01 -1.574024249512946483e+01 -4.638620334835197667e+01 -2.085643731869582851e+00 2.908842639049638468e+00 8.574662213537317612e+00
-7.254730453645815480e+00 -3.236734352061613151e+01 -4.590351317504843820e+01 1.122523512687743086e+00 -1.925882672180367905e-01 8.857666299364117535e+00
-9.232623857452322724e+00 -2.973814679216227219e+01 -4.541223002106305273e+01 2.696888005975645708e+00 -1.659629309445366019e+00 9.143737673533761878e+00
-8.324235080753087601e+00 -2.999096106504564929e+01 -4.491266845026036236e+01 -1.315577804323915467e+00 2.463261980554865893e+00 9.433611145861574343e+00
-1.719943549908052915e+01 -2.045494924919131208e+01 -4.440512102808350647e+01 2.797988909836064408e+00 -1.534297572353781502e+00 9.728054496836541887e+00
-2.536815957673697142e+01 -1.161878279436237271e+01 -4.388988637329882181e+01 -1.670012820826097949e-02 1.404212419384931687e+00 1.002784281003185107e+01
-2.441159980198059642e+01 -1.189962681118597665e+01 -4.336725232151334808e+01 -1.355769960202072300e+00 2.876793268360250622e+00 1.033370647480977667e+01
-2.758864410339250384e+01 -8.036753896747162784e+00 -4.283750370197937229e+01 1.327233269978993269e+00 3.383796610148161466e-01 1.064631293056967465e+01
-9.823776255035829408e+00 -2.510367101489408270e+01 -4.230092368797696878e+01 2.544840539994766448e+00 -7.227907028393332212e-01 1.096624002309014934e+01
-6.757562569791031315e+00 -2.745774184848503907e+01 -1.145820049343755587e+00 3.136272173776554872e+00 -4.175777823460406069e+01 1.129394079669440742e+01
-1.661344902675464041e+01 -1.687346995733591015e+01 6.103147891028810612e-01 1.559911757069033955e+00 -4.120833272175117656e+01 1.162973646451911058e+01
-2.363875617348921665e+01 -9.101520908749428429e+00 1.598932335364357415e+00 7.611322599808104661e-01 -4.065283242969975674e+01 1.197379904991120014e+01
-1.730432638766442821e+01 -1.466919027095322470e+01 -7.092824057540496607e-01 3.267265224900984588e+00 -4.009150693350252226e+01 1.232614167484724632e+01
-1.254790917589135013e+01 -1.863695794941769535e+01 7.332876636526122205e-01 2.028074179209525596e+00 -3.952456310759533409e+01 1.268662047769949552e+01
-1.985112091957991964e+01 -1.052164278503817663e+01 1.110733827855768574e+00 1.856311709384596220e+00 -3.895217361479586771e+01 1.305493623220528043e+01
-1.984832411694927146e+01 -9.687443857164344863e+00 1.793443946237261999e+00 1.377972590528839136e+00 -3.837447472420271311e+01 1.343063963176858344e+01
-1.006063894950746729e+01 -1.861196529940882627e+01 2.498301766134508828e+00 8.722217775163777498e-01 -3.779155834727808383e+01 1.381314068247574411e+01
-2.146505668898740993e+01 -6.317098658879300999e+00 2.035573067080751031e+00 1.524637231886616373e+00 -3.720344578031419047e+01 1.420171673266051293e+01
-1.812993282759073921e+01 -8.733464831460750588e+00 6.815755416235417252e-01 3.054655668187602480e+00 -3.661008470558174821e+01 1.459552028387690292e+01
-1.333255921996997451e+01 -1.258283158364833021e+01 9.438115823457330356e-01 2.950543994186442198e+00 -3.601132497146818423e+01 1.499357852169939243e+01
-1.065798947854607270e+01 -1.427928744956760809e+01 2.515758975254255070e+00 1.514448246589195968e+00 -3.540687419405460190e+01 1.539465045648941555e+01
-1.121428371356731724e+01 -1.271386128695396778e+01 1.784606671519861854e+00 2.355901053675594436e+00 -3.479628010287420636e+01 1.579774255261239269e+01
-8.781112225265125915e+00 -1.410605278765798154e+01 2.567084010882421996e+00 1.654357465219265411e+00 -3.417884846480963290e+01 1.620126871767867982e+01
-1.153705285458414842e+01 -1.027641103612984352e+01 2.481154159437172879e+00 1.788692507857786218e+00 -3.355366579665801652e+01 1.660350379251609709e+01
-1.502088968132220081e+01 -5.685256535340651673e+00 1.365416583819527130e+00 2.917566712849030797e+00 -3.291908820904428268e+01 1.700235656429026676e+01
-1.441604417336156807e+01 -5.148255216378363919e+00 1.897769984811372712e+00 2.360794748220382377e+00 -3.227314311287156556e+01 1.739514640157684155e+01
-8.434365642122662265e+00 -9.952716518835455162e+00 1.502739420204395326e+00 2.692044066936989388e+00 -3.161309800615247667e+01 1.777835727043629532e+01
-1.294739504918933015e+01 -4.226212916840993650e+00 1.737652462228730821e+00 2.352692046583373386e+00 -3.093412857277313677e+01 1.814721900355657880e+01
-9.979025760144198287e+00 -5.944197330720777828e+00 2.486963852515324369e+00 1.457474487818492870e+00 -3.023011257855050360e+01 1.849494297609902560e+01
-9.907642333301614812e+00 -4.727841999527953476e+00 2.317527132666255429e+00 1.439290009512550927e+00 -2.949148838339739243e+01 1.881160597653821398e+01
-6.865740965582108224e+00 -6.444546355249172187e+00 1.535351186050247341e+00 1.992451825872144422e+00 -2.870358545721001065e+01 1.908220676429371210e+01
-8.296598740134326633e+00 -3.651400011334433593e+00 1.298559080386859410e+00 1.959782149710963539e+00 -2.784321718639624876e+01 1.928325382111471598e+01
-3.839357532474366508e+00 -6.710232841175619356e+00 1.638689446392757487e+00 1.311361713157292774e+00 -2.687253043553078058e+01 1.937660174709442629e+01
-5.796127545413892967e+00 -3.320642087442654322e+00 1.437405078877800557e+00 1.167890906488276537e+00 -2.572741429539993874e+01 1.929785032184262406e+01
-2.393626224402786384e+00 -5.258453252815299628e+00 1.221743435646661657e+00 1.005471041587640002e+00 -2.429508553626542167e+01 1.893389792434179597e+01
-1.417416319166485472e+00 -4.741492525809618108e+00 7.722109146220533793e-01 1.047500216246387783e+00 -2.237022136420668872e+01 1.807916155392233293e+01
-1.436788004907955774e+00 -3.204814557098890404e+00 7.547259124849287071e-01 6.327915275657920446e-01 -1.957670923600734980e+01 1.635718716309360588e+01
-8.554856306039285707e-01 -2.249911842907692527e+00 4.282340398463841402e-01 5.077817441159955258e-01 -1.527520386201549485e+01 1.312815022498508455e+01
-1.137877044658349712e+00 -4.181601141678215061e-01 1.966900221881986432e-01 2.746763753445605194e-01 -8.703047033133490373e+00 7.629337605259109090e+00
3.824137033829341850e-15 1.770550540355702557e-15 1.286266809021483598e-15 1.460595667363508466e-14 -1.036321681619727646e-14 1.057781581553903688e-14
3.824137033829341850e-15 1.770550540355702557e-15 1.286266809021483598e-15 1.460595667363508466e-14 -1.036321681619727646e-14 1.057781581553903688e-14
-3.578114512130800007e-01 -1.346535761969250178e+00 -4.547994150203515384e-01 -1.778909784212826750e+00 1.178001626436558480e+00 4.707679995901160597e-01
-7.148286570972156584e-01 -2.686954363906424614e+00 -9.098002759035346276e-01 -3.545341618276030893e+00 2.353011483032772855e+00 9.410881338377593552e-01
-1.070296929182804391e+00 -4.015368620090362661e+00 -1.365203468302519596e+00 -5.287218616963663465e+00 3.522050103871790405e+00 1.410520095525231055e+00
-1.423543125626267836e+00 -5.325647733242859339e+00 -1.821200175637912588e+00 -6.992428021235721936e+00 4.682162595398257743e+00 1.878639208966030427e+00
-1.773837678831101661e+00 -6.612177425847156620e+00 -2.277751967205524419e+00 -8.649800037817719556e+00 5.830397888464998069e+00 2.344998058304495370e+00
-2.120710676371841075e+00 -7.869603382753807885e+00 -2.734945507233935480e+00 -1.024894782254759207e+01 6.963946957274932181e+00 2.809310525097163946e+00
-2.463792674228444390e+00 -9.092905006934806522e+00 -3.192733777728129940e+00 -1.178037242392681350e+01 8.079960418987470305e+00 3.271190598722685472e+00
-2.802869619401213708e+00 -1.027743478239988484e+01 -3.650972830492651422e+00 -1.323557708229990659e+01 9.175684388193689145e+00 3.730332288267830254e+00
-3.137906297635501662e+00 -1.141896914888356029e+01 -4.109425510021471162e+00 -1.460714855430493841e+01 1.024843111643880356e+01 4.186467335395088973e+00
-3.469099058204534014e+00 -1.251373451005891724e+01 -4.567799340118863682e+00 -1.588878139877382445e+01 1.129558508695337160e+01 4.639365288163376455e+00
-3.796722572460850209e+00 -1.355841856861186656e+01 -5.025573908446004268e+00 -1.707529514861508702e+01 1.231460356016724766e+01 5.088832823286985274e+00
-4.121356477180141198e+00 -1.455018077525975961e+01 -5.482268697931440116e+00 -1.816256972954241533e+01 1.330300313647914656e+01 5.534707518340616694e+00
-4.443715483487638451e+00 -1.548664299231510455e+01 -5.937272015891493560e+00 -1.914752525424258067e+01 1.425836689632108190e+01 5.976856691444695890e+00
-4.764667234392938155e+00 -1.636602762100708119e+01 -6.389898297375057545e+00 -2.002818165209081869e+01 1.517830747055004181e+01 6.415165683723577317e+00
-5.085192554185220537e+00 -1.718651828894518729e+01 -6.839394296200651979e+00 -2.080286964155393648e+01 1.606046299252575338e+01 6.849540527472315787e+00
-5.406365790967106122e+00 -1.794718800908345102e+01 -7.284950161691389425e+00 -2.147123417818085755e+01 1.690249980132202978e+01 7.279882353458281052e+00
-5.729287449994422410e+00 -1.864727860462036091e+01 -7.725727137704693881e+00 -2.203319092204409202e+01 1.770194864289583592e+01 7.706088639939445706e+00
-6.055092751340153789e+00 -1.928650901893492886e+01 -8.160858846792082844e+00 -2.248931076051719202e+01 1.845628088565354830e+01 8.127999660048136121e+00
-6.384872345869157861e+00 -1.986479737590207506e+01 -8.589458978892833940e+00 -2.284011740183917993e+01 1.916273472604224537e+01 8.545547382738057252e+00
-6.719575235604953178e+00 -2.038209490313043659e+01 -9.010641497277896761e+00 -2.308608714912099558e+01 1.981822780775733861e+01 8.958515797608395559e+00
-7.060107735067027157e+00 -2.083894796325102305e+01 -9.423544740701215616e+00 -2.322768115564860381e+01 2.041911836977963546e+01 9.366660668436342263e+00
-7.407210625898738243e+00 -2.123595499187726432e+01 -9.827319058697620235e+00 -2.326462314477853965e+01 2.096100060390907771e+01 9.769684072730115076e+00
-7.761452512888187272e+00 -2.157387157147828916e+01 -1.022114633139786832e+01 -2.319555559803380618e+01 2.143829658674183136e+01 1.016721940736757723e+01
-8.123220917289392773e+00 -2.185358528083795093e+01 -1.060423667361796873e+01 -2.301737479702295275e+01 2.184367437933958911e+01 1.055881835662801294e+01
-8.492755889577505712e+00 -2.207611892592073843e+01 -1.097588764927779792e+01 -2.272429319346538179e+01 2.216711721825000225e+01 1.094394078996120356e+01
-8.870097745747939300e+00 -2.224249949988145048e+01 -1.133545756889736822e+01 -2.230639222701075042e+01 2.239460760246634408e+01 1.132193689952473292e+01
-9.254791860102050904e+00 -2.235377653131130060e+01 -1.168194714439528958e+01 -2.174709514313309455e+01 2.250575313994196947e+01 1.169214596635364956e+01
-9.646608237592865009e+00 -2.241112772805019304e+01 -1.201487639383478268e+01 -2.101964894316941823e+01 2.246991985782505452e+01 1.205370029595507653e+01
-1.004499293387013559e+01 -2.241569923261431185e+01 -1.233360672232714705e+01 -2.008030946419066964e+01 2.223975650335147591e+01 1.240566739933905538e+01
-1.044924698569854549e+01 -2.236862334922853535e+01 -1.263750484605674096e+01 -1.885686577244756990e+01 2.173965507093097216e+01 1.274699929893863981e+01
-1.085854791563080290e+01 -2.227101488892698100e+01 -1.292593731299182735e+01 -1.722848829283236682e+01 2.084559291720626106e+01 1.307653892368685256e+01
-1.127197308948507271e+01 -2.212395426415956123e+01 -1.319825629579914228e+01 -1.499168986751403665e+01 1.935109740457107819e+01 1.339301211261155977e+01
-1.168852443775480054e+01 -2.192848399526499747e+01 -1.345378005748674610e+01 -1.181338304780520154e+01 1.692029417970677585e+01 1.369502674527377550e+01
-1.210715488279501528e+01 -2.168560206001338742e+01 -1.369177623459192361e+01 -7.216658101118401447e+00 1.307366957357302795e+01 1.398106410386879084e+01
-1.252680902417609055e+01 -2.139646778719054510e+01 -1.391144214426989123e+01 -8.021323007737050093e-01 7.409157966887497615e+00 1.424943262964307777e+01
-1.294633254352451424e+01 -2.106157544375103896e+01 -1.411185834820046026e+01 7.000674432653981150e+00 3.544549635070097793e-01 1.449841455616485320e+01
-1.336469275380265209e+01 -2.068209291244347625e+01 -1.429200863980360126e+01 1.445409617366138555e+01 -6.355341801563764825e+00 1.472596237554385823e+01
-1.378067082202566063e+01 -2.025861803646642656e+01 -1.445056760276168895e+01 1.996592785553861304e+01 -1.112977561818862604e+01 1.493004610334386228e+01
-1.419317283040946798e+01 -1.979207318430917795e+01 -1.458612105798766301e+01 2.341021870944819483e+01 -1.384513383831549405e+01 1.510826599631536382e+01
-1.460101192225248390e+01 -1.928326915150172738e+01 -1.469694108301632873e+01 2.541893278814203327e+01 -1.513546041111378848e+01 1.525802704593533754e+01
-1.500292550748478781e+01 -1.873301186804407692e+01 -1.478093005478279665e+01 2.657037485451530401e+01 -1.558116040754313758e+01 1.537644724556515108e+01
-1.539751286150231202e+01 -1.814214370392021891e+01 -1.483556992803705299e+01 2.722174425312719848e+01 -1.554165881409335981e+01 1.546029660290586705e+01
-1.578316799830915329e+01 -1.751156033391660927e+01 -1.485782714444272834e+01 2.757143126418068135e+01 -1.521775895111387022e+01 1.550592257460769297e+01
-1.615797943982714102e+01 -1.684223344987350046e+01 -1.484406985075393948e+01 2.772789927810267585e+01 -1.472061961933592933e+01 1.550918584269784972e+01
-1.651960840567598510e+01 -1.613523856988411254e+01 -1.478995609200970485e+01 2.775107322599808768e+01 -1.411333315188433879e+01 1.546527779087417009e+01
-1.686500776457429751e+01 -1.539173842969348804e+01 2.767451016821727450e+01 -1.469023043323619326e+01 -1.343303486074541908e+01 1.536887014659768447e+01
-1.719031942250822098e+01 -1.461305439434578624e+01 2.751639886686852421e+01 -1.453874358031483816e+01 -1.270247631575523073e+01 1.521361780442770417e+01
-1.749047824995989586e+01 -1.380068459476679621e+01 2.728556616705498428e+01 -1.432830273565784296e+01 -1.193618076606322198e+01 1.499230075723804134e+01
-1.775847283624937134e+01 -1.295613947444168446e+01 2.698430400672090812e+01 -1.405035113094724686e+01 -1.114367515435837674e+01 1.469663266837977567e+01
-1.798498960368799615e+01 -1.208121005085884825e+01 2.660951854201324096e+01 -1.369522670506938233e+01 -1.033155101354027039e+01 1.431717782507668701e+01
-1.815706422168952727e+01 -1.117778710908139317e+01 2.615277186589417013e+01 -1.325192950983860385e+01 -9.504452899981611580e+00 1.384332677770699327e+01
-1.825651015868400151e+01 -1.024788864843854874e+01 2.559931638012846733e+01 -1.270834213694299919e+01 -8.665762091291748348e+00 1.326343193588749969e+01
-1.825744113493431442e+01 -9.293658437517091642e+00 2.492604825031333959e+01 -1.205149790641294238e+01 -7.818009048392291938e+00 1.256506671220022575e+01
-1.812244106862365456e+01 -8.317336333910187562e+00 2.409793677020434188e+01 -1.126824662833741186e+01 -6.963128443584226446e+00 1.173565792788162021e+01
-1.779678105695316503e+01 -7.321319865158903539e+00 2.306237228689712992e+01 -1.034627283429314737e+01 -6.102701353881744950e+00 1.076345068142444461e+01
-1.720004222464658028e+01 -6.307847193564708022e+00 2.174108902939813603e+01 -9.275554319173265228e+00 -5.237785254188805695e+00 9.639101068031424191e+00
-1.621511469342216927e+01 -5.279429934090816623e+00 2.001895170893979525e+01 -8.050520772751571741e+00 -4.369424404872471079e+00 8.357579448683235768e+00
-1.467815511941575579e+01 -4.238533445876820238e+00 1.773414602224864822e+01 -6.672382753762462926e+00 -3.498416246613438751e+00 6.920650375348018635e+00
-1.238333198502652088e+01 -3.187643606273805830e+00 1.468289995625861799e+01 -5.151565141304457640e+00 -2.625429712180093134e+00 5.339259013599013670e+00
-9.136767159892716705e+00 -2.129255404171288557e+00 1.067343337719251650e+01 -3.509379124513243298e+00 -1.751036451456560172e+00 3.635200742072245639e+00
-4.902932547998259949e+00 -1.065871072050592394e+00 5.672365686746362101e+00 -1.778186219234193954e+00 -8.757388591747106155e-01 1.841306230226632534e+00
-7.338931125737376363e-07 7.855459306242299264e-07 1.159506171541988131e-06 -2.999556639776249777e-07 -4.133383312893054281e-07 -2.757315432057709648e-07
-7.338931125737376363e-07 7.855459306242299264e-07 1.159506171541988131e-06 -2.999556639776249777e-07 -4.133383312893054281e-07 -2.757315432057709648e-07
-6.024175357490965847e-07 1.346137920907795102e-06 3.301986145485794394e-07 -3.994349834478119668e-07 -1.012856404761578662e-06 5.221168169236199295e-07
-4.975761436243121692e-07 1.214150860600373988e-06 3.883518786009694424e-07 -4.766079637027426317e-07 -9.112947984795796160e-07 4.701376787062897881e-07
-4.246873631607163388e-07 1.285003921776048954e-06 -1.319911375172196269e-07 -5.241478186564962914e-07 -9.619621776519580584e-07 8.530626704155230644e-07
-3.846745779406271723e-07 1.243511669832367540e-06 2.367104736986508292e-07 -5.369118011746693407e-07 -9.283431952984856849e-07 5.537579497277661835e-07
-3.712827699973630437e-07 6.003912832360729927e-07 1.704162491931972159e-07 -5.149200875521542613e-07 -4.469255532866516271e-07 5.726942320925096305e-07
-3.875609541113382761e-07 7.519138755700116578e-07 -6.005379047750688921e-07 -4.512598600449971965e-07 -5.580170262455303154e-07 1.113271581411592294e-06
-4.515053569471316346e-07 5.649533231233952009e-07 6.722670548382323324e-08 -3.285081236564523229e-07 -4.179329395954412437e-07 5.373769552830142256e-07
-4.443589301501668445e-07 1.081994472874789408e-06 -5.239074216370439499e-07 -2.363525576189744944e-07 -7.977559227681199648e-07 9.020926811571362956e-07
-5.005914542007091600e-07 3.435928601598250256e-07 -1.256879677560560113e-06 -7.050859966760263690e-08 -2.524507524458916320e-07 1.355414080162267176e-06
-5.698096893075609736e-07 3.136082311162659681e-07 -2.790213591109215315e-07 1.284278472735802247e-07 -2.295858239802565607e-07 4.780564575958483372e-07
-5.363664944777181834e-07 2.863399191239332343e-07 7.904843132316427026e-07 2.692015978394373626e-07 -2.088349416478224196e-07 -4.884093034470573491e-07
-5.833692101387066296e-07 1.643252545719146346e-06 -9.264935602626879753e-07 4.863894282912414720e-07 -1.193793453573561985e-06 6.726859775891006037e-07
-4.776199544404703177e-07 6.154717544999256232e-07 -3.570982181119657210e-07 5.977950414881756107e-07 -4.453267079870955597e-07 6.991216446469870957e-08
-5.457498172153029617e-07 1.179722455663367131e-06 3.025485052370257814e-08 8.420906459030282860e-07 -8.500420921409935298e-07 -3.947797795953698610e-07
-6.188188984059233391e-07 1.120653092476770506e-06 -6.909492169613357468e-07 1.084305847420216297e-06 -8.040236384548300483e-07 -4.011127542194554610e-10
-2.399389795268426003e-07 1.671171757061485615e-06 -1.591997351603981278e-06 9.806614088351278662e-07 -1.193729971841102112e-06 5.448307830000403635e-07
-1.233283277981226437e-07 1.567183699461327448e-06 -3.931538407333725638e-07 1.053474506778489780e-06 -1.114413631963706098e-06 -5.135881279073839028e-07
-3.346986776115899532e-08 1.717574750538893974e-06 6.339194634170058199e-07 1.122101308930698947e-06 -1.215743644145319927e-06 -1.419216150713408877e-06
-3.473922770272433229e-07 2.068617698760149831e-06 -2.052471307464590409e-06 1.453834061987230191e-06 -1.457369540232920566e-06 5.706532341003296462e-07
-1.035575915768721248e-07 2.212461487302688647e-06 -2.842381337164285903e-06 1.350549046439489887e-06 -1.551304269486444671e-06 1.123188032880699856e-06
2.457963627933358518e-07 2.631699380674050623e-06 -3.406238320788213054e-06 1.141115340775281978e-06 -1.836386725388799902e-06 1.529674943743640714e-06
2.365347490092307892e-07 3.058478615985564398e-06 -2.978629962735447585e-06 1.155677407514895764e-06 -2.123838668648075896e-06 1.196289287886917699e-06
3.235122501618449930e-07 3.240728748449767553e-06 -2.682321515928412422e-06 1.071548404160677350e-06 -2.239421729102873048e-06 9.901664835412749435e-07
4.734579629825519435e-07 3.487550874478304006e-06 -2.222127166975161024e-06 9.167107776979408223e-07 -2.398213988425488465e-06 6.795756817403353874e-07
3.060523192864222975e-07 3.734655600264572315e-06 8.395927863605393199e-07 9.602710645194662520e-07 -2.555629327808294229e-06 -1.630758204313754684e-06
9.792612783852985843e-07 3.893531025457572562e-06 -4.734194896966177914e-06 4.056110062290204375e-07 -2.651465231717795331e-06 2.773651292914119796e-06
4.436227319272891651e-07 4.069505619086730151e-06 -1.540726423194579298e-06 6.726396079454551288e-07 -2.758060937163898731e-06 3.835119462311188583e-07
1.015614278929464268e-06 4.209229196983680433e-06 1.050056261995666408e-07 1.755105114021078635e-07 -2.839357372874709145e-06 -8.018840379659707835e-07
7.130534054214805895e-07 4.180416105163374981e-06 -7.646049821541607615e-07 2.743289414380737592e-07 -2.806974307386651536e-06 -3.389346138786115362e-08
8.307664032511463759e-07 4.380133816191134314e-06 -8.217786351447090036e-08 9.251213778839236215e-08 -2.927959872622084164e-06 -4.759365470147422709e-07
1.064430003020281377e-06 4.153148067793078720e-06 6.778212118322915957e-09 -1.577588846558751666e-07 -2.764284065290959685e-06 -4.641797700537166367e-07
7.088976435986191758e-07 4.220823051681052787e-06 -2.391333390784166243e-06 -3.189997018414725218e-09 -2.797757988835578296e-06 1.472242366818538348e-06
9.626326097611437262e-07 4.072812168370262965e-06 -3.308319912093599648e-06 -2.424853922047326375e-07 -2.689095910961722477e-06 2.246990883124969023e-06
6.924844579656034636e-07 3.867362119123840385e-06 -3.577362408693569556e-08 -1.223032788584289907e-07 -2.544070717413420155e-06 -2.480091298034802855e-07
5.940162460341307782e-07 3.529470806345380250e-06 -1.251380771971231023e-07 -1.052263166668190382e-07 -2.313876940930599717e-06 -1.374220256965701795e-07
7.397049307949270565e-07 3.312015537279439284e-06 -1.208261301138899906e-06 -2.392288610346441270e-07 -2.164530841951804306e-06 7.387689858355698001e-07
6.984457315814621082e-07 2.739880358085709910e-06 -3.487333939329581924e-07 -2.438193938841365809e-07 -1.785574501356233089e-06 9.721629473874569718e-08
6.592984241339486072e-07 2.571677472704519970e-06 7.126737412736174829e-07 -2.459118940800167123e-07 -1.671787979783332620e-06 -7.052393430985548573e-07
5.212813800278639922e-07 2.243746836869809526e-06 -6.410293900486505823e-07 -1.824376986794167193e-07 -1.455486815572423389e-06 3.711254469038845938e-07
3.599634214536484239e-07 1.822943070621243090e-06 -3.248264989439829418e-07 -1.047592556986426519e-07 -1.180416390147694500e-06 1.475844254149122730e-07
3.663921954770593408e-07 1.300490802590765847e-06 4.961732240222012338e-08 -1.377341177891719499e-07 -8.409312864744709645e-07 -1.200223949269213237e-07
1.805491444903731056e-07 9.195413662015158806e-07 6.867572849606368087e-09 -4.879471935843733180e-08 -5.939925210928832243e-07 -6.097684746309846044e-08
1.068244322271673506e-07 4.537123350061408871e-07 -1.030361622497800393e-07 -3.449558209612456697e-08 -2.928773672143343722e-07 5.196658938730199297e-08
-3.908838731306741839e-15 -4.022251542045614886e-15 5.421496185947102593e-15 -3.576131355627607229e-15 -4.268938578608250336e-15 -5.492267893240128617e-15
