2.708163165607659008e-11 2.026471064506904385e-11 2.005627325979359750e-11 2.673453071429316095e-15 5.010985856442658330e-15 1.742805567508505521e-15
7.149587388790767761e+01 7.149589940806467325e+01 6.538406092446284390e+01 4.233365601374990961e-01 4.233370351964888534e-01 7.717237692719223219e-01
7.144228515787254707e+01 7.144230996685408286e+01 6.533907422858180780e+01 8.371003154346601249e-01 8.371012391182444112e-01 1.543457049989777952e+00
7.136628643357698820e+01 7.136631009377515511e+01 6.527196441768121815e+01 1.232281642446620529e+00 1.232282963795851005e+00 2.315154062123375933e+00
7.125613661240585373e+01 7.125615873436831293e+01 6.517924131590528702e+01 1.600963642346952653e+00 1.600965289558597515e+00 3.086656902270219938e+00
7.111537893747042460e+01 7.111539919806762100e+01 6.506973195661399245e+01 1.936801232311575305e+00 1.936803117929794649e+00 3.857633230165443461e+00
7.093749886078492750e+01 7.093751701655145325e+01 6.492484580274685868e+01 2.235351779784269244e+00 2.235353806986523750e+00 4.627631224244050046e+00
7.072294051276077198e+01 7.072295640807483608e+01 6.475489747874576096e+01 2.494395814364746666e+00 2.494397883953581641e+00 5.395927583073619083e+00
7.047054908788084049e+01 7.047056265987504275e+01 6.456053012575796402e+01 2.714013433727255009e+00 2.714015451242022259e+00 6.161613004400630977e+00
7.018149710508266992e+01 7.018150838341307463e+01 6.434295091711086911e+01 2.896587322636891226e+00 2.896589205120828847e+00 6.923589997244663508e+00
6.984867662442204050e+01 6.984868572586773894e+01 6.410074372452272939e+01 3.046574100792807549e+00 3.046575782550728029e+00 7.680620381985678868e+00
6.947359264417085001e+01 6.947359976339387799e+01 6.383543881452433055e+01 3.170278445785998489e+00 3.170279882970728824e+00 8.431364353268868683e+00
6.905573113335479718e+01 6.905573652935473206e+01 6.354776185157428614e+01 3.275378093755294984e+00 3.275379267142857653e+00 9.174324755730253855e+00
6.859545111791094030e+01 6.859545509729227319e+01 6.323828340302161877e+01 3.370415578280223201e+00 3.370416494121752926e+00 9.908428573832532393e+00
6.809361879110215909e+01 6.809362168903166435e+01 6.290812295094447393e+01 3.464250235326281402e+00 3.464250924157270983e+00 1.063236351483447528e+01
6.755218963930063580e+01 6.755219179919761530e+01 6.255835979172179151e+01 3.565478208660613380e+00 3.565478722101436571e+00 1.134512429607899442e+01
6.697392922409021310e+01 6.697393097716317811e+01 6.219012393645063241e+01 3.681899704854313615e+00 3.681900110606566301e+00 1.204594950422066546e+01
6.636229485586132171e+01 6.636229321011387583e+01 6.180482333283148932e+01 3.820050920040004350e+00 3.820050544666046211e+00 1.273436685662136014e+01
6.572124438244667033e+01 6.572124259362946930e+01 6.140357692716376903e+01 3.985190201534924537e+00 3.985189777099795716e+00 1.340992469979878443e+01
6.505474923377749974e+01 6.505474711485439343e+01 6.098749003992345763e+01 4.179681085410858365e+00 4.179680538253029098e+00 1.407316790075783253e+01
6.436680220611638958e+01 6.436680476834324338e+01 6.055755606186057349e+01 4.404924711050811403e+00 4.404925441030442812e+00 1.472412557281936074e+01
6.366088200260793428e+01 6.366088504170115669e+01 6.011420755681871242e+01 4.660041729228482588e+00 4.660042681591437308e+00 1.536318796843300660e+01
6.293979893860898045e+01 6.293980240757594657e+01 5.965774518174186625e+01 4.942349381481078829e+00 4.942350569626903223e+00 1.599078306308379105e+01
6.220550993020712127e+01 6.220551370561534554e+01 5.918780177311737845e+01 5.247613421459331740e+00 5.247614828849592961e+00 1.660726005871901378e+01
6.145910057952382033e+01 6.145910447035118551e+01 5.870364946700079400e+01 5.570353921741369341e+00 5.570355500352008882e+00 1.721277746595897540e+01
6.070064554118019373e+01 6.070064930201962738e+01 5.820414021406261895e+01 5.904237692534869630e+00 5.904239363725347189e+00 1.780722388438930537e+01
5.992953730911116139e+01 5.992954065683943554e+01 5.768765719225261535e+01 6.242439594240133616e+00 6.242441252107166605e+00 1.839009169484375406e+01
5.914445789775061257e+01 5.914446053076696330e+01 5.715231041688388558e+01 6.578185745636957904e+00 6.578187262671237434e+00 1.896027676739337764e+01
5.834287008797932828e+01 5.834287170694828717e+01 5.659549359127485246e+01 6.904521646312839600e+00 6.904522881110310983e+00 1.951672734696947131e+01
5.752490413762782850e+01 5.752490446607465202e+01 5.601608633582297614e+01 7.215455201315657874e+00 7.215456007720572273e+00 2.005739554075692865e+01
5.668737513132543171e+01 5.668737393581290007e+01 5.541137502076581001e+01 7.505675070369892232e+00 7.505675307745707237e+00 2.057993255916708009e+01
5.582907312646096898e+01 5.582907023389376633e+01 5.477927624858763522e+01 7.770860329317820892e+00 7.770859872883689512e+00 2.108159322040387096e+01
5.494890319369386589e+01 5.494889850569238376e+01 5.411793990576477853e+01 8.007787502201397345e+00 8.007786253005837906e+00 2.155929210250529238e+01
5.404632216751171114e+01 5.404631567052493324e+01 5.342576300283220547e+01 8.214398709320384739e+00 8.214396603030646560e+00 2.200977478803535803e+01
5.312142639960261903e+01 5.312141817014604328e+01 5.270150439872797676e+01 8.389766925882113924e+00 8.389763939701834872e+00 2.242961303509030913e+01
5.217488659827863984e+01 5.217487680296461861e+01 5.194423338974515048e+01 8.534035762134204006e+00 8.534031919336987571e+00 2.281539741040084124e+01
5.120793579824506736e+01 5.120792468849634105e+01 5.115336685876700784e+01 8.648300032951818039e+00 8.648295404605226722e+00 2.316382985363783931e+01
5.022232735870596088e+01 5.022231526038954996e+01 5.032868640339682287e+01 8.734442463460744932e+00 8.734437167119949663e+00 2.347184838519175898e+01
4.922020292370867622e+01 4.922019022227634366e+01 4.947023201590167218e+01 8.794951245606023704e+00 8.794945440975819650e+00 2.373670524896144585e+01
4.820401531786247773e+01 4.820400243983652189e+01 4.857828591754229564e+01 8.832828619916794466e+00 8.832822501692033867e+00 2.395604720280924838e+01
4.717629488351462896e+01 4.717630749159057757e+01 4.765336408704979476e+01 8.850963289637785891e+00 8.850969501341513279e+00 2.412796679218043749e+01
4.613972545110642187e+01 4.613973734501816182e+01 4.669608414666160456e+01 8.852607540649682250e+00 8.852613611669871929e+00 2.425102053752653219e+01
4.509680495388797539e+01 4.509681571399333677e+01 4.570712963184072208e+01 8.840761957809458949e+00 8.840767652376612773e+00 2.432421659504687739e+01
4.404988610370596547e+01 4.404989535576252990e+01 4.468718391279536206e+01 8.818210513538492279e+00 8.818215606967594766e+00 2.434653112477694137e+01
4.300099248753979708e+01 4.300099992082647304e+01 4.363689102846557688e+01 8.787240140425105039e+00 8.787244431207888340e+00 2.431864938501372819e+01
4.195181497842815332e+01 4.195182036014436022e+01 4.255676691737090067e+01 8.749850816186951263e+00 8.749854136706826324e+00 2.424019616127946719e+01
4.090364401084269730e+01 4.090364719596962573e+01 4.144718246723548560e+01 8.707542258972310378e+00 8.707544484147375030e+00 2.411141037613531068e+01
3.985737760374769323e+01 3.985737853991093260e+01 4.030836756927351416e+01 8.661357227765252631e+00 8.661358281099888146e+00 2.393261959141005946e+01
3.881353556031131546e+01 3.881353428751332757e+01 3.914035147075268384e+01 8.611902919792765232e+00 8.611902776506502377e+00 2.370411333462094916e+01
3.777232726758770553e+01 3.777232391301852488e+01 3.794302194911138315e+01 8.559390634415827037e+00 8.559389321533707573e+00 2.342608289225819007e+01
3.673370521358859264e+01 3.673369998203897779e+01 3.671613853111295356e+01 8.503680431598086287e+00 8.503678025101784499e+00 2.309853730172752861e+01
3.569749053114304616e+01 3.569748369178704195e+01 3.545939589387680257e+01 8.444337365838183729e+00 8.444333985170976220e+00 2.272128476410286169e+01
3.466342311605924920e+01 3.466341498658784559e+01 3.417251089644102535e+01 8.380693985529209300e+00 8.380689785919873458e+00 2.229392433794576434e+01
3.363129863008413878e+01 3.363128955925270702e+01 3.285530102847940981e+01 8.311900279003369363e+00 8.311895442190134986e+00 2.181588504358078140e+01
3.260099683592684272e+01 3.260098718565328113e+01 3.150777289331698228e+01 8.236986361375059573e+00 8.236981085396720914e+00 2.128648865893048026e+01
3.157256489380105080e+01 3.157255502186768226e+01 3.013029481446044144e+01 8.154911784257958374e+00 8.154906272993674321e+00 2.070509490119115981e+01
3.054623493786165156e+01 3.054622518219231253e+01 2.872367078882197333e+01 8.064613058278897739e+00 8.064607511403014684e+00 2.007121741528995074e+01
2.952242528361635010e+01 2.952241594891705034e+01 2.728930956491958426e+01 7.965052646478333109e+00 7.965047250416383839e+00 1.938472955826057031e+01
2.850172215580191093e+01 2.850171350315383378e+01 2.582932472302493920e+01 7.855256564230748140e+00 7.855251484605317636e+00 1.864603483140810170e+01
2.748481614570672349e+01 2.748482390595591340e+01 2.434667668731830048e+01 7.734353254470313743e+00 7.734357878559776189e+00 1.785628255957171362e+01
2.647247243155695173e+01 2.647247914348532660e+01 2.284522619780183916e+01 7.601618907545701909e+00 7.601622967212258608e+00 1.701753729396177306e+01
2.546541466030596013e+01 2.546542022282232054e+01 2.132988502630707117e+01 7.456473283303155064e+00 7.456476701494371362e+00 1.613297510004650448e+01
2.446431486198283167e+01 2.446431922626904054e+01 1.980715748984657765e+01 7.298530417433641837e+00 7.298533148593075559e+00 1.520686544022983888e+01
2.346960426246707243e+01 2.346960742695699054e+01 1.828292449411940979e+01 7.127581429005148017e+00 7.127583457020283397e+00 1.424517494678409157e+01
2.248160430797181064e+01 2.248160631147604960e+01 1.676581174387896311e+01 6.943625700127803668e+00 6.943627034899886752e+00 1.325478873802846458e+01
2.150039210090031361e+01 2.150039301456491714e+01 1.526475899096184996e+01 6.746843823881463642e+00 6.746844496929712776e+00 1.224396680548318805e+01
2.052579486652487972e+01 2.052579478530656587e+01 1.378944001731530911e+01 6.537592379002330034e+00 6.537592438535011929e+00 1.122204970887377939e+01
1.955743840488746699e+01 1.955743743919510180e+01 1.235004363790629789e+01 6.316379117705218427e+00 6.316378623585929830e+00 1.019923915035765560e+01
1.859476612965349318e+01 1.859476439770534029e+01 1.095696571692288934e+01 6.083831704258560791e+00 6.083830723250645889e+00 9.186267605528989577e+00
1.763710990743230056e+01 1.763710752876210464e+01 9.620504154837792754e+00 5.840662254683917531e+00 5.840660856282464231e+00 8.194050926082580233e+00
1.668373477746218114e+01 1.668373186786050510e+01 8.350493822780686415e+00 5.587637052626869050e+00 5.587635305699908628e+00 7.233282054815645346e+00
1.573392599076471754e+01 1.573392265877872376e+01 7.155974983162370684e+00 5.325532620590672117e+00 5.325530590951353282e+00 6.314037113699405346e+00
1.478704925545314808e+01 1.478704560042876892e+01 6.044883943246508906e+00 5.055106703574338667e+00 5.055104452503308643e+00 5.445419836138727376e+00
1.384259768744910346e+01 1.384259379896610831e+01 5.023754276437733424e+00 4.777068020615991450e+00 4.777065604276295119e+00 4.635218807189747992e+00
1.290024290684267250e+01 1.290023886528411090e+01 4.097559056905107688e+00 4.492057066345457095e+00 4.492054535927405112e+00 3.889705203377755272e+00
1.195984543117879717e+01 1.195984130911507393e+01 3.269530703747419942e+00 4.200633958798620782e+00 4.200631361219530291e+00 3.213438250828377196e+00
1.102146331267802637e+01 1.102145917670379127e+01 2.541312158786754427e+00 3.903354209402438713e+00 3.903351588323721089e+00 2.608945127103224237e+00
1.008529156983769326e+01 1.008528748251081630e+01 1.912280062816382520e+00 3.600461219081605435e+00 3.600458616019377889e+00 2.077852758302818348e+00
9.151672678773831393e+00 9.151668700336708540e+00 1.380585110465281762e+00 3.292369130686257250e+00 3.292366586008897311e+00 1.619278345232291416e+00
8.221006665325727880e+00 8.221010475700985864e+00 9.426049987121172258e-01 2.979363597721788270e+00 2.979366044087274901e+00 1.231069319526530537e+00
7.293686873823965300e+00 7.293690457407439709e+00 5.933049894294191162e-01 2.661747809566457068e+00 2.661750117819393857e+00 9.097474535784562111e-01
6.370037815112849167e+00 6.370041113732749949e+00 3.260463301696643335e-01 2.339801934721525090e+00 2.339804065340793660e+00 6.504239280146474345e-01
5.450264842146451016e+00 5.450267798991458967e+00 1.332865970379465970e-01 2.013848449024981058e+00 2.013850363364960927e+00 4.474107474520289673e-01
4.534392199092290632e+00 4.534394760106229327e+00 6.334215417529478684e-03 1.684264872649088529e+00 1.684266533921338294e+00 2.940850767592267379e-01
3.622426809177663465e+00 3.622428924878883905e+00 6.429606426538908570e-02 1.351525280826811670e+00 1.351526655356269924e+00 1.830174142678232252e-01
2.713592488453028473e+00 2.713594115971236675e+00 8.913522564180460794e-02 1.016090380311106323e+00 1.016091438923997226e+00 1.065752642047056442e-01
1.807458641539987587e+00 1.807459746604374251e+00 7.906609214677266795e-02 6.785823893847433563e-01 6.785831087660733063e-01 5.633429214045834049e-02
9.032345790551239428e-01 9.032351377385988700e-01 4.545641159286387817e-02 3.396526919160060554e-01 3.396530557903166270e-01 2.373329099405731626e-02
1.136090920349954987e-14 1.514598848719980420e-14 9.968217268214238008e-15 6.423642889857651492e-15 6.509694413827508416e-15 9.468187890080430005e-15
1.136090920349954987e-14 1.514598848719980420e-14 9.968217268214238008e-15 6.423642889857651492e-15 6.509694413827508416e-15 9.468187890080430005e-15
1.845141744196448497e-01 2.918882967381765781e+00 5.993338666675527282e-01 5.619506643107596844e-01 1.770626451980543914e+00 6.501301210007637277e-01
3.698010526624435634e-01 5.822686520025598611e+00 1.198216844241439372e+00 1.123347145735340114e+00 3.529847790282416131e+00 1.300083793888890282e+00
5.565639242058419978e-01 8.696572642510824735e+00 1.796240627749530194e+00 1.683650806437365866e+00 5.266422097453697937e+00 1.949670126988915619e+00
7.453454770073819624e-01 1.152658691611444475e+01 2.393086000978043248e+00 2.242350621201540051e+00 6.969513515520139535e+00 2.598666020449483582e+00
9.365791019037236209e-01 1.429837731384453825e+01 2.988468775515890741e+00 2.798986010358734067e+00 8.628535870612111580e+00 3.246756190431825839e+00
1.130380770068296625e+00 1.699923188568553911e+01 3.582442999861159993e+00 3.353141046558935745e+00 1.023368572814002775e+01 3.893765890306196908e+00
1.326638374280528332e+00 1.961754152829218611e+01 4.175037094575643870e+00 3.904458522676432342e+00 1.177590651158211266e+01 4.539266389160363069e+00
1.524967562698174905e+00 2.214266148587064009e+01 4.766500948219210443e+00 4.452641800139518047e+00 1.324696623294167708e+01 5.182843495590255145e+00
1.724728643604175549e+00 2.456511383604737730e+01 5.357251404147437945e+00 4.997449340658517869e+00 1.463959425272982173e+01 5.824020975897239438e+00
1.925049488567240230e+00 2.687679829312178370e+01 5.947835310692746624e+00 5.538688428607433600e+00 1.594752735621965378e+01 6.462283545151799480e+00
2.124876453833242529e+00 2.907073468385877391e+01 6.538938139523125415e+00 6.076202091763153845e+00 1.716560859857146681e+01 7.097055751032147697e+00
2.323031105608766467e+00 3.114122716388706991e+01 7.131313372380415849e+00 6.609854391346669189e+00 1.829011151283695824e+01 7.727732067017384132e+00
2.518288249583753302e+00 3.308361130777217340e+01 7.725761172931458809e+00 7.139509480544855791e+00 1.931750671750052106e+01 8.353710696722320250e+00
2.709324466125811348e+00 3.489438345051708268e+01 8.323083707534049580e+00 7.664994458648827447e+00 2.024638958604272787e+01 8.974350492938809154e+00
2.895296064790825241e+00 3.657094896404242945e+01 8.924051908283798795e+00 8.186157998921608225e+00 2.107617099215405077e+01 9.589015088499124317e+00
3.075180369453673901e+00 3.811151987637953198e+01 9.529319252049356592e+00 8.702722758220092558e+00 2.180739025423723376e+01 1.019710320662724179e+01
3.248336795155587264e+00 3.951498701412425874e+01 1.013944103676334763e+01 9.214352494678085037e+00 2.244168215135170286e+01 1.079802110253496217e+01
3.414444320951512513e+00 4.078077947867867437e+01 1.075482422383666581e+01 9.720611360890009323e+00 2.298174020322480260e+01 1.139119947126278021e+01
3.573544542628866783e+00 4.190871163794160026e+01 1.137567420912139049e+01 1.022095233146741577e+01 2.343128034409084393e+01 1.197612796420699155e+01
3.726063885614367965e+00 4.289883081823353450e+01 1.200206914477064224e+01 1.071470801240860560e+01 2.379499885126318404e+01 1.255228965791424756e+01
3.872818943599817043e+00 4.375128840291441890e+01 1.263386051575805169e+01 1.120108616291147463e+01 2.407852838576499011e+01 1.311923510336486842e+01
4.014994454306415328e+00 4.446618521376192490e+01 1.327071548737831108e+01 1.167917320184468188e+01 2.428843816571217928e+01 1.367643149916233547e+01
4.154103633217005154e+00 4.504341274618341373e+01 1.391237564742886335e+01 1.214794170965761211e+01 2.443205441510120224e+01 1.422358452195852685e+01
4.291930831135874591e+00 4.548256755923357275e+01 1.455829657933256094e+01 1.260626335593749658e+01 2.451765288546166133e+01 1.476015911258565616e+01
4.430451854156843616e+00 4.578279274448230751e+01 1.520796573372794036e+01 1.305292820398940989e+01 2.455428355260526274e+01 1.528567879550189268e+01
4.571750400664368996e+00 4.594268880973368141e+01 1.586089698861061592e+01 1.348666253228704193e+01 2.455177839644318638e+01 1.579961882386397320e+01
4.717920052112295259e+00 4.596020621005160223e+01 1.651671989019819975e+01 1.390615782929091004e+01 2.452072967764952338e+01 1.630135350110120029e+01
4.870924610372943775e+00 4.583267183319036064e+01 1.717508166267090886e+01 1.430981875869328768e+01 2.447259784839105379e+01 1.679030778520687406e+01
5.032647672783578940e+00 4.555694627239918759e+01 1.783590574974415333e+01 1.469686024280754921e+01 2.441922671356689278e+01 1.726566688638420999e+01
5.204731984561422387e+00 4.512805825180539898e+01 1.849938010265460875e+01 1.506576661599761557e+01 2.437291466051468447e+01 1.772669717777600695e+01
5.388405274619275431e+00 4.454164665519098065e+01 1.916585972576096353e+01 1.541529965269612035e+01 2.434676591698382353e+01 1.817243386456755161e+01
5.388405274619403329e+00 4.454164665519078170e+01 1.916585972576090313e+01 1.541529965269600488e+01 2.434676591698399406e+01 1.817243386456759779e+01
5.584599078583265985e+00 4.379249716933360759e+01 1.983597643768893093e+01 1.574429568152970660e+01 2.435390305084222362e+01 1.860188817857575216e+01
5.793874034909015869e+00 4.287525448703750897e+01 2.051062859585059428e+01 1.605165647857963762e+01 2.440729887378725138e+01 1.901399522852244672e+01
6.016437064249235966e+00 2.119095724609501730e+01 4.178481802660164846e+01 1.633634718979598333e+01 2.451936731099722167e+01 1.940763469511687589e+01
6.252188530448525405e+00 2.187829173158223739e+01 4.051691898268127545e+01 1.659737831650376094e+01 2.470138419347808423e+01 1.978166844880861319e+01
6.500775262881799854e+00 2.257409152640013161e+01 3.906878843575628935e+01 1.683379707721181617e+01 2.496280601591191228e+01 2.013496673613599697e+01
6.761700445391397807e+00 2.327990860365874326e+01 1.704463377121441070e+01 3.743993761408910359e+01 2.531048679997582695e+01 2.046642676628940194e+01
7.034420498064955396e+00 2.399728606949399179e+01 1.722888543273501227e+01 3.563299102943823726e+01 2.574786727541230391e+01 2.077501388139312155e+01
7.318474299463041177e+00 2.472767456902069583e+01 1.738547427876826390e+01 3.365442065024666363e+01 2.105979821660478635e+01 2.627424825784116535e+01
7.613610884659154365e+00 2.547235406481581066e+01 1.751319647373755828e+01 3.151508906953166189e+01 2.131998367843886655e+01 2.688425971266385517e+01
7.919913155413706107e+00 2.623234997168034965e+01 1.761069245400255312e+01 2.923040706283145695e+01 2.155493367707420660e+01 2.756771267743866716e+01
8.237958335819303812e+00 2.700849405444873952e+01 1.767640454955181895e+01 2.682037710047256596e+01 2.176412200912058381e+01 2.830958480130058419e+01
8.568708405267228656e+00 2.780089453325941662e+01 1.770862212268679059e+01 2.430773357225598019e+01 2.194737341072295322e+01 2.909191647457937080e+01
8.913712365292139950e+00 2.860957376837524180e+01 1.770532742522791381e+01 2.171836306820249618e+01 2.210448142481353884e+01 2.989368567226940598e+01
9.275435683422708522e+00 2.943407042429269893e+01 1.766459720719749171e+01 1.907840211570695743e+01 2.223561778229641561e+01 3.069240462320573215e+01
9.656452862502790779e+00 3.027342907833215335e+01 1.758421451579930306e+01 1.641371042223614296e+01 2.234098882611208836e+01 3.146678727563174505e+01
1.005993591493781381e+01 3.112641638916869979e+01 1.746200057915548953e+01 1.374731827052244348e+01 2.242086329553664825e+01 3.219762486442650129e+01
1.048924732659295600e+01 3.199137252349592231e+01 1.729599461957429440e+01 1.109961141334958867e+01 2.247571985879062595e+01 3.286840133618720472e+01
1.094776594726493713e+01 3.286642003518685584e+01 1.708455239431454942e+01 8.486944520841309014e+00 2.250604068619677989e+01 3.346638254187309514e+01
1.143862925610717340e+01 3.374950509467415571e+01 1.682654085816534817e+01 5.921671762820588825e+00 2.251233585647763036e+01 3.398266651530649796e+01
1.196441719727783770e+01 3.463851211411711972e+01 1.652155320461972821e+01 3.412297911023294716e+00 2.249508352057337035e+01 3.441202532658767410e+01
1.252687046748771849e+01 3.553133558400027425e+01 1.617008020314153782e+01 9.639769547961173357e-01 2.245472740613961093e+01 3.475241216850820791e+01
1.312658937989179719e+01 3.642584978037752563e+01 1.577365278185476427e+01 1.420623911466274203e+00 2.239158452019677625e+01 3.500449823815656458e+01
1.376282067423288424e+01 3.732050921809002375e+01 1.533491980414609834e+01 3.741490954799753244e+00 2.230600257778754525e+01 3.517088896169142487e+01
1.443365435407677744e+01 3.821382816988990783e+01 1.485791476083543827e+01 6.000836941352925002e+00 2.219826273032341746e+01 3.525548015572579885e+01
1.513540018306022716e+01 3.910458336177261884e+01 1.434747925920566303e+01 8.200750084244468496e+00 2.206847853835305884e+01 3.526341124443004560e+01
1.586312668819081217e+01 3.999199839416073132e+01 1.380946062560453136e+01 1.034451930010669685e+01 2.191679022087607720e+01 3.520020653441521574e+01
1.661075113542575465e+01 4.087566061481934554e+01 1.325034556733071156e+01 1.243582801394529547e+01 2.174335533868567083e+01 3.507160717765132318e+01
1.737133525146181512e+01 4.175550147891100750e+01 1.267694900657211043e+01 1.447847112900681310e+01 2.154839018748568336e+01 3.488330865672467240e+01
1.813739115616671072e+01 4.263175901923943201e+01 1.209602691108499606e+01 1.647620160239365106e+01 2.133219274926755915e+01 3.464079715086207756e+01
1.890134031902629275e+01 4.350492620585085035e+01 1.151410079144400811e+01 1.843260602200719589e+01 2.109532606938656940e+01 3.434926198973747091e+01
1.965572550160441523e+01 4.437561110492205785e+01 1.093663017098391421e+01 2.035104161309505955e+01 2.083841163652259354e+01 3.401362352072550976e+01
2.039383090381000940e+01 4.524448644456925450e+01 1.036898393554277042e+01 2.223458559934771728e+01 2.056251161947425032e+01 3.363808004060754797e+01
2.110953821827472154e+01 4.611218108179339481e+01 9.814708728495711298e+00 2.408600416887613349e+01 2.026879389754640570e+01 3.322674985677800663e+01
2.179777027652843557e+01 4.697911750669808129e+01 9.276494445468628669e+00 2.590777051213909843e+01 1.995878018953446187e+01 3.278326233867385042e+01
2.245454929693901747e+01 4.784550351122525313e+01 8.755948973608855823e+00 2.770204910751078486e+01 1.963423817067004862e+01 3.231087716247695596e+01
2.307703453358661250e+01 4.871119494504542047e+01 8.253679898712102059e+00 2.947072623702524297e+01 1.929717870981287930e+01 3.181253291430096297e+01
2.366352099469037640e+01 4.957564257806566133e+01 7.769468323457919823e+00 3.121542112994533014e+01 1.894978075217052549e+01 3.129087417928812798e+01
2.421333013344105112e+01 5.043787452237118174e+01 7.302472186223322836e+00 3.293750841894403436e+01 1.859432174213138111e+01 3.074829649993429825e+01
2.472677596699022828e+01 5.129648629719449815e+01 6.851416971078251983e+00 3.463813090609773582e+01 1.823308407325700742e+01 3.018697589439961249e+01
2.520498007094202464e+01 5.214965970445319954e+01 6.414836586850015898e+00 3.631822729317563159e+01 1.786825235609556017e+01 2.960891314321820644e+01
2.564978965853364912e+01 5.299520434813567249e+01 5.991257690534623315e+00 3.797854735270793469e+01 1.750181360210049775e+01 2.901595835177073823e+01
2.606357877889985630e+01 5.383065597412910108e+01 5.579402795488553224e+00 3.961968625700301772e+01 1.713544870893844418e+01 2.840985413270449556e+01
2.644915379481222217e+01 5.465333139382661187e+01 4.124206663733043143e+01 5.178314652432262299e+00 1.677045753337508671e+01 2.779223390460018095e+01
2.680952962616080981e+01 5.546045611999731761e+01 4.284599636265867417e+01 4.787496728603154672e+00 1.640767445518413581e+01 2.716466990411493754e+01
2.714787569699259251e+01 5.624926424308101502e+01 4.443164854809357678e+01 4.406940450045314428e+00 1.604743999784779973e+01 2.652866661721510511e+01
2.746726277038569464e+01 5.701709364877711295e+01 4.599911061179447103e+01 4.037225041367224598e+00 1.568959026048969285e+01 2.588569776594077609e+01
2.777070356258055384e+01 5.776155367935896123e+01 4.754833877473609505e+01 3.679354988451288389e+00 1.533340466769174171e+01 2.523714732884936396e+01
2.806084360296078017e+01 5.848049658269036399e+01 4.907924743321392214e+01 3.334789684164710000e+00 1.497777881803469135e+01 2.458458413388178343e+01
2.834000959935156772e+01 5.917220261537115533e+01 5.059163780901552343e+01 3.005632319936933694e+00 1.462121065707237832e+01 2.392897638404454597e+01
2.861013927406338553e+01 5.983538617096152734e+01 5.208528562263094130e+01 2.693905120468274905e+00 1.426193294122970556e+01 2.327179906841676882e+01
2.887263454606160096e+01 6.046925572461800158e+01 5.355986847130652961e+01 2.401875685991228249e+00 1.389803496803746974e+01 2.261427526593259785e+01
2.912847811891201033e+01 6.107354092387852518e+01 5.501502770015697052e+01 2.131719686327133267e+00 1.352759674307644566e+01 2.195757776807504769e+01
2.937815730628976496e+01 6.164848547787837418e+01 5.645036235451203765e+01 1.885415272894955363e+00 1.314884171619305420e+01 2.130280479806603466e+01
2.962173245496794749e+01 6.219486918853227309e+01 5.786543138139597175e+01 1.664555929543530155e+00 1.276025740445424717e+01 2.065097776073869085e+01
2.985892131948164518e+01 6.271387453103196918e+01 5.925975181526833779e+01 1.470223193941129880e+00 1.236075713620412486e+01 2.000302939266862978e+01
3.008907090222333025e+01 6.320716970510493127e+01 6.063278847979456998e+01 1.302865359567306758e+00 1.194976710112722884e+01 1.935979568874112289e+01
3.031139482341549396e+01 6.367674430007627251e+01 6.198400766439819876e+01 1.162213864288663023e+00 1.152732790145375397e+01 1.872201403548632115e+01
3.052493529452885568e+01 6.412486941642336546e+01 6.331281839665560796e+01 1.047119690372615874e+00 1.109393597369734508e+01 1.809038801261369400e+01
3.072868707657231724e+01 6.455398576017283574e+01 6.461862775388891578e+01 9.560329232735578220e-01 1.065145730952910341e+01 1.746530194435387884e+01
3.092170450391289904e+01 6.496653500385379232e+01 6.590079295406290782e+01 8.863206038558394395e-01 1.020180662891781509e+01 1.684724328054958420e+01
3.110318035962268723e+01 6.536495522663213364e+01 6.715866284658089569e+01 8.348183185498594394e-01 9.747764095446799004e+00 1.623652737892045295e+01
3.127246506780999269e+01 6.575149094904676872e+01 6.839155271729482877e+01 7.978417154989718707e-01 9.292689235061484254e+00 1.563336901505945242e+01
3.142901812585416010e+01 6.612808149576083849e+01 6.959875090834317746e+01 7.713339767850801998e-01 8.840403364027304534e+00 1.503789340206678204e+01
3.157271858428384803e+01 6.649698403723431284e+01 7.077974080944252933e+01 7.510213976974550176e-01 8.395010835448211139e+00 1.445015019050551963e+01
3.170335005057694389e+01 6.685785632999879624e+01 7.193331911654480848e+01 7.326269923562011011e-01 7.960814641493645816e+00 1.387009150106467104e+01
3.182120456071980641e+01 6.721197971559500672e+01 7.305891514799786535e+01 7.120330647386142742e-01 7.541987232788181394e+00 1.329763444536831329e+01
3.192672625707500700e+01 6.755933596635085792e+01 7.415571786182502478e+01 6.854763223564923624e-01 7.142453269835550955e+00 1.273264133331285919e+01
3.202049973403985206e+01 6.789938859228645640e+01 7.522287569521530770e+01 6.497293939157022802e-01 6.765662513611273354e+00 1.217493025014405283e+01
3.210330946613682102e+01 6.823113859023548855e+01 7.625952794798490686e+01 6.022300184833033754e-01 6.414390992663371982e+00 1.162430577948934562e+01
3.217610422181050467e+01 6.855317659746123127e+01 7.726477127801081224e+01 5.412032196704987808e-01 6.090571376142965399e+00 1.108054763554866717e+01
3.223999237465582723e+01 6.886376912923567772e+01 7.823771698948308995e+01 4.657467883226817928e-01 5.795153968114978404e+00 1.054343049102273966e+01
3.229611532475578883e+01 6.916104579067118152e+01 7.917738275519901947e+01 3.758750981644261024e-01 5.528009978828285931e+00 1.001273994671332979e+01
3.234576827945055300e+01 6.944305207439298044e+01 8.008281586196333990e+01 2.725219753217516527e-01 5.287895218893677196e+00 9.488260059387558343e+00
3.239036065307980294e+01 6.970802824302649014e+01 8.095304186555379999e+01 1.574967428065091046e-01 5.072451493395908173e+00 8.969792842930946364e+00
3.243029540659249932e+01 6.995391048853620930e+01 8.178787410672099156e+01 3.341564323529827574e-02 4.878268357928694066e+00 8.457272730791688176e+00
3.246878701422553348e+01 7.018024279767691098e+01 8.258472324742224657e+01 9.637731380317290930e-02 4.701048717264121990e+00 7.950290336733232266e+00
3.250637352855555662e+01 7.038590719855460520e+01 8.334334978604725563e+01 2.282192206572834781e-01 4.535425147964424752e+00 7.449013141227552204e+00
3.254401363267896841e+01 7.057040037728135928e+01 8.406269153927624416e+01 3.574091111214842686e-01 4.376387341705003209e+00 6.952837770238530446e+00
3.258301237835591024e+01 7.073397062556468029e+01 8.474178179724488302e+01 4.796950866292037929e-01 4.217750893332190110e+00 6.461835860983136115e+00
3.262410148862595349e+01 7.087709247181766159e+01 8.537963607319164794e+01 5.905858771303467147e-01 4.053603333504739226e+00 5.975852535563398682e+00
3.266777816033653181e+01 7.100070309706347871e+01 8.597511933363506387e+01 6.857957604794751028e-01 3.878220431699091364e+00 5.494906486935179579e+00
3.271408210070112688e+01 7.110626847824403285e+01 8.652738964786053089e+01 7.614181020771254582e-01 3.686529392493436141e+00 5.018415005666024165e+00
3.276286437506167459e+01 7.119529823550045933e+01 8.703544210554262861e+01 8.141545094726180265e-01 3.474026990595020958e+00 4.546358272342559737e+00
3.281365844533220866e+01 7.126951641166392903e+01 8.749845992967996722e+01 8.414406924780133412e-01 3.237195288143705163e+00 4.078504257975779979e+00
3.286312125596010958e+01 7.132716482798747393e+01 8.791476135302612249e+01 8.416235921916266349e-01 2.973578031670218724e+00 3.614584307852996226e+00
3.291417526602629806e+01 7.137668655328764089e+01 8.828488178520137808e+01 8.140003962242859936e-01 2.681968870434054075e+00 3.154277086169813504e+00
3.296357234644861478e+01 7.141592501369483159e+01 8.860788444302171740e+01 7.589542867284395644e-01 2.362342843736404241e+00 2.697242584324709203e+00
3.300678573495673618e+01 7.144514130537734786e+01 8.888006249032798678e+01 6.779402103347079711e-01 2.015922785556457875e+00 2.243101637651171210e+00
3.304585926514354810e+01 7.146849455468890255e+01 8.909793762480457247e+01 5.734150257862193900e-01 1.645126682458473599e+00 1.791437839643759133e+00
3.307830365965894970e+01 7.148560193593797862e+01 8.927375755190469420e+01 4.488069099145280960e-01 1.253421428374999147e+00 1.341775697346501817e+00
3.310551867527014025e+01 7.149638190190303533e+01 8.939990625651931566e+01 3.083604525490064585e-01 8.451850522910492325e-01 8.936509515284851712e-01
3.310997636873579353e+01 7.150533379897869679e+01 8.946159766256668888e+01 1.569731430626898627e-01 4.255137763441700360e-01 4.465633232117421358e-01
2.708163165607659008e-11 2.026471064506904385e-11 2.005627325979359750e-11 2.673453071429316095e-15 5.010985856442658330e-15 1.742805567508505521e-15
2.708163165607659008e-11 2.026471064506904385e-11 2.005627325979359750e-11 2.673453071429316095e-15 5.010985856442658330e-15 1.742805567508505521e-15
5.220870878611503230e+01 5.220870878604886656e+01 9.699404299330066692e+01 2.772511861063768901e-01 2.772511861086179863e-01 3.367776427897517522e-01
5.216779711745751058e+01 5.216779711744970882e+01 9.694289948531408641e+01 5.518728939021895208e-01 5.518728939021051438e-01 6.732210453639453362e-01
5.206144756279598340e+01 5.206144756279071117e+01 9.687474171534950074e+01 8.091923330223126376e-01 8.091923330238194323e-01 1.009046146975739466e+00
5.199959713476692968e+01 5.199959713476688705e+01 9.678084980435141915e+01 1.082873736415919774e+00 1.082873736416820165e+00 1.344058211813581094e+00
5.191694689939436103e+01 5.191694689939302521e+01 9.666484547532169813e+01 1.335050073984836327e+00 1.335050073984921815e+00 1.678177741590084482e+00
5.156947917989450048e+01 5.156947917989287333e+01 9.651730533308196414e+01 1.575561806955124933e+00 1.575561806955286581e+00 2.011536210334092800e+00
5.041456799266416766e+01 5.041456799266368449e+01 9.634079069694510622e+01 1.763069037049571408e+00 1.763069037050112087e+00 2.344418435992585259e+00
5.116464275446721643e+01 5.116464275446709564e+01 9.613879469995491434e+01 2.000469456270343560e+00 2.000469456270476343e+00 2.677286207725888989e+00
5.125785723144100814e+01 5.125785723144078077e+01 9.591086572614688066e+01 2.211322375113394134e+00 2.211322375113542460e+00 3.010804174602908834e+00
5.105553334900137941e+01 5.105553334900151441e+01 9.565754328275069440e+01 2.355743474900428680e+00 2.355743474900479306e+00 3.345800313895950673e+00
5.069088475878113087e+01 5.069088475878076139e+01 9.537950184952826760e+01 2.539085420824648054e+00 2.539085420824718220e+00 3.683257160318026635e+00
5.034003913213010861e+01 5.034003913213005887e+01 9.507667496403730922e+01 2.670801414202136126e+00 2.670801414202276902e+00 4.023932339423090809e+00
5.020384492848945257e+01 5.020384492848966573e+01 9.474952210014257048e+01 2.831677690699139216e+00 2.831677690699033079e+00 4.369580064994766921e+00
4.994810045961756373e+01 4.994810045961666845e+01 9.439840748643953816e+01 2.895801828605018891e+00 2.895801828605100603e+00 4.721052521097378829e+00
4.956925556936543131e+01 4.956925556936472788e+01 9.402359495698024716e+01 1.574112124760059128e+00 1.574112124760047804e+00 5.079444274299324213e+00
4.931207412221148445e+01 4.931207412221127129e+01 9.362533797981188854e+01 3.116332227723707327e+00 3.116332227723693560e+00 5.445760075110191778e+00
4.714854001576943432e+01 4.714854001576967590e+01 9.320398231755368101e+01 3.129940552493493122e+00 3.129940552493430950e+00 5.820853730574050644e+00
4.861101058669176211e+01 4.861101058669213160e+01 9.275976782769157580e+01 3.215077341782143439e+00 3.215077341782091924e+00 6.205396474626023284e+00
4.815167152540192319e+01 4.815167152540190187e+01 9.229291432352019342e+01 3.222248148832492110e+00 3.222248148832401071e+00 6.599833340081326938e+00
4.769011265426568968e+01 4.769011265426506441e+01 9.180268108111521030e+01 3.246699676266112888e+00 3.246699676266152412e+00 7.004360640912141278e+00
4.451557117348053083e+01 4.451557117348031056e+01 9.129132335628628425e+01 3.246419311343262226e+00 3.246419311343175185e+00 7.418827051139576412e+00
4.676761705214739351e+01 4.676761705214710929e+01 9.075803681225060870e+01 3.237769377011974647e+00 3.237769377012121197e+00 7.843138866668808440e+00
4.620239736493881111e+01 4.620239736493874716e+01 9.020307946126489185e+01 3.224381821644945134e+00 3.224381821644999757e+00 8.276469580725944297e+00
4.588790432639283523e+01 4.588790432639319761e+01 8.962668254915877242e+01 3.187332160761108923e+00 3.187332160761230160e+00 8.718492492829817309e+00
4.531949449794780094e+01 4.531949449794730356e+01 8.902915873082163500e+01 3.181684587295528388e+00 3.181684587295612321e+00 9.168115150856944950e+00
4.479624694678013697e+01 4.479624694678026486e+01 8.841072317573829764e+01 3.160529582385079639e+00 3.160529582385120939e+00 9.624344685718110526e+00
4.435583243671243281e+01 4.435583243671293729e+01 8.777178603334074580e+01 3.144253225283374586e+00 3.144253225283452746e+00 1.008613374071200042e+01
4.200843360577293595e+01 4.200843360577252383e+01 8.711263471977984807e+01 3.131688177472168988e+00 3.131688177472188528e+00 1.055244287109105628e+01
4.317140507537966698e+01 4.317140507537919092e+01 8.643348048761480129e+01 3.005504522239979437e+00 3.005504522240005194e+00 1.102230403252554858e+01
4.257224984927268707e+01 4.257224984927288602e+01 8.573513831286400944e+01 3.123267675005046318e+00 3.123267675004916200e+00 1.149486715335009812e+01
4.168381518295154819e+01 4.168381518295130661e+01 8.501781850388164230e+01 3.113586616928241124e+00 3.113586616928143425e+00 1.196945775583605354e+01
4.126806583318465727e+01 4.126806583318458621e+01 8.428203010991714450e+01 3.134592415975777868e+00 3.134592415975693047e+00 1.244562391946095126e+01
4.075330402967371413e+01 4.075330402967357912e+01 8.352823183618096436e+01 3.126619755747978679e+00 3.126619755747824136e+00 1.292314533646696795e+01
4.014030955083131857e+01 4.014030955083156016e+01 8.275693572293343436e+01 2.928766335289528122e+00 2.928766335289496592e+00 1.340207667685855775e+01
3.918208457402850797e+01 3.918208457402820954e+01 8.196865801502369209e+01 3.146639221333163761e+00 3.146639221333025205e+00 1.388273154969906997e+01
3.827070510280135807e+01 3.827070510280113780e+01 8.116392964436765567e+01 3.164573592584801975e+00 3.164573592584641215e+00 1.436568692918993762e+01
3.825402903978947222e+01 3.825402903978924485e+01 8.034326096956723973e+01 3.140741585311665585e+00 3.140741585311690010e+00 1.485175061158772536e+01
3.763374025987265270e+01 3.763374025987261717e+01 7.950721706509132503e+01 3.135006534969419167e+00 3.135006534969274394e+00 1.534192806698925260e+01
3.679533910321458023e+01 3.679533910321459445e+01 7.865628968148585898e+01 2.921578370655728563e+00 2.921578370655760981e+00 1.583741822164210866e+01
3.583779746498149166e+01 3.583779746498148455e+01 7.779102365934667773e+01 3.108349519850802878e+00 3.108349519850689635e+00 1.633949380348034452e+01
3.567106193383856549e+01 3.567106193383878576e+01 7.691192573688587686e+01 3.131313560494032977e+00 3.131313560494122239e+00 1.684948464731979811e+01
3.500864422554761290e+01 3.500864422554737132e+01 7.601951313697850310e+01 3.169808445422857446e+00 3.169808445422703347e+00 1.736873323728941543e+01
3.431988500594638936e+01 3.431988500594623304e+01 7.511428440552032271e+01 3.172666330226445730e+00 3.172666330226461273e+00 1.789850464487402704e+01
3.368851375902336542e+01 3.368851375902329437e+01 7.419673288124815258e+01 3.150495453682465197e+00 3.150495453682467861e+00 1.843995490902417700e+01
3.277398303019836590e+01 3.277398303019815273e+01 7.326734903466977755e+01 3.174149217961822256e+00 3.174149217961766301e+00 1.899408488798742667e+01
3.223301957074677659e+01 3.223301957074680502e+01 3.192787639206537964e+00 3.192787639206391859e+00 7.232659351352836552e+01 1.956167927754963642e+01
3.157296476333705471e+01 3.157296476333679180e+01 3.213606146288443099e+00 3.213606146288390697e+00 7.137492596927600630e+01 2.014329443518352747e+01
3.083134440289786227e+01 3.083134440289802924e+01 3.239940089557657110e+00 3.239940089557628244e+00 7.041277123982365538e+01 2.073922831406611422e+01
2.998345577101137494e+01 2.998345577101134651e+01 3.292382057277211782e+00 3.292382057277262852e+00 6.944052696082621878e+01 2.134950364212756924e+01
2.931036109895961062e+01 2.931036109895963193e+01 3.282169559882190502e+00 3.282169559882236243e+00 6.845855144931751113e+01 2.197387124371924827e+01
2.851700913095270096e+01 2.851700913095265477e+01 3.380656583095344558e+00 3.380656583095306811e+00 6.746714376607017982e+01 2.261181284375136613e+01
2.771351346457982956e+01 2.771351346457975140e+01 3.483161433693484188e+00 3.483161433693418019e+00 6.646653993608673261e+01 2.326255022037131681e+01
2.683791104697457541e+01 2.683791104697461094e+01 3.558907840397224298e+00 3.558907840397198541e+00 6.545689915468925335e+01 2.392506147414462347e+01
2.579119709150655737e+01 2.579119709150638329e+01 3.637046494021388021e+00 3.637046494021340948e+00 6.443825830813808864e+01 2.459809493566909211e+01
2.502918198211183665e+01 2.502918198211173717e+01 3.703616996767741032e+00 3.703616996767672198e+00 6.341052677946782978e+01 2.528018269457687239e+01
2.419656879522913684e+01 2.419656879522893789e+01 3.590487960681587598e+00 3.590487960681502333e+00 6.237344449845673466e+01 2.596963978685678498e+01
2.325056628327409669e+01 2.325056628327402564e+01 3.796185716947235278e+00 3.796185716947323652e+00 6.132650504130187841e+01 2.666431675540306756e+01
2.227340436314384320e+01 2.227340436314404570e+01 3.876361458388155157e+00 3.876361458388085435e+00 6.026892505257603005e+01 2.736249274601746606e+01
2.134796585973295535e+01 2.134796585973281324e+01 3.890461738891070276e+00 3.890461738891003218e+00 5.919950208524778645e+01 2.806142056609572322e+01
2.030418455639194519e+01 2.030418455639218323e+01 3.904469884903692289e+00 3.904469884903542187e+00 5.811665393999764717e+01 2.875811215230040574e+01
1.928278515810662697e+01 1.928278515810670157e+01 3.883882973895654622e+00 3.883882973895521395e+00 5.701753331690619575e+01 2.944894541775294883e+01
1.811985739094314596e+01 1.811985739094287950e+01 3.833208350605120884e+00 3.833208350604935699e+00 5.589872359143510749e+01 3.012927737262998207e+01
1.697450741093311777e+01 1.697450741093322790e+01 3.750040179384939165e+00 3.750040179384781514e+00 5.475549193131041648e+01 3.079301806750717674e+01
1.596618179324772946e+01 1.596618179324778630e+01 3.639309941357027345e+00 3.639309941356805744e+00 5.357948237591113383e+01 3.143190533023942734e+01
1.479866678636482824e+01 1.479866678636505561e+01 3.495274295521498154e+00 3.495274295521268559e+00 5.236009090457640269e+01 3.203418091769262332e+01
1.356832476784179775e+01 1.356832476784197183e+01 3.317169201045962357e+00 3.317169201046052951e+00 5.108075627087155368e+01 3.258265732333050835e+01
1.235984649662437107e+01 1.235984649662462331e+01 3.106035585853097025e+00 3.106035585852902958e+00 4.971606837128282308e+01 3.305135163629118011e+01
1.106788483188086047e+01 1.106788483188100436e+01 2.860747435337747113e+00 2.860747435337958056e+00 4.822586681301322642e+01 3.339957535341732608e+01
9.789447397377680105e+00 9.789447397377486482e+00 2.586081311635276769e+00 2.586081311635446411e+00 4.654458804228023894e+01 3.356125870399537803e+01
8.457461722223227341e+00 8.457461722223380107e+00 2.280270205962767527e+00 2.280270205962908747e+00 4.456118870700647960e+01 3.342485723429081190e+01
7.087425939230577399e+00 7.087425939230449501e+00 1.946926775292147527e+00 1.946926775292279643e+00 4.208032252304340659e+01 3.279447319028285790e+01
5.710774783782751385e+00 5.710774783782672337e+00 1.588756828586155079e+00 1.588756828586123548e+00 3.874635997936868392e+01 3.131402636963932196e+01
4.303372238955185836e+00 4.303372238955050832e+00 1.210869718909561410e+00 1.210869718909629800e+00 3.390785504176757570e+01 2.833147923539150526e+01
2.878642722839559021e+00 2.878642722839505730e+00 8.164471304082872027e-01 8.164471304082373537e-01 2.645742918498315177e+01 2.273862319907091489e+01
1.442189429555283287e+00 1.442189429555297275e+00 4.110346007137936075e-01 4.110346007138690472e-01 1.507411964204875687e+01 1.321440036040463539e+01
6.670463451130563989e-15 1.043866659115436176e-14 1.327467762731659834e-14 2.178159174639762120e-14 1.783137203001376612e-14 1.901003832099051768e-14
6.670463451130563989e-15 1.043866659115436176e-14 1.327467762731659834e-14 2.178159174639762120e-14 1.783137203001376612e-14 1.901003832099051768e-14
5.060218070781359323e-01 1.904289136797068238e+00 6.431835008824412503e-01 2.515758343070645608e+00 1.665945876604170595e+00 6.657664897515950253e-01
1.010920381639498045e+00 3.799927302914302807e+00 1.286651889234390778e+00 5.013870199810896544e+00 3.327660751724597521e+00 1.330899602261737202e+00
1.513628433016561914e+00 5.678588760459097884e+00 1.930689260272454133e+00 7.477256275341302327e+00 4.980931024253099970e+00 1.994776649091573706e+00
2.013193994883458515e+00 7.531603252773611423e+00 2.575565988183334820e+00 9.888786541549301035e+00 6.621577843648320361e+00 2.656797048125597360e+00
2.508585302851470189e+00 9.351030992449976154e+00 3.221227723743811833e+00 1.223266452529739112e+01 8.245427767898730664e+00 3.316328057792790052e+00
2.999137800394587661e+00 1.112929983438729664e+01 3.867797028681609905e+00 1.449420101070106703e+01 9.848508234625155566e+00 3.972965045509883275e+00
3.484329014769282473e+00 1.285930958217724474e+01 4.515207409509746306e+00 1.665996245172344814e+01 1.142678960796996357e+01 4.626162109820983304e+00
3.963856229320597446e+00 1.453448765567476997e+01 5.163255292738361035e+00 1.871793261562312694e+01 1.297637730583869953e+01 5.275486514226616741e+00
4.437669643571926947e+00 1.614886103867094747e+01 5.811605289834466781e+00 2.065762759309654939e+01 1.449347027791433007e+01 5.920558884147665069e+00
4.906046937328496504e+00 1.769709306006142313e+01 6.459843776994953934e+00 2.247013014372741679e+01 1.597436962490880674e+01 6.561053311323623127e+00
5.369376554542036217e+00 1.917449942406194907e+01 7.107234780032674948e+00 2.414811398069507220e+01 1.741547937003660707e+01 7.196696395341819041e+00
5.828478225402206725e+00 2.057706298735245554e+01 7.753098745188113483e+00 2.568575243906603589e+01 1.881328745590072415e+01 7.827258436205621450e+00
6.284362704075377337e+00 2.190142055536211529e+01 8.396570608372059041e+00 2.707868990043126090e+01 2.016437584206896361e+01 8.452551793401484659e+00
6.738257023073019880e+00 2.314505822380077404e+01 9.036680834332470269e+00 2.832412612205899194e+01 2.146536827872082398e+01 9.072414314792354162e+00
7.191548277407382450e+00 2.430540725419929515e+01 9.672364172104073177e+00 2.941970038336528859e+01 2.271292458202120557e+01 9.686713109975528369e+00
7.645755824735529949e+00 2.538115668890543475e+01 1.030247531987615162e+01 3.036491057567206298e+01 2.390374445703825756e+01 1.029530835674126266e+01
8.102436014516005258e+00 2.637123430400358615e+01 1.092582809733603710e+01 3.115963742431044992e+01 2.503433585121536709e+01 1.089805506745158858e+01
8.563194290372241113e+00 2.727524262540863020e+01 1.154119726174583604e+01 3.180468828594667130e+01 2.610112273945862071e+01 1.149472735420398450e+01
9.029573065549049815e+00 2.809306586279406659e+01 1.214732938139762553e+01 3.230080379587477779e+01 2.710019934172693112e+01 1.208522900657003518e+01
9.502914431578883381e+00 2.882463504158245726e+01 1.274297141113215304e+01 3.264865754841422785e+01 2.802720654793008137e+01 1.266925453971141025e+01
9.984500110746964197e+00 2.947072283521669434e+01 1.332690477792933237e+01 3.284890171279625548e+01 2.887699413024401451e+01 1.324645855144928852e+01
1.047537772650004761e+01 3.003217555945743200e+01 1.389792789457783329e+01 3.290114557484479008e+01 2.964333133495888006e+01 1.381641971575527172e+01
1.097635140744126758e+01 3.051006176927987568e+01 1.445488376486299131e+01 3.280346931351851936e+01 3.031832978714722415e+01 1.437861957752214437e+01
1.148796919138346695e+01 3.090563669063807239e+01 1.499665532244482335e+01 3.255148360817450737e+01 3.089162055932380113e+01 1.493242412257734131e+01
1.201057056096460229e+01 3.122034678959843390e+01 1.552224917269203353e+01 3.213700362954138257e+01 3.134903780876334167e+01 1.547706949097125140e+01
1.254421253161179628e+01 3.145564445380911422e+01 1.603075782963957963e+01 3.154600241505224290e+01 3.167075779543153402e+01 1.601163671564026103e+01
1.308825216549654513e+01 3.161301394083787741e+01 1.652076808652945417e+01 3.075503689363694448e+01 3.182794132192681502e+01 1.653519139886327238e+01
1.364236420050398024e+01 3.169412078108440767e+01 1.699160114639758135e+01 2.972627261175147595e+01 3.177726540837271685e+01 1.704650643532027843e+01
1.420576524102117055e+01 3.170058586483944651e+01 1.744235389969109562e+01 2.839784598090729872e+01 3.145176527091492957e+01 1.754426308643510168e+01
1.477746680376112742e+01 3.163401051209464043e+01 1.787213074784921929e+01 2.666763531924441466e+01 3.074451504262369284e+01 1.802697928811940642e+01
1.535630572996330301e+01 3.149597130373381404e+01 1.828003585441758361e+01 2.436476180290960514e+01 2.948012021922167847e+01 1.849301869477764626e+01
1.594097721785449906e+01 3.128799617369660879e+01 1.866515305319530071e+01 2.120145113352966604e+01 2.736658439634723905e+01 1.894057937068248876e+01
1.653006978400229698e+01 3.101155946838527200e+01 1.902651822248253310e+01 1.670664652371451808e+01 2.392890950828393670e+01 1.936769256022847330e+01
1.712210263700044877e+01 3.066807254149698636e+01 1.936309564393761562e+01 1.020589576161133216e+01 1.848896082093152060e+01 1.977221047209894422e+01
1.771558321524761581e+01 3.025917493152409676e+01 1.967375015259523963e+01 1.134386378571865528e+00 1.047813168253715688e+01 2.015174088096302185e+01
1.830887906604464277e+01 2.978556563749700459e+01 1.995718146631315193e+01 9.900448728417645228e+00 5.012750166423458609e-01 2.050385449823589923e+01
1.890052974937725594e+01 2.924889629503818611e+01 2.021195245196375367e+01 2.044117884063684443e+01 8.987810569287990603e+00 2.082565571049014963e+01
1.948881157510799156e+01 2.865001238210713552e+01 2.043618868781497966e+01 2.823608595866541293e+01 1.573987962541162133e+01 2.111427368620458012e+01
2.007217750987055283e+01 2.799021832473101767e+01 2.062789022262204597e+01 3.310704879702186787e+01 1.957997604701622407e+01 2.136631467592954081e+01
2.064894908482083835e+01 2.727066076094461877e+01 2.078461340500006926e+01 3.594779949004043829e+01 2.140477338615794523e+01 2.157810878341734551e+01
2.121734072795826975e+01 2.649247944788423226e+01 2.090339174796208965e+01 3.757618447659250194e+01 2.203508836585795905e+01 2.174558023579275456e+01
2.177537151555081962e+01 2.565686567660570816e+01 2.098066419776448299e+01 3.849735991422424775e+01 2.197922467666606750e+01 2.186416113414027862e+01
2.232077024042188285e+01 2.476508612253969588e+01 2.101214065506606232e+01 3.899189202784180708e+01 2.152116109758970453e+01 2.192868600211746966e+01
2.285083366434923491e+01 2.381851496546494928e+01 2.099268490374992169e+01 3.921317121520797144e+01 2.081809991220019285e+01 2.193330096010819119e+01
2.336225425239962306e+01 2.281867321765568235e+01 2.091615649222306317e+01 3.924594412661567588e+01 1.995926715368454651e+01 2.187120559772178652e+01
2.385072271018851353e+01 2.176720523577180444e+01 3.913766761192493959e+01 2.077512311306855253e+01 1.899718008389671908e+01 2.173486459966955309e+01
2.431078286883675688e+01 2.066597971217959184e+01 3.891406446519319218e+01 2.056088835114617908e+01 1.796401428146402779e+01 2.151530463178257691e+01
2.473527155348480733e+01 1.951711532395275484e+01 3.858761773047758226e+01 2.026328005455494008e+01 1.688030872230333301e+01 2.120231506206249961e+01
2.511427313205803813e+01 1.832274816075284107e+01 3.816156869750338387e+01 1.987019712548976358e+01 1.575953653797370890e+01 2.078417724083832496e+01
2.543461621667469430e+01 1.708541110380276962e+01 3.763154201033353985e+01 1.936797534608337656e+01 1.461101956369819455e+01 2.024754705513097619e+01
2.567796647519264397e+01 1.580777812698202389e+01 3.698560466639705879e+01 1.874105844042608027e+01 1.344132619409026042e+01 1.957742047739606761e+01
2.581860426801314290e+01 1.449270311231101971e+01 3.620290041225748467e+01 1.797230980534234490e+01 1.225523827780339303e+01 1.875732532734470581e+01
2.581992086725250601e+01 1.314321780639977177e+01 3.525075549195938862e+01 1.704339178616026729e+01 1.105633442699189040e+01 1.776968775651641863e+01
2.562900194255468733e+01 1.176248984623433280e+01 3.407962900563238406e+01 1.593570720595973000e+01 9.847350681462652133e+00 1.659672660498170771e+01
2.516844913732777655e+01 1.035390984777915868e+01 3.261511966862735790e+01 1.463183936226976911e+01 8.630523021771985270e+00 1.522181793160438090e+01
2.432453298748505688e+01 8.920643050516183337e+00 3.074654296613579518e+01 1.311761471670328838e+01 7.407346943271202910e+00 1.363174745949487843e+01
2.293163511487292183e+01 7.466241414389465980e+00 2.831107301127470777e+01 1.138515566099164111e+01 6.179299253134317382e+00 1.181940220493832250e+01
2.075804604049387336e+01 5.994191483730639369e+00 2.507986982176882051e+01 9.436174183715278829e+00 4.947507702786690942e+00 9.787277621259379501e+00
1.751267604059304261e+01 4.508008820004325123e+00 2.076475625310848727e+01 7.285413290281375964e+00 3.712918306021412818e+00 7.550852510053841726e+00
1.292134003376546225e+01 3.011221870335242468e+00 1.509451423911157875e+01 4.963011553395773490e+00 2.476339497860771122e+00 5.140950191388817814e+00
6.933793704779604994e+00 1.507369325834382767e+00 8.021936484935960010e+00 2.514735067666096668e+00 1.238481771740512327e+00 2.604000243267389880e+00
1.037881577224796645e-06 6.221921465722185298e-06 6.337747944581226984e-06 4.242013726716385767e-07 3.686689155254826413e-06 3.660879322406318871e-06
1.037881577224796645e-06 6.221921465722185298e-06 6.337747944581226984e-06 4.242013726716385767e-07 3.686689155254826413e-06 3.660879322406318871e-06
9.714575498901103501e-01 2.657388709322892595e+01 2.547720971288960357e+01 2.439889989924373670e-01 1.997057533312201372e+01 1.995773172438954290e+01
1.933870713507110262e+00 2.709836731426388212e+01 2.491041985413784587e+01 4.910429238305014654e-01 1.993431405512427901e+01 1.990825033670054012e+01
2.878355774789846055e+00 2.760277257581828891e+01 2.433472436132861816e+01 7.440986172545762667e-01 1.987023989664539414e+01 1.982975550874006387e+01
3.796671707088951742e+00 2.808409576464253732e+01 2.375230865134969349e+01 1.005587224148640990e+00 1.977852428342865920e+01 1.972213862605399370e+01
4.681376426069512320e+00 2.853915894328144276e+01 2.316508772530578852e+01 1.277315079518418717e+00 1.965946211266969712e+01 1.958539008644607549e+01
5.525994280888997245e+00 2.896475442132026501e+01 2.257467035899232144e+01 1.560343668048324250e+00 1.951332950122503007e+01 1.941962712662573765e+01
6.324684456750665262e+00 2.935768667089419992e+01 2.198237744170489449e+01 1.854645209495070945e+00 1.934036220826108377e+01 1.922516483986737512e+01
7.073970709706392412e+00 2.971482841531811303e+01 2.138913448880360235e+01 2.160200675319268182e+00 1.914081038076055208e+01 1.900230637692539304e+01
7.770222258923123348e+00 3.003306633761543054e+01 2.079567277071917530e+01 2.475384244792464994e+00 1.891488904427926698e+01 1.875166387695517045e+01
8.411207040968758264e+00 3.030934221215944646e+01 2.020240554458093740e+01 2.798139835608453918e+00 1.866283447006302509e+01 1.847396270228099979e+01
8.995576467071499493e+00 3.054067724729490863e+01 1.960953779262892027e+01 3.125811863731627671e+00 1.838490568892416732e+01 1.817005499502134214e+01
9.522437056990282755e+00 3.072398729987084565e+01 1.901710303517505452e+01 3.455129178423062442e+00 1.808136073881047068e+01 1.784097436781914681e+01
9.992385720334169719e+00 3.085668080206666275e+01 1.842491615890061141e+01 3.782852225559793613e+00 1.775266834991937870e+01 1.748771805629404952e+01
1.040557383856805806e+01 3.093573599952635789e+01 1.783278657999925088e+01 4.105092696999462554e+00 1.739924643265421977e+01 1.711149927122477976e+01
1.076274925470614008e+01 3.095832834090535712e+01 1.724057184640653162e+01 4.417943049359128516e+00 1.702161251363806116e+01 1.671364386148608361e+01
1.106484457217149675e+01 3.092162578251628702e+01 1.664776605580048141e+01 4.717541080230577499e+00 1.662049994180848245e+01 1.629518364565941368e+01
1.131282862742673778e+01 3.082281293813861112e+01 1.605427360344978638e+01 5.000006519586237097e+00 1.619666479402773618e+01 1.585745995393275010e+01
1.150763133451944142e+01 3.065906595518043076e+01 1.545993638059141340e+01 5.261620144355779516e+00 1.575101478940371713e+01 1.540168378615812728e+01
1.165006669003903106e+01 3.042758578142878179e+01 1.486468515472343022e+01 5.498860106708908901e+00 1.528456308156479615e+01 1.492902018501586880e+01
1.174078195169389716e+01 3.012559985915496696e+01 1.426854891688998528e+01 5.708456378383847785e+00 1.479842829465185083e+01 1.444056907135447609e+01
1.178023834692277205e+01 2.975041569636097805e+01 1.367164500349451473e+01 5.887430225036974996e+00 1.429380224945849420e+01 1.393736053397622676e+01
1.176870570084101786e+01 2.929942196157260170e+01 1.307417462961187837e+01 6.033124748689110639e+00 1.377194328988436922e+01 1.342034765028257404e+01
1.170628887132515317e+01 2.877018055772487060e+01 1.247639668548557701e+01 6.143229768914774347e+00 1.323413976269285008e+01 1.289041227139398949e+01
1.159296940376670371e+01 2.816045374027924453e+01 1.187860430089158648e+01 6.215795447613971625e+00 1.268168864298387533e+01 1.234837108872720179e+01
1.142865859192205313e+01 2.746827673677412207e+01 1.128110572389395294e+01 6.249241078506297953e+00 1.211587109334876189e+01 1.179497685422642661e+01
1.121322691454574816e+01 2.669203597490664137e+01 1.068417179277572515e+01 6.242049025819780717e+00 1.153792303841168732e+01 1.123095955864915574e+01
1.094675217239866605e+01 2.583052949514790342e+01 1.008804758959690595e+01 6.194026692850276739e+00 1.094901547705546641e+01 1.065697372669510834e+01
1.062932548456081960e+01 2.488304325210756573e+01 9.492887034430655291e+00 6.104390176573071258e+00 1.035023845915293705e+01 1.007369891234624326e+01
1.026128507455586814e+01 2.384939291181033028e+01 8.898781179418433496e+00 5.972810798691299716e+00 9.742336963135333150e+00 9.481796527112413386e+00
9.843340762101279395e+00 2.273009635242496884e+01 8.305703523428105584e+00 5.800036558214689997e+00 9.126691817535276030e+00 8.881901949175606603e+00
9.376461171380498172e+00 2.152625452014130047e+01 7.713558066958633219e+00 5.586475203181165305e+00 8.503857631434948772e+00 8.274685008856165425e+00
8.862024777583940249e+00 2.023970126037260897e+01 7.122158559546827306e+00 5.333121182399580107e+00 7.874534089983842300e+00 7.660809889678044549e+00
8.301828826214816104e+00 1.887306329563453744e+01 6.531259722165115633e+00 5.041322135823188333e+00 7.239318587198367183e+00 7.040943318334764278e+00
7.698053199356052367e+00 1.742958040749477533e+01 5.940575199343970603e+00 4.712766868885225335e+00 6.598775751937873579e+00 6.415747100019355109e+00
7.053318115582133174e+00 1.591338821074691445e+01 5.349791787320213210e+00 4.349485310376419278e+00 5.953378211759406291e+00 5.785882374403120920e+00
6.370621534874731928e+00 1.432930877836571781e+01 4.758614381179594233e+00 3.953833311907338555e+00 5.303575692707887868e+00 5.151984199353531579e+00
5.653318445405250969e+00 1.268288190447671404e+01 4.166791986540786752e+00 3.528482198545741078e+00 4.649794867806212650e+00 4.514657106795447739e+00
4.904916065618881937e+00 1.097997335417329090e+01 3.574211757199027506e+00 3.076375204425284782e+00 3.992411891983147054e+00 3.874570554159639357e+00
4.129686295954247299e+00 9.228044425171050946e+00 2.980583042451242726e+00 2.600811351096166124e+00 3.331968802368435956e+00 3.232064875717450381e+00
3.331641614362195192e+00 7.434130739256086251e+00 2.385955898322478230e+00 2.105261133447171584e+00 2.668867203731812410e+00 2.587717088327563086e+00
2.514836996114594658e+00 5.605926097466618963e+00 1.790410739214782998e+00 1.593397593294585635e+00 2.003582155949221288e+00 1.941955809764610796e+00
1.684363059245514771e+00 3.751864323609934271e+00 1.194082455805736576e+00 1.069210207348558095e+00 1.336657223215802937e+00 1.295180669270059370e+00
8.445295095355318526e-01 1.880326322232863889e+00 5.971890265326474934e-01 5.366988997975932207e-01 6.686112622465449906e-01 6.477509075252182447e-01
1.136090920349954987e-14 1.514598848719980420e-14 9.968217268214238008e-15 6.423642889857651492e-15 6.509694413827508416e-15 9.468187890080430005e-15
