1.071813961519798436e-01 1.442060088012621089e-01 1.504272969938229843e-01 2.329833460583909854e+01 2.329852771675025735e+01 2.329875495598310309e+01
1.695077666733264821e-01 3.142334363580361334e-01 3.311557838470974846e-01 2.329755613074635079e+01 2.329963741770163921e+01 2.331413860393857718e+01
3.781896448550973733e-01 5.459751051929507826e-01 5.848682663786178848e-01 2.329651741403120013e+01 2.330060170345915793e+01 2.336106077408453174e+01
6.011875601707126204e-01 7.644544106276349726e-01 8.633454199062977619e-01 2.329547046903136120e+01 2.330146160987475312e+01 2.343834907849814542e+01
8.273081363027264823e-01 9.820232478412092014e-01 1.144257122511336267e+00 2.329440164496337573e+01 2.330214344571244567e+01 2.354466215908357896e+01
1.054397750252130006e+00 1.198056454610384236e+00 1.425836157118464342e+00 2.329328446110620021e+01 2.330256154290873738e+01 2.367818660015576526e+01
1.281541363454870686e+00 1.412339340861447301e+00 1.707450906121941392e+00 2.329208499920830633e+01 2.330262261915974875e+01 2.383669541722110807e+01
1.508165044483050998e+00 1.624861369586902970e+00 1.988791481658459093e+00 2.329076566060924236e+01 2.330223268935781888e+01 2.401761687145846835e+01
1.733845783216631631e+00 1.835728770633773044e+00 2.269676286013301070e+00 2.328928835508364159e+01 2.330130477023402236e+01 2.421810941620890389e+01
1.958259109297201039e+00 2.045120758266102179e+00 2.549988115772724662e+00 2.328761713786360943e+01 2.329976643677545312e+01 2.443513890698443447e+01
2.181162349608424922e+00 2.253259701942249116e+00 2.829648537199812797e+00 2.328572025635181220e+01 2.329756640740978568e+01 2.466555462219991313e+01
2.402387410433522774e+00 2.460386524191740421e+00 3.108605849577916302e+00 2.328357158198223331e+01 2.329467947466150690e+01 2.490616124761698202e+01
2.621834787877015405e+00 2.666739106308736673e+00 3.386828421949521495e+00 2.328115141921420772e+01 2.329110929746082448e+01 2.515378467907203941e+01
2.839465807250154405e+00 2.872533757605358229e+00 3.664300260669797193e+00 2.327844669159968660e+01 2.328688881868578520e+01 2.540533020451840684e+01
3.055291733763422002e+00 3.077950881323910703e+00 3.941017491158010699e+00 2.327545046962035968e+01 2.328207837664691482e+01 2.565783226977913145e+01
3.269357354305763685e+00 3.283128023765909731e+00 4.216985182003439192e+00 2.327216050948157644e+01 2.327676213392445703e+01 2.590849557163685191e+01
3.481699420973334291e+00 3.488180991908109263e+00 4.492214278263539917e+00 2.326857364945080420e+01 2.327104649462492603e+01 2.615472764030193886e+01
3.691752172694040102e+00 3.693781833423024796e+00 4.766718580385655102e+00 2.326456528878103569e+01 2.326517197396426795e+01 2.639416337273619817e+01
3.897203205728407838e+00 3.902291163202275648e+00 5.040511796429120395e+00 2.325871948438265235e+01 2.326067377737708952e+01 2.662468217239076651e+01
4.101600079629855067e+00 4.110144853077980720e+00 5.313604745156826681e+00 2.325243126235232083e+01 2.325627031255690014e+01 2.684441845902830792e+01
4.305528091808636049e+00 4.316674670313818574e+00 5.586002811856177530e+00 2.324613209244864365e+01 2.325162945960596161e+01 2.705176635504049898e+01
4.508882691745728977e+00 4.521839041987606223e+00 5.857703764667914648e+00 2.323990396788114410e+01 2.324674781464726792e+01 2.724537935098011587e+01
4.711507490692862454e+00 4.725592316371527879e+00 6.128696030584986687e+00 2.323379691154335802e+01 2.324162857306049901e+01 2.742416571866230157e+01
4.913230220011482352e+00 4.927859248412390869e+00 6.398957509941192612e+00 2.322783441955196082e+01 2.323627382182969470e+01 2.758728038733885413e+01
5.113872226212325955e+00 5.128538045027871028e+00 6.668454978891605656e+00 2.322201453034893248e+01 2.323068361092027345e+01 2.773411393592186514e+01
5.313252753382490035e+00 5.327509583545790406e+00 6.937144094111740600e+00 2.321631206041203654e+01 2.322485610533475864e+01 2.786427928803200160e+01
5.511191440498381056e+00 5.524648274633818801e+00 7.204969976042826296e+00 2.321068232232837047e+01 2.321878815627806603e+01 2.797759663064419655e+01
5.707510456810618749e+00 5.719832164858625667e+00 7.471868309914554196e+00 2.320506603070599638e+01 2.321247609514241361e+01 2.807407701366733832e+01
5.902036948880304834e+00 5.912950811375218052e+00 7.737766870780923512e+00 2.319939493152941523e+01 2.320591663365132007e+01 2.815390502833342623e+01
6.094605893988979339e+00 6.103910275006426467e+00 8.002587352767049467e+00 2.319359762907733824e+01 2.319910778457208878e+01 2.821742090760650612e+01
6.285063023413586691e+00 6.292635267560915402e+00 8.266247365820362347e+00 2.318760506997007909e+01 2.319204976010187025e+01 2.826510234248147668e+01
6.473267147677379540e+00 6.479069078394904757e+00 8.528662456817844628e+00 2.318135512209610383e+01 2.318474590654745526e+01 2.829754626436177034e+01
6.659090561971257038e+00 6.663172794134763599e+00 8.789748016244727680e+00 2.317479549007836326e+01 2.317720404963579739e+01 2.831545080592239216e+01
6.842412678812960003e+00 6.844929050434846118e+00 9.049420946260134713e+00 2.316788308262256280e+01 2.316943989603760912e+01 2.831959762108374434e+01
7.023073348837637120e+00 7.024384380275741080e+00 9.307600989315469420e+00 2.316057222687317108e+01 2.316149001117445394e+01 2.831083471888149816e+01
7.200689571365646025e+00 7.201827060574309769e+00 9.564211646439876091e+00 2.315278262443840518e+01 2.315344354196056642e+01 2.829005994583940264e+01
7.375305032423175255e+00 7.377131638680490155e+00 9.819180648174382853e+00 2.314452121644023919e+01 2.314531870880488995e+01 2.825820523638506643e+01
7.547318390618831252e+00 7.549824796433489027e+00 1.007243997601952401e+01 2.313596919208318070e+01 2.313697312223849778e+01 2.821622174007324801e+01
7.716785408430415494e+00 7.719777944248948920e+00 1.032392546525775323e+01 2.312722323578140049e+01 2.312835918038823380e+01 2.816506592679438725e+01
7.883678046425544927e+00 7.886943796452258404e+00 1.057357604850169075e+01 2.311832157596001736e+01 2.311949435769063754e+01 2.810568676545063838e+01
8.047947244194636696e+00 8.051290433758468978e+00 1.082133272115909328e+01 2.310928819359645559e+01 2.311041338506705500e+01 2.803901406634793858e+01
8.209533209299944900e+00 8.212789119991786180e+00 1.106713732373874670e+01 2.310014244250370652e+01 2.310115538038968808e+01 2.796594807135551264e+01
8.368369064854132233e+00 8.371409981317381011e+00 1.131093124085366419e+01 2.309090101156089148e+01 2.309175923810735043e+01 2.788735036742946960e+01
8.524383382004172560e+00 8.527119874038204372e+00 1.155265411304301182e+01 2.308157799596421711e+01 2.308226166359309062e+01 2.780403618735700988e+01
8.677502412761343820e+00 8.679881401698962051e+00 1.179224264602416028e+01 2.307218373046282167e+01 2.307269726089394624e+01 2.771676814590552951e+01
8.827652043588457786e+00 8.829652794937175031e+00 1.202962958425653639e+01 2.306272138154549367e+01 2.306310165259974454e+01 2.762625143977842157e+01
8.974759318851196710e+00 8.976388529723445586e+00 1.226474289375391713e+01 2.305318451592353313e+01 2.305351431728556122e+01 2.753313051620697749e+01
9.118753335522139736e+00 9.120040627476722506e+00 1.249750517519449211e+01 2.304357974025415956e+01 2.304395689841371109e+01 2.743798718845694040e+01
9.259565306217456992e+00 9.260560627597703487e+00 1.272783330479688679e+01 2.303394325385318808e+01 2.303441795993632368e+01 2.734134014822368286e+01
9.397127925090698497e+00 9.397901942773573936e+00 1.295563827922289768e+01 2.302430724484696967e+01 2.302488806594724124e+01 2.724364579636328898e+01
9.531376305692038642e+00 9.532020235993414303e+00 1.318082522355129882e+01 2.301469174950732821e+01 2.301536938396891685e+01 2.714530028632976766e+01
9.662256038214849241e+00 9.662866241016971003e+00 1.340329350926546503e+01 2.300511178946871027e+01 2.300586984485580189e+01 2.704664265072456431e+01
9.789731705715396970e+00 9.790377708356308162e+00 1.362293692270201895e+01 2.299558119061872574e+01 2.299640034316294290e+01 2.694795886198116008e+01
9.913777254102678071e+00 9.914489142915954289e+00 1.383964382344464106e+01 2.298611404650043966e+01 2.298697394855395260e+01 2.684948666454805277e+01
1.003436347742080592e+01 1.003514415653242509e+01 1.405329723610911330e+01 2.297672524155206020e+01 2.297760569225307137e+01 2.675142100869922146e+01
1.015145704541771288e+01 1.015229610150318429e+01 1.426377482686909381e+01 2.296743055924060428e+01 2.296831242394839734e+01 2.665391991549997641e+01
1.026502318904557320e+01 1.026590495727593932e+01 1.447094872668032828e+01 2.295824658726920831e+01 2.295911258005126498e+01 2.655711060819375646e+01
1.037502741878307688e+01 1.037593516772801827e+01 1.467468517518394577e+01 2.294919052605743204e+01 2.295002583202217394e+01 2.646109575659979640e+01
1.048143625772578424e+01 1.048235449785391715e+01 1.487484397149745519e+01 2.294027995962134980e+01 2.294107264082097686e+01 2.636595969690252517e+01
1.058421752820696327e+01 1.058513339854978597e+01 1.507127772956418532e+01 2.293153261861766978e+01 2.293227377226499186e+01 2.627177450809223913e+01
1.068334049484028547e+01 1.068424458283207557e+01 1.526383094577767530e+01 2.292296614308496672e+01 2.292364984053550003e+01 2.617860584676883562e+01
1.077877599256045116e+01 1.077966267491476238e+01 1.545233889496666002e+01 2.291459783673039752e+01 2.291522094639440610e+01 2.608651846252864104e+01
1.087049657872875841e+01 1.087136387351403322e+01 1.563662637764666385e+01 2.290644439926393616e+01 2.290700646198427037e+01 2.599558133527860093e+01
1.095847669597564611e+01 1.095932562060289861e+01 1.581650634719214210e+01 2.289852163439550736e+01 2.289902498216082805e+01 2.590587239230225336e+01
1.104269279520984171e+01 1.104352630770314292e+01 1.599177845102717299e+01 2.289084416890576534e+01 2.289129440546243899e+01 2.581748277568717498e+01
1.112312335197286828e+01 1.112394507606613381e+01 1.616222752600312518e+01 2.288342530244537087e+01 2.288383200823335173e+01 2.573052063900308539e+01
1.119974873175948460e+01 1.120056175471892956e+01 1.632762209581931501e+01 2.287627723814964753e+01 2.287665423452484958e+01 2.564511445532472678e+01
1.127255091889970728e+01 1.127335693108027215e+01 1.648771292855287030e+01 2.286941193285722562e+01 2.286977593055331326e+01 2.556141581650301475e+01
1.134151318214294335e+01 1.134231209750730507e+01 1.664223172576783583e+01 2.286284222602857596e+01 2.286320933205229622e+01 2.547960169593829960e+01
1.140661976757601259e+01 1.140740980286530970e+01 1.679089003155603876e+01 2.285658217039599549e+01 2.285696385294803434e+01 2.539987613425497059e+01
1.146785568143533496e+01 1.146863376488431996e+01 1.693337846994702645e+01 2.285064616151356276e+01 2.285104705659678714e+01 2.532247128987113172e+01
1.152520657925447090e+01 1.152596893943088396e+01 1.706936644137905290e+01 2.284504778312561868e+01 2.284546587954539376e+01 2.524764777574057462e+01
1.157865874108152582e+01 1.157940157049306151e+01 1.719850243135653400e+01 2.283979911808541274e+01 2.284022735358986012e+01 2.517569418152413974e+01
1.162819909656546180e+01 1.162891924996839776e+01 1.732041510388814842e+01 2.283491047199007795e+01 2.283533888208623708e+01 2.510692566018449767e+01
1.167381526924952162e+01 1.167451100049890123e+01 1.743471536434573466e+01 2.283039024174127718e+01 2.283080834717314644e+01 2.504168144376731675e+01
1.171549563439719144e+01 1.171616736155029770e+01 1.754099957529463083e+01 2.282624478994674888e+01 2.282664419925814059e+01 2.498032115053079849e+01
1.175322942385596292e+01 1.175388041545231310e+01 1.763885408792896570e+01 2.282247833230334777e+01 2.282285553483994534e+01 2.492321976124843275e+01
1.178700694556387951e+01 1.178764365638016542e+01 1.772786120416441236e+01 2.281909304459580312e+01 2.281945196795746256e+01 2.487076118339817299e+01
1.181681996680661406e+01 1.181745162889611578e+01 1.780760660460458666e+01 2.281608990438544993e+01 2.281644278907791090e+01 2.482333039394593754e+01
1.184266218752444111e+01 1.184329939474294235e+01 1.787768816322941134e+01 2.281347060706922747e+01 2.281383507646980746e+01 2.478130425729258590e+01
1.186452955771493833e+01 1.186518207086519183e+01 1.793772592423908918e+01 2.281123931954814310e+01 2.281163199695593846e+01 2.474504125180416736e+01
1.188242018208477191e+01 1.188309470551428149e+01 1.798737285149483967e+01 2.280940232485782460e+01 2.280983323846597699e+01 2.471487049540916558e+01
1.189633379915720113e+01 1.189703252718584814e+01 1.802632579688183867e+01 2.280796619816048576e+01 2.280843692618623209e+01 2.469108061822513989e+01
1.190627107081041736e+01 1.190699136140985459e+01 1.805433599876314332e+01 2.280693644594625624e+01 2.280744108027607453e+01 2.467390916055820682e+01
1.191223293323282029e+01 1.191296800009999224e+01 1.807121834669808891e+01 2.280631702743829337e+01 2.280684418502542954e+01 2.466353324705470840e+01
1.191422012848242851e+01 1.191496043953710426e+01 1.807685866070659486e+01 2.280611029513953625e+01 2.280664532192242433e+01 2.466006227545801366e+01
1.191422012848242851e+01 1.191496043953710426e+01 1.807685866070659486e+01 2.280611029513953625e+01 2.280664532192242433e+01 2.466006227545801366e+01
1.191337100208759558e+01 1.191862992619177675e+01 1.807508099020013148e+01 2.280372107439120200e+01 2.280581371233348520e+01 2.466239469661458372e+01
1.191058579031308540e+01 1.192985222205411411e+01 1.806975108678187070e+01 2.279501966065522467e+01 2.280491771729390038e+01 2.466933285816356047e+01
1.190592927842350157e+01 1.194849061131405854e+01 1.806087832328389808e+01 2.278072288063637885e+01 2.280343047668246825e+01 2.468070458768724507e+01
1.189940370190906371e+01 1.197442319873232641e+01 1.804847847428067453e+01 2.276112309306860837e+01 2.280135969704328858e+01 2.469623901474747285e+01
1.189100529411116547e+01 1.200748678269880543e+01 1.803257391812727661e+01 2.273659817578598208e+01 2.279871617722443133e+01 2.471558745551947922e+01
1.188072858323852188e+01 1.204747329064440997e+01 1.801319387187630383e+01 2.270758754351234643e+01 2.279551325818001573e+01 2.473834726675645612e+01
1.186856694618252028e+01 1.209413036193736524e+01 1.799037462665786791e+01 2.267456838007419151e+01 2.279176651343156834e+01 2.476408530021294041e+01
1.185451280798357665e+01 1.214716274967845067e+01 1.796415975922218067e+01 2.263803487038710927e+01 2.278749350929059858e+01 2.479235846995758052e+01
1.183855777903723627e+01 1.220623425414067142e+01 1.793460030953729500e+01 2.259848185749334704e+01 2.278271365516049940e+01 2.482273008811242931e+01
1.182069277737413060e+01 1.227097007836430897e+01 1.790175493071748392e+01 2.255639328748677741e+01 2.277744815624962627e+01 2.485478165222312796e+01
1.180090814762747797e+01 1.234095946811567934e+01 1.786569003175954151e+01 2.251223505621917198e+01 2.277172006197754683e+01 2.488812048274431987e+01
1.177919377982231275e+01 1.241575845989166993e+01 1.782647994199991714e+01 2.246645146083287869e+01 2.276555438516653140e+01 2.492238398407508981e+01
1.175553922639613269e+01 1.249489254573446217e+01 1.778420712711946550e+01 2.241946432027926051e+01 2.275897825404678798e+01 2.495724140775937627e+01
1.172993381119163558e+01 1.257785908038382061e+01 1.773896248049367941e+01 2.237167386744261677e+01 2.275202105343004888e+01 2.499239393159163924e+01
1.170236671978999432e+01 1.266412930206775656e+01 1.769084570345913576e+01 2.232346064836677257e+01 2.274471451369911179e+01 2.502757372067529573e+01
1.167282705777129337e+01 1.275314990326005926e+01 1.763996577768620710e+01 2.227518783384952883e+01 2.273709271552954903e+01 2.506254246610065906e+01
1.164130386368002945e+01 1.284434415833335308e+01 1.758644152634534308e+01 2.222720352117468323e+01 2.272919199233189147e+01 2.509708973824644218e+01
1.160778606751757991e+01 1.293711267718099300e+01 1.753040226071670205e+01 2.217984276066989224e+01 2.272105072845692675e+01 2.513103136065778997e+01
1.157226239349192554e+01 1.303083389672677761e+01 1.747198851532726138e+01 2.213342917347373273e+01 2.271270906638902076e+01 2.516420791168069471e+01
1.153472121654140814e+01 1.312486444084621695e+01 1.741135288447630103e+01 2.208827612785113459e+01 2.270420854807995426e+01 2.519648339316518815e+01
1.149515039393336480e+01 1.321853947583737998e+01 1.734866098012572522e+01 2.204468750824268142e+01 2.269559172270555436e+01 2.522774406423578242e+01
1.145353710362051913e+01 1.331117317228447128e+01 1.728409252769984761e+01 2.200295814266229044e+01 2.268690175491196470e+01 2.525789741763255947e+01
1.140986772757067413e+01 1.340205936886503224e+01 1.721784259414721063e+01 2.196337395159343231e+01 2.267818206445172180e+01 2.528687127016297254e+01
1.136412781903220726e+01 1.349047253496122778e+01 1.715012289489211028e+01 2.192621185046765575e+01 2.266947602110332127e+01 2.531461294117141492e+01
1.131630218665807064e+01 1.357566916039843896e+01 1.708116304933789209e+01 2.189173938760510651e+01 2.266082670941794674e+01 2.534108849814294118e+01
1.126637511580778295e+01 1.365688977014385941e+01 1.701121154905141708e+01 2.186021404334910301e+01 2.265227676767165121e+01 2.536628205251951584e+01
1.121433072963221100e+01 1.373336186850003315e+01 1.694053607474323186e+01 2.183188206947945176e+01 2.264386829572519133e+01 2.539019508938920211e+01
1.116015347219888909e+01 1.380430424924603550e+01 1.686942266034562365e+01 2.180697672610583027e+01 2.263564281825096103e+01 2.541284581199844439e+01
1.110382867601707524e+01 1.386893324026708285e+01 1.679817307604262666e+01 2.178571578819685328e+01 2.262764128360783999e+01 2.543426847811687352e+01
1.110369118658833543e+01 1.386852152177315389e+01 1.679873147629346164e+01 2.178554752809566608e+01 2.262773509905823843e+01 2.543463581247969429e+01
1.104718112626019177e+01 1.392426002739915702e+01 1.673001687434036100e+01 2.176865464221555158e+01 2.262022501216528880e+01 2.545421146145014291e+01
1.098865380104840916e+01 1.397268752072469233e+01 1.666174836527295611e+01 2.175552168727760716e+01 2.261299586851543708e+01 2.547273821418344397e+01
1.092810274777965240e+01 1.401314883280783263e+01 1.659420111075104742e+01 2.174628010868454808e+01 2.260608649938482628e+01 2.549028700166956440e+01
1.086552290908614360e+01 1.404503449437981466e+01 1.652762903415565177e+01 2.174103166865488390e+01 2.259953462733479768e+01 2.550694047269944420e+01
1.080091043011638874e+01 1.406779974033700853e+01 1.646224885993973075e+01 2.173984506203344935e+01 2.259337635626875951e+01 2.552279225955071240e+01
1.073426242235959016e+01 1.408098513310802780e+01 1.639822232629712673e+01 2.174275313366758411e+01 2.258764579378875226e+01 2.553794623066131919e+01
1.066557675569758956e+01 1.408423698873707508e+01 1.633563828938163098e+01 2.174975091917819370e+01 2.258237483419410196e+01 2.555251573069305238e+01
1.059485193274004722e+01 1.407732512706181716e+01 1.627449709639458320e+01 2.176079465914168054e+01 2.257759309655425639e+01 2.556662282409812903e+01
1.052208708153092509e+01 1.406015517290559558e+01 1.621469990338257361e+01 2.177580184095593907e+01 2.257332798310919486e+01 2.558039757769108036e+01
1.044728207774248929e+01 1.403277296296016097e+01 1.615604529644314624e+01 2.179465221950850307e+01 2.256960480467120789e+01 2.559397743307266637e+01
1.037043778087537937e+01 1.399535964837291147e+01 1.609823455445233265e+01 2.181718967716779645e+01 2.256644691490586396e+01 2.560750672279317186e+01
1.029155634638390637e+01 1.394821763196865128e+01 1.604088535867631293e+01 2.184322472443583507e+01 2.256387580428063799e+01 2.562113636857853294e+01
1.021064156168747949e+01 1.389174909664370716e+01 1.598355215302913379e+01 2.187253742777226861e+01 2.256191112391537956e+01 2.563502376375872416e+01
1.012769915133431908e+01 1.382643005915116241e+01 1.592575019750790410e+01 2.190488058388437054e+01 2.256057063412274033e+01 2.564933278900346991e+01
1.004273700522756840e+01 1.375278328987498178e+01 1.586697997073507871e+01 2.193998303219157364e+01 2.255987009575393998e+01 2.566423385027709259e+01
9.955765301356070296e+00 1.367135305852278648e+01 1.580674898549502139e+01 2.197755309116313427e+01 2.255982313884726764e+01 2.567990377477974562e+01
9.866796516511286086e+00 1.358268375615176637e+01 1.574458902918647141e+01 2.201728219541999110e+01 2.256044114875904683e+01 2.569652537043311469e+01
9.775845339751926488e+00 1.348730337166159465e+01 1.568006796440364070e+01 2.205884887362545044e+01 2.256173320397306625e+01 2.571428646105255211e+01
9.682928518969909248e+00 1.338571187154933284e+01 1.561279621505402204e+01 2.210192322199408821e+01 2.256370608409866918e+01 2.573337826071168521e+01
9.588064677412210912e+00 1.327837390569269971e+01 1.554242875311255823e+01 2.214617198442997648e+01 2.256636434549003312e+01 2.575399304598357020e+01
9.491274133368779786e+00 1.316571495980702622e+01 1.546866375905926283e+01 2.219126425056055041e+01 2.256971044098984436e+01 2.577632121222029582e+01
9.392578744017241021e+00 1.304812003143548615e+01 1.539123920841484860e+01 2.223687764333634931e+01 2.257374484493073652e+01 2.580054793830337800e+01
9.292001777460258793e+00 1.292593402589603890e+01 1.530992852091699596e+01 2.228270471540198017e+01 2.257846613875424069e+01 2.582684980475286807e+01
9.189567800453012580e+00 1.279946326410211377e+01 1.522453617692755756e+01 2.232845914098554019e+01 2.258387101818008347e+01 2.585539178216341938e+01
9.085302558379252602e+00 1.266897770093637376e+01 1.513489391958794705e+01 2.237388120954570780e+01 2.258995419895429890e+01 2.588632500485869414e+01
8.979232822523769642e+00 1.253471363008776862e+01 1.504085786595574525e+01 2.241874212258504073e+01 2.259670822162142301e+01 2.591978565442193627e+01
8.871386189042000936e+00 1.239687677733743598e+01 1.494230657852620148e+01 2.246284667526307288e+01 2.260412318169174739e+01 2.595589510274380984e+01
8.761790832733485246e+00 1.225564575145683222e+01 1.483913992475565635e+01 2.250603406153546615e+01 2.261218643460943412e+01 2.599476122746067830e+01
8.650475242524509056e+00 1.211117583244762308e+01 1.473127839472422096e+01 2.254817675049775616e+01 2.262088234034632706e+01 2.603648055449624010e+01
8.537467988275324160e+00 1.196360304066489633e+01 1.461866246743708864e+01 2.258917760423680221e+01 2.263019211862291513e+01 2.608114065350024546e+01
8.422797583431341550e+00 1.181304836312712325e+01 1.450125161794049511e+01 2.262896555086745565e+01 2.264009393444695917e+01 2.612882206271421737e+01
8.306492509465348562e+00 1.165962193474528164e+01 1.437902263472385300e+01 2.265056252443508455e+01 2.266749105757451588e+01 2.617959898902025273e+01
8.188581452899262203e+00 1.150342690369972587e+01 1.425196705494242622e+01 2.266157126433798297e+01 2.270471909163742552e+01 2.623353813449445582e+01
8.069093774436010946e+00 1.134456267196492441e+01 1.412008770123584966e+01 2.267309069309367331e+01 2.274062608620500825e+01 2.629069523446024093e+01
7.948060186749594358e+00 1.118312720989431952e+01 1.398339449072810403e+01 2.268509069048958082e+01 2.277519411656452064e+01 2.635110921976952625e+01
7.825513570471235525e+00 1.101921820645612371e+01 1.384189985518576904e+01 2.269754090737685104e+01 2.280840791766861742e+01 2.641479428349288483e+01
7.701489816411559275e+00 1.085293293336717291e+01 1.369561423484452334e+01 2.271041162838743332e+01 2.284025261074699387e+01 2.648173047433358818e+01
7.576028555473313553e+00 1.068436686088438847e+01 1.354454216692083968e+01 2.272367450041078385e+01 2.287071259631813192e+01 2.655185369223912062e+01
7.449173633071015210e+00 1.051361124452587426e+01 1.338867947229508459e+01 2.273730306879967955e+01 2.289977145483004861e+01 2.662504607602052431e+01
7.320973205121421579e+00 1.034075007728862694e+01 1.322801195011408737e+01 2.275127305708766912e+01 2.292741265643845239e+01 2.670112772286685399e+01
7.191479375689812770e+00 1.016585693937968493e+01 1.306251583087613000e+01 2.276556234684968061e+01 2.295362087226925141e+01 2.677985047076392888e+01
7.060747355315571738e+00 9.988992347403879535e+00 1.289216003407529776e+01 2.278015063976695842e+01 2.297838370575411915e+01 2.686089414335871339e+01
6.928834183680679715e+00 9.810202185467115754e+00 1.271691005315536316e+01 2.279501881096862803e+01 2.300169370143849434e+01 2.694386526384618108e+01
6.795797119369065165e+00 9.629517683121417093e+00 1.253673307714922025e+01 2.281014798987728298e+01 2.302355051533617569e+01 2.702829786393544964e+01
6.661691843205417740e+00 9.446957197717454235e+00 1.235160378189981856e+01 2.282551843117657597e+01 2.304396312799333657e+01 2.711365571792615015e+01
6.526570643949674455e+00 9.262529787265785686e+00 1.216151010586733960e+01 2.284110826331355781e+01 2.306295194483407940e+01 2.719933517645169729e+01
6.390480754709538580e+00 9.076240264513396383e+00 1.196645828067985562e+01 2.285689222397468257e+01 2.308055056924574089e+01 2.728466778918018676e+01
6.253462988862830585e+00 8.888095151665929450e+00 1.176647642161117702e+01 2.287284050946618663e+01 2.309680697567675267e+01 2.736892208924192715e+01
6.115550792555688453e+00 8.698108755156926719e+00 1.156161609812177993e+01 2.288891787546624812e+01 2.311178378181022453e+01 2.745130423304146206e+01
5.976769795231557048e+00 8.506308488241595356e+00 1.135195149385337743e+01 2.290508312734020535e+01 2.312555734672243091e+01 2.753095759261844222e+01
5.837137907319039698e+00 8.312738606243538442e+00 1.113757601814155329e+01 2.292128912625648240e+01 2.313821552086725575e+01 2.760696181546854078e+01
5.696665989364631422e+00 8.117461685211170064e+00 1.091859653016666876e+01 2.293748341045393602e+01 2.314985404208000119e+01 2.767833222828674522e+01
5.555359100016879381e+00 7.920557450851164916e+00 1.069512565721945663e+01 2.295360948818299462e+01 2.316057178939843553e+01 2.774402070519741415e+01
5.413218318487214020e+00 7.722118917735406818e+00 1.046727299550497214e+01 2.296960880084246526e+01 2.317046533715290835e+01 2.780291920498300229e+01
5.270243125586866917e+00 7.522246187065228185e+00 1.023513623180596888e+01 2.298542328458091788e+01 2.317962344976365685e+01 2.785386708757123841e+01
5.126434310955113816e+00 7.321038628938750570e+00 9.998793369351812288e+00 2.300099838132616981e+01 2.318812227689315364e+01 2.789566305626157927e+01
4.981797348282146487e+00 7.118586495152751326e+00 9.758297238608070856e+00 2.301628627326978460e+01 2.319602201261621133e+01 2.792708217214252286e+01
4.836346142132025960e+00 6.914963224144977438e+00 9.513673297734497325e+00 2.303124904754048430e+01 2.320336565300199183e+01 2.794689790301479704e+01
4.690106997496966024e+00 6.710219765769912748e+00 9.264921380746159230e+00 2.304586145054760493e+01 2.321018022962482874e+01 2.795390866375368333e+01
4.543122595619768056e+00 6.504382132413295103e+00 9.012021570465986287e+00 2.306011287451756431e+01 2.321648054239019032e+01 2.794696784285222435e+01
4.395455677892915247e+00 6.297453053702549930e+00 8.754943825274548175e+00 2.307400824054449728e+01 2.322227501485350842e+01 2.792501594824764766e+01
4.247192048477564263e+00 6.089418083525788283e+00 8.493660458248788458e+00 2.308756750787319589e+01 2.322757291293957849e+01 2.788711328762881791e+01
4.098442416823126599e+00 5.880255829230546460e+00 8.228160137987428513e+00 2.310082364787431430e+01 2.323239186984622151e+01 2.783247154847525806e+01
3.949342533092357499e+00 5.669951235695219083e+00 7.958461815182355181e+00 2.311381906707502765e+01 2.323676450297849883e+01 2.776048276409154525e+01
3.800051050324477764e+00 5.458510186618402926e+00 7.684626907613031577e+00 2.312660063452545245e+01 2.324074293087267407e+01 2.767074442594932648e+01
3.650744608798794921e+00 5.245973217523145493e+00 7.406768193674468925e+00 2.313921364733282005e+01 2.324440021093704445e+01 2.756307989341014419e+01
3.501609808586470418e+00 5.032425984661411889e+00 7.125054140300936645e+00 2.315169523321925737e+01 2.324782810501471175e+01 2.743755370912215241e+01
3.352832029918891177e+00 4.818004364463485345e+00 6.839707785548786667e+00 2.316406781774001900e+01 2.325113109379141818e+01 2.729448189374828004e+01
3.204581468302662106e+00 4.602892659484017379e+00 6.550999776222120374e+00 2.317633335504812209e+01 2.325441713441492197e+01 2.713443770757250917e+01
3.056997232834723022e+00 4.387314272059837705e+00 6.259235708507063123e+00 2.318846901833633822e+01 2.325778620513465356e+01 2.695825367490594715e+01
2.910170842594046903e+00 4.171515229350989173e+00 5.964738526113287698e+00 2.320042496090258766e+01 2.326131811947163897e+01 2.676702082794655624e+01
2.764130856421367799e+00 3.955741931276887335e+00 5.667827379817865108e+00 2.321212459306999421e+01 2.326506134289925143e+01 2.656208611455863888e+01
2.618830590229527910e+00 3.740215292581229090e+00 5.368794998090110404e+00 2.322346758696260594e+01 2.326902455236559319e+01 2.634504872398804665e+01
2.474140835634532465e+00 3.525103964668445222e+00 5.067886167283035093e+00 2.323433554345732688e+01 2.327317242225740301e+01 2.611775573124514338e+01
2.329849158515274965e+00 3.310499529539820518e+00 4.765280234375065760e+00 2.324459996394564243e+01 2.327742661945018909e+01 2.588229697978007948e+01
2.185666749676326237e+00 3.096396499042053385e+00 4.461080474423097186e+00 2.325413189773067302e+01 2.328167230587455450e+01 2.564099856487408147e+01
2.041243008720772245e+00 2.882679696010688186e+00 4.155312599115473127e+00 2.326281241682367451e+01 2.328576967435454037e+01 2.539641371149371096e+01
1.896187203121163511e+00 2.669121184188140372e+00 3.847933617365433712e+00 2.327054293112646732e+01 2.328956929688247968e+01 2.515130933345599828e+01
1.750095817621331484e+00 2.455388335079180084e+00 3.538850839975852036e+00 2.327725431715406401e+01 2.329292945972691342e+01 2.490864619309727956e+01
1.602583751101082976e+00 2.241063797658678691e+00 3.227949350475989299e+00 2.328291390020735463e+01 2.329573329426066053e+01 2.467155042904300899e+01
1.453317473187988984e+00 2.025676984520898394e+00 2.915125163752382953e+00 2.328752949940001216e+01 2.329790344848970918e+01 2.444327435415642924e+01
1.302048795040852136e+00 1.808745176203132354e+00 2.600321055211441301e+00 2.329115000284355830e+01 2.329941229842720674e+01 2.422714490095728834e+01
1.148649403091815069e+00 1.589820549789763060e+00 2.283563271847734999e+00 2.329386226336097820e+01 2.330028623881647221e+01 2.402649893521693159e+01
9.931498058424790276e-01 1.368537534787285237e+00 1.965001120698918857e+00 2.329578446264233094e+01 2.330060334530002919e+01 2.384460585551920175e+01
8.357952653515124952e-01 1.144653183139448638e+00 1.644960790593938738e+00 2.329705644748040072e+01 2.330048456155230241e+01 2.368457937543464453e+01
6.771579869730159906e-01 9.180729750329577055e-01 1.324050290563242305e+00 2.329782785646319709e+01 2.330007941802138660e+01 2.354928200581817066e+01
5.184423305345039479e-01 6.888675045613850134e-01 1.003437583119027421e+00 2.329824508729871013e+01 2.329954801974771783e+01 2.344122731410654836e+01
3.625761380947765677e-01 4.574565159216900101e-01 6.857869017986367721e-01 2.329843822424247790e+01 2.329904155900210583e+01 2.336248632126388713e+01
2.188473999447226037e-01 2.290232467176652464e-01 3.794802003076236385e-01 2.329850824529151154e+01 2.329868378481334901e+01 2.331460589083899393e+01
1.071813961519798436e-01 1.442060088012621089e-01 1.504272969938229843e-01 2.329833460583909854e+01 2.329852771675025735e+01 2.329875495598310309e+01
1.071813961519798436e-01 1.442060088012621089e-01 1.504272969938229843e-01 2.329833460583909854e+01 2.329852771675025735e+01 2.329875495598310309e+01
1.882014984195762297e-01 2.559592254820806656e-01 3.837518608318681301e-01 2.329837259548082429e+01 2.329905488819552772e+01 2.331455256192618464e+01
3.807431202542594928e-01 4.391592397345829291e-01 6.980808411368375488e-01 2.329884968052460792e+01 2.330008011116082400e+01 2.336168989694516185e+01
5.770516246371751867e-01 6.275529484019145565e-01 1.024965985209171482e+00 2.329966771085897648e+01 2.330129921047026187e+01 2.343925599989167452e+01
7.705846071244712991e-01 8.126520673243320392e-01 1.355720691643947484e+00 2.330054153449150789e+01 2.330237124530053805e+01 2.354579296194954807e+01
9.594468536551624682e-01 9.923783147493336898e-01 1.687875669351416974e+00 2.330110945722370985e+01 2.330291632228857424e+01 2.367933099182518220e+01
1.142682913809637046e+00 1.166232434651599315e+00 2.020364052512872988e+00 2.330098921661790357e+01 2.330256879771351208e+01 2.383745438282200979e+01
1.319950148584088767e+00 1.334527546841743462e+00 2.352565645865742461e+00 2.329983395586172890e+01 2.330102951042739079e+01 2.401737950438214497e+01
1.491414890148066608e+00 1.498144875479179738e+00 2.684059606447370960e+00 2.329738161005121810e+01 2.329810738820877702e+01 2.421604026356934725e+01
1.657194057982643187e+00 1.658824873428262459e+00 3.014551134348161909e+00 2.329348973711577031e+01 2.329374520358821954e+01 2.443017634550614403e+01
1.815894358704726708e+00 1.820337751731698983e+00 3.343844210531540906e+00 2.328800843003249099e+01 2.328816871793376819e+01 2.465641977980460453e+01
1.973135257450073565e+00 1.979644840063181865e+00 3.671823403881919301e+00 2.328112062235080160e+01 2.328152792139914240e+01 2.489137600933210592e+01
2.130769962083315150e+00 2.137362698155224283e+00 3.998434783822804484e+00 2.327335523454707911e+01 2.327382916003660895e+01 2.513169655831886118e+01
2.289702997671763551e+00 2.294666231980320159e+00 4.323665371184258532e+00 2.326504737195355332e+01 2.326539351169726544e+01 2.537414146185192720e+01
2.450375275691762500e+00 2.452592935096574944e+00 4.647523472930458865e+00 2.325648498924745766e+01 2.325661522782397128e+01 2.561563067043590181e+01
2.611302047348251332e+00 2.613386331897307624e+00 4.970022283011829245e+00 2.324764988095827434e+01 2.324812709041448500e+01 2.585328454687227762e+01
2.771978995452369254e+00 2.777572316828555987e+00 5.291167982145629445e+00 2.323896854360646813e+01 2.323997098216814550e+01 2.608445424058756856e+01
2.934019735235216864e+00 2.942898245468888785e+00 5.610952256170250507e+00 2.323066071356916495e+01 2.323219671951095222e+01 2.630674312563640171e+01
3.097122666588888240e+00 3.108516460882887689e+00 5.929348276877396628e+00 2.322278952338882974e+01 2.322479150438179829e+01 2.651802064349265464e+01
3.260680990789492917e+00 3.273569426766900659e+00 6.246308968131130790e+00 2.321530650704867682e+01 2.321764774877174631e+01 2.671642985722118979e+01
3.423945044233483781e+00 3.437235458352648987e+00 6.561766701865477280e+00 2.320807030195381415e+01 2.321058624392520997e+01 2.690038987233375778e+01
3.586131261099053003e+00 3.598811354162791076e+00 6.875634118894572211e+00 2.320087610568741354e+01 2.320338926233018739e+01 2.706859408057998095e+01
3.746515436778675046e+00 3.757771289633497602e+00 7.187806204974293678e+00 2.319349182558878653e+01 2.319583674264764994e+01 2.722000498758694320e+01
3.904503223395388911e+00 3.913794758627795911e+00 7.498163857271059385e+00 2.318569512034060764e+01 2.318773980763536713e+01 2.735384622161258505e+01
4.059672653438047618e+00 4.066763819791225032e+00 7.806578937839001142e+00 2.317730575790493575e+01 2.317896687158113878e+01 2.746959219503133909e+01
4.211787728953701126e+00 4.216734284051187664e+00 8.112920389524598264e+00 2.316820888607936979e+01 2.316945916334662670e+01 2.756695579446764555e+01
4.360785906782324695e+00 4.363888554492454830e+00 8.417060612268276287e+00 2.315836656901874235e+01 2.315923440735386407e+01 2.764587439665849544e+01
4.506745225403369304e+00 4.508479362713358363e+00 8.718881137689171723e+00 2.314781697019506268e+01 2.314837930996981186e+01 2.770649443520533239e+01
4.649842224162313187e+00 4.650769996690852892e+00 9.018276749915028034e+00 2.313666317051681531e+01 2.313703243713486302e+01 2.774915467625470811e+01
4.790328540056220774e+00 4.790959063927344275e+00 9.315157517256155373e+00 2.312505789774970921e+01 2.312535742778860737e+01 2.777436830518867694e+01
4.928460663929461916e+00 4.929168308259229470e+00 9.609448598419339405e+00 2.311318130021477302e+01 2.311351705786134403e+01 2.778280389359206026e+01
5.064376099258771191e+00 5.065508906045049109e+00 9.901088049650553558e+00 2.310120226948370714e+01 2.310166541092975478e+01 2.777526531869997939e+01
5.198189036351014813e+00 5.199956892703602840e+00 1.019002311369875180e+01 2.308926276974121805e+01 2.308992537658783917e+01 2.775267075402468109e+01
5.329956037997532370e+00 5.332386315480857064e+00 1.047620560008171964e+01 2.307747126038077212e+01 2.307837008286722380e+01 2.771603093856453270e+01
5.459647610044709332e+00 5.462619550387429079e+00 1.075958698704872596e+01 2.306589233247894910e+01 2.306702334678420030e+01 2.766642705042226069e+01
5.587161882130405210e+00 5.590451401528884645e+00 1.104011381826449423e+01 2.305454483119366671e+01 2.305586652310974571e+01 2.760498863622762400e+01
5.712344689621472682e+00 5.715674529863710163e+00 1.131772385568858219e+01 2.304340790559263752e+01 2.304484974761314575e+01 2.753287215198352911e+01
5.835012288236155698e+00 5.838102172639620946e+00 1.159234330022308335e+01 2.303243203416822027e+01 2.303390639571159326e+01 2.745124072589263875e+01
5.954974108963130952e+00 5.957584358803210023e+00 1.186388521734114043e+01 2.302155253006421987e+01 2.302296837274587205e+01 2.736124573926381132e+01
6.072052764416530302e+00 6.074016103882942552e+00 1.213224912511374320e+01 2.301070317469859816e+01 2.301197980422061562e+01 2.726401073153044763e+01
6.186099011999796282e+00 6.187337889350014386e+00 1.239732154229572636e+01 2.299982788492688712e+01 2.300090726972072019e+01 2.716061798037688746e+01
6.296998796479402749e+00 6.297531485055713141e+00 1.265897718058472776e+01 2.298888873977649894e+01 2.298974565426475891e+01 2.705209791393397012e+01
6.404553201073141189e+00 6.404732210894878541e+00 1.291708041580482380e+01 2.297786931491030060e+01 2.297851966276180491e+01 2.693942131426161879e+01
6.508538629100739215e+00 6.509153394297022999e+00 1.317148669071528033e+01 2.296677461638745399e+01 2.296728025154462216e+01 2.682349410530524736e+01
6.609425553438309286e+00 6.610348278587275139e+00 1.342204357489304911e+01 2.295563708784254331e+01 2.295608831077519341e+01 2.670515441022100944e+01
6.707253488283507536e+00 6.708315239905773275e+00 1.366859131153809059e+01 2.294452834053991097e+01 2.294498855788290115e+01 2.658517152217315171e+01
6.802029939561576199e+00 6.803081508880858941e+00 1.391096279128890600e+01 2.293353726969052886e+01 2.293401585502245155e+01 2.646424645126274555e+01
6.893744903778886268e+00 6.894675895366531471e+00 1.414898298804354582e+01 2.292273793879641630e+01 2.292321320239104665e+01 2.634301376614570955e+01
6.982371293546373536e+00 6.983121168269952328e+00 1.438246795899108399e+01 2.291218361253605096e+01 2.291262701799581336e+01 2.622204451460392249e+01
7.067866089915927574e+00 7.068431296544236631e+00 1.461122354738967388e+01 2.290190980432884871e+01 2.290229795164421489e+01 2.610185005921036705e+01
7.150172563093225797e+00 7.150612351459480820e+00 1.483504393564123092e+01 2.289193732410830862e+01 2.289225643366647844e+01 2.598288668970548088e+01
7.229236558134533475e+00 7.229652618812050235e+00 1.505371018465974409e+01 2.288227504100778376e+01 2.288252261833740420e+01 2.586556087379891977e+01
7.305037047028700492e+00 7.305499996033649523e+00 1.526698887031518304e+01 2.287292242691927413e+01 2.287310945787912786e+01 2.575023499482885825e+01
7.377566664616746372e+00 7.378089294810569854e+00 1.547463089438184269e+01 2.286387317429660371e+01 2.286402614203495531e+01 2.563723341462091909e+01
7.446805580045958273e+00 7.447374775717963580e+00 1.567637051025342743e+01 2.285512534760405146e+01 2.285527499560360809e+01 2.552684870648480953e+01
7.512727490031219091e+00 7.513328328325451722e+00 1.587192456707469645e+01 2.284669026677921622e+01 2.284684845257293873e+01 2.541934793086921118e+01
7.575308061525118930e+00 7.575932749324735482e+00 1.606099194567079991e+01 2.283858378617869178e+01 2.283874167877083039e+01 2.531497886744761772e+01
7.634528872357751794e+00 7.635177366717506686e+00 1.624325314334121373e+01 2.283081950741113531e+01 2.283096101182532678e+01 2.521397615547492776e+01
7.690378388844615110e+00 7.691055122529638410e+00 1.641836997049293601e+01 2.282340728844447852e+01 2.282352499801793400e+01 2.511656730873326993e+01
7.742851096714225001e+00 7.743560790184191411e+00 1.658598535646282812e+01 2.281635069655859382e+01 2.281646485140015912e+01 2.502297854621347284e+01
7.791945779858210130e+00 7.792690054161043989e+00 1.674572332554383891e+01 2.280966024174361095e+01 2.280980816245071807e+01 2.493344031032598096e+01
7.837663844247273914e+00 7.838439048165171563e+00 1.689718928983326407e+01 2.280336677116796196e+01 2.280356218441851368e+01 2.484819224179196340e+01
7.880008091752292998e+00 7.880804140830895754e+00 1.703997089676752807e+01 2.279750053632542262e+01 2.279773181206990884e+01 2.476748726979458581e+01
7.918981854827582545e+00 7.919781976166669679e+00 1.717363974297566998e+01 2.279208364764974348e+01 2.279232498998494094e+01 2.469159439152353741e+01
7.954588221877720855e+00 7.955369782625517416e+00 1.729775429735942893e+01 2.278713085412383066e+01 2.278735084196698679e+01 2.462079969053450057e+01
7.986829123521776985e+00 7.987565888706035899e+00 1.741186434486203893e+01 2.278265009061643909e+01 2.278281908073627804e+01 2.455540520179585684e+01
8.015704127974668580e+00 8.016370398351154947e+00 1.751551715929713637e+01 2.277864301653645995e+01 2.277874028332212220e+01 2.449572537855038945e+01
8.041208802812432666e+00 8.041786141463939330e+00 1.760826544554639739e+01 2.277509857012480765e+01 2.277513368691684548e+01 2.444208113691526663e+01
8.063332505743812106e+00 8.063820184814723291e+00 1.768967688103432323e+01 2.277196845857124430e+01 2.277205321287700457e+01 2.439479171467884200e+01
8.082056835064848954e+00 8.082484929631579718e+00 1.775934486806291446e+01 2.276930344845784049e+01 2.276945251101579970e+01 2.435416483621518680e+01
8.097362506916052638e+00 8.097791284801752809e+00 1.781689992059666849e+01 2.276712374625941848e+01 2.276731548684235662e+01 2.432048588087766205e+01
8.109247251807335743e+00 8.109731465408355433e+00 1.786202098396293891e+01 2.276543385686609255e+01 2.276564181377475293e+01 2.429400687387512292e+01
8.117724453758249581e+00 8.118281646722385503e+00 1.789444594233409447e+01 2.276423385794592136e+01 2.276443552924424907e+01 2.427493614205146599e+01
8.122806470927251610e+00 8.123420290083572581e+00 1.791398060774995571e+01 2.276351933532039951e+01 2.276370462828445440e+01 2.426342940921365354e+01
8.124499829642349624e+00 8.125134566493294130e+00 1.792050559118434094e+01 2.276328263881076097e+01 2.276345922376561148e+01 2.425958297017524856e+01
8.124499829642349624e+00 8.125134566493294130e+00 1.792050559118434094e+01 2.276328263881076097e+01 2.276345922376561148e+01 2.425958297017524856e+01
8.127146618340077566e+00 8.131230400369942046e+00 1.791894207345387002e+01 2.276183517162231240e+01 2.276326432711578462e+01 2.426228304181585926e+01
8.134635249815621805e+00 8.149916372387979280e+00 1.791426034374438103e+01 2.275751306959901044e+01 2.276269193792797196e+01 2.427033540483600405e+01
8.147071786708210084e+00 8.180927809798649974e+00 1.790648668958222700e+01 2.275041325540819770e+01 2.276173997100637791e+01 2.428359976547344701e+01
8.164431077738264264e+00 8.224029387133198199e+00 1.789566432267787732e+01 2.274068261881008723e+01 2.276041029731316456e+01 2.430185258667716042e+01
8.186666050775087911e+00 8.278911410701372375e+00 1.788185250813464222e+01 2.272850875455592501e+01 2.275870588201372513e+01 2.432480065115019485e+01
8.213715524887687636e+00 8.345189374543947380e+00 1.786512540387962389e+01 2.271410625172442366e+01 2.275663059052127579e+01 2.435209690866311760e+01
8.245505467562264101e+00 8.422411474403336484e+00 1.784557066358964050e+01 2.269770299367696609e+01 2.275418917646033279e+01 2.438335656844670751e+01
8.281949729926722625e+00 8.510067615754305592e+00 1.782328786477326332e+01 2.267952813829310443e+01 2.275138728837228541e+01 2.441817185276050495e+01
8.322950752039051991e+00 8.607598984744305071e+00 1.779838682801585392e+01 2.265980265739542787e+01 2.274823148028561093e+01 2.445612446341718638e+01
8.368400306705916947e+00 8.714407698407468317e+00 1.777098589378942961e+01 2.263873269671234567e+01 2.274472922317444912e+01 2.449679541645247127e+01
8.418180287181595389e+00 8.829866162384647055e+00 1.774121022010439219e+01 2.261650557099583025e+01 2.274088891605378038e+01 2.453977234703536325e+01
8.472163530533338260e+00 8.953325842897179143e+00 1.770919015832346943e+01 2.259328795534487710e+01 2.273671989577794506e+01 2.458465464534402400e+01
8.530214664927147084e+00 9.084125235724414438e+00 1.767505975649385519e+01 2.256922574265680126e+01 2.273223244465878778e+01 2.463105688325384079e+01
8.592190968295422948e+00 9.221596888138224202e+00 1.763895543044902325e+01 2.254444505512794805e+01 2.272743779501778860e+01 2.467861098350833515e+01
8.657943226047764895e+00 9.365073396095525027e+00 1.760101483348915963e+01 2.251905397373255013e+01 2.272234812978527430e+01 2.472696751779508517e+01
8.727316576157111427e+00 9.513892355238835918e+00 1.756137594635519505e+01 2.249314464590263896e+01 2.271697657827523287e+01 2.477579643478982163e+01
8.800151330880655820e+00 9.667400288741735181e+00 1.752017640098892670e+01 2.246679552535439228e+01 2.271133720630603037e+01 2.482478743602077742e+01
8.876283765457257502e+00 9.824955607556949744e+00 1.747755304457059111e+01 2.244007357804389713e+01 2.270544499990448628e+01 2.487365014701632404e+01
8.955546865281499791e+00 9.985930680066953613e+00 1.743364174473162009e+01 2.241303635111069781e+01 2.269931584192947582e+01 2.492211417682650421e+01
9.037771024233116179e+00 1.014971310006177063e+01 1.738857743269450395e+01 2.238573384807813582e+01 2.269296648107540193e+01 2.496992911980748175e+01
9.122784687991551067e+00 1.031570624625124921e+01 1.734249437830858298e+01 2.235821018606031174e+01 2.268641449286910472e+01 2.501686452695359719e+01
9.210414937247746181e+00 1.048332922509657195e+01 1.729552668935451365e+01 2.233050503228146511e+01 2.267967823244808301e+01 2.506270985708716736e+01
9.300488006705007749e+00 1.065201628344127194e+01 1.724780902681427719e+01 2.230265483064431109e+01 2.267277677910239930e+01 2.510727440816779321e+01
9.392829736606735480e+00 1.082121576986098788e+01 1.719947752771212279e+01 2.227469383671048675e+01 2.266572987276722628e+01 2.515038722365763135e+01
9.487265954218019104e+00 1.099038871527461403e+01 1.715067092720195419e+01 2.224665498308852207e+01 2.265855784286550900e+01 2.519189696661043598e+01
9.583622783189348127e+00 1.115900709542733438e+01 1.710153187127620100e+01 2.221857059819825864e+01 2.265128153010875423e+01 2.523167175373819404e+01
9.681726879026768984e+00 1.132655183156585998e+01 1.705220841013099431e+01 2.219047300066029749e+01 2.264392220206238804e+01 2.526959894232420822e+01
9.781405588950926600e+00 1.149251058218113464e+01 1.700285565895906359e+01 2.216239498981331835e+01 2.263650146346121872e+01 2.530558486394736306e+01
9.882487034217684041e+00 1.165637537944424018e+01 1.695363760660563912e+01 2.213437025055164398e+01 2.262904116241308117e+01 2.533955450021709055e+01
9.984800112458096066e+00 1.181764017051091287e+01 1.690472904160194645e+01 2.210643368810455911e+01 2.262156329374699126e+01 2.537145109688883693e+01
1.008817441672376525e+01 1.197579833820454098e+01 1.685631754764480306e+01 2.207862170574384919e+01 2.261408990083824833e+01 2.540123571373025513e+01
1.019244006663182844e+01 1.213034030011149156e+01 1.680860549421003824e+01 2.205097243583321998e+01 2.260664297727660355e+01 2.542888670830089026e+01
1.029742744520850017e+01 1.228075132263661473e+01 1.676181190987634295e+01 2.202352593219459820e+01 2.259924436972712769e+01 2.545439915238835127e+01
1.040296683261894550e+01 1.242650973996102159e+01 1.671617407321017268e+01 2.199632432950046024e+01 2.259191568327015531e+01 2.547778418024347502e+01
1.050888792479796408e+01 1.256708583942164559e+01 1.667194858645803990e+01 2.196941197332794005e+01 2.258467819039803715e+01 2.549906826801456461e+01
1.061501922086575433e+01 1.270194176494239890e+01 1.662941161054399686e+01 2.194283552262809778e+01 2.257755274469482387e+01 2.551829244394314955e+01
1.072118725786749138e+01 1.283053289487717841e+01 1.658885784004788277e+01 2.191664402467186434e+01 2.257055970004286038e+01 2.553551142901091708e+01
1.082721566447214379e+01 1.295231125834609642e+01 1.655059769579683504e+01 2.189088896101653248e+01 2.256371883599119599e+01 2.555079270786084322e+01
1.093292399635493339e+01 1.306673164123017195e+01 1.651495213442831300e+01 2.186562426169316353e+01 2.255704928970216372e+01 2.556421553001613134e+01
1.103812630448239318e+01 1.317326105989915064e+01 1.648224445878331679e+01 2.184090628363226472e+01 2.255056949467394034e+01 2.557586984172567668e+01
1.114262937265925224e+01 1.327139219163059281e+01 1.645278861677075000e+01 2.181679374833721141e+01 2.254429712623581494e+01 2.558585514922227944e+01
1.124623054153849644e+01 1.336066108140055064e+01 1.642687376437555358e+01 2.179334763299338462e+01 2.253824905363969933e+01 2.559427931482253982e+01
1.134871501170442620e+01 1.344066894516381971e+01 1.640474539189932557e+01 2.177063100860570444e+01 2.253244129844312127e+01 2.560125728815506463e+01
1.144985248717430082e+01 1.351110716226077813e+01 1.638658407006811757e+01 2.174870881844226034e+01 2.252688899880354967e+01 2.560690977589727169e+01
1.154939298163714056e+01 1.357178369418942765e+01 1.637248376527656291e+01 2.172764759010343383e+01 2.252160637928705356e+01 2.561136185473996463e+01
1.164706156264191428e+01 1.362264840593975279e+01 1.636243247888082308e+01 2.170751507502685484e+01 2.251660672584165113e+01 2.561474153388234853e+01
1.174255175558300834e+01 1.366381440934909186e+01 1.635629837220724170e+01 2.168837981028765327e+01 2.251190236568671921e+01 2.561717827516997303e+01
1.183551727657280672e+01 1.369557287646585841e+01 1.635382425891837244e+01 2.167031059926137004e+01 2.250750465201886996e+01 2.561880148099024979e+01
1.192556172867824138e+01 1.371839986866743999e+01 1.635463227801741226e+01 2.165337591017286556e+01 2.250342395360753045e+01 2.561973896218242785e+01
1.201222591846648591e+01 1.373295535483820018e+01 1.635823890462186725e+01 2.163764319480116427e+01 2.249966964953014781e+01 2.562011540042350788e+01
1.209497260834423926e+01 1.374007620064147339e+01 1.636407868147922429e+01 2.162317813362589547e+01 2.249625012944391500e+01 2.562005082172883164e+01
1.217316896294221884e+01 1.374076581034614009e+01 1.637153370459992630e+01 2.161004381836716703e+01 2.249317279988023444e+01 2.561965909973250177e+01
1.224606792713824532e+01 1.373618267545587379e+01 1.637996533674217403e+01 2.159829988795967282e+01 2.249044409704760383e+01 2.561904650917047022e+01
1.231279165711962875e+01 1.372762792072898463e+01 1.638874489522786249e+01 2.158800163916358983e+01 2.248806950651717074e+01 2.561831035132561496e+01
1.237232329151353305e+01 1.371652790614678175e+01 1.639728092090236800e+01 2.157919913779164389e+01 2.248605358992805137e+01 2.561753767398666426e+01
1.242351775475924391e+01 1.370440245467622375e+01 1.640504171425915203e+01 2.157193636039223961e+01 2.248440001848921810e+01 2.561680410857997359e+01
1.246514646211985422e+01 1.369280412008864545e+01 1.641157280111993444e+01 2.156625039863027027e+01 2.248311161258640212e+01 2.561617284646634118e+01
1.249599049344410417e+01 1.368321352165143168e+01 1.641650968090507945e+01 2.156217075906311820e+01 2.248219038626481847e+01 2.561569377487999688e+01
1.251498521442739964e+01 1.367688700256849899e+01 1.641958657298214419e+01 2.155971878918976259e+01 2.248163759479753665e+01 2.561540279061144787e+01
1.252139281922738689e+01 1.367467929880726452e+01 1.642064195912420388e+01 2.155890725644037076e+01 2.248145378302725916e+01 2.561532130633968407e+01
1.252139281922738689e+01 1.367467929880726452e+01 1.642064195912420388e+01 2.155890725644037076e+01 2.248145378302725916e+01 2.561532130633968407e+01
1.252052254368030404e+01 1.367083741872483138e+01 1.642433333634403780e+01 2.156027338292793161e+01 2.248190182380772839e+01 2.561440517297774022e+01
1.251793152480451887e+01 1.365941241467873191e+01 1.643534810149099457e+01 2.156434189581738181e+01 2.248327100867775741e+01 2.561164896543192526e+01
1.251363498259554241e+01 1.364064133736612483e+01 1.645345144202136822e+01 2.157109971515884439e+01 2.248555385080993929e+01 2.560705671132199157e+01
1.250765823752321637e+01 1.361489833147529360e+01 1.647827213545968661e+01 2.158052537342053157e+01 2.248873737346277224e+01 2.560063484367602271e+01
1.250003658456745015e+01 1.358266788192964292e+01 1.650932933303929673e+01 2.159258906189787552e+01 2.249280314226868072e+01 2.559239237506195508e+01
1.249081509107562837e+01 1.354451395116417345e+01 1.654606348846975195e+01 2.160725269533784143e+01 2.249772735083837460e+01 2.558234114962679229e+01
1.248004831171042106e+01 1.350104922234227622e+01 1.658786720653562341e+01 2.162446999183645957e+01 2.250348096415851984e+01 2.557049615544648091e+01
1.246779991627262163e+01 1.345290766098013435e+01 1.663411278619055977e+01 2.164418656257548079e+01 2.251002992135680714e+01 2.555687587772860070e+01
1.245414222997882803e+01 1.340072224589376937e+01 1.668417459353409527e+01 2.166634000385519343e+01 2.251733539608892798e+01 2.554150267409652031e+01
1.243915569046333758e+01 1.334510845201954332e+01 1.673744566929667243e+01 2.169085998242464797e+01 2.252535410942551053e+01 2.552440315622937206e+01
1.242292823078721220e+01 1.328665314727827607e+01 1.679334889822903065e+01 2.171766830444100904e+01 2.253403868705689206e+01 2.550560856709140367e+01
1.240555460245209041e+01 1.322590804912199580e+01 1.685134358786486075e+01 2.174667895847258592e+01 2.254333805022387693e+01 2.548515514921795599e+01
1.238713565617924317e+01 1.316338670413917988e+01 1.691092849055360503e+01 2.177779812361115219e+01 2.255319782829388586e+01 2.546308450630540676e+01
1.236777760047565344e+01 1.309956399156412132e+01 1.697164226940130760e+01 2.181092413466721069e+01 2.256356078049540059e+01 2.543944396694482535e+01
1.234759125837493343e+01 1.303487730217897322e+01 1.703306226177548055e+01 2.184594739720774470e+01 2.257436721504292620e+01 2.541428696510336138e+01
1.232669134103654507e+01 1.296972873135530691e+01 1.709480220940292483e+01 2.188275024549165337e+01 2.258555539564325088e+01 2.538767345641558038e+01
1.230519575320369619e+01 1.290448780382766003e+01 1.715650944649516063e+01 2.192120673587464097e+01 2.259706192797031932e+01 2.535967039221884534e+01
1.228322494020013345e+01 1.283949439740002241e+01 1.721786188747240942e+01 2.196118236684155889e+01 2.260882212183227225e+01 2.533035227448631233e+01
1.226090127977004762e+01 1.277506164762819907e+01 1.727856503932973808e+01 2.200253371454112994e+01 2.262077032807883725e+01 2.529980181449097643e+01
1.223834851537709767e+01 1.271147869820711662e+01 1.733834917817884147e+01 2.204510796981290355e+01 2.263284025243480002e+01 2.526811071640474893e+01
1.221569122140868124e+01 1.264901321833170478e+01 1.739696676944960885e+01 2.208874235971923738e+01 2.264496525105641211e+01 2.523538060435866015e+01
1.219305428588880069e+01 1.258791364538860691e+01 1.745419017050343058e+01 2.213326343425470810e+01 2.265707861441687854e+01 2.520172410793478690e+01
1.217056239346370816e+01 1.252841113501477466e+01 1.750980962752420567e+01 2.217848619815067224e+01 2.266911384695906762e+01 2.516726611658945245e+01
1.214833949104677657e+01 1.247072121568616865e+01 1.756363156116510993e+01 2.222421306968712784e+01 2.268100494975348269e+01 2.513214520773412985e+01
1.212650822074256141e+01 1.241504515514486329e+01 1.761547712434517265e+01 2.227023265457467005e+01 2.269268671223550626e+01 2.509651524526029576e+01
1.210518930933575099e+01 1.236157105351105123e+01 1.766518100861587115e+01 2.231631833497543482e+01 2.270409501714110334e+01 2.506054713371977982e+01
1.208450091021392581e+01 1.231047468422552171e+01 1.771259047125210984e+01 2.236222669364979865e+01 2.271516716028223826e+01 2.502443069599882364e+01
1.206455790130746664e+01 1.226192010960527234e+01 1.775756455283883639e+01 2.240769582351988731e+01 2.272584218411164159e+01 2.498837661627110762e+01
1.204547115049850703e+01 1.221606010276730991e+01 1.779997345419169363e+01 2.245244361645323750e+01 2.273606122145169905e+01 2.495261835179352516e+01
1.202734676693872196e+01 1.217303641163074879e+01 1.783969804176765095e+01 2.249616618467687346e+01 2.274576784359904380e+01 2.491741386304560280e+01
1.201028536185380524e+01 1.213297990313652086e+01 1.787662945220981570e+01 2.253853664605158258e+01 2.275490840551240979e+01 2.488304693886048824e+01
1.199438134492760710e+01 1.209601062626028245e+01 1.791066876926287321e+01 2.257920460021109577e+01 2.276343238010156256e+01 2.484982780108834177e+01
1.197972228174767295e+01 1.206223783057329513e+01 1.794172674989820848e+01 2.261779673081117537e+01 2.277129267384932731e+01 2.481809256690666743e+01
1.196638833383561185e+01 1.203175997314359869e+01 1.796972358091995403e+01 2.265391907500348978e+01 2.277844591713947509e+01 2.478820104066338459e+01
1.195445179533775537e+01 1.200466474121255267e+01 1.799458865233107829e+01 2.268716157564520941e+01 2.278485272483348822e+01 2.476053223002915971e+01
1.194397672872840133e+01 1.198102911340305887e+01 1.801626033898696377e+01 2.271710552760933410e+01 2.279047792635565273e+01 2.473547697992824723e+01
1.193501868164631219e+01 1.196091948426272467e+01 1.803468578717314941e+01 2.274333438289042419e+01 2.279529077221114974e+01 2.471342725412439378e+01
1.192762441817537500e+01 1.194439190789907457e+01 1.804982070732539512e+01 2.276544801684633512e+01 2.279926514655803516e+01 2.469476193099466954e+01
1.192183141597438834e+01 1.193149268298444987e+01 1.806162917780915933e+01 2.278307988674000839e+01 2.280237991527627628e+01 2.467982954849879107e+01
1.191766588138040994e+01 1.192226048962282547e+01 1.807008346721117320e+01 2.279591507954890162e+01 2.280462021470370360e+01 2.466892918954177816e+01
1.191513091883978603e+01 1.191673839892870390e+01 1.807516388380602024e+01 2.280369724871826165e+01 2.280598969517161123e+01 2.466229148598716847e+01
1.191422012848242851e+01 1.191496043953710426e+01 1.807685866070659486e+01 2.280611029513953625e+01 2.280664532192242433e+01 2.466006227545801366e+01
