# (1536,)
0.000000000000000000e+00
0.000000000000000000e+00
0.000000000000000000e+00
1.371299089339146430e-23
1.371140976309346092e-23
1.370804800420267835e-23
1.370588809951275722e-23
1.370533198716055894e-23
1.370340677679171779e-23
1.370243741753203379e-23
1.369993001189634524e-23
1.369839049161609893e-23
1.369551732476844633e-23
1.369247270275815946e-23
1.369108754723050172e-23
1.363780148646611342e-23
1.363470072881486507e-23
1.363049253101098736e-23
1.362847268197817018e-23
1.362428261023176002e-23
1.362353184119689446e-23
1.362096958151598782e-23
1.361887741498085140e-23
1.361821319615659915e-23
1.361566219738826542e-23
1.361458032131641614e-23
1.361180001572372930e-23
1.361153885492704409e-23
1.360902336231705858e-23
1.360779399441796554e-23
1.360481053641740486e-23
1.360164794208705556e-23
1.360017845093087355e-23
1.359853701594533175e-23
1.359317943083063911e-23
1.359145105270324808e-23
1.358851894839718564e-23
1.358612321776843870e-23
1.358464158103797261e-23
1.355156768205787978e-23
1.354413067306371706e-23
1.354170454648635076e-23
1.353887835514593833e-23
1.353294292299957247e-23
1.353170363572259470e-23
1.352985570931936706e-23
1.352751454225264069e-23
1.352358888964457778e-23
1.352065936136610953e-23
1.351848388590352702e-23
1.351248869541080311e-23
1.350850299892471655e-23
1.350606171446569546e-23
1.350327485448795723e-23
1.349888568888009599e-23
1.348840612734673705e-23
1.347434072617569714e-23
1.347259406151560591e-23
1.347136237618016689e-23
1.346873771008001452e-23
1.346336062663649562e-23
1.346262351309344131e-23
1.345857068797149950e-23
1.345637561933398016e-23
1.345350506375909505e-23
1.345265865707020565e-23
1.345052761555743022e-23
1.344780026081212945e-23
1.344351056730791637e-23
1.343881280969304293e-23
1.343753931210024616e-23
1.343577046291905762e-23
1.343433440022878447e-23
1.343061329362630454e-23
1.342951424945541193e-23
1.342608381196216028e-23
1.342334630160392467e-23
1.342231367845151301e-23
1.342042388909677866e-23
1.341833661622475228e-23
1.341524154519122823e-23
1.341324588924012871e-23
1.341252906090866341e-23
1.341094549954066517e-23
1.340635974466909242e-23
1.340130003914722790e-23
1.340043022830015052e-23
1.339986697383201779e-23
1.339882851307839871e-23
1.339667897541476495e-23
1.339594851055919472e-23
1.339542577030555904e-23
1.339244773965706397e-23
1.339134231492149606e-23
1.338871359860814436e-23
1.338517125470130283e-23
1.338246576587484566e-23
1.338081590132039920e-23
1.337544061830744491e-23
1.337400163258121194e-23
1.337338655149134568e-23
1.337094698697821334e-23
1.336915212372667171e-23
1.336832386979591048e-23
1.336707863514398551e-23
1.336376660741168796e-23
1.336107826774677507e-23
1.335987344154057833e-23
1.335560186014945760e-23
1.335513830168822634e-23
1.335293253478715623e-23
1.334940022675621066e-23
1.334831721297048127e-23
1.334755122510428202e-23
1.334484204701667282e-23
1.334366769463826749e-23
1.334052214062723732e-23
1.333932955061897430e-23
1.333873205928882778e-23
1.333614911251058578e-23
1.333451458535814820e-23
1.333271325395586189e-23
1.333017364159632465e-23
1.332964026666675573e-23
1.332645825243927866e-23
1.332485675025293523e-23
1.332247010192427913e-23
1.332130091173217776e-23
1.331829056956627293e-23
1.331758244071792157e-23
1.331597947133799559e-23
1.331517401852413974e-23
1.331187729270756622e-23
1.330914638199527854e-23
1.330853135272266969e-23
1.330760620221160855e-23
1.330484609991867012e-23
1.330390663708861617e-23
1.330066777748565570e-23
1.329931460325231677e-23
1.329747981890212720e-23
1.329579540603041301e-23
1.329292879585712819e-23
1.329216840421737239e-23
1.329050861055680864e-23
1.328994157307210750e-23
1.328721486051310623e-23
1.328516996137964431e-23
1.328174769148441471e-23
1.328040456758487927e-23
1.327949765423110357e-23
1.327748195072074400e-23
1.327474590377510160e-23
1.327378694254940043e-23
1.327187255422456150e-23
1.326904027354992424e-23
1.326875886575107039e-23
1.326392517564506745e-23
1.326173477039009526e-23
1.326131539612282341e-23
1.325937902453413309e-23
1.325539494398777322e-23
1.325465356338844991e-23
1.325304243798142470e-23
1.325161400191445114e-23
1.324894203562032562e-23
1.324568676878539037e-23
1.324475866034170372e-23
1.324091463163839182e-23
1.323922610964135429e-23
1.323780821245785991e-23
1.323684295529620594e-23
1.323395915567399249e-23
1.323224195355186559e-23
1.323056663682513684e-23
1.322682292222047593e-23
1.322599613409873976e-23
1.322281288372295648e-23
1.322227972114064391e-23
1.321846520288244812e-23
1.321720450855765176e-23
1.321639421132181214e-23
1.321387511278801370e-23
1.321288932262407041e-23
1.321202359447522412e-23
1.320986577783380349e-23
1.320838643039235949e-23
1.320639885134823247e-23
1.320297701735098913e-23
1.320094146852951748e-23
1.320070613280230624e-23
1.319944914838413367e-23
1.319462444036760148e-23
1.319384554202892682e-23
1.319245662957527532e-23
1.319114659263344615e-23
1.318988119307788809e-23
1.318674029624366769e-23
1.318237282219328500e-23
1.318084881019591344e-23
1.318021753594192775e-23
1.317792706994058897e-23
1.317572046865333520e-23
1.317416679852453351e-23
1.317354880041265409e-23
1.317034658610584967e-23
1.316842377916647917e-23
1.316731352855545418e-23
1.316610143871394961e-23
1.316518030396742945e-23
1.316383586893120028e-23
1.316001223909420287e-23
1.315807337278743861e-23
1.315741765035185075e-23
1.315413024601704016e-23
1.315072660896546001e-23
1.314877102454959425e-23
1.314673873997374764e-23
1.314565738531050706e-23
1.314349701608084520e-23
1.314231090651172441e-23
1.314096058844673852e-23
1.313872680303686711e-23
1.313619090925198289e-23
1.313487483071293667e-23
1.313188059986949209e-23
1.313146397535282138e-23
1.312949854152068605e-23
1.312849971420789006e-23
1.312789426996056335e-23
1.312433121231824596e-23
1.312262206714373232e-23
1.312201952451079114e-23
1.311973848918441955e-23
1.311869546180904143e-23
1.311724004384164770e-23
1.311531980396062907e-23
1.311275342384118579e-23
1.311010350639440106e-23
1.310780168493200073e-23
1.310672627948798745e-23
1.310580520479805113e-23
1.310458994533487983e-23
1.310161451867268595e-23
1.310005766797902927e-23
1.309854173261105044e-23
1.309625099575098826e-23
1.309514207249214166e-23
1.309447761661666125e-23
1.309331854475413762e-23
1.308926439178191932e-23
1.308656204376650143e-23
1.308466785277672188e-23
1.308333962437575096e-23
1.308086774678198063e-23
1.307996807130868134e-23
1.307820361104532599e-23
1.307684207639910777e-23
1.307640592983308843e-23
1.307435081666313396e-23
1.307135057039005656e-23
1.307082859167213414e-23
1.306664108965304459e-23
1.306606428576645618e-23
1.306475699575618552e-23
1.306359625406151443e-23
1.306194814476706397e-23
1.306124988978567316e-23
1.305760325425616655e-23
1.305734954892026809e-23
1.305416656890221986e-23
1.305255421380023195e-23
1.305078305712203701e-23
1.304824389584193239e-23
1.304748482219569490e-23
1.304389788105985700e-23
1.304161098354732205e-23
1.304088254193253925e-23
1.303887072524683201e-23
1.303604215962104502e-23
1.303558222160681091e-23
1.303033951004535202e-23
1.303002764811060723e-23
1.302895641065700390e-23
1.302784158086050246e-23
1.302405835729273790e-23
1.302233282943211143e-23
1.302170687943440412e-23
1.301728945988642252e-23
1.301692706961483771e-23
1.301612819729037442e-23
1.301462564721404680e-23
1.300955598395041282e-23
1.300704878172390215e-23
1.300654744062332394e-23
1.300430441206449815e-23
1.300227010608879552e-23
1.300087350481406677e-23
1.299994126324980522e-23
1.299508518943496388e-23
1.299426546250536718e-23
1.299187058633797134e-23
1.298903038925896416e-23
1.298610795655253758e-23
1.298582028876487716e-23
1.298311904376909527e-23
1.298058218795697037e-23
1.297897543819678509e-23
1.297724946526790876e-23
1.297397593685261679e-23
1.297279133046090900e-23
1.297051732600015542e-23
1.296860471436895617e-23
1.296716059822512972e-23
1.296437183328181874e-23
1.296349463460512723e-23
1.296324464810172206e-23
1.295911335848142232e-23
1.295708802856530409e-23
1.295513638310524767e-23
1.295489295303323120e-23
1.295267277994125894e-23
1.294991648817449538e-23
1.294547292292220061e-23
1.294416435671534230e-23
1.294356601336557418e-23
1.293861696504165888e-23
1.293720782997777557e-23
1.293541542277292117e-23
1.293250524957936988e-23
1.293147709157279063e-23
1.292959140506351557e-23
1.292685400444192996e-23
1.292615630403810868e-23
1.292166841415302886e-23
1.292057106421773598e-23
1.291705416849761466e-23
1.291585838309774544e-23
1.291331853185700423e-23
1.291179602731878679e-23
1.291041799988869533e-23
1.290786584147904645e-23
1.290707586614789755e-23
1.290478898920200865e-23
1.290386328668330251e-23
1.289878112426310487e-23
1.289612615121271344e-23
1.289481732678907242e-23
1.289446453530919567e-23
1.289195845570387297e-23
1.288814939783160846e-23
1.288469050643959588e-23
1.288306027333000049e-23
1.288104557055608983e-23
1.287997312635357760e-23
1.287887181307523024e-23
1.287518425868480529e-23
1.287007007399337126e-23
1.286851935811634023e-23
1.286599182539065441e-23
1.286432515772649575e-23
1.286121238426278260e-23
1.285892849229637175e-23
1.285750220209833523e-23
1.285692850963880542e-23
1.285359374371712411e-23
1.284870514868431567e-23
1.284813686098956148e-23
1.284526179780644095e-23
1.284453991815082079e-23
1.283999185784070318e-23
1.283901040877418544e-23
1.283451246641842090e-23
1.283260469151231672e-23
1.283102872117868760e-23
1.282827234400581480e-23
1.282632307118478699e-23
1.282412783862395448e-23
1.282134826323805810e-23
1.281972032302052926e-23
1.281393204612080489e-23
1.281247504098449939e-23
1.281122990953264564e-23
1.280787678376164998e-23
1.280415269421690453e-23
1.280233355696651235e-23
1.280126869211696759e-23
1.279877183770224440e-23
1.279733804615443741e-23
1.279414664195438135e-23
1.279297444817834836e-23
1.279133777365982886e-23
1.278691776793317318e-23
1.278621292301650218e-23
1.278448591019338683e-23
1.278165025734240707e-23
1.277452009599785018e-23
1.277127579849165293e-23
1.277013522775791968e-23
1.276723485418795504e-23
1.276618953956446283e-23
1.276398483936867423e-23
1.275810602338104832e-23
1.275636406245940373e-23
1.275374927432160337e-23
1.275354723164341055e-23
1.275042709581693476e-23
1.274625479349770565e-23
1.274386315573001143e-23
1.274264371826374563e-23
1.274065992772010032e-23
1.274048679354516469e-23
1.273668283468019580e-23
1.273171330648311941e-23
1.272847368480121301e-23
1.272800861619632180e-23
1.272104281576318996e-23
1.272009817509411678e-23
1.271734643475482363e-23
1.271414577830464222e-23
1.271095903606597239e-23
1.270683593605695112e-23
1.270309789130113650e-23
1.270107162650976634e-23
1.269967165738342844e-23
1.269683541296764524e-23
1.269156103085313209e-23
1.269002516361513786e-23
1.268799166676623628e-23
1.268486011798245347e-23
1.268076490274073254e-23
1.267929752370956749e-23
1.267707323305705520e-23
1.267641262409406938e-23
1.267218695403831363e-23
1.267082793506297265e-23
1.266774597801602209e-23
1.266432031053408543e-23
1.266033125148172677e-23
1.265792616624732892e-23
1.265645245129299802e-23
1.265300919619341413e-23
1.264561057692397386e-23
1.264513305086766411e-23
1.264179130332469724e-23
1.264013850364064933e-23
1.263552509347139204e-23
1.262952372764607886e-23
1.262734803171614396e-23
1.262570726712175867e-23
1.262366257965408963e-23
1.262109190062024847e-23
1.261559159973689309e-23
1.261305931373920074e-23
1.261086197250754290e-23
1.260820669822086813e-23
1.260440320676591063e-23
1.260159361335891775e-23
1.260040432313012953e-23
1.259671551005560533e-23
1.259102964456083659e-23
1.258708524147121117e-23
1.258520409933932331e-23
1.258109473416817740e-23
1.257794383061348156e-23
1.257501030753412103e-23
1.257206662583853457e-23
1.256794923652313103e-23
1.256345251224312590e-23
1.256196656793361079e-23
1.255752493654015789e-23
1.255630696853988741e-23
1.255147762654134120e-23
1.254528031653590983e-23
1.254455807801357082e-23
1.254201201310983223e-23
1.253796358518644801e-23
1.253303946721491554e-23
1.253131004476340270e-23
1.252883865511179201e-23
1.252644617609481388e-23
1.251798760503612382e-23
1.251566175790975366e-23
1.251164853484544986e-23
1.250999508253735326e-23
1.250609862908997390e-23
1.250279781004118237e-23
1.249935352602279740e-23
1.249696980844402712e-23
1.249203392852977568e-23
1.248756377970781389e-23
1.248430367089115649e-23
1.248294219736306698e-23
1.247944031619684756e-23
1.247477151728270453e-23
1.247238574471087120e-23
1.246663979838603479e-23
1.246065241128341166e-23
1.245883763740292440e-23
1.245490880349268062e-23
1.245048597328131038e-23
1.244732514164547248e-23
1.244084454867948472e-23
1.243539340240541265e-23
1.243383719127875137e-23
1.243073868142227981e-23
1.242440974439083094e-23
1.241962309859136922e-23
1.241600401422243062e-23
1.241243415906439436e-23
1.241139222109529772e-23
1.240823730305249348e-23
1.240206448032020940e-23
1.240044391411138606e-23
1.239395682033864326e-23
1.238784338775101277e-23
1.238726596627919389e-23
1.238200747765769196e-23
1.237481399068918640e-23
1.237438441565002792e-23
1.236635948345502981e-23
1.236345970289353583e-23
1.236195365583511722e-23
1.235608218899306306e-23
1.235083881240313076e-23
1.234911934646091242e-23
1.234467045685583707e-23
1.233724607023676055e-23
1.233306766358013132e-23
1.232758686757506292e-23
1.232569701889351365e-23
1.232261221099631988e-23
1.231042471070510125e-23
1.230823500719905940e-23
1.230489667109456788e-23
1.230316273939053372e-23
1.229825204125691357e-23
1.229243905328075263e-23
1.228751388436170637e-23
1.228507373052541775e-23
1.227729861151550675e-23
1.227114564908399920e-23
1.226351589387766428e-23
1.226192068015014363e-23
1.225837272427884070e-23
1.225418905127445530e-23
1.224904967906285220e-23
1.224408016105616719e-23
1.223384322945494982e-23
1.222957369930951311e-23
1.222691852867641527e-23
1.221746631815743529e-23
1.221473365682925501e-23
1.220650186806495998e-23
1.220238758184861372e-23
1.219423782224985575e-23
1.218879869610533229e-23
1.218488712590148081e-23
1.218091378249210974e-23
1.217576828036628166e-23
1.216954351860537872e-23
1.216225451594354882e-23
1.214696445356311740e-23
1.213876154434193071e-23
1.213814316066809671e-23
1.213075661018777901e-23
1.212431771703123891e-23
1.211135663679840327e-23
1.210259312076333831e-23
1.210010017139406760e-23
1.209556858303567707e-23
1.209177502667066000e-23
1.208530864030169706e-23
1.207350885362452284e-23
1.206852252063474372e-23
1.206543533196995293e-23
1.205872810832610693e-23
1.205125267438083870e-23
1.204219731805687605e-23
1.203515057577084062e-23
1.203115415485222316e-23
1.202871629162411402e-23
1.201995135808042273e-23
1.200221487139253104e-23
1.199614825205975605e-23
1.198795500540143369e-23
1.198707107663790659e-23
1.196950533455203097e-23
1.195935643585948900e-23
1.195654509002557669e-23
1.194736064761207474e-23
1.193564371234929676e-23
1.192505373965330849e-23
1.190782117077868492e-23
1.190532038316590593e-23
1.187211531522780808e-23
1.185605465841762203e-23
1.184353171007731592e-23
1.184211751882848519e-23
1.183717196427876765e-23
1.182335879238920103e-23
1.180500986421199344e-23
1.180161556430790421e-23
1.179508772316102044e-23
1.178838575380514469e-23
1.177563582677923879e-23
1.176674970199897049e-23
1.175974464083573417e-23
1.175441795149003958e-23
1.174027108131295228e-23
1.173577005516338292e-23
1.171888925024155716e-23
1.171219513277842911e-23
1.170747583334561831e-23
1.169923277825864048e-23
1.169416157378498805e-23
1.168998278655366236e-23
1.168494151158786588e-23
1.167375533332725711e-23
1.167145755593739998e-23
1.166644422957045114e-23
1.166468714998468930e-23
1.165540620065595354e-23
1.164813997316282434e-23
1.163299981214852911e-23
1.162890266760489947e-23
1.161915979913595443e-23
1.161587808108168199e-23
1.161374633283900406e-23
1.160856470470084617e-23
1.160504338955042758e-23
1.159899181166340340e-23
1.159242577009184109e-23
1.158780905902123042e-23
1.158054092249311984e-23
1.157486108462410514e-23
1.157040883524408951e-23
1.156415517427464696e-23
1.155086187652262301e-23
1.154895112703294385e-23
1.154294806846917434e-23
1.153791324944796405e-23
1.152600128693841892e-23
1.152488516998561853e-23
1.152129556176864383e-23
1.151363858675871664e-23
1.151185240834010726e-23
1.150570723223643085e-23
1.150073829861132076e-23
1.149409220575251286e-23
1.148840759697274340e-23
1.148122712371638980e-23
1.147956810689741174e-23
1.147608980130069241e-23
1.146707801134654094e-23
1.145852249475220794e-23
1.145188252752844795e-23
1.145084522529058174e-23
1.144935700316213639e-23
1.143373644237160332e-23
1.142576218447198974e-23
1.142080845874312866e-23
1.141593705197197457e-23
1.141103503282973656e-23
1.140117389585288099e-23
1.139554906719920671e-23
1.139053227677641017e-23
1.138473384658702592e-23
1.138361466536086945e-23
1.137915998566501353e-23
1.137167806364448159e-23
1.136534146748277985e-23
1.135905966329382771e-23
1.135682198710572563e-23
1.134573708057966285e-23
1.134410515777640157e-23
1.133994648021201196e-23
1.133468143723930700e-23
1.132741751335960506e-23
1.132187037445329622e-23
1.131578886285908154e-23
1.131074685203384349e-23
1.130222839163035457e-23
1.129708185878197194e-23
1.128821791446444051e-23
1.128292020000549869e-23
1.127320955273904707e-23
1.126652067520474823e-23
1.125967438963107412e-23
1.125499487510498506e-23
1.124840709175560469e-23
1.124290502472591783e-23
1.123838305849441012e-23
1.122840725996347066e-23
1.122620230568416084e-23
1.121986533213075596e-23
1.121270091007112738e-23
1.120746986001990161e-23
1.120281695417088838e-23
1.119538659697488664e-23
1.118965332863412721e-23
1.117984830241103115e-23
1.117557687412748389e-23
1.116913087486644334e-23
1.116571136648579060e-23
1.116044160031067276e-23
1.115469475152588000e-23
1.114542808844595721e-23
1.114232559517747619e-23
1.113475464008231526e-23
1.112513099331451092e-23
1.112275926021149940e-23
1.111537956104290437e-23
1.111129517502197982e-23
1.110820333289130472e-23
1.109690324880106474e-23
1.108877908446679934e-23
1.107701472401225187e-23
1.107198826872743866e-23
1.105929700206598279e-23
1.105432509275921555e-23
1.105173412531819223e-23
1.104784549390097736e-23
1.104635683295917871e-23
1.103321186791828882e-23
1.102264071640689631e-23
1.101860353438231263e-23
1.101525592707912649e-23
1.101061901377714484e-23
1.100505244514425679e-23
1.099070301945130577e-23
1.098953576429037707e-23
1.098316302250662093e-23
1.097687164487114561e-23
1.096909203934100638e-23
1.096579734366255977e-23
1.096158965823842445e-23
1.095823400748858614e-23
1.094463023557802154e-23
1.094387242456479936e-23
1.093651303453061388e-23
1.092861652491955810e-23
1.092370943684789801e-23
1.092084287556368038e-23
1.091708026239259450e-23
1.090792197866318349e-23
1.089232071448885011e-23
1.088861241304378234e-23
1.088318194765079346e-23
1.088054325717183126e-23
1.087303530664068285e-23
1.086588167020664430e-23
1.085202235777990389e-23
1.084387642035952463e-23
1.084110670031916333e-23
1.083189602015347108e-23
1.082502311931232382e-23
1.082123369944413506e-23
1.081404009059865898e-23
1.080946860453360252e-23
1.080799392082129135e-23
1.079339800901839157e-23
1.079090928624996125e-23
1.078828893391122203e-23
1.078343443006889891e-23
1.077873398665101348e-23
1.076995166345760557e-23
1.076069847135805410e-23
1.075535590067391139e-23
1.074526130844846383e-23
1.073521386546875496e-23
1.073175058139659552e-23
1.071715648955896783e-23
1.071576078171228312e-23
1.071138103670676607e-23
1.070067958541044141e-23
1.069536598609930490e-23
1.069169920833699169e-23
1.068649429414160816e-23
1.068237531614099036e-23
1.067783779441525768e-23
1.067355919268139007e-23
1.066035527328678059e-23
1.065639057990613311e-23
1.065032235228851529e-23
1.063694708549965911e-23
1.063143012628623569e-23
1.062911626989983958e-23
1.062642561123620765e-23
1.061716681398721880e-23
1.059967282776069005e-23
1.059847882234730670e-23
1.059276470023737596e-23
1.059064301508698072e-23
1.058324303569040930e-23
1.057563924880737146e-23
1.057308989400501682e-23
1.057136034753031588e-23
1.055392034912069705e-23
1.054463853805796327e-23
1.054113479470648802e-23
1.053354398025988420e-23
1.052397580204059089e-23
1.051559797576690283e-23
1.051156046385925463e-23
1.050763740273346564e-23
1.050504679135576878e-23
1.049734480513460373e-23
1.049299444271772908e-23
1.048489179084534714e-23
1.048262541081921818e-23
1.047718018409953480e-23
1.046798315099878311e-23
1.045973934016795400e-23
1.045764064096003875e-23
1.044648899751308733e-23
1.043414473689229103e-23
1.043160770055329206e-23
1.041594805298503715e-23
1.041396235365325840e-23
1.040767445489343923e-23
1.040509613421329407e-23
1.039937453015909881e-23
1.039442714807768274e-23
1.038700101597375823e-23
1.037275139144234783e-23
1.036762109355720173e-23
1.036405491941181045e-23
1.035858826872092789e-23
1.035350458870582613e-23
1.034744298810288263e-23
1.034436551633581834e-23
1.033119889006335864e-23
1.032804434835137830e-23
1.032567687913958198e-23
1.031434478114585481e-23
1.031007755304135131e-23
1.030894068291208046e-23
1.029693288146030451e-23
1.028843542185723515e-23
1.028716719452749441e-23
1.028482666116999444e-23
1.027551636001825981e-23
1.027282380308503389e-23
1.026759459834161435e-23
1.026144621523768143e-23
1.025629819463892525e-23
1.025500794241705356e-23
1.024457738751981977e-23
1.023901641135724459e-23
1.022846347848044691e-23
1.022648232195288981e-23
1.021630712086699878e-23
1.020848416078163240e-23
1.020764863415681009e-23
1.020631782692441178e-23
1.020248969357824383e-23
1.019618184169947984e-23
1.018891931017678508e-23
1.018509743245115740e-23
1.018091583601629687e-23
1.017498880210618215e-23
1.016292767084011196e-23
1.015564184486831534e-23
1.015405672875879821e-23
1.015194497892823188e-23
1.014642833385236566e-23
1.014331085713921004e-23
1.013340985006723388e-23
1.011775600796305980e-23
1.011595546647255449e-23
1.010988647108933405e-23
1.010361873780345816e-23
1.010046929317706792e-23
1.009400131755714293e-23
1.008977201280264069e-23
1.008800555620972926e-23
1.008043983735581739e-23
1.007400343874562913e-23
1.006707663890000080e-23
1.006488897548899026e-23
1.006209063054719890e-23
1.005476463803388802e-23
1.005216817246710101e-23
1.003734454479127443e-23
1.003542169917949307e-23
1.002806637288996328e-23
1.002443744286081808e-23
1.001707921689844033e-23
1.001106000104892825e-23
1.000720844268514735e-23
1.000526845484858578e-23
1.000134474670757825e-23
9.994700185761111900e-24
9.986478053142288738e-24
9.983933813508315428e-24
9.981406396123651704e-24
9.972825869030797993e-24
9.970869414288220396e-24
9.964055111320681530e-24
9.959367866881914944e-24
9.955377976834375552e-24
9.951667982859201934e-24
9.945459324412567330e-24
9.936275506740734847e-24
9.934911005222794367e-24
9.927996605399996134e-24
9.923727549968948724e-24
9.922104795462100306e-24
9.910281039873826452e-24
9.903936462933361265e-24
9.902255025578169313e-24
9.893941303501709808e-24
9.889906236908009351e-24
9.882777202595719721e-24
9.881456332134549366e-24
9.871211544023111700e-24
9.866173098400782856e-24
9.863325625258994626e-24
9.861005908035298752e-24
9.856140131363384995e-24
9.847598564815433924e-24
9.843003282790356762e-24
9.836977426269063922e-24
9.832475237835819451e-24
9.827930059511347679e-24
9.820862274572963581e-24
9.810655531522024180e-24
9.801770110924062385e-24
9.800455113252577205e-24
9.795952404446815044e-24
9.791820321112793247e-24
9.782815328665102155e-24
9.776271414624120208e-24
9.775561683464368071e-24
9.769696742483320436e-24
9.764093516489069903e-24
9.759077539574260883e-24
9.758449224493191238e-24
9.756347564688495391e-24
9.747166511407727340e-24
9.745214011946348056e-24
9.737619379141031573e-24
9.736125682832632807e-24
9.732635639628322640e-24
9.729881380755899915e-24
9.719131174594369871e-24
9.716297026176139983e-24
9.712965451832373298e-24
9.702668819209734148e-24
9.700314487390653622e-24
9.699254076683513344e-24
9.696175360945552676e-24
9.687951218425809026e-24
9.683604516956648983e-24
9.681260957922817867e-24
9.675530694995198865e-24
9.669572007222101287e-24
9.666826050924292004e-24
9.656630470760245249e-24
9.649891553318326229e-24
9.646779438613973803e-24
9.641083155393921273e-24
9.637870147816045440e-24
9.636267480968508761e-24
9.633086375184198452e-24
9.627288504843484064e-24
9.620394326100393141e-24
9.615582374791097293e-24
9.610425935921788569e-24
9.606518797983777505e-24
9.600221014176687341e-24
9.597019808203754596e-24
9.595793362847360432e-24
9.591158522806950881e-24
9.589218098817088624e-24
9.585980918110804962e-24
9.578095893628763839e-24
9.575982024170592280e-24
9.566606282845612721e-24
9.564272895299852875e-24
9.559869671805139363e-24
9.550852733309020071e-24
9.546723150260896713e-24
9.543314620213749182e-24
9.542153941263691317e-24
9.540649432206642678e-24
9.538939997056185262e-24
9.536957962299339626e-24
9.530409594367113728e-24
9.527707959401371893e-24
9.521858430775492573e-24
9.516477251638341031e-24
9.513826981805111516e-24
9.508195170875740734e-24
9.501939540092106624e-24
9.497986658831769321e-24
9.494593098636150075e-24
9.492006052529181106e-24
9.487843679348496773e-24
9.486722638612005624e-24
9.477464526230869635e-24
9.475452244769204611e-24
9.473500714687351175e-24
9.463464224726766470e-24
9.463294898038795925e-24
9.459209306940962128e-24
9.454997057364727028e-24
9.448576641626287933e-24
9.445352144699569619e-24
9.436951458969783711e-24
9.430102032393040091e-24
9.424465051122057371e-24
9.422700780121438682e-24
9.419506676882830286e-24
9.415181648007525844e-24
9.412736819226612867e-24
9.409084971542059701e-24
9.407754703219610384e-24
9.405726105322110793e-24
9.400088809425082449e-24
9.393826684714569332e-24
9.388937785217424586e-24
9.386648923476006580e-24
9.383638989022394501e-24
9.381161211527810431e-24
9.376463761332022333e-24
9.375564305054497637e-24
9.370637394834944506e-24
9.367987279716167216e-24
9.360489498206416562e-24
9.356997327774786185e-24
9.354720887772668830e-24
9.351097371337275688e-24
9.350360377406267009e-24
9.344675888030893573e-24
9.341853188117851452e-24
9.334021331051195987e-24
9.331645191369918111e-24
9.330994190860721967e-24
9.323650896758676790e-24
9.319250411658233989e-24
9.314638791507507514e-24
9.313869185182608386e-24
9.311435894131590219e-24
9.305493485839598657e-24
9.302722476609894491e-24
9.301670006641358890e-24
9.298466376840421294e-24
9.290654630738020082e-24
9.289064538127195158e-24
9.282781237317910887e-24
9.279624306672169869e-24
9.276462625399676936e-24
9.274219443612679288e-24
9.269911097823862307e-24
9.263508474059056118e-24
9.262770271284536910e-24
9.256603528486344689e-24
9.252585776050542896e-24
9.246032071013532718e-24
9.243687126699561272e-24
9.239184206110785928e-24
9.235993459027592912e-24
9.232048018781063968e-24
9.227259112209497130e-24
9.222473103539331776e-24
9.220537323451940278e-24
9.218035167051358039e-24
9.213478443372173800e-24
9.211215180178362946e-24
9.207440141330649276e-24
9.203689665513209936e-24
9.199567985194788187e-24
9.196064829880259460e-24
9.193610581857140364e-24
9.193315490279689246e-24
9.188959375077421356e-24
9.182927632564147435e-24
9.179464400751924827e-24
9.177429383976770000e-24
9.177053694067039230e-24
9.171586604441999281e-24
9.170145039621103133e-24
9.166631682083368092e-24
9.164099805264615171e-24
9.159274305876389417e-24
9.153730027782119727e-24
9.152773666624224022e-24
9.149666575849907904e-24
9.147221188273569468e-24
9.142691880359703646e-24
9.140665511833372666e-24
9.137265567490194858e-24
9.133233009872994493e-24
9.129037406290271351e-24
9.126439102904945112e-24
9.124485000766044114e-24
9.118852730215898928e-24
9.117339227127414887e-24
9.114193682017101570e-24
9.111410717444426473e-24
9.110055617781908150e-24
9.107775876328514710e-24
9.104118441859811657e-24
9.098869291471049356e-24
9.097221563683121480e-24
9.093716146317413125e-24
9.089693027341192197e-24
9.087400247253607551e-24
9.084214768765708562e-24
9.077783564700087786e-24
9.073923622815500881e-24
9.070526349087491067e-24
9.069697823499432887e-24
9.066652281577995961e-24
9.065055622349993017e-24
9.061398570245384164e-24
9.056240217271877525e-24
9.055078317772263249e-24
9.052668853271309557e-24
9.049162382332720703e-24
9.044346021284534833e-24
9.040253700197954566e-24
9.038464015390708896e-24
9.035214050680207317e-24
9.033679666818436981e-24
9.031466421632291374e-24
9.028545830753354040e-24
9.024897344970865773e-24
9.020713832968744444e-24
9.019626296913178031e-24
9.017513299879665693e-24
9.015122417781978196e-24
9.007986187661284927e-24
9.003915573983239631e-24
9.001714548389339209e-24
9.000818271672637162e-24
8.995612683789224849e-24
8.992703567339342804e-24
8.991490302789872562e-24
8.990912198898599801e-24
8.985104779591631587e-24
8.981935993930242823e-24
8.980891420788956353e-24
8.976652004128588598e-24
8.972691681679245787e-24
8.970923856346683765e-24
8.967913511900678420e-24
8.967711413533167423e-24
8.962490878619929489e-24
8.959651353356823520e-24
8.957234035920025165e-24
8.955622382711092010e-24
8.952835331937684322e-24
8.947855946936240278e-24
8.944619605872317709e-24
8.944037762969113437e-24
8.936975875528318353e-24
8.935657821992566948e-24
8.934672661601796866e-24
8.932357801629021620e-24
8.930003315616808859e-24
8.928322441655592430e-24
8.924889075557316326e-24
8.921046130537631163e-24
8.915134042464833906e-24
8.914649086927410066e-24
8.911175181653621218e-24
8.908977282281574798e-24
8.907320366685131336e-24
8.903446356765520117e-24
8.902019284033662029e-24
8.898970412975106566e-24
8.897292572748007310e-24
8.892664331573863790e-24
8.889517178054832583e-24
8.888097533962788756e-24
8.884543900851107552e-24
8.884140913348761123e-24
8.879770171567442029e-24
8.877705917844287156e-24
8.876098529732466238e-24
8.875660107611899343e-24
8.870314548759582649e-24
8.869101208989207687e-24
8.864380001751330839e-24
8.859627082251883861e-24
8.856540665610537538e-24
8.855614801781108785e-24
8.854014909336264618e-24
8.851399480197088036e-24
8.847774445353231138e-24
8.843824473706409688e-24
8.841764921921152677e-24
8.838334087684608922e-24
8.836990514782755547e-24
8.833584781796180423e-24
8.833421667683559078e-24
8.831446218728341301e-24
8.829512171475935746e-24
8.828472483228462731e-24
8.823994433942550007e-24
8.821820382316058047e-24
8.819926819871893234e-24
8.814751744769157601e-24
8.810048973256764459e-24
8.808911361881839935e-24
8.806811194301571098e-24
8.801689093336100086e-24
8.800452987298458328e-24
8.797831214137534355e-24
8.797487974648224770e-24
8.796209686937946313e-24
8.792143370721583303e-24
8.787763503655809721e-24
8.784507405671195573e-24
8.782791720471663489e-24
8.779133303759867664e-24
8.777063674952478923e-24
8.771632434071574265e-24
8.768605706791434892e-24
8.765629480691716640e-24
8.764715357178280894e-24
8.760673672411322217e-24
8.759734569257605918e-24
8.756756137393528520e-24
8.755058943625485926e-24
8.752245223104952880e-24
8.751084819703670429e-24
8.750346497649908611e-24
8.747027660475405847e-24
8.742583671589286607e-24
8.738592231001336396e-24
8.732329429410970279e-24
8.731111833581888530e-24
8.729235837282739067e-24
8.726732757336328276e-24
8.721871310494782550e-24
8.719006974293687361e-24
8.718272914218861222e-24
8.714073315765027654e-24
8.713380330883842822e-24
8.709397617978927947e-24
8.706336505287772792e-24
8.705174847397537937e-24
8.700584562467684622e-24
8.698291697774721330e-24
8.696529070083619557e-24
8.691364600291911805e-24
8.689345964534602357e-24
8.688938359202036812e-24
8.687241920378005348e-24
8.681862378222402513e-24
8.678806587471513868e-24
8.677464820069792808e-24
8.673238838303672930e-24
8.672088031810155784e-24
8.671393604329357455e-24
8.669261248602191353e-24
8.667037354045478032e-24
8.666078592886083895e-24
8.664237042153181547e-24
8.660774926506778629e-24
8.655592184619864296e-24
8.652616976148916036e-24
8.650364059633600039e-24
8.648047154681545389e-24
8.643700623766978066e-24
8.642786750875910066e-24
8.640816898528464629e-24
8.639483364028961952e-24
8.635555951108556331e-24
8.634294979836438683e-24
8.630986425158662566e-24
8.627930982956082707e-24
8.625089627889197499e-24
8.622123273181227795e-24
8.620717565374917522e-24
8.619568142807666557e-24
8.616087624618993633e-24
8.613681171223140013e-24
8.611759145440697814e-24
8.608058068292465467e-24
8.605350775848203897e-24
8.602192500227935868e-24
8.601443972034264640e-24
8.598215978798449368e-24
8.594904088510506992e-24
8.592810079539649694e-24
8.591844262013682034e-24
8.589587517822502943e-24
8.587304788353411834e-24
8.583310376917548910e-24
8.577974168936064260e-24
8.576843924078557850e-24
8.573449925613139762e-24
8.570824226963863023e-24
8.568723895909031858e-24
8.565005275163579009e-24
8.563037193568835078e-24
8.561604759411164633e-24
8.559505035628849144e-24
8.557723167034158261e-24
8.554398388435297268e-24
8.550151445026921159e-24
8.549352501703395478e-24
8.546318943904268209e-24
8.544197809886882582e-24
8.542627354417163334e-24
8.541262510955489322e-24
8.535276465223189399e-24
8.534033581399142283e-24
8.532519626274915421e-24
8.525822220949129007e-24
8.523610062542295083e-24
8.518540928257735538e-24
8.516611498833499331e-24
8.513348924441203699e-24
8.511921975752330506e-24
8.510017680335090868e-24
8.504651870996807615e-24
8.503630781840446101e-24
8.499564030202050088e-24
8.499052844384952151e-24
8.492136956388330566e-24
8.491347225196758311e-24
8.488243989029208535e-24
8.484127080060997175e-24
8.481537897676527031e-24
8.479047771265942632e-24
8.474995138842348942e-24
8.470864520743968096e-24
8.467730373388776781e-24
8.462697949765251583e-24
8.459955162790931668e-24
8.458666486187151359e-24
8.456181818580958759e-24
8.451862229541803482e-24
8.450533787979618367e-24
8.446867868695939078e-24
8.446267539140263150e-24
8.444147231267342615e-24
8.442122682366357205e-24
8.439808692718421826e-24
8.433638600214280061e-24
8.430156154426244775e-24
8.428210007883211102e-24
8.426571534113280084e-24
8.422205633783106130e-24
8.420585937742677577e-24
8.419071559376331815e-24
8.414409641956442178e-24
8.413078328747743781e-24
8.407895285059302295e-24
8.407239622271690565e-24
8.401917107235283150e-24
8.399379007282283922e-24
8.396531655834882547e-24
8.393114550499739919e-24
8.390956009564568108e-24
8.389280544951648671e-24
8.388905471643590208e-24
8.385336043818030254e-24
8.383819772855987196e-24
8.380047427238276281e-24
8.377374167314060601e-24
8.376183449684555456e-24
8.374689199911208729e-24
8.369887843146705552e-24
8.366362922796145085e-24
8.365484872316983994e-24
8.362887434430524666e-24
8.358934636291909937e-24
8.356762645018215108e-24
8.355189063353506311e-24
8.353611994268340680e-24
8.347366024310362176e-24
8.343893540633194326e-24
8.340265186436068492e-24
8.335785104851574571e-24
8.334943291134656188e-24
8.333341870270103689e-24
8.330763241494332095e-24
8.328425326970041334e-24
8.323909528342030069e-24
8.323007824538133612e-24
8.320571513452473924e-24
8.317899216499401783e-24
8.314249159222759003e-24
8.313065179727102070e-24
8.310583022533518357e-24
8.309856933922663579e-24
8.308208137554254174e-24
8.304746807593331873e-24
8.304403247102320117e-24
8.299435958146374241e-24
8.296300375328715623e-24
8.293563526303181545e-24
8.292817974294511215e-24
8.287102862994499758e-24
8.284562417354802972e-24
8.282343014381288128e-24
8.281382716545084284e-24
8.275968347976994276e-24
8.269826977531069742e-24
8.266758287374069584e-24
8.266054202194429153e-24
8.262551754296801507e-24
8.260068077754953650e-24
8.257555939288060614e-24
8.253285140246817152e-24
8.246886146096099333e-24
8.244991124136914702e-24
8.241632581796765965e-24
8.238278657338233365e-24
8.235233668444610377e-24
8.233587909001541391e-24
8.230617214951826298e-24
8.228509534313739822e-24
8.225811336352153044e-24
8.224085718368264299e-24
8.218003484241772312e-24
8.213567849376335138e-24
8.211856312145703917e-24
8.208151810207938557e-24
8.205064268241044322e-24
8.201116932657950231e-24
8.199223165889732047e-24
8.193734899472389561e-24
8.190713901677746724e-24
8.190647295581209650e-24
8.188246133007724496e-24
8.185497177173254717e-24
8.181721632924796787e-24
8.176890385507374874e-24
8.174311015685100395e-24
8.167961977931254735e-24
8.167330576410630483e-24
8.163991774090531214e-24
8.159651156347766495e-24
8.157819447042591661e-24
8.155123324770919090e-24
8.154294010667495192e-24
8.149751745705857851e-24
8.145632371401491725e-24
8.142007476756274655e-24
8.140402595075598605e-24
8.135661942862907539e-24
8.128071556408321993e-24
8.125354164390679359e-24
8.120857852908544920e-24
8.109972242338072330e-24
8.103964685175245651e-24
8.099501796154965200e-24
8.094190166114359994e-24
8.091328970432380356e-24
8.081183062122703966e-24
8.078849742219762960e-24
8.077084049036364484e-24
8.074221908594832921e-24
8.069747253284345519e-24
8.065291446239054856e-24
8.062805341682962606e-24
8.060458657490927958e-24
8.055937800287256203e-24
8.052288497336802354e-24
8.051366479721847900e-24
8.045643823161339309e-24
8.032496193464789468e-24
8.026539103880864666e-24
8.024272542055174480e-24
8.020252416616121574e-24
8.015855890769779098e-24
8.013186179204243962e-24
8.009077337746075337e-24
8.002616196219296408e-24
7.990969312858715692e-24
7.987701895379940405e-24
7.984852711182215693e-24
7.982865085970725834e-24
7.968622031390670037e-24
7.968240190580410865e-24
7.962247661297693790e-24
7.961054074097291287e-24
7.956142592158650872e-24
7.952939964540678517e-24
7.940535065452289225e-24
7.936187036906144306e-24
7.932788276627307374e-24
7.922417851877774579e-24
7.919213271615010452e-24
7.917616691647405995e-24
7.913198737083842640e-24
7.910974476285899638e-24
7.908964496832797644e-24
7.907183091524595645e-24
7.901417621578677681e-24
7.887063255927965376e-24
7.884814465606535666e-24
7.869456995980856574e-24
7.863077345282271052e-24
7.859445163854374244e-24
7.849114989603406607e-24
7.834170701267347988e-24
7.821420757059758383e-24
7.805249915843893996e-24
7.797446235303803093e-24
7.790145049029197382e-24
7.782527658743598944e-24
7.775101371165260706e-24
7.763401042204408185e-24
7.756871711182316997e-24
7.752498521134915125e-24
7.718106702441281288e-24
7.714927685694285585e-24
7.708655904171129680e-24
7.705574082438905883e-24
7.703434339862989009e-24
7.693297196054300390e-24
7.687529417950394085e-24
7.673672166349534392e-24
7.652386576349230699e-24
7.531220754618163582e-24
7.497807613140366426e-24
2.869757096944688014e-24
1.237085221820388164e-24
9.334014455116960703e-25
8.470921669292524884e-25
8.427450402029220274e-25
7.741140080030715871e-25
6.624584196699078608e-25
5.842907114599370063e-25
5.234143695975505853e-25
5.200336343267257496e-25
3.174908791770588512e-25
