# (1536,)
0.000000000000000000e+00
0.000000000000000000e+00
0.000000000000000000e+00
3.024621694056698562e+00
2.995470080062571760e+00
2.935847070661923297e+00
2.899132140564807170e+00
2.889870645597669707e+00
2.858391117917070012e+00
2.842873808991290385e+00
2.803726111578255686e+00
2.780370121358887392e+00
2.738093389681478307e+00
2.695055919253937393e+00
2.676044226688131911e+00
2.133989177581760543e+00
2.110515919529762474e+00
2.079662665651693221e+00
2.065246146933938487e+00
2.036112592781880615e+00
2.030999156833559027e+00
2.013783604425373852e+00
1.999990555820591931e+00
1.995660016146452831e+00
1.979240204408043491e+00
1.972376292359735217e+00
1.955001693668822371e+00
1.953388905963837185e+00
1.938019874503503326e+00
1.930615854841681189e+00
1.912931869375776861e+00
1.894612429131817599e+00
1.886245040283551111e+00
1.877004397489234977e+00
1.847594395689294622e+00
1.838343601586348575e+00
1.822904353611942918e+00
1.810520547191659224e+00
1.802963148558291984e+00
1.651943251423609649e+00
1.622013611535739086e+00
1.612526131378867023e+00
1.601638752216348660e+00
1.579330391202459438e+00
1.574764820299552559e+00
1.568014609016256999e+00
1.559560075618999564e+00
1.545622067849366399e+00
1.535410236422637409e+00
1.527928917835836620e+00
1.507747570207732757e+00
1.494672449807976422e+00
1.486793915111525255e+00
1.477917899478653929e+00
1.464186525401730110e+00
1.432570787574960258e+00
1.392537508244077182e+00
1.387745452264849355e+00
1.384389072586219349e+00
1.377298831662545187e+00
1.363031081799951583e+00
1.361101631142304758e+00
1.350604127047814185e+00
1.344995687117434002e+00
1.337741407542413885e+00
1.335619499599563165e+00
1.330311028257541661e+00
1.323587113865440479e+00
1.313167101402008541e+00
1.301968335888044059e+00
1.298969880915769259e+00
1.294831107325514319e+00
1.291492994294016095e+00
1.282933648567026852e+00
1.280430199780283829e+00
1.272687018537797865e+00
1.266583640711395509e+00
1.264298557212145901e+00
1.260140739742188210e+00
1.255584236309473800e+00
1.248895856304739427e+00
1.244625787939428463e+00
1.243100037272481417e+00
1.239744382142467405e+00
1.230141072235173771e+00
1.219737594020775973e+00
1.217969026673088484e+00
1.216826844714940181e+00
1.214727323400111469e+00
1.210407209400435002e+00
1.208946969563948537e+00
1.207904407004485314e+00
1.202003219392212330e+00
1.199829146404507663e+00
1.194694369244335030e+00
1.187852223951701536e+00
1.182685182701888937e+00
1.179558774475619076e+00
1.169499533661684909e+00
1.166838979343970850e+00
1.165705858009268736e+00
1.161235637611594429e+00
1.157971028844247519e+00
1.156471420222918711e+00
1.154224946005752761e+00
1.148296761036097902e+00
1.143534355003263503e+00
1.141414182603120775e+00
1.133966999875240633e+00
1.133165284742020384e+00
1.129367572797431274e+00
1.123344187210234102e+00
1.121511591360299542e+00
1.120219424083790605e+00
1.115675475706562780e+00
1.113718407669881616e+00
1.108513399996393201e+00
1.106553978685726580e+00
1.105575167067245346e+00
1.101365608743670066e+00
1.098719900643688741e+00
1.095820330411053645e+00
1.091760798910646590e+00
1.090912398864040567e+00
1.085880908410081336e+00
1.083367766685444655e+00
1.079646099896462985e+00
1.077833098479728857e+00
1.073195635688174887e+00
1.072111088951792857e+00
1.069664863090827644e+00
1.068440293242461481e+00
1.063459867536774572e+00
1.059372430515945096e+00
1.058456619894596606e+00
1.057082269044047784e+00
1.053005027045895714e+00
1.051625047493644161e+00
1.046897505121308525e+00
1.044936030597424681e+00
1.042289169019654516e+00
1.039872025481871853e+00
1.035786280965542483e+00
1.034708342754429466e+00
1.032363835245041717e+00
1.031565515526156052e+00
1.027745245829405185e+00
1.024900277949620353e+00
1.020176975471073444e+00
1.018336076851367844e+00
1.017097108117069437e+00
1.014355008171201389e+00
1.010658410910615368e+00
1.009369655043934166e+00
1.006807464276870068e+00
1.003042386382910989e+00
1.002669954269948205e+00
9.963189090097608336e-01
9.934693056016451473e-01
9.929257184535994485e-01
9.904240854936441352e-01
9.853193076890786051e-01
9.843756044039221331e-01
9.823314710988269027e-01
9.805267219100526344e-01
9.771698425187455017e-01
9.731132379032808588e-01
9.719632516844886050e-01
9.672310247117776871e-01
9.651678756458235142e-01
9.634426374228490797e-01
9.622719130345620542e-01
9.587922649711089207e-01
9.567329676332301247e-01
9.547329608319720107e-01
9.502956928781658430e-01
9.493216440880448692e-01
9.455911564024137572e-01
9.449693807874417484e-01
9.405460816481359121e-01
9.390938314784670338e-01
9.381629225446004305e-01
9.352813163129602980e-01
9.341587676774492088e-01
9.331752889018994912e-01
9.307334983090028713e-01
9.290672652669884624e-01
9.268385068263786941e-01
9.230278246388634589e-01
9.207766233645361398e-01
9.205171029656677995e-01
9.191335535296837334e-01
9.138635391358049809e-01
9.130187172037020904e-01
9.115163280434919191e-01
9.101040232386918838e-01
9.087442084032636425e-01
9.053873658255374712e-01
9.007627138673356404e-01
8.991606184702357618e-01
8.984987517527177614e-01
8.961058486168269610e-01
8.938131705722961451e-01
8.922062580577937441e-01
8.915687638557293626e-01
8.882807513082694451e-01
8.863185959193082830e-01
8.851897498566005940e-01
8.839607876814994381e-01
8.830292141211939505e-01
8.816732209674867926e-01
8.778403911266262627e-01
8.759101208190780419e-01
8.752593081569108868e-01
8.720116614638423469e-01
8.686755424060618180e-01
8.667707456112117015e-01
8.648004290034109198e-01
8.637558394939176543e-01
8.616767573971928496e-01
8.605396936303932875e-01
8.592489998852544941e-01
8.571226517715238025e-01
8.547219229253808503e-01
8.534814816461947506e-01
8.506731903929771743e-01
8.502839546614905375e-01
8.484526916118111384e-01
8.475251754238599666e-01
8.469639777405582048e-01
8.436768254704126724e-01
8.421093717996874783e-01
8.415582151017960699e-01
8.394784441924538765e-01
8.385309794419566476e-01
8.372125907207605966e-01
8.354796741664806126e-01
8.331751669458121734e-01
8.308093540315079073e-01
8.287655178883536200e-01
8.278141859387236901e-01
8.270011639065854014e-01
8.259309786137629672e-01
8.233227328425269942e-01
8.219647392599859215e-01
8.206468491033414026e-01
8.186635904529530050e-01
8.177070437789831781e-01
8.171349883170451189e-01
8.161390615306721719e-01
8.126750399095984401e-01
8.103827329744369701e-01
8.087838320764314526e-01
8.076665090432544325e-01
8.055955154739106172e-01
8.048444395730794954e-01
8.033755628242429392e-01
8.022458509867823606e-01
8.018846509944173029e-01
8.001871424429388702e-01
7.977220847911039581e-01
7.972947981867264389e-01
7.938837581747094641e-01
7.934162354757358093e-01
7.923586967809462811e-01
7.914221110824025684e-01
7.900961390693383990e-01
7.895357260576195690e-01
7.866220529340902656e-01
7.864201544623447004e-01
7.838960570257249572e-01
7.826237283016799218e-01
7.812309085982105383e-01
7.792428852931470029e-01
7.786505622757124989e-01
7.758638836510263204e-01
7.740977214216321345e-01
7.735368562244729906e-01
7.719921156351381430e-01
7.698307683487396469e-01
7.694804786981240818e-01
7.655102504627763205e-01
7.652753847273828791e-01
7.644697334438518288e-01
7.636331122222880241e-01
7.608077120777479996e-01
7.595260306020829022e-01
7.590621639318101410e-01
7.558047327157454420e-01
7.555387518910832156e-01
7.549530740516923188e-01
7.538539779678754549e-01
7.501691945037449738e-01
7.483602177101295050e-01
7.479995436883153381e-01
7.463901279855169602e-01
7.449364669503986125e-01
7.439417730300762477e-01
7.432792870907053429e-01
7.398473914516873196e-01
7.392711978055368505e-01
7.375929461709194168e-01
7.356124724156249961e-01
7.335857128051093135e-01
7.333868125779994251e-01
7.315243452006060521e-01
7.297837918558170989e-01
7.286856544228367261e-01
7.275096958292167626e-01
7.252896903196541789e-01
7.244896461603665960e-01
7.229587680948847961e-01
7.216761543415954883e-01
7.207107105512153833e-01
7.188535640424693618e-01
7.182713667508866529e-01
7.181056219173583832e-01
7.153774644790871218e-01
7.140475040028355647e-01
7.127705579872745112e-01
7.126116009653468142e-01
7.111650877154960249e-01
7.093773450847268291e-01
7.065138772001222645e-01
7.056749779189992466e-01
7.052920457564731960e-01
7.021403847368551387e-01
7.012480956190564330e-01
7.001163390668951880e-01
6.982864572398232994e-01
6.976422153109812507e-01
6.964636856527132158e-01
6.947598053080626945e-01
6.943268367729374946e-01
6.915544466829118830e-01
6.908798681868818514e-01
6.887265969630925744e-01
6.879974591333296585e-01
6.864537840617118691e-01
6.855316870674347252e-01
6.846991836698834710e-01
6.831625787876153266e-01
6.826883186549118632e-01
6.813190250164807837e-01
6.807662779154982635e-01
6.777472291103153745e-01
6.761804362940029289e-01
6.754106549312425267e-01
6.752034544561692497e-01
6.737351562863985732e-01
6.715153477191510012e-01
6.695119290424493830e-01
6.685717184512518507e-01
6.674133188157542751e-01
6.667982849976671345e-01
6.661678423442447539e-01
6.640653335135774382e-01
6.611706789677683771e-01
6.602978036169770970e-01
6.588798776021024262e-01
6.579481186861764197e-01
6.562147337362131960e-01
6.549485416160077955e-01
6.541602032898714558e-01
6.538436303831365315e-01
6.520093093260627137e-01
6.493382162789760326e-01
6.490290802338529730e-01
6.474694577909846371e-01
6.470789995127742555e-01
6.446294105839236455e-01
6.441031470628383326e-01
6.417018628055547458e-01
6.406885758493546801e-01
6.398538436063453405e-01
6.383989166215368050e-01
6.373738489059915802e-01
6.362232213619821719e-01
6.347720278873532074e-01
6.339250432137665259e-01
6.309310128236292892e-01
6.301816356155591770e-01
6.295425819035446180e-01
6.278277773007501228e-01
6.259337168693305253e-01
6.250124803159816667e-01
6.244744205718800734e-01
6.232162658019470003e-01
6.224959721584724104e-01
6.208984039883241879e-01
6.203135863874218447e-01
6.194987923784933681e-01
6.173085291942000952e-01
6.169606192974292913e-01
6.161097473907328759e-01
6.147175057471644388e-01
6.112430843018172855e-01
6.096745230604306842e-01
6.091248930180742649e-01
6.077314616494929878e-01
6.072307420992794080e-01
6.061772246133099173e-01
6.033849030348055198e-01
6.025621828469902574e-01
6.013312110219611872e-01
6.012362929145771417e-01
5.997740687716179853e-01
5.978292366087607501e-01
5.967197903692736949e-01
5.961556068808295805e-01
5.952399379535874280e-01
5.951601494454925589e-01
5.934121826560609936e-01
5.911431582845969590e-01
5.896727711037248465e-01
5.894622527320739769e-01
5.863259472459776411e-01
5.859030443760344653e-01
5.846743880643596736e-01
5.832513649954838009e-01
5.818409733469908085e-01
5.800256340225372620e-01
5.783889808347990602e-01
5.775054181505063777e-01
5.768964293799870857e-01
5.756663348344266407e-01
5.733918019919571618e-01
5.727326265377976622e-01
5.718620489033608978e-01
5.705261960238136032e-01
5.687880236502582676e-01
5.681676100517383254e-01
5.672295721304506655e-01
5.669515325504245196e-01
5.651790025575509357e-01
5.646111287899534537e-01
5.633272399000629482e-01
5.619065221417619549e-01
5.602605170767173126e-01
5.592724257698841184e-01
5.586685693283360843e-01
5.572623935629634762e-01
5.542629834448254966e-01
5.540704205081444789e-01
5.527263130145050329e-01
5.520637555128590224e-01
5.502221221106021742e-01
5.478433428535866012e-01
5.469856363927947385e-01
5.463404473986245291e-01
5.455383865004644894e-01
5.445330701956253572e-01
5.423934818548689085e-01
5.414136276341231513e-01
5.405660120056950957e-01
5.395449987521401258e-01
5.380886253242870287e-01
5.370174452367648676e-01
5.365651962824525834e-01
5.351668904020820960e-01
5.330245996933183905e-01
5.315476491852177965e-01
5.308459038415582754e-01
5.293188126660488546e-01
5.281533234425032086e-01
5.270724450069305123e-01
5.259918732066976021e-01
5.244872139139805656e-01
5.228528654447708313e-01
5.223148309861133098e-01
5.207125832128270959e-01
5.202747812405346117e-01
5.185454261413066090e-01
5.163414474147597355e-01
5.160856998735773304e-01
5.151859574004001852e-01
5.137611419605879748e-01
5.120377254252768129e-01
5.114349167279769182e-01
5.105757119523917087e-01
5.097464239014158904e-01
5.068339005240003470e-01
5.060383052376657975e-01
5.046707972740182013e-01
5.041093180409624841e-01
5.027906002254568518e-01
5.016783186806698103e-01
5.005224033763453484e-01
4.997252182235307760e-01
4.980817462862572320e-01
4.966016985748267776e-01
4.955272559349198636e-01
4.950797842034556639e-01
4.939321499214185396e-01
4.924094841630416997e-01
4.916346354342295277e-01
4.897773921048034218e-01
4.878554005130831261e-01
4.872755021559730948e-01
4.860242730796915933e-01
4.846225549437309099e-01
4.836252036348612227e-01
4.815917340147023995e-01
4.798930196674244808e-01
4.794100167161059467e-01
4.784508940149162504e-01
4.765023555497066576e-01
4.750379729126621986e-01
4.739360638785216073e-01
4.728535662477123536e-01
4.725384402996674615e-01
4.715865199272945563e-01
4.697337854590881712e-01
4.692495106254640502e-01
4.673197549399689121e-01
4.655139151565212963e-01
4.653439862815878514e-01
4.638014783220815174e-01
4.617058702491813049e-01
4.615812526672515292e-01
4.592640642967297793e-01
4.584317680279233476e-01
4.580005438230499437e-01
4.563261377127448837e-01
4.548398799601816589e-01
4.543543315180968989e-01
4.531022329300165019e-01
4.510260739313944889e-01
4.498649055550454356e-01
4.483496822678746385e-01
4.478292724826133386e-01
4.469820599133207950e-01
4.436619618011663491e-01
4.430699818742149243e-01
4.421701046809903279e-01
4.417039578237311193e-01
4.403883844699743588e-01
4.388398327675822053e-01
4.375351463812372499e-01
4.368912261716053624e-01
4.348503611848004158e-01
4.332469171111868467e-01
4.312727236245171847e-01
4.308619196328682399e-01
4.299506489722458857e-01
4.288803470439823684e-01
4.275718000361843352e-01
4.263130021243183299e-01
4.237398766285320750e-01
4.226745463065060826e-01
4.220143378559509939e-01
4.196782853436247240e-01
4.190070366124217793e-01
4.169960096854120057e-01
4.159970435393843258e-01
4.140302275150012368e-01
4.127263576672981493e-01
4.117929783580503433e-01
4.108485199826430456e-01
4.096308874643800335e-01
4.081660093555374291e-01
4.064619173599957613e-01
4.029260614305222865e-01
4.010504436763402958e-01
4.009096447005793262e-01
3.992342198891467575e-01
3.977833231703606365e-01
3.948894579420560991e-01
3.929527293753825035e-01
3.924046926915318312e-01
3.914117596014793365e-01
3.905837635915706541e-01
3.891791095146318047e-01
3.866375227697682049e-01
3.855718006438929590e-01
3.849144269481948322e-01
3.834926206716425257e-01
3.819182165194118794e-01
3.800253731185465611e-01
3.785631151075217748e-01
3.777379556746485734e-01
3.772360578094454131e-01
3.754406346141180850e-01
3.718502815989583321e-01
3.706351852850284789e-01
3.690044675745241531e-01
3.688292416363841419e-01
3.653751818813355534e-01
3.634036034627698419e-01
3.628605301441134579e-01
3.610955531577621502e-01
3.588641378143678229e-01
3.568665845152856897e-01
3.536544198379902859e-01
3.531921661747657870e-01
3.471458487220440148e-01
3.442809974471500167e-01
3.420734527268081693e-01
3.418255864962449486e-01
3.409610351541378370e-01
3.385647542262609777e-01
3.354229861546439428e-01
3.348468979158785719e-01
3.337433969137078016e-01
3.326164674324630366e-01
3.304892007330988979e-01
3.290193249752437210e-01
3.278678859045281446e-01
3.269965862964039349e-01
3.247002264072832434e-01
3.239749405181466813e-01
3.212774078381074316e-01
3.202174670544679080e-01
3.194735142696276675e-01
3.181805635680445832e-01
3.173891989181535922e-01
3.167394106610181281e-01
3.159582751382962740e-01
3.142357171210222178e-01
3.138836986771169069e-01
3.131177919586440317e-01
3.128500452801906695e-01
3.114417006003112887e-01
3.103459583463151761e-01
3.080819955157830248e-01
3.074737412707044260e-01
3.060347877965263197e-01
3.055524482560056931e-01
3.052397587171625792e-01
3.044817664802144108e-01
3.039683117327076078e-01
3.030890298525774074e-01
3.021394303695887906e-01
3.014744928335836849e-01
3.004322340701461869e-01
2.996215949426701552e-01
2.989885095745557497e-01
2.981027389821799267e-01
2.962332010334571830e-01
2.959659559803707873e-01
2.951287424123146264e-01
2.944293557149110230e-01
2.927847198090172132e-01
2.926313415113845351e-01
2.921388832709123640e-01
2.910926380353355269e-01
2.908493971110161502e-01
2.900149104550237000e-01
2.893428140482107724e-01
2.884475622852572529e-01
2.876851612548975146e-01
2.867265043549411807e-01
2.865057000960603562e-01
2.860435964759464600e-01
2.848515916773159962e-01
2.837268817467195614e-01
2.828586105719926858e-01
2.827233309308989084e-01
2.825294151704207390e-01
2.805060993942466996e-01
2.794816078565230955e-01
2.788480109519084760e-01
2.782270462455350701e-01
2.776042738004068644e-01
2.763577952235602986e-01
2.756505538464871230e-01
2.750220491487384566e-01
2.742982886368075524e-01
2.741589203780011585e-01
2.736052404230347457e-01
2.726790510575539672e-01
2.718982970712766623e-01
2.711275800050474971e-01
2.708538248076441390e-01
2.695037569253541099e-01
2.693058452717748685e-01
2.688024767313876295e-01
2.681671956759711928e-01
2.672943815149138591e-01
2.666306860197819040e-01
2.659058570904764829e-01
2.653071315917463480e-01
2.643001080831057781e-01
2.636944376228942954e-01
2.626560763990405944e-01
2.620383559086189584e-01
2.609116256974285952e-01
2.601396552166188592e-01
2.593529905264490010e-01
2.588173050636384254e-01
2.580659193460095868e-01
2.574408166685243082e-01
2.569287252135007416e-01
2.558042734605768809e-01
2.555567070539637720e-01
2.548471547132039605e-01
2.540484127687983040e-01
2.534675223875820782e-01
2.529524588371624416e-01
2.521330955438798038e-01
2.515035121194890144e-01
2.504320850396127285e-01
2.499674047848982616e-01
2.492685229014303117e-01
2.488989262233820277e-01
2.483308982125624620e-01
2.477135831817146860e-01
2.467228439296293707e-01
2.463924228192527766e-01
2.455887806345847246e-01
2.445726981349723161e-01
2.443232171770595984e-01
2.435492923503257690e-01
2.431224703764922335e-01
2.428000853512276846e-01
2.416270426043162223e-01
2.407887086393899756e-01
2.395821157913887167e-01
2.390692246119925923e-01
2.377811961816146402e-01
2.372793024170300746e-01
2.370183540783747378e-01
2.366274797010090025e-01
2.364780869613705427e-01
2.351647535412438594e-01
2.341160922358246910e-01
2.337173563078608352e-01
2.333874579394950854e-01
2.329315925790295394e-01
2.323859974146967322e-01
2.309878934696425745e-01
2.308746887814076276e-01
2.302580183964193783e-01
2.296515025780747066e-01
2.289046302144245593e-01
2.285893595017926272e-01
2.281876139994742647e-01
2.278679327689945300e-01
2.265783880319733046e-01
2.265068548932084314e-01
2.258138173965560658e-01
2.250735066205828971e-01
2.246151737798091630e-01
2.243480360084351422e-01
2.239980695649203268e-01
2.231494324684772657e-01
2.217140905945543805e-01
2.213748185600137586e-01
2.208792917912651144e-01
2.206390711681099903e-01
2.199575523585515502e-01
2.193109198848900987e-01
2.180656490853189466e-01
2.173383087750472842e-01
2.170917708375166288e-01
2.162746937169990613e-01
2.156677729650483821e-01
2.153341508121200398e-01
2.147027828290457574e-01
2.143028817321175339e-01
2.141740998701462395e-01
2.129052005459272645e-01
2.126898776818970938e-01
2.124634903398564534e-01
2.120449576044743933e-01
2.116407875628154855e-01
2.108884685840104467e-01
2.100997819030896163e-01
2.096462552963593295e-01
2.087929893432136086e-01
2.079484232425190815e-01
2.076583900665051885e-01
2.064422577287077787e-01
2.063264625064268332e-01
2.059636704895441150e-01
2.050808751087050130e-01
2.046444534718329378e-01
2.043440265792760002e-01
2.039186055825216726e-01
2.035827955518138832e-01
2.032137313367185505e-01
2.028665579083950843e-01
2.018002248379249519e-01
2.014815232835462933e-01
2.009950469248873717e-01
1.999283743610634489e-01
1.994906254421438541e-01
1.993074149494077907e-01
1.990946545708101312e-01
1.983648615611139365e-01
1.969957559678400250e-01
1.969027749902944602e-01
1.964586131956558013e-01
1.962940358802918450e-01
1.957214711402734952e-01
1.951354667521817410e-01
1.949395206323614183e-01
1.948067358083224176e-01
1.934745267621555964e-01
1.927704664782834698e-01
1.925055831509882298e-01
1.919333788764865378e-01
1.912153413721124628e-01
1.905895647242239199e-01
1.902889571115221612e-01
1.899974737247918377e-01
1.898053162374360447e-01
1.892355454690189398e-01
1.889147202333139597e-01
1.883190941387012096e-01
1.881529376134176978e-01
1.877545204639746446e-01
1.870841199866819793e-01
1.864858876928603415e-01
1.863339937570495930e-01
1.855296210184535499e-01
1.846445493161263662e-01
1.844633348311474352e-01
1.833499606930588111e-01
1.832094118063603283e-01
1.827652820535316247e-01
1.825835769796346209e-01
1.821811961364983856e-01
1.818341993315278626e-01
1.813149707704787561e-01
1.803240640722865162e-01
1.799690388380805750e-01
1.797227905597010289e-01
1.793461642330640704e-01
1.789968449266085559e-01
1.785814857100737896e-01
1.783710879308258723e-01
1.774745534912226252e-01
1.772606257622470205e-01
1.771002937540567534e-01
1.763354497564430801e-01
1.760485487838054641e-01
1.759722149399320090e-01
1.751685740209729392e-01
1.746027334481835558e-01
1.745184855597839424e-01
1.743631425187430473e-01
1.737469740762805637e-01
1.735693006014296658e-01
1.732249099789879010e-01
1.728211079683880658e-01
1.724839372989621644e-01
1.723995646074601706e-01
1.717194298057691249e-01
1.713582291719607797e-01
1.706754633620849726e-01
1.705476733136739032e-01
1.698932725619798911e-01
1.693923360953832613e-01
1.693389455826192214e-01
1.692539508369357015e-01
1.690097630169120346e-01
1.686083805297877158e-01
1.681477554498439497e-01
1.679059979633830413e-01
1.676419934381990773e-01
1.672686963470760568e-01
1.665123223940845609e-01
1.660575224209574485e-01
1.659587845099818881e-01
1.658273580409219961e-01
1.654846480183181923e-01
1.652913787020301450e-01
1.646794563033077696e-01
1.637178269154467292e-01
1.636076740765283477e-01
1.632370766456470446e-01
1.628554557228719113e-01
1.626641218738738848e-01
1.622720702399113313e-01
1.620163580433490180e-01
1.619097048940217054e-01
1.614539094282413656e-01
1.610674203489577405e-01
1.606527827992985658e-01
1.605221082799995480e-01
1.603551508065073627e-01
1.599190919371717978e-01
1.597649019120432612e-01
1.588881671732876588e-01
1.587748836098223371e-01
1.583424796034562654e-01
1.581296851061899378e-01
1.576993067448665686e-01
1.573483336576334546e-01
1.571242654147007589e-01
1.570115554241325040e-01
1.567839026507243105e-01
1.563993239201823815e-01
1.559250622170937906e-01
1.557786703656608984e-01
1.556334156655967971e-01
1.551415335792653838e-01
1.550296495819996623e-01
1.546407405830745596e-01
1.543739306858235016e-01
1.541472656606867331e-01
1.539368715135616683e-01
1.535855730607820213e-01
1.530677518202035459e-01
1.529910000323778108e-01
1.526028027887723626e-01
1.523637315225261357e-01
1.522729770241964542e-01
1.516137291096560091e-01
1.512614303514072944e-01
1.511682333907510556e-01
1.507084666999616018e-01
1.504859391577659800e-01
1.500937707858323311e-01
1.500212476453857968e-01
1.494602105973282802e-01
1.491852340237066477e-01
1.490301056435680005e-01
1.489038751884391720e-01
1.486395229322762523e-01
1.481768576080788880e-01
1.479286771375557807e-01
1.476040044697179698e-01
1.473619951697398844e-01
1.471181664026678659e-01
1.467399883422685347e-01
1.461959429772721197e-01
1.457243269639660055e-01
1.456546875712411426e-01
1.454165404341818679e-01
1.451984120976606285e-01
1.447244238164080432e-01
1.443811556722076894e-01
1.443439853669414574e-01
1.440372682854908770e-01
1.437449756985442473e-01
1.434839263286047384e-01
1.434512670384915645e-01
1.433420898985074965e-01
1.428663293141657631e-01
1.427653975005218345e-01
1.423736217655566239e-01
1.422967210350117861e-01
1.421172367347379450e-01
1.419757848783111398e-01
1.414253034345154258e-01
1.412806051023940135e-01
1.411107384863154457e-01
1.405872970580376302e-01
1.404679401218227042e-01
1.404142205588426728e-01
1.402583951353736924e-01
1.398431578927923080e-01
1.396242890373624035e-01
1.395064546957209273e-01
1.392188385930152594e-01
1.389205108185747328e-01
1.387832895438949332e-01
1.382752124166813645e-01
1.379406126152561418e-01
1.377864170337746996e-01
1.375047169534477642e-01
1.373461264125658277e-01
1.372671021355831300e-01
1.371104088529596365e-01
1.368253686757610887e-01
1.364873494784630548e-01
1.362520104680188526e-01
1.360003594314930508e-01
1.358100465103110055e-01
1.355039535880309398e-01
1.353486787719362372e-01
1.352892459186441909e-01
1.350649238166433674e-01
1.349711401645181663e-01
1.348148541989571125e-01
1.344350748397197259e-01
1.343334767243198058e-01
1.338839487356537905e-01
1.337723493482415871e-01
1.335620551409418266e-01
1.331326323025747715e-01
1.329365096952160874e-01
1.327748883639271460e-01
1.327199057127313730e-01
1.326486754280618852e-01
1.325677977437879351e-01
1.324740954973171181e-01
1.321650710293047204e-01
1.320378256168978082e-01
1.317628104182216320e-01
1.315104100068348325e-01
1.313863100822439955e-01
1.311230553080914296e-01
1.308313670045231913e-01
1.306474445520857675e-01
1.304897887106969412e-01
1.303697513515083006e-01
1.301768915366474100e-01
1.301250063280278424e-01
1.296974378505317549e-01
1.296047222973537583e-01
1.295148799736759171e-01
1.290539811195174358e-01
1.290462217189522198e-01
1.288591646256272982e-01
1.286666402127689401e-01
1.283738356506592404e-01
1.282270751851756763e-01
1.278456428095143538e-01
1.275356238456571700e-01
1.272811393660721324e-01
1.272016119241943244e-01
1.270577794809659433e-01
1.268633221766208574e-01
1.267535535179503958e-01
1.265897972992289788e-01
1.265302064791962444e-01
1.264393959511589671e-01
1.261874385808890442e-01
1.259082375881541427e-01
1.256907607616595257e-01
1.255890931814696576e-01
1.254555417320687705e-01
1.253457256605854941e-01
1.251378382483484542e-01
1.250980780215519839e-01
1.248805444473776310e-01
1.247637172305866016e-01
1.244338702012189601e-01
1.242805845309453150e-01
1.241807796707507100e-01
1.240221064014152136e-01
1.239898621886987018e-01
1.237414849205341338e-01
1.236183635350417281e-01
1.232774899600938695e-01
1.231742851124394411e-01
1.231460270337681739e-01
1.228277918632775662e-01
1.226375421858603987e-01
1.224385278679267219e-01
1.224053516894181293e-01
1.223005253552362226e-01
1.220449591639091030e-01
1.219259955609731383e-01
1.218808463191747432e-01
1.217435338638652165e-01
1.214094536811702874e-01
1.213415799639756404e-01
1.210737998047164143e-01
1.209395139855464485e-01
1.208051969317559954e-01
1.207100038164524575e-01
1.205274126139835311e-01
1.202566472152466898e-01
1.202254735168901273e-01
1.199654173294400633e-01
1.197963312145112619e-01
1.195211033614711621e-01
1.194228008570609179e-01
1.192342920245452187e-01
1.191009208402379338e-01
1.189362388406729615e-01
1.187366988554673930e-01
1.185376600809348036e-01
1.184572633657507007e-01
1.183534357760699790e-01
1.181646189852036677e-01
1.180709634504106681e-01
1.179149370043474088e-01
1.177601575156352748e-01
1.175903245096993482e-01
1.174461960784174280e-01
1.173453415845889802e-01
1.173332217490644508e-01
1.171544747575283263e-01
1.169074797960663742e-01
1.167659297155366899e-01
1.166828444691913602e-01
1.166675131938419985e-01
1.164446680542868817e-01
1.163859883545776269e-01
1.162431151176499949e-01
1.161402773750561807e-01
1.159445635396249702e-01
1.157201567981806234e-01
1.156814973049562351e-01
1.155559982488237880e-01
1.154573341362403471e-01
1.152748407806730574e-01
1.151933002851356358e-01
1.150566334134577595e-01
1.148947741695482000e-01
1.147266425690791486e-01
1.146226588372842858e-01
1.145445257871154920e-01
1.143196592439461312e-01
1.142593177403443266e-01
1.141340231652330645e-01
1.140232996924257225e-01
1.139694291483881461e-01
1.138788649088217780e-01
1.137337395794523615e-01
1.135258181119635640e-01
1.134606387175776943e-01
1.133221139392411175e-01
1.131633644776425807e-01
1.130730044210153662e-01
1.129475965662377762e-01
1.126948831231478626e-01
1.125435109083858104e-01
1.124104708464894881e-01
1.123780517645241311e-01
1.122589735935792671e-01
1.121966018649593888e-01
1.120538889542793404e-01
1.118529336336388236e-01
1.118077247250418849e-01
1.117140386599485419e-01
1.115778545933973909e-01
1.113910987112986251e-01
1.112326913894085556e-01
1.111634943759339245e-01
1.110379590959164331e-01
1.109787458214063355e-01
1.108933965620580026e-01
1.107808817185651634e-01
1.106405033022538342e-01
1.104797826715675363e-01
1.104380446169910962e-01
1.103570009393141232e-01
1.102653786850260470e-01
1.099924093642273559e-01
1.098370394931092592e-01
1.097531307115347382e-01
1.097189826968917592e-01
1.095208832645084007e-01
1.094103490775805848e-01
1.093642866532688745e-01
1.093423460971218591e-01
1.091222095451607893e-01
1.090023001815836334e-01
1.089628046633086822e-01
1.088026738922226178e-01
1.086533200959920037e-01
1.085867240922172849e-01
1.084734247435271554e-01
1.084658231131102463e-01
1.082696641822824268e-01
1.081631349536370940e-01
1.080725366675752142e-01
1.080121802756759120e-01
1.079078929892567096e-01
1.077218481042118842e-01
1.076011182000001093e-01
1.075794286899213609e-01
1.073165644173032507e-01
1.072675809368374561e-01
1.072309850009494220e-01
1.071450485286051385e-01
1.070577187106777073e-01
1.069954216167932348e-01
1.068682969304554226e-01
1.067262039688921665e-01
1.065080095673732186e-01
1.064901333171101860e-01
1.063621757905002518e-01
1.062813057284056756e-01
1.062203853661013719e-01
1.060780978053457307e-01
1.060257358981566977e-01
1.059139621677188253e-01
1.058525064839497681e-01
1.056831864107384278e-01
1.055682200752556948e-01
1.055164049348022992e-01
1.053868240290146974e-01
1.053721403521447886e-01
1.052130271197382894e-01
1.051379710610796242e-01
1.050795671362162453e-01
1.050636433685102622e-01
1.048697012925092070e-01
1.048257346430798154e-01
1.046548482009332648e-01
1.044831211074580268e-01
1.043717709037372543e-01
1.043383932977678952e-01
1.042807442420396330e-01
1.041865770623070370e-01
1.040562128079304816e-01
1.039143654606179690e-01
1.038404885042441689e-01
1.037175500602295908e-01
1.036694484674579586e-01
1.035476277054264982e-01
1.035417971344769206e-01
1.034712123724620542e-01
1.034021576412435250e-01
1.033650565175926878e-01
1.032054233285083361e-01
1.031280195370392755e-01
1.030606535334737950e-01
1.028767870708537646e-01
1.027100100632890173e-01
1.026697104100727370e-01
1.025953574630807386e-01
1.024142627969783087e-01
1.023706115326391830e-01
1.022780942106157193e-01
1.022659886606323981e-01
1.022209189970690879e-01
1.020776925182636241e-01
1.019236650311488301e-01
1.018093203652785245e-01
1.017491263544130498e-01
1.016209010573754928e-01
1.015484392239574124e-01
1.013585461442557956e-01
1.012528888781644293e-01
1.011491105107799326e-01
1.011172588961043173e-01
1.009765606145278105e-01
1.009438990147722287e-01
1.008403858357664468e-01
1.007814523533789586e-01
1.006838303361354131e-01
1.006435998471362919e-01
1.006180116862910590e-01
1.005030767201598868e-01
1.003493980023425214e-01
1.002115847079358968e-01
9.999575812425724741e-02
9.995385584307771298e-02
9.988933236403448046e-02
9.980331056041952253e-02
9.963646766770363483e-02
9.953830514901225446e-02
9.951316519821072626e-02
9.936946918488337444e-02
9.934577901599807304e-02
9.920974470055199390e-02
9.910532460022911105e-02
9.906572921047467062e-02
9.890943412585943839e-02
9.883146316179111657e-02
9.877156817827148494e-02
9.859630066218441624e-02
9.852788443544223396e-02
9.851407591875546710e-02
9.845662761668862173e-02
9.827469148592085646e-02
9.817150484576309122e-02
9.812623322957234051e-02
9.798379318763164592e-02
9.794504264584052988e-02
9.792166745311600695e-02
9.784992725852163786e-02
9.777516717425074888e-02
9.774295557150014524e-02
9.768111657348392540e-02
9.756497229344404665e-02
9.739138117744851331e-02
9.729187821617982235e-02
9.721660373056491278e-02
9.713925601171582991e-02
9.699432797407001039e-02
9.696388568018031451e-02
9.689830193986705142e-02
9.685393041136658443e-02
9.672337676070778822e-02
9.668149973919908102e-02
9.657171389121473049e-02
9.647044470250557002e-02
9.637637251803662930e-02
9.627826585270668480e-02
9.623181174997480491e-02
9.619384474449810263e-02
9.607897545944359130e-02
9.599963925644433571e-02
9.593632367252770410e-02
9.581452719439412236e-02
9.572553847156556328e-02
9.562183669837286126e-02
9.559727629108696889e-02
9.549143724915500064e-02
9.538297646303334210e-02
9.531446731509107817e-02
9.528288647961591362e-02
9.520913739987497959e-02
9.513460062034397036e-02
9.500432173986859963e-02
9.483057422251878199e-02
9.479381647294805868e-02
9.468352757953754639e-02
9.459829784539151853e-02
9.453017981266480241e-02
9.440970437507031909e-02
9.434600832310273411e-02
9.429967678110447171e-02
9.423180540544151551e-02
9.417424880229664785e-02
9.406695340416389162e-02
9.393008590686856285e-02
9.390436159747066192e-02
9.380675496404401736e-02
9.373856965647292538e-02
9.368811992972768399e-02
9.364429856537985486e-02
9.345235787866464083e-02
9.341255714120472176e-02
9.336410001166277339e-02
9.315005330525978622e-02
9.307946692148295897e-02
9.291793098838894982e-02
9.285652409751428416e-02
9.275278488088641027e-02
9.270745082699315132e-02
9.264698773124424580e-02
9.247684091762360670e-02
9.244449989319547534e-02
9.231581103884278772e-02
9.229964829685548267e-02
9.208127204765778617e-02
9.205636993312552030e-02
9.195858575482916686e-02
9.182902814947943582e-02
9.174764539684106268e-02
9.166944733527998546e-02
9.154233050843743613e-02
9.141295716535537130e-02
9.131492135563509804e-02
9.115773732892012982e-02
9.107218737614063142e-02
9.103202135256299732e-02
9.095463034115448819e-02
9.082024958283431426e-02
9.077896391843078006e-02
9.066513495731050309e-02
9.064650855042793998e-02
9.058075372958833416e-02
9.051801495782059448e-02
9.044636213266120384e-02
9.025559339358178723e-02
9.014810703416617499e-02
9.008809685998880878e-02
9.003760610853747681e-02
8.990321134264631087e-02
8.985340555908140348e-02
8.980686423920884731e-02
8.966374690136219572e-02
8.962292008926350806e-02
8.946415764290761852e-02
8.944409476398797187e-02
8.928140171445264617e-02
8.920392784488642701e-02
8.911709721901571457e-02
8.901300744937355736e-02
8.894732022103057911e-02
8.889636825053909286e-02
8.888496616819066554e-02
8.877653269945576242e-02
8.873051227897367499e-02
8.861612470297917932e-02
8.853515670640134394e-02
8.849911675198406102e-02
8.845391112510254950e-02
8.830881691317278570e-02
8.820245245147237401e-02
8.817597787648605301e-02
8.809770916050374545e-02
8.797873693178696886e-02
8.791343444911770000e-02
8.786615482905159313e-02
8.781879674607345754e-02
8.763149386378955852e-02
8.752753990215945967e-02
8.741905546743967970e-02
8.728529621311550968e-02
8.726018618598914423e-02
8.721243875441542226e-02
8.713561171672769279e-02
8.706601665018671998e-02
8.693175213038166482e-02
8.690496802477754024e-02
8.683264253915017050e-02
8.675338260298075255e-02
8.664524252547943506e-02
8.661019456800807259e-02
8.653676542130855909e-02
8.651529777650676656e-02
8.646656951529416157e-02
8.636436554203366645e-02
8.635422786882197832e-02
8.620779102498232760e-02
8.611548443640763828e-02
8.603499874683785686e-02
8.601308679853446326e-02
8.584530811015238239e-02
8.577083581469915896e-02
8.570582890560338174e-02
8.567771715616762096e-02
8.551939344448308833e-02
8.534017330646373467e-02
8.525076534590650401e-02
8.523026494318972079e-02
8.512836119078977248e-02
8.505617401123191645e-02
8.498322316883501204e-02
8.485934851392804013e-02
8.467409014525750788e-02
8.461930622706653748e-02
8.452230156863668742e-02
8.442554335561132384e-02
8.433779541240826738e-02
8.429040795789938256e-02
8.420493937871736945e-02
8.414435368222016043e-02
8.406685817255564463e-02
8.401733440117026275e-02
8.384301585775952304e-02
8.371612112770547565e-02
8.366720961631485265e-02
8.356144344605774543e-02
8.347339563373641635e-02
8.336096608718171486e-02
8.330708162650066195e-02
8.315112016449276167e-02
8.306539802782775261e-02
8.306350905992536393e-02
8.299544046036229361e-02
8.291758191974889225e-02
8.281076789669236660e-02
8.267429004986644181e-02
8.260151866964711431e-02
8.242267003300100814e-02
8.240490524044476184e-02
8.231103069836454011e-02
8.218915037899510168e-02
8.213777246224378270e-02
8.206220746269342337e-02
8.203897815007588079e-02
8.191186571844383257e-02
8.179675940078978691e-02
8.169560506653532339e-02
8.165086038931446133e-02
8.151883343968419071e-02
8.130788903640423504e-02
8.123250362398873325e-02
8.110792212038001048e-02
8.080710396460952238e-02
8.064156842806305403e-02
8.051881590117251908e-02
8.037296287490880431e-02
8.029450658456797896e-02
8.001691560423050686e-02
7.995321226036988804e-02
7.990503977095904375e-02
7.982701516804115160e-02
7.970518459982604831e-02
7.958405195047479896e-02
7.951654632823523805e-02
7.945287889960708783e-02
7.933036790067098110e-02
7.923161278759245640e-02
7.920668115654889985e-02
7.905211377421916819e-02
7.869813805506903348e-02
7.853827454764118754e-02
7.847753437521100273e-02
7.836991648168251112e-02
7.825239044277161604e-02
7.818111037317589107e-02
7.807153223861648672e-02
7.789952938172077512e-02
7.759042563895297839e-02
7.750392832704497414e-02
7.742858076955376478e-02
7.737606038118184648e-02
7.700073683016474269e-02
7.699069964554035306e-02
7.683334752249966482e-02
7.680204423383166223e-02
7.667336713641682844e-02
7.658957543485878094e-02
7.626587287151437300e-02
7.615273184876920898e-02
7.606440714039480744e-02
7.579553054388521449e-02
7.571263393679951437e-02
7.567136663507137428e-02
7.555728962597171861e-02
7.549992048092621366e-02
7.544811499818226963e-02
7.540223001093310229e-02
7.525391231225547761e-02
7.488588647319932567e-02
7.482839076653648169e-02
7.443689453997934247e-02
7.427485290602732493e-02
7.418275047434605418e-02
7.392141432262010203e-02
7.354493827315260190e-02
7.322521985221780438e-02
7.282166374578606660e-02
7.262769070023937512e-02
7.244666213997744131e-02
7.225825997454309035e-02
7.207504151396129655e-02
7.178728777616170953e-02
7.162719112933391141e-02
7.152015523028830424e-02
7.068376157755498768e-02
7.060692686449283884e-02
7.045557761510429229e-02
7.038132211080772027e-02
7.032980994585484591e-02
7.008626010539591167e-02
6.994804798393458589e-02
6.961705679208735065e-02
6.911155312130796979e-02
6.629993674688085259e-02
6.554384164581616989e-02
9.427663706219564788e-03
2.481712893926844073e-03
1.640423657918532816e-03
1.426262031173365077e-03
1.415770652469385384e-03
1.253917600274390316e-03
1.005976985730199728e-03
8.439760502201353130e-04
7.245979604074558218e-04
7.181459331861347059e-04
3.674672521391096776e-04
