0.000000000000000000e+00 0.000000000000000000e+00 0.000000000000000000e+00 0.000000000000000000e+00 0.000000000000000000e+00 0.000000000000000000e+00
1.619223970364208939e-10 -3.971559594932448208e-14 -1.019281024292709432e-10 6.105347416156047180e-11 7.756283157788405486e-16 -6.105478220524475133e-11
5.308120422103079853e-11 7.404504855927614666e-14 -3.293288406086923609e-11 3.119153734206029546e-11 1.431285313477211946e-14 -3.120480099683922519e-11
1.424192590036615600e-11 2.612730155204222173e-13 -8.365616989768566589e-12 1.979981650830438559e-11 2.429609533477900669e-14 -1.982050989695229127e-11
2.029449173854386688e-11 2.563569436277067010e-13 -1.204732135564190449e-11 1.625180809571541981e-11 2.644578927907006027e-14 -1.629311496461854593e-11
1.166425022111997063e-11 -4.726712835600543208e-14 -6.605588669369662653e-12 1.275011957427533319e-11 2.583968488261339851e-14 -1.278583939507782544e-11
4.947108282664629024e-12 1.194068988016827184e-13 -2.315790885014101204e-12 1.032479025766174004e-11 3.204661754208164589e-14 -1.036395105538615736e-11
3.826820036592063120e-12 1.106360511875680824e-13 -1.631011026557036560e-12 9.151187378823128630e-12 3.806461110598363349e-14 -9.199906348490269808e-12
2.892332476604626860e-12 1.870676727918750553e-13 -9.999323881697981175e-13 7.912164258238388224e-12 3.473260499423437211e-14 -7.966385430224581932e-12
2.310596180373983305e-12 1.801345229024011551e-13 -5.906687316530019714e-13 7.205264826515538967e-12 3.936621719176131957e-14 -7.271220553688767215e-12
2.447149847277957866e-12 1.446309716237152035e-13 -7.236297205865166111e-13 6.608600609534946742e-12 3.724434480000258232e-14 -6.668706965247615335e-12
2.747941783958484695e-12 1.076920348390080668e-13 -9.263326959978474536e-13 6.692086814348108685e-12 4.273451317951499856e-14 -6.754576803219182424e-12
1.792570348695560917e-12 1.532842022472457870e-13 -2.534820931538385464e-13 5.928326905355232183e-12 4.179039343302948898e-14 -6.008685620490309261e-12
1.783377097791853636e-12 8.833191363159079656e-14 -2.611715707943929729e-13 5.557774639744473719e-12 3.478464141902897384e-14 -5.628147714459027735e-12
1.917596098879370197e-12 7.675609535199643364e-14 -3.610580183236907272e-13 5.475906501956757776e-12 3.669553209854985015e-14 -5.547362649078866349e-12
1.537401427958973591e-12 9.083926452153028368e-14 -1.052571269451883326e-13 5.111753769119899437e-12 2.808769256064461512e-14 -5.188575433705743414e-12
1.620944783120417016e-12 8.435848753079728506e-14 -1.208136468981913515e-13 5.055138633999276557e-12 3.445471960122949018e-14 -5.141168901476409719e-12
8.998731083715398068e-13 9.328911979305494434e-14 3.560128105255231823e-13 4.525340014058803879e-12 2.478048885914808060e-14 -4.621528002894780809e-12
7.647516566779481247e-13 1.051222307678958983e-13 4.346085828989533924e-13 4.370114415521529591e-12 1.988542516603507411e-14 -4.464434778216324721e-12
1.070576343874060510e-12 6.376104793191311091e-14 2.629074689172317875e-13 4.598560992105397441e-12 1.283460166840371199e-14 -4.691379535986233513e-12
6.707336176655014717e-13 5.649947041931648333e-14 5.018920249280873417e-13 4.270265539413503408e-12 9.334557078372044809e-15 -4.366106355897492195e-12
7.111803842063962409e-13 4.002754511109875334e-14 5.017799127201545022e-13 4.203132118448515583e-12 -6.473828111369764732e-15 -4.295002709796753691e-12
5.243522419696251646e-13 1.707078966741414700e-14 5.995178077485141170e-13 4.058569066474076168e-12 -1.111752143735549586e-14 -4.154826917485374550e-12
4.135994390453605430e-13 -3.173641960467672318e-15 7.072418277931328246e-13 3.870254032809357934e-12 -2.225557738995751897e-14 -3.967466636772676742e-12
5.671389057926691053e-13 2.375028433908598696e-14 6.002542936586958471e-13 4.037055423059983129e-12 -2.779247203425293432e-14 -4.142926680835249602e-12
4.238875163061794519e-13 -1.200486052609265508e-14 6.951729206558737340e-13 3.907252011219498449e-12 -4.078259938630166684e-14 -4.008716860532203273e-12
5.264838118762315757e-13 -6.675635920848663353e-15 6.392411522268783200e-13 4.054348833798914565e-12 -5.380499741971727986e-14 -4.163201319997992619e-12
3.663183658285334986e-13 4.142540003510138026e-15 7.400219983156822095e-13 3.846367640613965589e-12 -7.170909368168888530e-14 -3.960084456540358341e-12
3.553125627648217848e-13 -3.642448750892040205e-14 7.459778061631825519e-13 4.141991967580198926e-12 -7.451345451510774252e-14 -4.246105954384243093e-12
5.469705321017983684e-13 -6.810928058009066194e-14 5.941578784886217630e-13 4.438518733209257887e-12 -7.606656205227805049e-14 -4.544634631382000174e-12
3.784406533165967438e-13 -7.637560351654323180e-14 7.007952994935314228e-13 4.433167453817900508e-12 -9.294579431152317602e-14 -4.532727547047011674e-12
3.531544728490245798e-13 -7.231584840498361078e-14 7.344618768512851960e-13 4.492333422925545793e-12 -1.144909565523961047e-13 -4.599419684517473100e-12
2.779796856774370341e-13 -8.724748204702734917e-14 7.479697598069264681e-13 4.438564970632627796e-12 -1.157193624424422812e-13 -4.550384529346093807e-12
2.417356847549405754e-13 -9.798979157969192498e-14 7.657482398221733919e-13 4.728700313035849877e-12 -1.310819774035363299e-13 -4.840281343745723358e-12
3.202529465461137238e-13 -1.108029815054923666e-13 7.082534641970863515e-13 5.200137544582989547e-12 -1.373427060853821174e-13 -5.317058235040360028e-12
2.904719369103593969e-13 -1.263427378725904761e-13 6.954580418757218522e-13 5.838761328956669837e-12 -1.426548151877814351e-13 -5.951117147441255475e-12
2.967762911328667858e-13 -1.276972551324487835e-13 6.884725804387789341e-13 6.591549060056072649e-12 -1.527508301848752909e-13 -6.710254116177799655e-12
2.616470670733464746e-13 -1.357824339944503638e-13 6.842792530730308648e-13 7.340351612919113636e-12 -1.562901877946195963e-13 -7.461761105237009435e-12
2.640818029134097362e-13 -1.358103551507276121e-13 6.640541494104098077e-13 8.614919845619722949e-12 -1.598279993164528265e-13 -8.746661061720025247e-12
3.223970182900684601e-13 -1.580482891776764588e-13 5.942721981881892155e-13 1.208763444252072338e-11 -1.624000409813806674e-13 -1.221621727436819786e-11
2.147012594885812826e-13 -1.698516358434049373e-13 6.331652473018234792e-13 1.581098753873109038e-11 -1.569936972366523949e-13 -1.594618542968052851e-11
1.852936897356077172e-13 -1.648048604276280904e-13 6.263269448161539909e-13 2.932797891546276848e-11 -1.602937976355406849e-13 -2.946792387084770249e-11
1.186181897404939575e-13 -1.604397205479921317e-13 6.369065040489345517e-13 1.613420651336790869e-09 -1.701592316625480147e-13 -1.613563041054147657e-09
1.236840202371104010e-13 -1.573833763783383514e-13 6.145880327802790683e-13 2.668873347686372870e-11 -2.684030668435428632e-11 -1.646574681747326184e-13
1.440320452551950360e-13 -1.699474503032447609e-13 5.611607765765553030e-13 1.343400401171013117e-11 -1.358770615496317644e-11 -1.520717868340178241e-13
9.591770563230993103e-14 -1.620646714049325682e-13 5.576511574364052130e-13 7.984300521462678147e-12 -8.146214592316112202e-12 -1.500417013959401686e-13
1.071731053571566000e-13 -1.712951359750074521e-13 5.135221386845500405e-13 6.063547855374699651e-12 -6.230303918325412654e-12 -1.372739236984424372e-13
6.200645372614132015e-14 -1.515637093435012592e-13 5.175025822730809952e-13 4.441241822870620624e-12 -4.617241514868249889e-12 -1.406484655573277849e-13
1.828896706182583118e-14 -1.536445759218007852e-13 5.047616228738097745e-13 3.484045034643571513e-12 -3.664694741905903738e-12 -1.322527213256945664e-13
2.928413452572813006e-14 -1.628465743220032585e-13 4.477676168628100589e-13 2.890076832795978884e-12 -3.077165357281387442e-12 -1.012112599801008943e-13
-3.189413069186909204e-14 -1.410027883492951717e-13 4.619928975372762096e-13 2.189294674212361415e-12 -2.381189840150724286e-12 -1.025239919087734133e-13
-1.926287033886619123e-14 -1.507578717300552164e-13 4.066226195259456848e-13 2.004185022142134323e-12 -2.200831545712166022e-12 -7.666232509802454038e-14
-6.067196846294941599e-14 -1.359044275917964065e-13 4.162235954106353801e-13 1.572465169196752960e-12 -1.783010021843511606e-12 -7.287762121951889277e-14
-7.816182677651099527e-14 -1.193988552958173985e-13 3.707044378794560930e-13 1.346633475484701863e-12 -1.559836582656421905e-12 -4.983092400149043438e-14
-7.676709250803239664e-14 -1.059512949840710613e-13 3.384298493633909833e-13 1.209212609959913069e-12 -1.424211448557876514e-12 -2.607710214290425026e-14
-1.247623777185941341e-13 -8.459159653734417871e-14 3.468538887573134242e-13 9.233780904373518342e-13 -1.152071030429735662e-12 -2.253160518994761588e-14
-1.398048371490877200e-13 -7.174515893151818121e-14 3.161554332490646892e-13 7.979282167424744521e-13 -1.037230757871793055e-12 3.742998784438275521e-15
-1.269127895303890346e-13 -6.322798465967797349e-14 2.758586699909871923e-13 7.247817524959712198e-13 -9.610553167954427634e-13 3.002082495927973614e-14
-1.120842428449282352e-13 -7.170429663935560421e-14 2.280545238145342230e-13 7.009783261970119843e-13 -9.387499731608259054e-13 6.561100977437272266e-14
-1.531464456490845588e-13 -3.223869414099111390e-14 2.360406207984218856e-13 4.991573401863326969e-13 -7.500930013744966028e-13 6.957269944088840288e-14
-1.605962282244728216e-13 -1.348782223186933719e-14 2.181277146062776937e-13 4.349874962407931082e-13 -6.920091405259888490e-13 8.767008233876326929e-14
-1.557056168357216478e-13 -2.988775128032189738e-15 1.777118518333927806e-13 3.927861407192336423e-13 -6.505858264351175397e-13 1.191925317126878146e-13
-1.681438098526390023e-13 2.360619374428717860e-14 1.570499936267564185e-13 3.099939493540033780e-13 -5.733928060207416705e-13 1.420926531325349168e-13
-1.325716632385637246e-13 1.896033686008114670e-14 9.162902732217739646e-14 2.992214077578703005e-13 -5.624480917424625434e-13 1.909299128047156624e-13
-1.496457875396895639e-13 5.524742331387527892e-14 9.194849075075308842e-14 2.102791396520516472e-13 -4.796396698086638299e-13 1.959844760243408305e-13
-1.532299939533898396e-13 7.575074101942879033e-14 7.540928634128843367e-14 1.410731411708920435e-13 -4.161109461070464810e-13 2.162588186998092907e-13
-1.216505840786614861e-13 7.645860600641189466e-14 -1.291066695242485130e-14 1.669974575120129523e-13 -4.310827946058694658e-13 2.881753298450101731e-13
-1.317070327155833561e-13 1.068061666717016917e-13 -8.036466325444801864e-16 7.233758534844565229e-14 -3.553603455969247812e-13 2.868556114703701568e-13
9.441445164826595058e-16 -1.395372397863606890e-16 -4.599267251546158096e-16 -2.308091337043074563e-16 1.681256092808919353e-16 2.053092004595262175e-16
9.441445164826595058e-16 -1.395372397863606890e-16 -4.599267251546158096e-16 -2.308091337043074563e-16 1.681256092808919353e-16 2.053092004595262175e-16
2.501154488978234447e-01 3.993839785127994091e+00 -2.185569374106362428e+00 -1.163587177668177652e+00 3.623923243378280451e-02 1.450833783458408188e+00
4.976748869910121442e-01 7.918914216511047321e+00 -4.303367759361878875e+00 -2.319188764501076694e+00 7.393507858262658716e-02 2.834316254936273261e+00
7.401491257734262863e-01 1.171010425940683497e+01 -6.295614785544259462e+00 -3.458757059644896881e+00 1.145270494241181769e-01 4.093083403078638938e+00
9.750620184316830530e-01 1.530907756006610043e+01 -8.121236703483313946e+00 -4.574118549836561520e+00 1.594206252075003605e-01 5.186471326633666834e+00
1.200015496596362308e+00 1.866653723160655787e+01 -9.757836709742589321e+00 -5.656907078965421221e+00 2.099706760510364201e-01 6.092483615051459189e+00
1.412712889635978408e+00 2.174339067313879426e+01 -1.119962397173874891e+01 -6.698492485465875390e+00 2.674654031043615099e-01 6.805717799480178520e+00
1.610980055681892509e+00 2.451085897581360840e+01 -1.245318176533838717e+01 -7.689903548887520479e+00 3.331109693506578706e-01 7.333131402724489156e+00
1.792783932915799072e+00 2.694971058062489178e+01 -1.353288775114045173e+01 -8.621744511821257007e+00 4.080169850451758062e-01 7.689460723926892172e+00
1.956248209889856815e+00 2.904889034771704104e+01 -1.445708375752949593e+01 -9.484105148024955412e+00 4.931830073847771057e-01 7.893389825594449682e+00
2.099665909950795051e+00 3.080382813375798534e+01 -1.524536617369037117e+01 -1.026646547909407126e+01 5.894862071050218644e-01 7.964840911999296225e+00
2.221508782396909965e+00 3.221467099642769227e+01 -1.591691783918522951e+01 -1.095759800755643987e+01 6.976703461323170430e-01 7.923307053417626200e+00
2.320433487324145450e+00 3.328461820892862733e+01 -1.648962488870036580e+01 -1.154547301417700922e+01 8.183362000050539153e-01 7.786970759998846248e+00
2.395284648354676804e+00 3.401847191353599698e+01 -1.697970966752000876e+01 -1.201717642058387092e+01 9.519335463894628147e-01 7.572339538414792237e+00
2.445094924531508340e+00 3.442146303690587672e+01 -1.740166619072701693e+01 -1.235885536693468190e+01 1.098754826524977135e+00 7.294184889465571864e+00
2.469082317450791209e+00 3.449837794642546385e+01 -1.776835158681179294e+01 -1.255571441964319135e+01 1.258930569800259081e+00 6.965638135707510337e+00
2.466644980980203794e+00 3.425299608856549582e+01 -1.809114259109357903e+01 -1.259209547242436500e+01 1.432426652876887418e+00 6.598352052530466416e+00
2.437353838310626131e+00 3.368784895294539439e+01 -1.838010545750823965e+01 -1.245168673541346749e+01 1.619043443931198700e+00 6.202676536541305907e+00
2.380943335022893237e+00 3.280432082663470794e+01 -1.864415287502869134e+01 -1.211791951270984313e+01 1.818416859833906774e+00 5.787821719282347566e+00
2.297300668315230610e+00 3.160312524950759183e+01 -1.889117656724700822e+01 -1.157462270583343411e+01 2.030021339690357696e+00 5.361996984063932992e+00
2.186453832973693778e+00 3.008519923077503933e+01 -1.912815275587286834e+01 -1.080700825565915402e+01 2.253174712464560248e+00 4.932522806479470390e+00
2.048558815770626040e+00 2.825304880869719426e+01 -1.936122215452947160e+01 -9.803046512274754321e+00 2.487044909837011541e+00 4.505916790583595066e+00
1.883886253568878510e+00 2.611254066101183469e+01 -1.959574831574717635e+01 -8.555246072962008341e+00 2.730658448517385484e+00 4.087957402371703353e+00
1.692807848284029637e+00 2.367505218579729842e+01 -1.983635901568220206e+01 -7.062765448421321146e+00 2.982910579518800009e+00 3.683729746300534291e+00
-9.221488039530111297e-15 -4.487096068725171392e-14 2.058214362129771412e-13 -5.859184191894964353e-13 -1.353337539007405576e-15 2.444085783527061546e-13
3.143294272360487842e-14 -2.238754664139577548e-14 1.946619631693347683e-13 -5.677224833841129010e-13 2.244711353122157830e-16 2.169100136043448482e-13
2.065357656587972946e-14 -3.713324937616977164e-14 1.159172986962397938e-13 -4.846532817046900712e-13 1.556677746926674329e-15 2.024688135533983953e-13
-2.065844855208543005e-14 -6.141190394608910209e-15 4.518827016928515487e-14 -4.212034652763560379e-13 -1.574546221832100942e-14 1.640293369481419207e-13
3.408682466367014413e-14 -2.902119775059784250e-14 6.090863997256110284e-14 -4.211499766733389349e-13 -1.419816685978708713e-14 1.507852618833893077e-13
-1.892453522166602742e-14 -4.157967962057607878e-14 2.690824075569706378e-14 -3.643239541304209362e-13 -2.310278246672712006e-14 1.309910482998416310e-13
7.817631724596801627e-16 -6.819265576946547178e-14 9.332037824019761433e-14 -3.997950498975798466e-13 -2.983184087169416621e-14 1.108722938005774799e-13
3.182519781776018893e-14 -5.105244693658732981e-14 5.879168918279773935e-14 -3.531806644372823334e-13 -5.227042916551053361e-14 7.229584731208675485e-14
-3.424796778428623693e-14 -6.647400486351981662e-14 7.142193360314878472e-14 -3.477900965197460013e-13 -1.700663021035206623e-14 4.938041201681577094e-14
-3.892188982024972526e-14 -5.991823841048656176e-14 4.175639595090541411e-14 -3.022673625908612521e-13 -3.283780870048992252e-14 2.181487994439537441e-14
-5.115651066092150959e-14 -2.829734723097412282e-14 2.721242663671687463e-14 -2.641811936223079548e-13 -3.971137646361855255e-14 -1.379394275149682941e-14
-1.077221049424907687e-14 -8.159022562443659447e-14 6.407730681346525818e-14 -2.741692718074256607e-13 -5.176613024549325427e-14 -3.218059657953664654e-14
-6.777653262147539592e-14 -7.168680396633246703e-14 7.838980844026672092e-14 -2.669641436634640281e-13 -3.331343530496608340e-14 -6.074456983645797602e-14
7.771910317171002451e-15 -4.909154648374500807e-14 6.668977961437768381e-14 -2.555126325879225780e-13 -5.793733742549502217e-14 -9.128191792681388902e-14
-9.553085119189666538e-14 -7.350293921825714765e-14 1.066472399562817422e-13 -2.467343752222691972e-13 -4.805903142944402820e-14 -1.138063509289232069e-13
-2.486761466686778138e-14 -5.953477393935171582e-14 9.629778856887605887e-14 -2.204232792770618646e-13 -7.408222518736252567e-14 -1.422750871015282744e-13
-1.145923867704704058e-13 6.715079174029759856e-15 7.554385718754817667e-14 -1.899849161567594480e-13 -3.998186082065913418e-14 -1.894725786782815918e-13
-7.493006187657671982e-14 -6.945316069608504008e-14 1.558897830785549205e-13 -2.064163864586032142e-13 -7.311727201827557907e-14 -1.866262511532869407e-13
-3.587744664703522550e-14 2.310620216235404402e-14 1.073975687226875396e-13 -1.706802987089720350e-13 -8.262571300248238038e-14 -2.332921672964855870e-13
-6.544503239617923695e-14 6.797625368037916781e-14 8.875943885599496769e-14 -1.563030397162406824e-13 -6.781275130173424156e-14 -2.634680818864146993e-13
-1.172562318838323875e-13 3.696373306525939981e-14 1.462942988602188109e-13 -1.442873080714268632e-13 -6.380868392061832043e-14 -2.899298268734947257e-13
-8.782912106578659787e-14 1.170768513313218929e-13 9.257558570324820537e-14 -1.266903623444696689e-13 -7.256545262181459637e-14 -3.176243795416983276e-13
-1.223795591183078701e-13 1.939990789462943766e-13 7.299973942282676406e-14 -9.422733443744844507e-14 -5.476545491528180478e-14 -3.525326869502768380e-13
-1.329907604527608336e-13 1.532527527807693508e-13 1.617889219886848467e-13 -1.062521994758657789e-13 -4.062693929548299978e-14 -3.587110440743416278e-13
-2.715713661324194456e-14 2.820300881321313442e-13 7.927711813032676889e-14 -7.099558502151157434e-14 -7.144563075276744432e-14 -4.017955175524684558e-13
-7.116931753228778755e-14 3.228480369540412175e-13 7.843243879320315191e-14 -5.099413508472779413e-14 -7.688866654496681156e-14 -4.241618239971443052e-13
-1.704225775466027856e-13 4.089104435906886442e-13 5.962505888674195910e-14 -2.694858244286227858e-14 -5.148531667923245174e-14 -4.472030798900386500e-13
-2.027999605556556597e-13 5.042742061883471106e-13 1.444218603736812378e-14 -6.396805964414882779e-15 -4.698804220811257491e-13 -3.685588739006205249e-14
-1.211552138421630456e-13 6.197412672118493388e-13 -2.757717179303696349e-14 1.812320358190622565e-14 -4.955322811840538679e-13 -5.697214650590710177e-14
-2.002072530182367937e-13 7.961542195320734270e-13 -1.095167120746334316e-13 5.623976490671021819e-14 -5.315439859716101978e-13 -3.980592788057340477e-14
-1.439526992375294846e-13 8.080258385170883984e-13 -9.850552756406613494e-14 7.976410400924756891e-14 -5.439861578950953179e-13 -4.382501824211678700e-14
-1.820311549558798887e-13 9.345705180370672692e-13 -1.393985231930283680e-13 1.022006455128022247e-13 -5.655685551389630070e-13 -4.390440688451127739e-14
-8.015176259352448316e-14 1.034443472301444592e-12 -1.701708565085568084e-13 1.244721501271719034e-13 -5.777948691924210526e-13 -7.375435308695656054e-14
-1.354216419407947519e-13 1.202632742812175766e-12 -2.512986669271260075e-13 1.687700000408676870e-13 -6.128827792466700352e-13 -5.058719922635887349e-14
-1.069909897132271420e-13 1.324578601467311168e-12 -3.005886391288920550e-13 1.994650435923243491e-13 -6.337036406186091383e-13 -3.514698979046419223e-14
-1.213074877630189775e-13 1.634424922981171842e-12 -4.800272320085807052e-13 2.622303702891563271e-13 -6.790384824256425971e-13 -3.752814656306366247e-14
-1.254850099355270477e-13 1.599099924518554508e-12 -4.012724940474969829e-13 2.863770420807115550e-13 -6.898753946257247159e-13 -2.971076788051986662e-14
-1.225595158840791201e-13 1.788452946420389434e-12 -5.111403763389306563e-13 3.355972600656578320e-13 -7.224150310621369278e-13 -3.543388417897890304e-14
-8.632093842428757568e-14 1.818474553163287525e-12 -4.893997335988954304e-13 3.433743352691531696e-13 -7.159919120191296328e-13 -3.419708902269299982e-14
-1.251912158887492340e-13 2.133529123848215214e-12 -6.617567195915896541e-13 4.057672944189670223e-13 -7.631103833856529977e-13 -2.661483337302755231e-14
-1.078896448603083996e-13 2.269273901029483537e-12 -7.259863966495975841e-13 4.604720767806391931e-13 -7.939643759291755391e-13 -2.659526862045704846e-14
-9.998151991277093984e-14 2.382852492783515907e-12 -7.665074036052178747e-13 4.912124352927829166e-13 -8.107866385608142013e-13 -1.084865825290024335e-14
-1.311094521364867766e-13 2.628950819295201981e-12 -8.781997163119747826e-13 5.448439268126431973e-13 -8.445537601797911197e-13 -1.536306849160556393e-14
-1.174845409598372908e-13 2.889841446941527314e-12 -1.039939655183463603e-12 6.429403778798508093e-13 -9.136088983806171984e-13 -9.548544435030070130e-15
-6.319370944328800500e-14 3.141549234082744872e-12 -1.196867942999006996e-12 7.082773640126011072e-13 -9.574004865324079206e-13 -9.663699778707020360e-15
-7.080395208202943650e-14 3.319516596881729860e-12 -1.275257842957694590e-12 7.740422588065788842e-13 -1.000781084664781627e-12 -5.493802739685547965e-15
-2.013692670007779215e-14 3.645322805074528958e-12 -1.470270564243143873e-12 8.350546904571777995e-13 -1.038183408965770137e-12 -1.157656756119319859e-14
-9.712919542594093819e-14 3.769668291878682039e-12 -1.498480040845009460e-12 8.907765932578695606e-13 -1.084009040296034445e-12 1.972894220519562356e-15
-8.188393825569795161e-14 3.943830497184794237e-12 -1.567957442761310206e-12 9.554381112863773438e-13 -1.125358675829514132e-12 9.729095309892400083e-16
-1.470297924181888909e-14 4.465509328732244616e-12 -1.925287725630088744e-12 1.076001610034986811e-12 -1.215897724664537466e-12 -7.355970679974561771e-16
-1.050301601594139619e-15 5.056943587008376138e-12 -2.277640271660366656e-12 1.240131764682948918e-12 -1.358295293302263136e-12 -1.840042381833708144e-15
-2.845462490269609622e-15 5.188404379394309042e-12 -2.306539120496832667e-12 1.233912102356925282e-12 -1.346172013434900146e-12 5.553146799036895403e-16
-1.346688017466710622e-15 5.335442660905202297e-12 -2.372560211565208624e-12 1.290500638717894375e-12 -1.388670490772256889e-12 6.022434150119436269e-15
-1.061275748176912054e-14 5.772650619435346803e-12 -2.638680623639934307e-12 1.440394586225979397e-12 -1.517753678919385277e-12 1.271319939947571682e-14
-1.078746562480310677e-14 6.475410296764684925e-12 -3.051427392769766300e-12 1.496377775194696889e-12 -1.563416433103487162e-12 1.230245143869580220e-14
5.925008310725802598e-14 7.218700360550675514e-12 -3.504463124143558661e-12 1.742812714005174146e-12 -1.790961398771196012e-12 1.105521233998628763e-14
4.082396969067926590e-14 8.184045754602686999e-12 -4.095492105421146603e-12 1.950038058826753969e-12 -1.988133162379071020e-12 8.728327341223195946e-15
7.065348132825095988e-14 8.423929459225274073e-12 -4.211757717657444170e-12 1.917843877587066789e-12 -1.944401036814712233e-12 1.180888644112497790e-14
8.118351514054626640e-14 9.480112953431589233e-12 -4.869884491200961976e-12 2.124703565257535880e-12 -2.136044955804447410e-12 1.098550188822887591e-14
8.711152420931966976e-14 1.080406623581482577e-11 -5.668726182276581462e-12 2.388838925933388435e-12 -2.395858185829417084e-12 1.031501359556212305e-14
-1.577325183482600976e-14 1.190139421928436297e-11 -6.293835527589230424e-12 2.449502081322389010e-12 -2.453496578914055927e-12 1.493678823706731000e-14
1.417683446927241115e-13 1.387428550373885644e-11 -7.506520404972169370e-12 2.769414802200091569e-12 -2.764854046924916686e-12 7.139332410222735221e-15
1.253339759300512599e-13 1.606675025337899294e-11 -8.820302282324980774e-12 2.997009154412485404e-12 -2.986382788907374745e-12 1.269507531870692489e-14
1.631817138531022343e-13 2.012789715173141692e-11 -1.131026050266535466e-11 3.470929538036372272e-12 -3.461499709000479515e-12 4.305458731823589032e-15
5.294707684971703113e-14 2.431112550043071054e-11 -1.382403046191768613e-11 3.798623149312044250e-12 -3.780164962063944103e-12 9.939742734077669718e-15
4.923643686714425369e-14 3.167148552796473429e-11 -1.824134078494006377e-11 4.302489437522294552e-12 -4.292857841108327743e-12 9.458592285980487954e-15
3.706584664679080182e-14 4.109542078746080651e-11 -2.395554955799526788e-11 5.239794412679674246e-12 -5.230228590232449802e-12 1.144629116712988565e-14
7.091818762028150066e-14 5.877630849811590343e-11 -3.463440485514746326e-11 6.380864874068343328e-12 -6.369284865323316143e-12 1.258011422307811321e-14
1.431375203278036151e-14 9.050351850633183132e-11 -5.382590575332578303e-11 7.551914372937719159e-12 -7.542396114321046630e-12 5.457766807124122489e-15
4.224935329515002903e-13 1.628398004680641216e-10 -9.755955973677008925e-11 1.073013278296188928e-11 -1.072251850015849816e-11 -3.723253306816272659e-15
1.781766787912595563e-13 3.536886308950881015e-10 -2.130456324672581358e-10 1.577900722613222350e-11 -1.577249165695930285e-11 6.148509056319969760e-15
2.678614535071249923e-13 1.398216256562232663e-09 -8.452454764322356824e-10 3.016498958671865284e-11 -3.016264890894572234e-11 -4.244631243597467908e-15
0.000000000000000000e+00 0.000000000000000000e+00 0.000000000000000000e+00 0.000000000000000000e+00 0.000000000000000000e+00 0.000000000000000000e+00
0.000000000000000000e+00 0.000000000000000000e+00 0.000000000000000000e+00 0.000000000000000000e+00 0.000000000000000000e+00 0.000000000000000000e+00
2.511586512915510383e+01 3.072716080662262783e+01 5.125458966717387455e+01 -6.766802517134109518e-01 -3.395061493640803563e-01 -1.419315908297636430e-01
2.510570817636991237e+01 3.058999205705573488e+01 5.119761820030701926e+01 -1.350073301879731069e+00 -6.649573150847634118e-01 -2.966690436841519229e-01
2.500833672174012889e+01 3.044223425482521961e+01 5.110306430990990378e+01 -2.016931910123151095e+00 -9.910453616612328043e-01 -4.482688570859548194e-01
2.486497444933866419e+01 3.024328482846491895e+01 5.097152320745703236e+01 -2.674088478411510206e+00 -1.315189495674550901e+00 -5.980553240629551404e-01
2.467691745488626154e+01 2.999271876713571672e+01 5.080382288735659557e+01 -3.318494163123880458e+00 -1.636023274980323183e+00 -7.461315064947799947e-01
2.444928501636255191e+01 2.968653936029052431e+01 5.060101868337995512e+01 -3.947257111203153812e+00 -1.952008954888682091e+00 -8.927633622777306766e-01
2.418008002840094406e+01 2.932811969786409989e+01 5.036438607372200238e+01 -4.557679488219264385e+00 -2.262488667611686655e+00 -1.037327678115296248e+00
2.387278340840982693e+01 2.891561060717871356e+01 5.009541159969835178e+01 -5.147292934628993066e+00 -2.566282568215479731e+00 -1.179713811571238224e+00
2.352594473422802324e+01 2.845235274759187050e+01 4.979578174660158396e+01 -5.713892050776348874e+00 -2.862661276234132135e+00 -1.319352034785982397e+00
2.314155172546553629e+01 2.793851022272653140e+01 4.946736962745259092e+01 -6.255565473731036441e+00 -3.150341406355999130e+00 -1.456219789571668866e+00
2.272015957860366342e+01 2.737594466104079061e+01 4.911221931298644705e+01 -6.770724072890525136e+00 -3.428777451641285889e+00 -1.589552672040342340e+00
2.226348155989296629e+01 2.676562830709595175e+01 4.873252766600177210e+01 -7.258125759804145538e+00 -3.696676047483225425e+00 -1.719334175641251239e+00
2.177249705675635738e+01 2.610953985225401297e+01 4.833062356667822002e+01 -7.716896384708666901e+00 -3.953413772403346904e+00 -1.844883066200854405e+00
2.124856040134465474e+01 2.540955960019999793e+01 4.790894445905375676e+01 -8.146546181774791506e+00 -4.198023294877113898e+00 -1.965873579406580918e+00
2.069323203631281416e+01 2.466764228295309636e+01 4.747001020824674811e+01 -8.546981231069265661e+00 -4.429629607966842464e+00 -2.081906666228046543e+00
2.010809752695564967e+01 2.388600188260729951e+01 4.701639433322822015e+01 -8.918509431473180982e+00 -4.647472775533235456e+00 -2.192495795561875571e+00
1.949488742302515121e+01 2.306699528594947779e+01 4.655069277014756324e+01 -9.261840528444674092e+00 -4.850562755724158848e+00 -2.297421646010790575e+00
1.885549472011500072e+01 2.221310782128554706e+01 4.607549042421875640e+01 -9.578079815811419095e+00 -5.038365840055367251e+00 -2.396056010186273344e+00
1.819192429177844517e+01 2.132700607279153004e+01 4.559332588061622005e+01 -9.868715232674428961e+00 -5.210172035085322229e+00 -2.488005410826535702e+00
1.750612435198657479e+01 2.041170764560077089e+01 4.510665476188241740e+01 -1.013559770429158569e+01 -5.365354924515552959e+00 -2.572862683392982852e+00
1.680040586469796438e+01 1.947016166418961092e+01 4.461781233474830088e+01 -1.038091472686472017e+01 -5.503229546362037539e+00 -2.650360752074274462e+00
1.607701483100846218e+01 1.850567474058608752e+01 4.412897607566128499e+01 -1.060715736573632206e+01 -5.623433733840373705e+00 -2.720002885479364974e+00
1.533845689416790847e+01 1.752158260908052156e+01 4.364212899334290796e+01 -1.081708101777026876e+01 -5.725446270850335750e+00 -2.781555795131946951e+00
1.458724029330528715e+01 1.652150100709924985e+01 4.315902456967177159e+01 -1.101366047283451266e+01 -5.808994497247651267e+00 -2.834652641834131792e+00
1.382597039081140977e+01 1.550922216602807957e+01 4.268115420857393616e+01 -1.120003998592789607e+01 -5.873804843541217124e+00 -2.879052165334480495e+00
1.305748359661565061e+01 1.448856866154343415e+01 4.220971806875672883e+01 -1.137947922915144616e+01 -5.919751219198949421e+00 -2.914498712760146493e+00
1.228455615924346134e+01 1.346366871721343372e+01 4.174560009389622195e+01 -1.155529611960452741e+01 -5.946741402683989541e+00 -2.940842732555202677e+00
1.151012408928837161e+01 1.243871625780788825e+01 4.128934793924692315e+01 -1.173080760393586708e+01 -5.954825049214839794e+00 -2.957937859180745477e+00
1.073723021725856519e+01 1.141799927898972555e+01 4.084115832494225629e+01 -1.190926951232503761e+01 -5.944141694738283910e+00 -2.965695988885525214e+00
9.968918902803567406e+00 1.040597560011698697e+01 4.040086812426793017e+01 -1.209381656529369842e+01 -5.914897332049737777e+00 -2.964111597568122036e+00
9.208301329123239398e+00 9.407172673947608033e+00 3.996795122267884182e+01 -1.228740351893562455e+01 -5.867481563297217484e+00 -2.953143181024406871e+00
8.458532905152399195e+00 8.426169571138746761e+00 3.954152086403016142e+01 -1.249274826239194880e+01 -5.802309727311376619e+00 -2.932867368858043111e+00
7.722774170725482890e+00 7.467589427200823415e+00 3.912033683756840219e+01 -1.271227743083245088e+01 -5.719806771503936460e+00 -2.903488962449637611e+00
7.004178748479656491e+00 6.536058543692546685e+00 3.870281645296490325e+01 -1.294807476195360429e+01 -5.620672548976659577e+00 -2.865067309260405981e+00
6.305867863471566359e+00 5.636172422828148676e+00 3.828704779528359836e+01 -1.320183199451230216e+01 -5.505496903032737421e+00 -2.817890816143227450e+00
5.630924939610294722e+00 4.772435105591820381e+00 3.787080323110919977e+01 -1.347480156641895910e+01 -5.375027390190791898e+00 -2.762196983199304068e+00
4.982296484008083226e+00 3.949285578783968909e+00 3.745155051857642547e+01 -1.376774968649602826e+01 -5.230057492230198335e+00 -2.698270400630064181e+00
4.362856100138931659e+00 3.170954507400124633e+00 3.702645810007851424e+01 -1.408090747472625459e+01 -5.071379808408509327e+00 -2.626474560366159228e+00
3.775367753983259078e+00 2.441415416200023003e+00 3.659239013100398097e+01 -1.441391670108183298e+01 -4.899867264489381036e+00 -2.547154825873890083e+00
3.222257901378658751e+00 1.764521148562375519e+00 3.614588536582848377e+01 -1.476576505577718912e+01 -4.716390808660475109e+00 -2.460704492642521668e+00
2.705872674999424188e+00 1.143650074269856542e+00 3.568311193608587217e+01 -1.513470361488306359e+01 -4.521893057163269170e+00 -2.367474886187824978e+00
2.228268408185120286e+00 5.818147255133571116e-01 3.519978691558574013e+01 -1.551813583646919170e+01 -4.317204289085010416e+00 -2.267943499365845383e+00
1.791099777632654932e+00 8.166987971909359101e-02 3.469104473459555038e+01 -1.591246240065948570e+01 -4.103213015714923806e+00 -2.162528321818454558e+00
1.395822870108976099e+00 -3.547955128748589981e-01 3.415123092771272439e+01 -1.631285845141961843e+01 -3.880804442436494472e+00 -2.051635385844158499e+00
1.043347633440282030e+00 -7.260148591078359193e-01 3.357358564681702973e+01 -1.671294758225608845e+01 -3.650794491376615714e+00 -1.935712156179767440e+00
7.342593650439318553e-01 -1.031165912899470571e+00 3.294976195120081286e+01 -1.710431734775315604e+01 -3.414004322843041894e+00 -1.815162066989287393e+00
4.687736663154253303e-01 -1.270219498850041262e+00 3.226909226669676656e+01 -1.747578934627517100e+01 -3.171144195916880459e+00 -1.690451547867453774e+00
2.463188516251987870e-01 -1.443605326009865575e+00 3.151746455500072841e+01 -1.781230497843695559e+01 -2.923021687373614341e+00 -1.561894640952331104e+00
6.605728497553792211e-02 -1.552802333019477565e+00 3.067558471442579560e+01 -1.809320290205901216e+01 -2.670145031702349403e+00 -1.430044507842120671e+00
-7.348992149342496727e-02 -1.600013706138283975e+00 2.971626435713666226e+01 -1.828952678901184115e+01 -2.413406248688258149e+00 -1.295007165058641885e+00
-1.743452386170368240e-01 -1.588291830720295117e+00 2.860016136444362189e+01 -1.835979022908922786e+01 -2.153133197288366052e+00 -1.157388263772460402e+00
-2.390724384648466039e-01 -1.521540685729917408e+00 2.726911513600193615e+01 -1.824334014262073111e+01 -1.889982617812580923e+00 -1.017400762300459283e+00
-2.707437999201641743e-01 -1.404517986882215297e+00 2.563598999859510741e+01 -1.785023163106579958e+01 -1.624423209669559665e+00 -8.753843182882097285e-01
-2.730413654257966005e-01 -1.242669812824953146e+00 2.357040335214616888e+01 -1.704699033598073399e+01 -1.356932978156344616e+00 -7.316120126292026127e-01
-2.501062950908859439e-01 -1.042182209390126957e+00 2.088308530369273086e+01 -1.564100858662491511e+01 -1.087817443324935907e+00 -5.864776363095114409e-01
-2.062808881206883160e-01 -8.101052913433391955e-01 1.732374859190924354e+01 -1.337845370902022957e+01 -8.176593522934598735e-01 -4.400527082564928971e-01
-1.463860954970822859e-01 -5.539088703048165030e-01 1.263617639789699432e+01 -9.999395703674498037e+00 -5.470707980138063142e-01 -2.923421212940531810e-01
-7.571924805852660312e-02 -2.812885843949140541e-01 6.739296052635082468e+00 -5.418921952746491577e+00 -2.772860933240156589e-01 -1.426998623554283085e-01
-1.931796723838409566e-15 -1.734686380380821569e-16 1.600116913394195746e-14 -1.296079635155868913e-14 -3.628005687919557592e-16 -1.227000759504538732e-17
-1.931796723838409566e-15 -1.734686380380821569e-16 1.600116913394195746e-14 -1.296079635155868913e-14 -3.628005687919557592e-16 -1.227000759504538732e-17
-1.388728233279577617e+00 -4.375021864979025565e+00 6.625200155190217322e-01 3.123069777325477858e-01 4.229709230715098522e-01 1.902269206990995221e-01
-2.766072556118062575e+00 -8.661378712735489316e+00 1.322444682501555002e+00 6.246854080606988324e-01 8.421573438904299547e-01 3.784586316494040759e-01
-4.120974449859557964e+00 -1.277691652767366470e+01 1.977126718799742555e+00 9.371934273216409039e-01 1.253818371759206851e+00 5.627397991485061368e-01
-5.443005987460981743e+00 -1.665134827289596586e+01 2.623815140764409470e+00 1.249862798812888087e+00 1.654299768099245727e+00 7.411941950428894144e-01
-6.722636917814722501e+00 -2.022965409282943838e+01 3.259603851734016011e+00 1.562686392435828742e+00 2.040075839171048955e+00 9.120626208793671807e-01
-7.951449848438596923e+00 -2.347327082656219588e+01 3.881380828662410742e+00 1.875606510020331408e+00 2.407789594790253673e+00 1.073738845531842845e+00
-9.122295048345256063e+00 -2.635932995829120884e+01 4.485778228866427852e+00 2.188504407636511662e+00 2.754290577520487115e+00 1.224802848072744199e+00
-1.022938203914004340e+01 -2.887852344438034180e+01 5.069123853914675237e+00 2.501191410759076472e+00 3.076669763059486140e+00 1.364050632609326019e+00
-1.126831034221031835e+01 -3.103226160347091778e+01 5.627394567514176771e+00 2.813402056374941562e+00 3.372290940523654079e+00 1.490519867405037058e+00
-1.223604590964088423e+01 -3.282969294851944397e+01 6.156172485115051884e+00 3.124789718321353771e+00 3.638818007632706575e+00 1.603510606117442006e+00
-1.313085256003067336e+01 -3.428497658480467436e+01 6.650605059690374965e+00 3.434925168704646481e+00 3.874237666306004968e+00 1.702600383554365271e+00
-1.395218911171094156e+01 -3.541501384723987655e+01 7.105370616614771428e+00 3.743298490775882836e+00 4.076877083334190743e+00 1.787653049829821095e+00
-1.470058301537142675e+01 -3.623770215999090283e+01 7.514651489485858704e+00 4.049324681132015158e+00 4.245416190672750112e+00 1.858820820588251266e+00
-1.537749042974540714e+01 -3.677068333100088893e+01 7.872117739975540651e+00 4.352353159088628409e+00 4.378894439531475058e+00 1.916539178903580831e+00
-1.598515120058842420e+01 -3.703051396983833143e+01 8.170925580253717513e+00 4.651681240411289053e+00 4.476711987323859887e+00 1.961514463980897904e+00
-1.652644541885135965e+01 -3.703217365713607023e+01 8.403736128581638098e+00 4.946571438016497346e+00 4.538625478645036182e+00 1.994704215521311941e+00
-1.700475641195394516e+01 -3.678883347092601497e+01 8.562762070021850747e+00 5.236272235082815918e+00 4.564738769552139530e+00 2.017290598558896253e+00
-1.742384334741808871e+01 -3.631182342397972462e+01 8.639852160774967871e+00 5.520041751379431538e+00 4.555489125005515838e+00 2.030647495995910656e+00
-1.778772520919894262e+01 -3.561075586403336501e+01 8.626626184425047583e+00 5.797173508965285826e+00 4.511629577821935300e+00 2.036302106945015566e+00
-1.810057678844518136e+01 -3.469377926417718783e+01 8.514675610023857644e+00 6.067023316512587527e+00 4.434208259785410000e+00 2.035892110045641523e+00
-1.836663651045403256e+01 -3.356795102598899661e+01 8.295847153452815093e+00 6.329036148330779099e+00 4.324545589583511429e+00 2.031119625748251778e+00
-1.859012536759603407e+01 -3.223972751787447066e+01 7.962626578914221653e+00 6.582771806831876127e+00 4.184210219360738670e+00 2.023703327638183058e+00
-1.877517589863102998e+01 -3.071557314227110780e+01 7.508636714695230197e+00 6.827928132403434880e+00 4.014994597788252406e+00 2.015330103109231441e+00
-1.892576999853616471e+01 -2.900268603773124454e+01 6.929254616257373378e+00 7.064360562959707934e+00 3.818890903595038022e+00 2.007607647213253355e+00
-1.904568431264700124e+01 -2.710982425396001361e+01 6.222335793278471527e+00 7.292096941189861958e+00 3.598067945564349834e+00 2.002019295535446108e+00
-1.913844202353702784e+01 -2.504819180654357424e+01 5.389006919726330835e+00 7.511346609819334219e+00 3.354849423782854778e+00 1.999882272911579051e+00
-1.920726994509449526e+01 -2.283231008968456166e+01 4.434453288826350814e+00 7.722503009446143984e+00 3.091693716971622763e+00 2.002310368758072112e+00
-1.925505996965681277e+01 -2.048076202835521187e+01 3.368588518671484788e+00 7.926139183330617399e+00 2.811175119255735932e+00 2.010181862489748728e+00
-1.928433405152136260e+01 -1.801666497220407948e+01 2.206462343926619329e+00 8.122995782743227977e+00 2.515966215543424589e+00 2.024113329402684958e+00
-1.929721204004730950e+01 -1.546771938445363404e+01 9.682533079109718610e-01 8.313961340961437685e+00 2.208820876917107601e+00 2.044439771979707832e+00
-1.929538178890431155e+01 -1.286570990525621916e+01 -3.212772654559528096e-01 8.500044732971749895e+00 1.892557194473996729e+00 2.071201354008211482e+00
-1.928007105952087841e+01 -1.024541143951283573e+01 -1.633917497246304196e+00 8.682339854866649276e+00 1.570039568371913941e+00 2.104136871380905660e+00
-1.925202080418856099e+01 -7.642966730162594757e+00 -2.939656990714546225e+00 8.861982639947331819e+00 1.244159141877533070e+00 2.142683976009099656e+00
-1.921145945795629117e+01 -5.093924543704102526e+00 -4.208669631701035030e+00 9.040100580404894615e+00 9.178118271209413370e-01 2.185986076097084840e+00
-1.915807789121049254e+01 -2.631218082746893838e+00 -5.413347694847023384e+00 9.217754951279330200e+00 5.938733135869772584e-01 2.232905762084479218e+00
-1.909100468203898515e+01 -2.833863606206842856e-01 -6.530084839343789582e+00 9.395875948275953959e+00 2.751706787954702471e-01 2.282044545534867463e+00
-1.900878136737839341e+01 1.926713910785778028e+00 -7.540560999856192659e+00 9.575190967711185053e+00 -3.554947807041411445e-02 2.331768639516418773e+00
-1.890933733630792446e+01 3.982571981700491648e+00 -8.432396089143139761e+00 9.756146293550539639e+00 -3.356561041243676935e-01 2.380240444688184187e+00
-1.878996405394074287e+01 5.874059900544302160e+00 -9.199171325410219424e+00 9.938822534968675626e+00 -6.226713060933249944e-01 2.425455327313027265e+00
-1.864728837223265145e+01 7.596948644627250502e+00 -9.839925820794881872e+00 1.012284430386576339e+01 -8.943094793504033913e-01 2.465283177501747414e+00
-1.847724482427140202e+01 9.152070524293009157e+00 -1.035829722002962328e+01 1.030728486601612204e+01 -1.148516593588537971e+00 2.497514114695429388e+00
-1.827504705060903234e+01 1.054430531784791469e+01 -1.076148587474684248e+01 1.049056687904011298e+01 -1.383508026336861985e+00 2.519907562932337530e+00
-1.803515892151121491e+01 1.178154098819071649e+01 -1.105919554346439249e+01 1.067036089047245362e+01 -1.597803195747113270e+00 2.530243755361499147e+00
-1.775126656385195290e+01 1.287371518210513166e+01 -1.126265893964896136e+01 1.084348406551932342e+01 -1.790255234446398003e+00 2.526376554939230079e+00
-1.741625345772121847e+01 1.383199740214356410e+01 -1.138380998516183595e+01 1.100580271444019864e+01 -1.960074072789069310e+00 2.506286309296748005e+00
-1.702218212757437144e+01 1.466813369892247465e+01 -1.143462630679469605e+01 1.115214367353952163e+01 -2.106841546228668260e+00 2.468131302043214070e+00
-1.656028771600321647e+01 1.539394948420146747e+01 -1.142663899379911818e+01 1.127622154815465549e+01 -2.230517339908719698e+00 2.410296095307397302e+00
5.911176883813491149e-08 -5.911147906599480808e-08 1.151832355863335655e+00 -1.151832355863707136e+00 -3.024058614692896926e-09 3.024060810648280976e-09
5.911176883813491149e-08 -5.911147906599480808e-08 1.151832355863335655e+00 -1.151832355863707136e+00 -3.024058614692896926e-09 3.024060810648280976e-09
6.653138970468451783e-08 -6.653110129984526711e-08 2.350694459571314992e-03 -2.350694459933548672e-03 -3.460222722826566304e-09 3.460218061010729004e-09
7.002083244495767159e-08 -7.002047569294505804e-08 4.419915436838933471e-04 -4.419915440773818116e-04 -4.355301166622634468e-09 4.355288743437111979e-09
7.620265026370419835e-08 -7.620227503294845801e-08 1.426238871686884540e-04 -1.426238875657160525e-04 -5.048671035569709747e-09 5.048645625121571753e-09
8.210426311108329512e-08 -8.210385286467612507e-08 5.298904816888990105e-05 -5.298904857747753418e-05 -5.885919453360846935e-09 5.885876274118015775e-09
8.857868339006910475e-08 -8.857822304492477704e-08 2.653556093468251506e-05 -2.653556137483192734e-05 -7.470315383780858949e-09 7.470278632234471956e-09
9.952664830203076860e-08 -9.952612393009742857e-08 1.329704912790671905e-05 -1.329704955004440092e-05 -8.230867503238585973e-09 8.230797823971053369e-09
1.022617626476209730e-07 -1.022612088484308478e-07 7.053288407935269920e-06 -7.053288887128452450e-06 -1.042158155914612485e-08 1.042153899545057536e-08
1.143923728759426142e-07 -1.143918000139036077e-07 4.447977944573530299e-06 -4.447978391590270668e-06 -1.064405508846010609e-08 1.064400953779195711e-08
1.234501619509546639e-07 -1.234495574380266689e-07 2.839053281592396941e-06 -2.839053750446768586e-06 -1.259529818567826639e-08 1.259524734811524074e-08
1.264414247976028208e-07 -1.264407518722227116e-07 1.769485161827380956e-06 -1.769485696194855856e-06 -1.539482177169342878e-08 1.539480011140028991e-08
1.413001578000778232e-07 -1.412994631541441267e-07 1.204851682398210894e-06 -1.204852188773165416e-06 -1.631780188190314669e-08 1.631777912687265792e-08
1.541268543127015759e-07 -1.541261198719793329e-07 8.990548967968002599e-07 -8.990554053524440694e-07 -1.835768493021372659e-08 1.835765290971867228e-08
1.706029709298481851e-07 -1.706021955731884930e-07 6.789063109929215519e-07 -6.789068153811123330e-07 -2.055458498326181285e-08 2.055455319043721403e-08
1.856058187921578411e-07 -1.856050343295471059e-07 5.130981969424500732e-07 -5.130987160878369027e-07 -2.321947939841966643e-08 2.321947600266628488e-08
2.021908142514258757e-07 -2.021899583899036577e-07 4.147140105635807568e-07 -4.147145327360225706e-07 -2.553125857133130814e-08 2.553125996183244951e-08
2.213169707655316946e-07 -2.213161202377765543e-07 3.604168471815100995e-07 -3.604173446518881974e-07 -2.640364589042213922e-08 2.640365091535645152e-08
2.483943341764742468e-07 -2.483934598437388000e-07 3.122767803530219518e-07 -3.122772371672988245e-07 -2.797293588797370991e-08 2.797291530803337913e-08
2.705728274289388126e-07 -2.705719216552296954e-07 2.954066750472432412e-07 -2.954071849661576214e-07 -3.318049134263371869e-08 3.318052887302259769e-08
3.024040199450543283e-07 -3.024030964387178717e-07 2.745866149025594229e-07 -2.745870500052055122e-07 -3.221037322856825253e-08 3.221035995833056903e-08
3.387656819528801018e-07 -3.387647450367003009e-07 2.704367859144936845e-07 -2.704372255568313305e-07 -3.694999231346823334e-08 3.695000464602615054e-08
3.747293268590571735e-07 -3.747284061882913041e-07 2.246173258963811065e-07 -2.246177837541888324e-07 -4.129556641488321137e-08 4.129562516402831826e-08
4.166192524913732566e-07 -4.166183168702778212e-07 2.557021195986088814e-07 -2.557025955180113998e-07 -4.567005888163733676e-08 4.567014243457439306e-08
4.765321716747276324e-07 -4.765312645523268108e-07 2.766647032706951639e-07 -2.766651114818932450e-07 -4.717228376558230672e-08 4.717234419828696951e-08
5.463645470202106366e-07 -5.463636193907782555e-07 2.762374154095267026e-07 -2.762378585421125769e-07 -5.703442909236967824e-08 5.703451848714268958e-08
6.267344498790761969e-07 -6.267336085229548724e-07 3.928310917079187886e-07 -3.928314669829947868e-07 -5.729659646839974074e-08 5.729667728587666348e-08
7.328126201796402663e-07 -7.328118428243007736e-07 4.198826126120654491e-07 -4.198829906186844770e-07 -6.645418845323794759e-08 6.645429624003833336e-08
8.716014583354731602e-07 -8.716007691942123527e-07 6.194694888342603487e-07 -6.194698447516741278e-07 -7.526004002821841272e-08 7.526016692228849628e-08
1.061503090914829367e-06 -1.061502501785148074e-06 1.169288232220997728e-06 -1.169288478283091429e-06 -7.927377098774642645e-08 7.927383158227697867e-08
1.351269261426034777e-06 -1.351268793034765903e-06 1.425683693538534860e-06 -1.425683920335913015e-06 -9.973928654442920507e-08 9.973936876764502462e-08
1.822934653867014424e-06 -1.822934270150704694e-06 2.033102156328934075e-06 -2.033102311367331593e-06 -1.260727502484904424e-07 1.260727945007031324e-07
2.764535019620769736e-06 -2.764534766502396070e-06 3.609864929726544726e-06 -3.609865012278612935e-06 -1.861881070919058181e-07 1.861881160053514449e-07
5.549990075145980103e-06 -5.549989925174160133e-06 8.129667112124376184e-06 -8.129667169725328797e-06 -3.710961830092538931e-07 3.710961973902922446e-07
9.441445164826595058e-16 -1.395372397863606890e-16 -4.599267251546158096e-16 -2.308091337043074563e-16 1.681256092808919353e-16 2.053092004595262175e-16
