0.000000000000000000e+00 0.000000000000000000e+00 0.000000000000000000e+00 0.000000000000000000e+00 0.000000000000000000e+00 0.000000000000000000e+00
-1.657812004436500088e-13 -1.748381991536875613e-09 1.110089193374956818e-09 1.093494270285357225e-14 1.995813259411081528e-10 -1.995916999103429579e-10
-1.743328759261993108e-13 -4.388154044284564991e-10 2.793426975724895188e-10 2.184918872349134433e-14 9.993231969305230553e-11 -9.995325357274026825e-11
-1.675556979296736935e-13 -1.970663069139184593e-10 1.260276941770856205e-10 3.273390074399700471e-14 6.691993718172931470e-11 -6.695107266899414381e-11
-1.681043833101893323e-13 -1.107044385111859145e-10 7.119790848773623462e-11 4.248563915317168943e-14 5.023995490244654399e-11 -5.028097737586181818e-11
-1.749437658998790874e-13 -6.878025484974563293e-11 4.458274052932240707e-11 5.303928059489037495e-14 4.055146526003111827e-11 -4.060231078493852430e-11
-1.739280277299828567e-13 -4.849663134846111720e-11 3.172694205284800919e-11 6.333405038495274612e-14 3.380113653110613572e-11 -3.386161996604892556e-11
-1.784798113463740083e-13 -3.624000957137359389e-11 2.393574872645616517e-11 7.292910355067242215e-14 2.918033579215339342e-11 -2.924993714337174363e-11
-1.797342051245022453e-13 -2.754149301338772932e-11 1.838950232166431671e-11 8.200473826835967235e-14 2.590464393704577609e-11 -2.598325124929241635e-11
-1.809297977150950621e-13 -2.156365852301283972e-11 1.459232612701772219e-11 9.114369102919085902e-14 2.321359919988860517e-11 -2.330205476695971153e-11
-1.869646008748306111e-13 -1.718959996407202662e-11 1.178657451620422960e-11 9.718809037704446659e-14 2.106931256597216966e-11 -2.116367442611339011e-11
-1.990372457318000469e-13 -1.487900845401291401e-11 1.029181432182092722e-11 1.052152417266867482e-13 1.932548559388098086e-11 -1.942661148295425016e-11
-2.028817558010324440e-13 -1.259973908694911919e-11 8.832427549285080841e-12 1.126166982772449935e-13 1.800794816418503029e-11 -1.811534753238707480e-11
-2.168342950242803677e-13 -1.030173319752726129e-11 7.331186614651081617e-12 1.185930644064495184e-13 1.678582595504941768e-11 -1.689916970331423161e-11
-2.242739641001868049e-13 -9.033972518139604692e-12 6.494283087366481655e-12 1.237006293488976532e-13 1.577857905654998592e-11 -1.589555933111070245e-11
-2.335246466075630822e-13 -7.902849041521409882e-12 5.743978779400861399e-12 1.279735866901201143e-13 1.497795390064676582e-11 -1.509803369732392264e-11
-2.328395156496040476e-13 -7.263133385748985374e-12 5.327824002496120187e-12 1.305231357234038834e-13 1.434966870480397120e-11 -1.447610322452580733e-11
-2.383635520795630446e-13 -6.629147360541560207e-12 4.877909718777447818e-12 1.343379239280944639e-13 1.377389047966851272e-11 -1.390733986103333356e-11
-2.506626836983227379e-13 -6.206267198538715138e-12 4.578677713249617816e-12 1.394386122830080094e-13 1.316078760927884877e-11 -1.329662750307816547e-11
-2.669254949818733033e-13 -5.328533265134093229e-12 4.000349458347201235e-12 1.395472129860988186e-13 1.275583399981709339e-11 -1.289036808310618606e-11
-2.789378074038386154e-13 -5.105729486584136985e-12 3.807394945362502799e-12 1.431210024338738098e-13 1.253210847338009029e-11 -1.267084506340458284e-11
-3.035508209779226498e-13 -4.437730734800147443e-12 3.365214954340013500e-12 1.401034071455718502e-13 1.211611338755701255e-11 -1.225111371664795778e-11
-2.951060984626762104e-13 -4.272184763588152057e-12 3.211791361005938510e-12 1.402139014590401181e-13 1.206625867188845306e-11 -1.220180991050426323e-11
-3.133873581012016646e-13 -3.880269930550748994e-12 2.946207588959428970e-12 1.382978900050742210e-13 1.189339891586451430e-11 -1.203483840737106533e-11
-3.364499506213139339e-13 -3.732046969464150606e-12 2.802930079722501441e-12 1.410562207229803979e-13 1.176025660377271046e-11 -1.189846054101746204e-11
-3.531442536084618036e-13 -3.455733069129254851e-12 2.593973526958894672e-12 1.385674993773052658e-13 1.168775331141290418e-11 -1.181967921016258260e-11
-3.599256512403984000e-13 -3.307245490512107406e-12 2.475919990031678160e-12 1.334870798930622584e-13 1.176295193760176743e-11 -1.190008101964207784e-11
-3.829265421594971678e-13 -3.130828681501840696e-12 2.317124372930875378e-12 1.339510404578234556e-13 1.179032691230685307e-11 -1.191999472442039548e-11
-3.841418257633175743e-13 -2.902303669773691503e-12 2.162138747748799689e-12 1.280695260032764870e-13 1.192218480334605255e-11 -1.206029532769834873e-11
-3.975799346073789051e-13 -2.872544061229567021e-12 2.104947102469267187e-12 1.248914970404234924e-13 1.215037034057683142e-11 -1.228332149824573073e-11
-4.198362411911539930e-13 -2.609865365681133288e-12 1.888451620111122488e-12 1.228565541847067151e-13 1.225675803725588766e-11 -1.238419179904194369e-11
-4.366688334123274454e-13 -2.497710705311860127e-12 1.804778132149290367e-12 1.187179256945116130e-13 1.278561164836642515e-11 -1.291018859094570802e-11
-4.444138955721641299e-13 -2.417240994346617624e-12 1.724914322093220726e-12 1.162102424909391767e-13 1.344207233253124120e-11 -1.356701621344644883e-11
-4.584233891406179465e-13 -2.257768293959638592e-12 1.602624910678623113e-12 1.123185186329068244e-13 1.430271260011813540e-11 -1.442989393620198022e-11
-4.823346243501844699e-13 -2.128943818329733681e-12 1.495354538750764818e-12 1.114019140036895023e-13 1.513634997898671592e-11 -1.525969693575790991e-11
-5.048115771735841184e-13 -2.021965266289102550e-12 1.403044299798330202e-12 1.134909643050504746e-13 1.653156288375887488e-11 -1.665008785404550709e-11
-5.183133442722380880e-13 -1.895296855652113020e-12 1.298126699002440938e-12 1.100523457445091471e-13 1.820638341193782916e-11 -1.832801557947226059e-11
-5.295390865990496208e-13 -1.839440691350752417e-12 1.234253313260017637e-12 1.158028340766309364e-13 2.105468710415636505e-11 -2.117971851438988646e-11
-5.424543926992860325e-13 -1.725494750283039221e-12 1.162844030108100212e-12 1.172917263791262509e-13 2.503230835158069959e-11 -2.516138599263842758e-11
-5.575344082118668975e-13 -1.625584507025257058e-12 1.059707675110880578e-12 1.230432666859554051e-13 3.201336469644265313e-11 -3.213927807306452909e-11
-5.743146535580206331e-13 -1.493371286731468091e-12 9.612220563074341158e-13 1.291113761226091006e-13 4.590801718702846272e-11 -4.603252570424041447e-11
-5.900836106821314727e-13 -1.414478530238458890e-12 8.879731283576080857e-13 1.387818288409166266e-13 8.666300693934593326e-11 -8.679332898758644312e-11
-5.964649175566505793e-13 -1.288028515828993086e-12 7.993176578067930212e-13 1.455832805144702294e-13 5.376755732472798698e-09 -5.376889561996743827e-09
-6.052318944436211547e-13 -1.215527835236550243e-12 7.360842864067121744e-13 8.314973966071526057e-11 1.613019133323739656e-13 -8.329511175399936322e-11
-6.077677233012414748e-13 -1.105983638402871050e-12 6.522273446114017975e-13 3.956406681626151017e-11 1.704103969129861439e-13 -3.971027967260258998e-11
-6.230233254623695325e-13 -1.020088398374537220e-12 5.731679868870793809e-13 2.528138618372467316e-11 1.933051441014433998e-13 -2.543323868728279444e-11
-6.353960671154757122e-13 -9.289222244683536084e-13 5.049408203881056269e-13 1.808944733655533420e-11 2.113960943039780172e-13 -1.824634262819488443e-11
-6.453051866621362696e-13 -8.128457589428220512e-13 4.163509669184141088e-13 1.398350511677156559e-11 2.313264441135863716e-13 -1.414018393225622652e-11
-6.455798035787240647e-13 -7.441792543138187243e-13 3.502932118631245470e-13 1.125430639670282201e-11 2.606977196537753822e-13 -1.142171556097801896e-11
-6.468561360075624334e-13 -6.648517706358622907e-13 2.842573699113785317e-13 9.372466841037917860e-12 2.903132617752908964e-13 -9.551365586100776132e-12
-6.550249248077283547e-13 -5.684915363844850599e-13 2.082296688850117369e-13 7.774875712293297779e-12 3.171608886184956519e-13 -7.954778503380039010e-12
-6.494357763491149103e-13 -5.110804557370834372e-13 1.419209044484957014e-13 6.761664513663012173e-12 3.555192931254938139e-13 -6.948616842122495414e-12
-6.605327414820208910e-13 -4.094239129982779935e-13 6.423905829052368072e-14 5.823588750695286819e-12 3.912346864985402678e-13 -6.017899240848120157e-12
-6.560403562132370151e-13 -3.398628572035425089e-13 2.179169209707425702e-15 5.094895266532790760e-12 4.299549507181102860e-13 -5.299696296944635954e-12
-6.518983835863141390e-13 -2.588172864346122233e-13 -6.357314796353213613e-14 4.488275591419690464e-12 4.694669691038204333e-13 -4.702918731212151835e-12
-6.428514973148093548e-13 -1.998453575645907269e-13 -1.326820989276208665e-13 4.030022572384297080e-12 5.178261201849793425e-13 -4.249154331468526133e-12
-6.478923620840848937e-13 -1.218374361335692429e-13 -2.098167375579292177e-13 3.595713736138892447e-12 5.681431217781775856e-13 -3.814974718089900529e-12
-6.436037207216445951e-13 -5.504034045388179995e-14 -2.735946572151804915e-13 3.229720389538444767e-12 6.208342462123147526e-13 -3.456818108562304364e-12
-6.344674936127868607e-13 6.530761415787652552e-15 -3.494406247646650768e-13 2.916047935101029508e-12 6.754667001781356087e-13 -3.149144948971159861e-12
-6.223635584437253116e-13 5.785951470056642232e-14 -4.177328383898720580e-13 2.653330075649829946e-12 7.391556533610253327e-13 -2.894811432308622839e-12
-6.112914022107228988e-13 1.177482951888235521e-13 -4.978372456268542826e-13 2.426088711249073782e-12 8.055381589549811376e-13 -2.673445180329506637e-12
-6.012703197399319361e-13 1.714510795713535565e-13 -5.717807130630121439e-13 2.204986225555169175e-12 8.696952691125699789e-13 -2.458762809825242346e-12
-5.802003329261789023e-13 2.137402680755157064e-13 -6.412946291228787354e-13 2.012089764172672316e-12 9.375456052299771180e-13 -2.271555100694295001e-12
-5.648795911955904166e-13 2.624827522070124170e-13 -7.290264679614327840e-13 1.849995249285775260e-12 1.015934081672620658e-12 -2.113090684416536672e-12
-5.453747881216582034e-13 3.032052849575306187e-13 -8.119213128294705092e-13 1.694259254843542409e-12 1.095746242629335568e-12 -1.956296804185111247e-12
-5.194173675860948980e-13 3.398969796811934738e-13 -8.973800463328016735e-13 1.554372994783971809e-12 1.177167866165690567e-12 -1.817251703742989776e-12
-4.970498108685924112e-13 3.786441949837977294e-13 -9.893699166963520769e-13 1.422563529246642639e-12 1.266572421130397103e-12 -1.690426466502358302e-12
-4.732827587077002695e-13 4.144241970841536726e-13 -1.080977021782273883e-12 1.305012397205505689e-12 1.362704546232665920e-12 -1.573141604648707397e-12
9.443981135189987160e-16 -1.304449220753472820e-16 -2.748206839654641743e-15 2.038048584113011023e-15 1.824367859041941686e-16 2.045866269280951246e-16
9.443981135189987160e-16 -1.304449220753472820e-16 -2.748206839654641743e-15 2.038048584113011023e-15 1.824367859041941686e-16 2.045866269280951246e-16
2.501360908175551678e-01 3.993839780295187492e+00 -2.185576727488936832e+00 -1.163625237173183447e+00 3.627331768697027864e-02 1.450833770696074332e+00
4.977164326748500511e-01 7.918914177631824813e+00 -4.303382497429942610e+00 -2.319264916381126085e+00 7.400324731256191502e-02 2.834316154929164000e+00
7.402120973869971143e-01 1.171010412695387259e+01 -6.295636980359970103e+00 -3.458871364953135075e+00 1.146292948527832256e-01 4.093083076486197847e+00
9.751471953897848932e-01 1.530907724192359076e+01 -8.121266483393316804e+00 -4.574271088622856141e+00 1.595569293467069549e-01 5.186470585144300927e+00
1.200123910890819490e+00 1.866653659947753141e+01 -9.757874276104915978e+00 -5.657097936928141557e+00 2.101410009582050098e-01 6.092482238716807608e+00
1.412845819491642896e+00 2.174338955743258239e+01 -1.119966961278139550e+01 -6.698721736881369182e+00 2.676696802083086690e-01 6.805715551500910898e+00
1.611139017447414057e+00 2.451085715876197924e+01 -1.245323586505945279e+01 -7.690171236278816380e+00 3.333490875343498305e-01 7.333128039694621236e+00
1.792970671084781698e+00 2.694970778733261696e+01 -1.353295079300809789e+01 -8.622050622782401419e+00 4.082887781867830523e-01 7.689456001409011421e+00
1.956464685137338178e+00 2.904888623481206267e+01 -1.445715632379551785e+01 -9.484449589510175471e+00 4.934882420116378787e-01 7.893383499968453343e+00
2.099914285072057574e+00 3.080382227526803263e+01 -1.524544894142409746e+01 -1.026684804933358386e+01 5.898245707240751257e-01 7.964832739829369679e+00
2.221791406042963324e+00 3.221466286647505228e+01 -1.591701157398239808e+01 -1.095801836559476072e+01 6.980414366821869887e-01 7.923296789432392906e+00
2.320752875447047003e+00 3.328460716081475113e+01 -1.648973043671752592e+01 -1.154593064688699222e+01 8.187395167587591116e-01 7.786958154473160754e+00
2.395643463306685206e+00 3.401845715479934285e+01 -1.697982794620462599e+01 -1.201767060690366762e+01 9.523684825180960267e-01 7.572324334448849115e+00
2.445495951800542134e+00 3.442144360000884973e+01 -1.740179817841415399e+01 -1.235938513906108049e+01 1.099220663441308643e+00 7.294166820439655474e+00
2.469528440069980846e+00 3.449835265490428782e+01 -1.776849831124999568e+01 -1.255627852102802322e+01 1.259426473324976481e+00 6.965616923054390064e+00
2.467139151707973266e+00 3.425296351881703316e+01 -1.809130511692153931e+01 -1.259269231272115341e+01 1.432951671218315459e+00 6.598327403892549015e+00
2.437899049751304670e+00 3.368780739240811073e+01 -1.838028487271419209e+01 -1.245231434308373686e+01 1.619596507433060273e+00 6.202648144346834869e+00
2.381542587933191069e+00 3.280426823002992620e+01 -1.864435027646245402e+01 -1.211857548690556818e+01 1.818996782425953418e+00 5.787789259765753869e+00
2.297956938424395190e+00 3.160305919612834913e+01 -1.889139304531109076e+01 -1.157530417049725813e+01 2.030626821965024309e+00 5.361960116759050266e+00
2.187170036723083744e+00 3.008511688756851399e+01 -1.912838937858089494e+01 -1.080771182055372037e+01 2.253804346295233962e+00 4.932481174221989839e+00
2.049337775456832933e+00 2.825294690599564262e+01 -1.936147995118212251e+01 -9.803768247775016320e+00 2.487697184450729182e+00 4.505870020066574000e+00
1.884730662440150084e+00 2.611241548990943429e+01 -1.959602826053072633e+01 -8.555981507596911229e+00 2.731331757928399995e+00 4.087905105301902431e+00
1.693720236194699691e+00 2.367489962770186196e+01 -1.983666201153879882e+01 -7.063509599692499030e+00 2.983603231223845853e+00 3.683671521201996146e+00
-1.693264042365451250e+00 -2.367459144694326767e+01 1.983643055464056459e+01 7.062829653820227094e+00 -2.983256906982900247e+00 -3.683682984294305740e+00
-1.485826685018800886e+00 -2.107761679270697996e+01 2.007637327533123539e+01 5.410272374916524463e+00 -3.231981292139874284e+00 -3.313284905678289594e+00
-1.255028717975304797e+00 -1.825080008933130671e+01 2.032837128419636130e+01 3.556757094783030926e+00 -3.486345171385009767e+00 -2.962909115182032593e+00
-1.001390576910697217e+00 -1.522888724513195591e+01 2.059472301685430295e+01 1.528923450197074319e+00 -3.745100592378379112e+00 -2.635376044012649910e+00
-7.254750051774975228e-01 -1.205609737247869973e+01 2.087717985646863283e+01 -6.363571918568478036e-01 -4.006933616645258489e+00 -2.332995911084521090e+00
-4.278777811375688578e-01 -8.784883366638480240e+00 2.117696429230109700e+01 -2.893270718938547148e+00 -4.270477282720808176e+00 -2.057582705711422655e+00
-1.092191466536993061e-01 -5.473308674955938535e+00 2.149479281375599982e+01 -5.189729757017889078e+00 -4.534325042839211228e+00 -1.810470820155250404e+00
2.298639910364621564e-01 -2.181317913216418880e+00 2.183090502979293390e+01 -7.471145444438986871e+00 -4.797044502179897307e+00 -1.592535730801328375e+00
5.887250298245698676e-01 1.033497026521513762e+00 2.218509999749402084e+01 -9.684699629394557974e+00 -5.057191286495017479e+00 -1.404219676760124935e+00
9.667137780444124973e-01 4.119870859184755929e+00 2.255678022045041331e+01 -1.178335297677028493e+01 -5.313322863858441991e+00 -1.245562823310826683e+00
1.363181672357803853e+00 7.035889937470938271e+00 2.294500325322838918e+01 -1.372890029633621367e+01 -5.564012149296241994e+00 -1.116239939093331746e+00
1.777486099988218493e+00 9.750659536724612053e+00 2.334854034221703145e+01 -1.549366445630150402e+01 -5.807860727096485043e+00 -1.015602178462412519e+00
2.208993829816471965e+00 1.224456435194890247e+01 2.376594106761969272e+01 -1.706078016606771541e+01 -6.043511534480007441e+00 -9.427231642271717282e-01
2.657083568378124205e+00 1.450837399475495637e+01 2.419560254810808786e+01 -1.842331978845994911e+01 -6.269660861788063144e+00 -8.964482312603296865e-01
3.121147667183441055e+00 1.654160428656762249e+01 2.463584144803422049e+01 -1.958267238338558514e+01 -6.485069538088735541e+00 -8.754454357331146186e-01
3.600593017079298352e+00 1.835055748772206030e+01 2.508496680164142845e+01 -2.054659955308422781e+01 -6.688573186743221655e+00 -8.782567707821472558e-01
4.094841173647584931e+00 1.994637852171344150e+01 2.554135154760720638e+01 -2.132730559842885043e+01 -6.879091452590077260e+00 -9.033479636422822034e-01
4.603327764929273869e+00 2.134334090143670437e+01 2.600350065156800738e+01 -2.193973615910171304e+01 -7.055636120560262015e+00 -9.491552609683889807e-01
5.125501239115634711e+00 2.255746134277733361e+01 2.647011377818049382e+01 -2.240020480095673960e+01 -7.217318064279630185e+00 -1.014127730598120225e+00
5.660821015283807434e+00 2.360545817646906386e+01 2.694014064606748349e+01 -2.272536314668667501e+01 -7.363352982112376210e+00 -1.096763805902200017e+00
6.208755104780744105e+00 2.450401900606675554e+01 2.741282744277845040e+01 -2.293148048381337034e+01 -7.493065896731573972e+00 -1.195641055495682448e+00
6.768777274497906227e+00 2.526932097872045091e+01 2.788775297454568403e+01 -2.303397669559103633e+01 -7.605894412293922713e+00 -1.309438456684549834e+00
7.340363826018745819e+00 2.591674310487951516e+01 2.836485355875781522e+01 -2.304714841223637123e+01 -7.701390740310249505e+00 -1.436950765732841973e+00
7.922990066478863724e+00 2.646071598945220416e+01 2.884443601870568230e+01 -2.298403417631748269e+01 -7.779222521061857520e+00 -1.577094893643559148e+00
8.516126547946388570e+00 2.691466429529194571e+01 2.932717849580891567e+01 -2.285637433047590505e+01 -7.839172481691599970e+00 -1.728908497338480732e+00
9.119235152225698471e+00 2.729100779333886351e+01 2.981411914279508935e+01 -2.267463181000495709e+01 -7.881136984734549600e+00 -1.891541271160654292e+00
9.731765097216632299e+00 2.760119625066975146e+01 3.030663309378862635e+01 -2.244804934523061846e+01 -7.905123531740059661e+00 -2.064239664456668066e+00
1.035314893935838221e+01 2.785576104691233823e+01 3.080639841811687063e+01 -2.218472612863694238e+01 -2.246325952883780896e+00 -7.911247295725181594e+00
1.098279864427154529e+01 2.806437225858661222e+01 3.131535204973479125e+01 -2.189170274863968757e+01 -2.437172751923274649e+00 -7.899726763489769432e+00
1.162010179453684700e+01 2.823589424178454266e+01 3.183563694025268731e+01 -2.157504737056938282e+01 -2.636174180561297042e+00 -7.870878574359541524e+00
1.226441799966121415e+01 2.837843578795948929e+01 3.236954190738858017e+01 -2.123993907150076410e+01 -2.842714961900560500e+00 -7.825111645789484704e+00
1.291507556874868357e+01 2.849939302579110034e+01 3.291943583852396671e+01 -2.089074621425229239e+01 -3.056138786602381696e+00 -7.762920678567056143e+00
1.357136850128429195e+01 2.860548464634873866e+01 3.348769805634821495e+01 -2.053109903490834753e+01 -3.275717265424808122e+00 -7.684879135237964398e+00
1.423255384583313088e+01 2.870277993516820558e+01 3.407664675510343955e+01 -2.016395641948124151e+01 -3.500620759368511248e+00 -7.591631784988862819e+00
1.489784947044551267e+01 2.879672064844620039e+01 3.468846746616198828e+01 -1.979166730958503351e+01 -3.729892300572177799e+00 -7.483886906717037490e+00
1.556643228222382547e+01 2.889213807514786225e+01 3.532514350551817017e+01 -1.941602741320982162e+01 -3.962425704810116578e+00 -7.362408239561701428e+00
1.623743692695384411e+01 2.899326675520724095e+01 3.598839028949240060e+01 -1.903833198181925823e+01 -4.196948828608697113e+00 -7.228006766921422077e+00
1.690995499300782257e+01 2.910375632687787117e+01 3.667959527696176281e+01 -1.865942540259673166e+01 -4.432012743166239055e+00 -7.081532416091471660e+00
1.758303473700345876e+01 2.922668288935830816e+01 3.739976510815226618e+01 -1.827974828166044929e+01 -4.665987387629653149e+00 -6.923865751263324597e+00
1.825568134201531123e+01 2.936456111601934182e+01 3.814948126634923398e+01 -1.789938258587788411e+01 -4.897064031964914577e+00 -6.755909732868826012e+00
1.892685771258781458e+01 2.951935815872772650e+01 3.892886529836378173e+01 -1.751809528513067704e+01 -5.123264632758754544e+00 -6.578581611235141402e+00
1.959548580445433430e+01 2.969251016101762985e+01 3.973755430420091272e+01 -1.713538080581814071e+01 -5.342457913637762346e+00 -6.392805017347806817e+00
2.026044848080334759e+01 2.988494196102906031e+01 4.057468706085398935e+01 -1.675050247877145893e+01 -5.552381756661336709e+00 -6.199502308280123053e+00
2.092059188119653257e+01 3.009709032640394000e+01 4.143890079597569098e+01 -1.636253304682178822e+01 -5.750671263575071634e+00 -5.999587219609838762e+00
2.157472828391070152e+01 3.032893083353090091e+01 4.232833829132962933e+01 -1.597039419346792677e+01 -5.934891647312435126e+00 -5.793957871964176221e+00
2.222163943755429116e+01 3.058000829201889914e+01 4.324066468952245401e+01 -1.557289496745185708e+01 -6.102574954337012691e+00 -5.583490173755055963e+00
2.286008033336500134e+01 3.084947042976418174e+01 4.417309311450199516e+01 -1.516876891043653330e+01 -6.251259504809445033e+00 -5.369031657218407361e+00
2.348878338562602863e+01 3.113610440026582538e+01 4.512241800742849307e+01 -1.475670964720605127e+01 -6.378530874717528221e+00 -5.151395780077462128e+00
2.410646298416719091e+01 3.143837555573061238e+01 4.608505493152306087e+01 -1.433540466975917838e+01 -6.482063233303150263e+00 -4.931356720519428194e+00
2.471182037996394953e+01 3.175446784866094774e+01 4.705708551487411029e+01 -1.390356703736997801e+01 -6.559659888288529750e+00 -4.709644688715650673e+00
2.530354886237578071e+01 3.208232518070030892e+01 4.803430617722250418e+01 -1.345996472245567510e+01 -6.609291975412296516e+00 -4.486941773823955870e+00
2.588033918460914862e+01 3.241969300836926493e+01 4.901227932006173660e+01 -1.300344735461471579e+01 -6.629134349994487252e+00 -4.263878341284178752e+00
2.644088519250767888e+01 3.276415953730663944e+01 4.998638574066504248e+01 -1.253297014975058232e+01 -6.617597887281156055e+00 -4.041029991245816966e+00
2.698388961074486048e+01 3.311319588493694965e+01 5.095187714964369974e+01 -1.204761485477705207e+01 -6.573357564923036023e+00 -3.818915085138711252e+00
2.750806993993611727e+01 3.346419466063183279e+01 5.190392781713655523e+01 -1.154660758792457997e+01 -6.495375874856768483e+00 -3.597992843705144494e+00
2.801216441800186630e+01 3.381450649659370100e+01 5.283768453357089356e+01 -1.102933350713638916e+01 -6.382921283574191307e+00 -3.378662016241663846e+00
2.849493799937489058e+01 3.416147415612270777e+01 5.374831423677623832e+01 -1.049534829169021499e+01 -6.235581621133678532e+00 -3.161260117343368314e+00
2.895518830620563122e+01 3.450246394325486676e+01 5.463104881917086431e+01 -9.944386472593558679e+00 -6.053272423891728593e+00 -2.946063224094658484e+00
2.939175150667493952e+01 3.483489423419309361e+01 5.548122677965145044e+01 -9.376366693505493899e+00 -5.836240379358652142e+00 -2.733286323401614037e+00
2.980350807673661251e+01 3.515626104251365547e+01 5.629433151961174531e+01 -8.791394024447575006e+00 -5.585062121295946369e+00 -2.523084196009957481e+00
3.018938840312227967e+01 3.546416061362526762e+01 5.706602619790301389e+01 -8.189759484394276257e+00 -5.300638698437678542e+00 -2.315552820700832903e+00
3.054837818721186338e+01 3.575630911708469739e+01 5.779218515412747337e+01 -7.571936955474883213e+00 -4.984186091803049834e+00 -2.110731279202120447e+00
3.087952361132664691e+01 3.603055956668743676e+01 5.846892198331468649e+01 -6.938577690902021367e+00 -4.637222185414204390e+00 -1.908604139507833919e+00
3.118193623121073088e+01 3.628491614686983979e+01 5.909261439894541468e+01 -6.290502631176776660e+00 -4.261550606105831029e+00 -1.709104292564561423e+00
3.145479756079001987e+01 3.651754615992153674e+01 5.965992605726520281e+01 -5.628692749210209456e+00 -3.859241843258038873e+00 -1.512116214677581283e+00
3.169736331781809469e+01 3.672678983194607127e+01 6.016782553629554542e+01 -4.954277645581981027e+00 -3.432612042146608644e+00 -1.317479625519959674e+00
3.190896730167022710e+01 3.691116822743997972e+01 6.061360267037595406e+01 -4.268522611210300077e+00 -2.984199838583270203e+00 -1.124993509311518425e+00
3.208902487724516561e+01 3.706938952344122384e+01 6.099488243809144450e+01 -3.572814367294614879e+00 -2.516741570800827610e+00 -9.344204645858559255e-01
3.223703604189950767e+01 3.720035388595658787e+01 6.130963659025308488e+01 -2.868645682592927848e+00 -2.033145169976681377e+00 -7.454913460029082284e-01
3.235258805508266278e+01 3.730315717475642856e+01 6.155619318753103641e+01 -2.157599056967103301e+00 -1.536462995849744440e+00 -5.579101598987376009e-01
3.243535761378221594e+01 3.737709367930710869e+01 6.173324419591455836e+01 -1.441329648634543270e+00 -1.029863850619927801e+00 -3.713591737238352564e-01
3.248511256077322429e+01 3.742165806043795584e+01 6.183985126399599608e+01 -7.215476115978691762e-01 -5.166043743800037280e-01 -1.855041982026138514e-01
0.000000000000000000e+00 0.000000000000000000e+00 0.000000000000000000e+00 0.000000000000000000e+00 0.000000000000000000e+00 0.000000000000000000e+00
0.000000000000000000e+00 0.000000000000000000e+00 0.000000000000000000e+00 0.000000000000000000e+00 0.000000000000000000e+00 0.000000000000000000e+00
2.524403703876013694e+01 3.059565823905570525e+01 5.125640494208806075e+01 -6.766675181300795261e-01 -3.214367155721508662e-01 -1.600137626792934586e-01
2.512747436607591567e+01 3.056489888979730551e+01 5.119943154278181652e+01 -1.350047797986518860e+00 -6.555917195579558099e-01 -3.060601788219394770e-01
2.501484973657034061e+01 3.043240040253074952e+01 5.110487442454550688e+01 -2.016893562461554712e+00 -9.850741610067408338e-01 -4.542785255203258266e-01
2.486499223916284151e+01 3.023995481715371270e+01 5.097332878419820901e+01 -2.674037176815291073e+00 -1.310772222866014358e+00 -6.025241817671360689e-01
2.467734864630521940e+01 2.998898646557187320e+01 5.080562259748420217e+01 -3.318429760791046679e+00 -1.632168902921587561e+00 -7.500508306219607624e-01
2.444776640403075163e+01 2.968477049281807112e+01 5.060281117502760395e+01 -3.947179424872663933e+00 -1.948905272597950988e+00 -8.959456732633752640e-01
2.417943276827813293e+01 2.932549565438494099e+01 5.036616996798111501e+01 -4.557588298522859738e+00 -2.259740477638821687e+00 -1.040168539981626061e+00
2.387027327685995104e+01 2.891486818618087185e+01 5.009718548740824673e+01 -5.147187986704159002e+00 -2.563961402312973537e+00 -1.182142113327282917e+00
2.352336778494985126e+01 2.845169850005918732e+01 4.979754418597372023e+01 -5.713773055247800770e+00 -2.860411732636383597e+00 -1.321723649464392247e+00
2.313857882320236925e+01 2.793827591783821873e+01 4.946911914262472720e+01 -6.255432108183822670e+00 -3.148502154580866019e+00 -1.458196564873483370e+00
2.271742607346370235e+01 2.737549760965452705e+01 4.911395439364827809e+01 -6.770575983973918355e+00 -3.426922710630340152e+00 -1.591560946646944252e+00
2.226049687056638149e+01 2.676546177469355570e+01 4.873424676814774870e+01 -7.257962566122838410e+00 -3.695136445606142406e+00 -1.721043912534957920e+00
2.176934067563412611e+01 2.610957704827223935e+01 4.833232511457327973e+01 -7.716717680664838319e+00 -3.951968463734718107e+00 -1.846515728455329519e+00
2.124536197150132466e+01 2.540967359376886492e+01 4.791062684846530573e+01 -8.146351542534711498e+00 -4.196629484088472140e+00 -1.967472595975388039e+00
2.068999109679102588e+01 2.466783624865514213e+01 4.747167181096356359e+01 -8.546770218824935483e+00 -4.428289525160315598e+00 -2.083470446291121991e+00
2.010486704598534047e+01 2.388622555670717773e+01 4.701803350286724026e+01 -8.918281603162007798e+00 -4.646066408207651044e+00 -2.194144984145995014e+00
1.949171904172949610e+01 2.306719971069200170e+01 4.655230784921082687e+01 -9.261595445068158128e+00 -4.849383201392678977e+00 -2.298863757305865896e+00
1.885235008675419621e+01 2.221333399742066916e+01 4.607707975232469977e+01 -9.577817053462329255e+00 -5.037294438326505031e+00 -2.397410279730522564e+00
1.818868792576967408e+01 2.132737208134013684e+01 4.559488780379835049e+01 -9.868434395330826447e+00 -5.209132372755042262e+00 -2.489348773057820097e+00
1.750295318613281026e+01 2.041205909075353020e+01 4.510818764279950699e+01 -1.013529843837422284e+01 -5.364260699173290625e+00 -2.574281889178454463e+00
1.679723837455190605e+01 1.947056252877074556e+01 4.461931456361833881e+01 -1.038059673746981382e+01 -5.502230381407287041e+00 -2.651706533524176734e+00
1.607393289389921520e+01 1.850604551195900527e+01 4.413044608169385441e+01 -1.060682043436011490e+01 -5.622411561722712392e+00 -2.721393551530498112e+00
1.533539398063767933e+01 1.752199207317609719e+01 4.364356525641304074e+01 -1.081672502123031521e+01 -5.724488156167834241e+00 -2.782904386669828423e+00
1.458419756206026108e+01 1.652195013990863259e+01 4.316042563195523485e+01 -1.101328540297322078e+01 -5.808061785885276329e+00 -2.835997760685826652e+00
1.382303526482315803e+01 1.550962554535854743e+01 4.268251868584967923e+01 -1.119964596956137903e+01 -5.872911513610244327e+00 -2.880379601991525096e+00
1.305456948653479721e+01 1.448901473329202005e+01 4.221104466107821906e+01 -1.137906654761330749e+01 -5.918853905136437277e+00 -2.915851402186028452e+00
1.228171088917032705e+01 1.346411136148594778e+01 4.174688759534215876e+01 -1.155486522713320596e+01 -5.945863058173842752e+00 -2.942197073206342939e+00
1.150738141112459800e+01 1.243912326897321563e+01 4.129059524648027946e+01 -1.173035914408637304e+01 -5.953966606279093021e+00 -2.959292038723278839e+00
1.073454670017528301e+01 1.141841547337533136e+01 4.084236444433838642e+01 -1.190880433155335538e+01 -5.943299131716246464e+00 -2.967052904724866824e+00
9.966297103279257996e+00 1.040639964603639811e+01 4.040203217741844810e+01 -1.209333572288223735e+01 -5.914124194028161696e+00 -2.965416329413538943e+00
9.205753849143649248e+00 9.407593036516368912e+00 3.996907245012769749e+01 -1.228690829250329664e+01 -5.866712847601839975e+00 -2.954459103561594802e+00
8.456058720860607281e+00 8.426588189540831664e+00 3.954259862715547058e+01 -1.249224014836843999e+01 -5.801494264346445107e+00 -2.934243774766398527e+00
7.720375613700132256e+00 7.468004742062332113e+00 3.912137061859025522e+01 -1.271175813946835831e+01 -5.719061697527895838e+00 -2.904806599488174879e+00
7.001860090129476077e+00 6.536466923819097552e+00 3.870380585311911403e+01 -1.294754620668028799e+01 -5.619894236613314220e+00 -2.866427465680524644e+00
6.303637423790459771e+00 5.636566069710065463e+00 3.828799253126555868e+01 -1.320129627574045905e+01 -5.504726333905815672e+00 -2.819249969817389623e+00
5.628755408430012430e+00 4.772841747118287792e+00 3.787170312994501842e+01 -1.347426095015402225e+01 -5.374262416540646292e+00 -2.763554567096690562e+00
4.980225727820170256e+00 3.949667678607072574e+00 3.745240551113165139e+01 -1.376720657843349294e+01 -5.229269243426291958e+00 -2.699652427941454658e+00
4.360897215648214420e+00 3.171299228262193459e+00 3.702726821345417108e+01 -1.408036439073851476e+01 -5.070601917875318776e+00 -2.627844432745450209e+00
3.773424953779628499e+00 2.441818751290818490e+00 3.659315548010308561e+01 -1.441337623521241262e+01 -4.899101005035667811e+00 -2.548508235614045603e+00
3.220425984140488751e+00 1.764888467947764994e+00 3.614660614440109754e+01 -1.476522984698974383e+01 -4.715652841383001004e+00 -2.462021712324076628e+00
2.704146098011041222e+00 1.143987068077199742e+00 3.568378840758077786e+01 -1.513417631387538620e+01 -4.521094058897217494e+00 -2.368842179515648017e+00
2.226589966103039941e+00 5.821787394515570702e-01 3.520041940415214299e+01 -1.551761907384801376e+01 -4.316374499569140433e+00 -2.269327610778459903e+00
1.789551512617929330e+00 8.197901737480332851e-02 3.469163361659832390e+01 -1.591195875769666479e+01 -4.102366688578674037e+00 -2.163912059650764164e+00
1.394328557287627834e+00 -3.544648652960515345e-01 3.415177662415241855e+01 -1.631237043448676971e+01 -3.879909066132205986e+00 -2.053048432007596791e+00
1.041988872778546460e+00 -7.257441169729262898e-01 3.357408861709755854e+01 -1.671247760189813292e+01 -3.649855660665512591e+00 -1.937146221074731445e+00
7.330702191086349018e-01 -1.030988925940255152e+00 3.295022268877479377e+01 -1.710386770323627559e+01 -3.412987535951360840e+00 -1.816649114119287534e+00
4.675523072692964188e-01 -1.269934196006059723e+00 3.226951129727335399e+01 -1.747536221638739917e+01 -3.170117475559886877e+00 -1.691921189800116077e+00
2.452095515096227862e-01 -1.443355706364896962e+00 3.151784243826353205e+01 -1.781190241938075047e+01 -2.921872886276949632e+00 -1.563456846085383045e+00
6.503641243966647167e-02 -1.552564465873644384e+00 3.067592205064960353e+01 -1.809282685354201803e+01 -2.669086561177573369e+00 -1.431484879714621572e+00
-7.441590769564197794e-02 -1.599793730306801276e+00 2.971656180081939524e+01 -1.828917909022990429e+01 -2.412109937752030309e+00 -1.296652087185149460e+00
-1.751575179064035481e-01 -1.588108234178213785e+00 2.860041964823320981e+01 -1.835947264735770190e+01 -2.151760899865467369e+00 -1.159074293051115978e+00
-2.397610977465263471e-01 -1.521403045912446128e+00 2.726933510993359278e+01 -1.824305441908319736e+01 -1.888432204983776064e+00 -1.019228634703720049e+00
-2.713694583602429544e-01 -1.404365356683534127e+00 2.563617269179278679e+01 -1.784997955002414471e+01 -1.622613028964402959e+00 -8.774344855396386533e-01
-2.735427619964186374e-01 -1.242563144408098230e+00 2.357055006510460871e+01 -1.704677382535862762e+01 -1.354697941443053777e+00 -7.340485490149550873e-01
-2.503301991607772004e-01 -1.042274454906634062e+00 2.088319773261379098e+01 -1.564082985046989016e+01 -1.085177473417168859e+00 -5.892797861694651917e-01
-2.064216282281972348e-01 -8.102018847965805071e-01 1.732382895324314731e+01 -1.337831535967962004e+01 -8.141968868397250203e-01 -4.436373761934688797e-01
-1.467379582984185415e-01 -5.537153379601758019e-01 1.263622742540710142e+01 -9.999300765519546275e+00 -5.418107152437151575e-01 -2.976839410518755669e-01
-7.627843473526911555e-02 -2.808085959165110279e-01 6.739320591045498965e+00 -5.418873461139325443e+00 -2.673264407140895083e-01 -1.527004637345728832e-01
-7.761054703013998203e-16 -5.828386216580578002e-16 1.602723137402520740e-14 -1.305644898618741668e-14 -6.770507824566061264e-16 -8.119684141657399995e-16
-7.761054703013998203e-16 -5.828386216580578002e-16 1.602723137402520740e-14 -1.305644898618741668e-14 -6.770507824566061264e-16 -8.119684141657399995e-16
3.697742275690399002e-12 -3.559238801109878273e-12 -5.067678081619834097e-14 4.323921445902797818e-14 -5.264585254688320823e-11 5.267544278410312542e-11
1.077957706476979563e-12 -8.437714000637189067e-13 -3.565998710983953976e-14 4.068667264988442797e-14 -2.669052408229050171e-11 2.674437832241920237e-11
1.282083110146593311e-12 -9.815126437231431222e-13 -7.931091946905082230e-14 9.125984499989326096e-14 -1.859992014631138502e-11 1.868903501751046445e-11
-6.436263121893498035e-13 1.044308254186001834e-12 -1.624538244550381413e-13 1.516232934110272235e-13 -1.323911321526947577e-11 1.335995793804470810e-11
-7.695931653688683147e-13 1.158617062265479034e-12 -1.487750259638481052e-13 1.730883430633269002e-13 -1.190569700149024497e-11 1.205491570977797968e-11
-4.331165061293857464e-14 5.489713748147305446e-13 -1.797612770424168863e-13 2.001151828712707489e-13 -9.401057563841506550e-12 9.574555507640337916e-12
3.775129500901657265e-13 2.452874324506743073e-13 -2.091314848563220168e-13 2.366629263549558167e-13 -7.741286019849253513e-12 7.936156202299531214e-12
1.985326811435262911e-13 4.364716524220758117e-13 -1.845913267003243827e-13 2.273958965052431724e-13 -7.225261430796775373e-12 7.461013221657243769e-12
-2.196146741096705625e-14 6.624453302495013206e-13 -2.264641509119083369e-13 2.784326106322226928e-13 -6.383679495443911230e-12 6.644053571411473803e-12
1.104988242565056519e-13 6.895811172769974331e-13 -2.625954540987965711e-13 2.984444152226171358e-13 -5.902783976059447808e-12 6.164695446953066455e-12
-1.852010868049996133e-13 8.687470336172663228e-13 -1.365781687895157848e-13 2.124841892134404328e-13 -5.423586643033929168e-12 5.718826357763164458e-12
-1.902127843888433312e-13 1.033345966237719123e-12 -1.931287727760502332e-13 2.664292694975402838e-13 -5.158121192448627115e-12 5.464407375385094012e-12
-6.617252953524932910e-15 8.544428850170194750e-13 -2.059130767201822756e-13 2.618906218947218895e-13 -4.700378111142138123e-12 5.044984186501826221e-12
-2.590376532801059909e-13 1.086156506518492700e-12 -1.695437050828896272e-13 2.696317458278114395e-13 -4.301875564667977080e-12 4.646040366875511264e-12
-2.799200919871328621e-14 8.703078149361793859e-13 -1.537496259809858323e-13 2.641763797335601584e-13 -4.081557047505683050e-12 4.452486683975833603e-12
-1.692751207441615793e-13 1.044798995102916067e-12 -9.918753636294121420e-14 2.124071206640018835e-13 -3.909376414963677481e-12 4.298456477089064658e-12
-5.359820515863409438e-13 1.342410386376121812e-12 -9.137270130720656233e-14 2.339069204753434578e-13 -3.858179624229445929e-12 4.253914394606150824e-12
-3.782048936610873655e-13 1.185030945492135458e-12 -8.991086510500832411e-14 2.340068121094543349e-13 -3.739883591139652114e-12 4.154186529836420539e-12
-1.813178668275416426e-13 1.122285578335481750e-12 -5.236695397364583067e-14 2.214525900691343876e-13 -3.655289436537814006e-12 4.044574816206823671e-12
-2.980001204782497092e-13 1.209111122042448565e-12 -2.182272976065270308e-14 1.947704629892999016e-13 -3.410487362382533116e-12 3.823596950662772651e-12
-1.708585037503269449e-13 1.087648870490166944e-12 1.144410343831086825e-14 1.976562671524885141e-13 -3.303921835768700247e-12 3.731903548367050062e-12
-2.924729514128992589e-13 1.223102916222571628e-12 8.275712146884972223e-14 9.402369988523054795e-14 -3.127635909902702003e-12 3.564679053448934785e-12
-3.700905513707281478e-13 1.235016874315680240e-12 1.244690034241054135e-13 8.197021727003839258e-14 -3.097887334734044466e-12 3.523699073417378812e-12
-3.837494522026105586e-13 1.274756039764097792e-12 1.916372052452019218e-13 2.617015064562377218e-14 -2.936231357068297383e-12 3.389848244297297647e-12
-3.419592472638110956e-13 1.235884506644708088e-12 2.680820032331040342e-13 -2.698005027032677244e-14 -2.991256088732876032e-12 3.434139811244492543e-12
-3.789327133913997797e-13 1.229428906556291811e-12 3.324194446351559500e-13 -8.275083423788965400e-14 -2.709225927839745201e-12 3.173731952073940879e-12
-2.519631280804327234e-13 1.213337670180640197e-12 3.709489929451657589e-13 -9.681820828001559915e-14 -2.644157526031492304e-12 3.087303240396575502e-12
-4.171517509224918677e-13 1.350308502953952108e-12 3.849879682940158261e-13 -1.220190087429924134e-13 -2.681316953812710496e-12 3.144410289146540665e-12
-5.252938560686164986e-13 1.328269012941396166e-12 3.787533812086686461e-13 -7.046419371445165035e-14 -2.636191978467948486e-12 3.082338089511470279e-12
-5.110066126043949229e-13 1.394947269429075769e-12 4.924653498388155600e-13 -2.050436852635935568e-13 -2.506919755535829350e-12 2.957525522844884374e-12
-4.732087329074889359e-13 1.426827976114887330e-12 4.908488854882612454e-13 -2.487140620607717193e-13 -2.470981146768531187e-12 2.926198927730186329e-12
-4.867224048836067264e-13 1.448572027239862840e-12 5.738572457881644108e-13 -3.120860608533884283e-13 -2.427343588870304339e-12 2.882658878088861553e-12
-4.987676827668044604e-13 1.433286560619236533e-12 6.100921712687528668e-13 -3.097318276866299486e-13 -2.335899451407012672e-12 2.781709110333571729e-12
-6.207041135665612714e-13 1.521993222633209181e-12 6.607245464549521266e-13 -3.628192372871379406e-13 -2.398063205021883991e-12 2.819425435187478490e-12
-5.891545978530052609e-13 1.541267618629736899e-12 6.377038823926343178e-13 -3.633486230017896550e-13 -2.282517345332962910e-12 2.727886697934435615e-12
-6.717114240381130319e-13 1.507094383083494798e-12 6.648475681137956701e-13 -3.462726933872814910e-13 -2.241476349355146242e-12 2.688574816607008766e-12
-6.951290276704983140e-13 1.728924771057952447e-12 7.251199320127262638e-13 -4.571310930449432519e-13 -2.250420276763236626e-12 2.665977216394253962e-12
-6.838722636977809394e-13 1.686494017862950892e-12 7.718893707502543863e-13 -5.093521322874333887e-13 -2.176992322000577794e-12 2.588586822912361494e-12
-7.665811902300524906e-13 1.812904351148596590e-12 7.776954736460036066e-13 -5.308261923313914038e-13 -2.121866587519722052e-12 2.537137209182569775e-12
-7.598684087919371914e-13 1.833036374839019627e-12 7.982562801948045549e-13 -5.806555131882116506e-13 -2.061904398401097483e-12 2.466778818217307844e-12
-7.426214560747154125e-13 1.927473981501720735e-12 8.453053828570733121e-13 -6.094477847990699400e-13 -2.019106545283890619e-12 2.414215257862952186e-12
-8.527918802364008470e-13 1.924272051960132709e-12 8.678855290348385881e-13 -6.203341579010570661e-13 -1.977056311741100512e-12 2.368272054602718824e-12
-8.409889125566850075e-13 1.996499431149514620e-12 8.469262930257322759e-13 -6.734385193543660641e-13 -1.961078096727566943e-12 2.368876683260575774e-12
-9.739998920336107596e-13 1.960407761723055711e-12 9.665611826045043640e-13 -6.385983965214063482e-13 -1.901360054697908793e-12 2.276504521138886125e-12
-1.055357343748262375e-12 2.031449504412416765e-12 9.748930753808506925e-13 -6.422349627246317580e-13 -1.874074531508965189e-12 2.242103919282216356e-12
-1.056911563161090662e-12 2.038458764446895862e-12 9.928705921108044212e-13 -6.913051313503596935e-13 -1.816442138706058116e-12 2.187169229289812997e-12
-1.154014896606686870e-12 2.085620299218446723e-12 1.018471463900224358e-12 -7.120546690707701294e-13 -1.787060987012723194e-12 2.147396617517640419e-12
-2.866140361676862142e-13 1.280336280562629520e-12 -1.039540140707490275e-12 1.319743696514413879e-12 5.261699825646448097e-13 -1.511620526088643221e-13
-2.866140361676862142e-13 1.280336280562629520e-12 -1.039540140707490275e-12 1.319743696514413879e-12 5.261699825646448097e-13 -1.511620526088643221e-13
3.284704631696492516e+00 3.284697062990365346e+00 -2.518744960053349136e+00 -2.518739994036755192e+00 3.830229691415827920e-01 3.830218812498610292e-01
6.521319124430275060e+00 6.521303918586476733e+00 -4.995016673611960556e+00 -4.995006975243795111e+00 7.658862308221839887e-01 7.658840612923989433e-01
9.664025020242938524e+00 9.664002065831368782e+00 -7.388630413978800604e+00 -7.388616423897841123e+00 1.148399081097301266e+00 1.148395842517525578e+00
1.267125373837778390e+01 1.267122292643473891e+01 -9.663683702419209709e+00 -9.663666020211952201e+00 1.530308540654347516e+00 1.530304252114423225e+00
1.550713516254390356e+01 1.550709644287553424e+01 -1.179001775364588056e+01 -1.178999707757650839e+01 1.911266993910133660e+00 1.911261681254834865e+00
1.814230074551885963e+01 1.814225418345283813e+01 -1.374402926224074228e+01 -1.374400632697974700e+01 2.290798317205493095e+00 2.290792013377275005e+00
2.055404440494031348e+01 2.055399022943504406e+01 -1.550883409953683234e+01 -1.550880962078321623e+01 2.668261920708302259e+00 2.668254666182444446e+00
2.272594232487735866e+01 2.272588096183539008e+01 -1.707388205842264384e+01 -1.707385669033308417e+01 3.042814072357652222e+00 3.042805915670216521e+00
2.464708914953843433e+01 2.464702123757946239e+01 -1.843417781313955928e+01 -1.843415212103070644e+01 3.413365810384054733e+00 3.413356808750096505e+00
2.631112144783943307e+01 2.631104783671991143e+01 -1.958927624928535138e+01 -1.958925069711528621e+01 3.778536692907189742e+00 3.778526912920262326e+00
2.771518019956817014e+01 2.771510193338428607e+01 -2.054220074215522374e+01 -2.054217569232367424e+01 4.136603594438692078e+00 4.136593112834207275e+00
2.885892742650898057e+01 2.885884571473121696e+01 -2.129839587353535535e+01 -2.129837159563981785e+01 4.485443765362007618e+00 4.485432669814204409e+00
2.974369145926142721e+01 2.974360763875114344e+01 -2.186478503077287527e+01 -2.186476171589237794e+01 4.822471462616984006e+00 4.822459852522171353e+00
3.037177963145809301e+01 3.037169512223614376e+01 -2.224896736276111398e+01 -2.224894514029572434e+01 5.144567702231669593e+00 5.144555689406876908e+00
3.074597051852629193e+01 3.074588677552293348e+01 -2.245856191785377476e+01 -2.245854087262311083e+01 5.448003175815427035e+00 5.447990885011720685e+00
3.086918064654278027e+01 3.086909910906637222e+01 -2.250069014498632214e+01 -2.250067033297508345e+01 5.728355261577786628e+00 5.728342830668131214e+00
3.074429129367709024e+01 3.074421333403636680e+01 -2.238158003494379500e+01 -2.238156149665659100e+01 5.980421560558397687e+00 5.980409140211689234e+00
3.037411723270074404e+01 3.037404410534937327e+01 -2.210627410356579858e+01 -2.210625687437111964e+01 6.198134799459682931e+00 6.198122552056551271e+00
2.976149869157446659e+01 2.976143148431052765e+01 -2.167842742405861856e+01 -2.167841154116939606e+01 6.374487654376320478e+00 6.374475751860837036e+00
2.890949852144597187e+01 2.890943811054757973e+01 -2.110018975813441955e+01 -2.110017526401885490e+01 6.501481528960363576e+00 6.501470149266988408e+00
2.782168715235703615e+01 2.782163416399628630e+01 -2.037217677098570690e+01 -2.037216371308132778e+01 6.570121015691068322e+00 6.570110337356740438e+00
2.650249747644771148e+01 2.650245225717936037e+01 -1.949354881409595919e+01 -1.949353724077682415e+01 6.570485894546692407e+00 6.570476089152079702e+00
2.495762986495125446e+01 2.495759246440307422e+01 -1.846223094606817483e+01 -1.846222089896924601e+01 6.491924609130694357e+00 6.491915831367837342e+00
2.319448405980057260e+01 2.319445422873354090e+01 -1.727532261730243235e+01 -1.727531412043123638e+01 6.323425268518343856e+00 6.323417644030657314e+00
2.122259006845466800e+01 2.122256727496383633e+01 -1.592975519276328455e+01 -1.592974823941913876e+01 6.054227820183468722e+00 6.054221431947816257e+00
1.905400524813536123e+01 1.905398871379910375e+01 -1.442325195358558432e+01 -1.442324649300802974e+01 5.674735819996297614e+00 5.674730694957572652e+00
1.670364071011232099e+01 1.670362946630874745e+01 -1.275561615360750167e+01 -1.275561208039558814e+01 5.177755876269380053e+00 5.177751975093009662e+00
1.418947850407063882e+01 1.418947146652823932e+01 -1.093030456519620941e+01 -1.093030171554496910e+01 4.560023747053604026e+00 4.560020960902313014e+00
1.153264328919231652e+01 1.153263934634535914e+01 -8.956130081243829366e+00 -8.956128240268588669e+00 3.823861504845678105e+00 3.823859663337898063e+00
8.757299554413089382e+00 8.757297662664180748e+00 -6.848791976384726254e+00 -6.848790899400821530e+00 2.978664719329018773e+00 2.978663612460882515e+00
5.890358327209439082e+00 5.890357604255355817e+00 -4.631806713463261005e+00 -4.631806160509109205e+00 2.041792540172823855e+00 2.041791953424746620e+00
2.960994963914339362e+00 2.960994770365081852e+00 -2.336389760633224899e+00 -2.336389538314514791e+00 1.038410898741352506e+00 1.038410655398955829e+00
9.443981135189987160e-16 -1.304449220753472820e-16 -2.748206839654641743e-15 2.038048584113011023e-15 1.824367859041941686e-16 2.045866269280951246e-16
