2.506156180670880695e-02 3.084181173691190325e-02 3.368553927063033804e-02 4.847321539802766921e+00 4.851876682817742648e+00 4.860408270650389717e+00
6.843459246676977803e-02 7.180270962193151252e-02 1.367269406956261868e-01 4.847520631242218769e+00 4.852692278878589782e+00 4.868357495316280925e+00
1.297224062545541956e-01 1.314517567385994068e-01 2.679791092810248077e-01 4.848106555560097952e+00 4.853637659869326271e+00 4.893458001075548403e+00
1.923437791401050312e-01 1.935900124717978288e-01 4.002392331762705813e-01 4.849076775997553490e+00 4.854717909595636094e+00 4.934944550471164426e+00
2.551306323244806884e-01 2.563635071509828278e-01 5.325441842135029136e-01 4.850429668480319201e+00 4.856112198380937883e+00 4.991422824882538301e+00
3.178381311529150377e-01 3.192756188685877405e-01 6.646312595994117167e-01 4.852161422783034972e+00 4.857860980819353358e+00 5.061258584617426948e+00
3.803729063804724975e-01 3.821018118981450162e-01 7.963591869371539067e-01 4.854266740044715256e+00 4.859972051962533790e+00 5.142559097887006381e+00
4.426647120267329094e-01 4.447198147199994955e-01 9.276228291226304989e-01 4.856739059570351458e+00 4.862443730928672103e+00 5.233242771304309038e+00
5.046516253285827647e-01 5.070475894423707164e-01 1.058331419265342799e+00 4.859570649852747337e+00 4.865270539472063227e+00 5.331122675130089306e+00
5.662779022490113112e-01 5.690198350041008046e-01 1.188400983655111487e+00 4.862752673967852601e+00 4.868444932975409145e+00 5.433984230032876006e+00
6.274922895004856338e-01 6.305795789242422122e-01 1.317751044285355499e+00 4.866275254130287387e+00 4.871957918060349613e+00 5.539650894438062245e+00
6.882466686919119780e-01 6.916749976405445199e-01 1.446302929625249423e+00 4.870127539156039020e+00 4.875799297708030444e+00 5.646036172684814503e+00
7.484951027821145075e-01 7.522580179104987330e-01 1.573978824010184630e+00 4.874297772846405863e+00 4.879957782970974378e+00 5.751182445881167560e+00
8.081932270401586127e-01 8.122834827876472819e-01 1.700701225036363784e+00 4.878773360133767056e+00 4.884421064036144955e+00 5.853288233075865321e+00
8.672979073880717760e-01 8.717084732356330523e-01 1.826392657420911503e+00 4.883540928437872353e+00 4.889175880573805699e+00 5.950725919993307578e+00
9.257670910207298487e-01 9.304917027186623280e-01 1.950975554320142802e+00 4.888586383129655211e+00 4.894208106725929319e+00 6.042051999976029819e+00
9.835597826555928513e-01 9.885930282905615041e-01 2.074372240238306908e+00 4.893894957852148231e+00 4.899502851988959407e+00 6.126011648156465483e+00
1.040636094867901207e+00 1.045973144546166633e+00 2.196504960852650346e+00 4.899451262296531162e+00 4.905044570944427917e+00 6.201539129708485198e+00
1.096957338252869452e+00 1.102593495710096239e+00 2.317295914479819086e+00 4.905239331321884499e+00 4.910817171277932935e+00 6.267755210179370096e+00
1.152486129786479907e+00 1.158416391313798588e+00 2.436667250643286042e+00 4.911242679503615705e+00 4.916804110350786239e+00 6.323962435402287419e+00
1.207186502804351358e+00 1.213405266798253557e+00 2.554541013133777128e+00 4.917444364107879551e+00 4.922988474689937277e+00 6.369638899374513663e+00
1.261024002589969717e+00 1.267525004719800119e+00 2.670839016387441145e+00 4.923827057446788835e+00 4.929353042307722532e+00 6.404430924480832843e+00
1.313965753360617272e+00 1.320742228302543619e+00 2.785482652708390461e+00 4.930373127246513221e+00 4.935880332670254056e+00 6.428144935449406461e+00
1.365980488733217202e+00 1.373025494828763238e+00 2.898392631788018647e+00 4.937064721704487624e+00 4.942552651839245748e+00 6.440738709156469177e+00
1.417038547244947821e+00 1.424345347152248253e+00 3.009488651738146725e+00 4.943883854691278223e+00 4.949352140281869872e+00 6.442312118903473994e+00
1.467111843078608979e+00 1.474674220655122880e+00 3.118688991923125542e+00 4.950812486192736728e+00 4.956260828538827212e+00 6.433097456757445265e+00
1.516173826227319443e+00 1.523986241208279191e+00 3.225910002431421564e+00 4.957832593650579156e+00 4.963260702396125268e+00 6.413449404896618411e+00
1.564199445052481874e+00 1.572256977250425125e+00 3.331065443511439739e+00 4.964926231389119593e+00 4.970333775564149015e+00 6.383834732179841431e+00
1.611165119222964792e+00 1.619463218255618564e+00 3.434065600649139682e+00 4.972075577670615587e+00 4.977462165112139125e+00 6.344821812900788949e+00
1.657048724983706478e+00 1.665582840155871880e+00 3.534816065586024347e+00 4.979262971587146147e+00 4.984628163730603134e+00 6.297070100976485563e+00
1.701829589612747551e+00 1.710594789767711843e+00 3.633216025999456811e+00 4.986470944155432683e+00 4.991814303557322141e+00 6.241319748135642165e+00
1.745488488756264056e+00 1.754479184046772833e+00 3.729155837679369867e+00 4.993682248855436434e+00 4.999003408467586951e+00 6.178381637304744878e+00
1.788007639400468030e+00 1.797217486895035021e+00 3.822513546419908259e+00 5.000879896071142028e+00 5.006178634489397261e+00 6.109128227865441296e+00
1.829370682627603495e+00 1.838792705288573748e+00 3.913149854374596170e+00 5.008047193582610745e+00 5.013323500235999042e+00 6.034485804854921476e+00
1.869562653752149251e+00 1.879189542556991555e+00 4.000900739696067632e+00 5.015167791862611857e+00 5.020421910155691059e+00 5.955429035915321911e+00
1.908569941978238482e+00 1.918394459756792569e+00 4.085566458055021499e+00 5.022225728942165013e+00 5.027458172887997456e+00 5.872979247453724128e+00
1.946380245688939636e+00 1.956395621951210195e+00 4.166894842769336194e+00 5.029205465447546430e+00 5.034417015638537940e+00 5.788208671147983431e+00
1.982982531122166936e+00 1.993182737512366076e+00 4.244555448997873626e+00 5.036091896392401068e+00 5.041283594060617546e+00 5.702254310199287524e+00
2.018367000574932124e+00 2.028746826747084508e+00 4.318098811910912715e+00 5.042870322538615113e+00 5.048043496483261450e+00 5.616347375086669480e+00
2.052525071823830594e+00 2.063079973599639239e+00 4.386891536531761560e+00 5.049526360594224883e+00 5.054682742750329361e+00 5.531867810828202003e+00
2.085449364732179678e+00 2.096175116351157275e+00 4.450013385856769865e+00 5.056045770412713303e+00 5.061187785448548304e+00 5.450437995316596229e+00
2.117133686046833940e+00 2.128025919998365989e+00 4.506100905697048020e+00 5.062414196974519776e+00 5.067545548829077262e+00 5.374071273490013567e+00
2.147573000854885894e+00 2.158626748676214735e+00 4.553141237739124492e+00 5.068616961404180721e+00 5.073743632919008206e+00 5.305371641547703021e+00
2.176763379998758907e+00 2.187972728367041153e+00 4.588314368822017819e+00 5.074639679456431018e+00 5.079771075756723597e+00 5.247685363460774965e+00
2.204701917019225466e+00 2.216059866064883810e+00 4.608233620433728639e+00 5.080472546302873482e+00 5.085620469936188215e+00 5.204851236891173905e+00
2.231386615169624665e+00 2.242885177651035900e+00 4.610150659985306376e+00 5.086121966618659229e+00 5.091290582709177670e+00 5.179980489436268876e+00
2.256816253169643183e+00 2.268446775901312940e+00 4.593889617869619357e+00 5.091611109664423651e+00 5.096779619486591528e+00 5.173530009704004229e+00
2.280990245421548490e+00 2.292743881649055737e+00 4.562534908855010229e+00 5.096934373367981053e+00 5.102067925553448013e+00 5.182680449586103855e+00
2.303908515997211026e+00 2.315776741516607728e+00 4.520826161444957414e+00 5.102047506627391371e+00 5.107129440873853454e+00 5.202944545782036023e+00
2.325571404081585136e+00 2.337546459230434692e+00 4.473170491143457106e+00 5.106919687703017630e+00 5.111952344760251954e+00 5.230088413410892478e+00
2.345979611471765480e+00 2.358054768255772426e+00 4.422830616705741846e+00 5.111541499864438620e+00 5.116532825188845557e+00 5.260949082407475608e+00
2.365134191758167859e+00 2.377303786195989144e+00 4.371993287464892575e+00 5.115909922629098716e+00 5.120867273808049625e+00 5.293396979496567845e+00
2.383036568980066772e+00 2.395295793253989114e+00 4.322076505109158084e+00 5.120021992487266083e+00 5.124951029871707142e+00 5.326044657350189837e+00
2.399688564337605801e+00 2.412033068242235512e+00 4.273998688522637757e+00 5.123873950649737274e+00 5.128778901495260278e+00 5.357986139677958448e+00
2.415092405758084926e+00 2.427517799272707055e+00 4.228362846194513303e+00 5.127461549943341801e+00 5.132345622930299278e+00 5.388619579922994340e+00
2.429250698044301604e+00 2.441752067331689702e+00 4.185573728123399562e+00 5.130780377778522805e+00 5.135646094070216883e+00 5.417536206506169627e+00
2.442166340470319330e+00 2.454737884635880274e+00 4.145911201383911227e+00 5.133826063633617487e+00 5.138675499770749333e+00 5.444452067963457154e+00
2.453842391946112311e+00 2.466477259791112431e+00 4.109576350257203359e+00 5.136594413340056953e+00 5.141429378979031739e+00 5.469165778795542110e+00
2.464281898080773470e+00 2.476972259858410297e+00 4.076720517812684186e+00 5.139081510581572587e+00 5.143903675282647470e+00 5.491531890625627632e+00
2.473487706057677205e+00 2.486225044683638252e+00 4.047463415440294199e+00 5.141283803167663535e+00 5.146094778448993878e+00 5.511443751194939011e+00
2.481462299004649541e+00 2.494237858837339061e+00 4.021904024602247496e+00 5.143198174858224725e+00 5.147999556003333588e+00 5.528822243101152445e+00
2.488207679554129914e+00 2.501012978137432174e+00 4.000126651835276270e+00 5.144821995477776966e+00 5.149615370310199225e+00 5.543608259959049711e+00
2.493725322544969814e+00 2.506552618097403595e+00 3.982203727070590560e+00 5.146153141494482774e+00 5.150940077351233271e+00 5.555757624159173069e+00
2.498016201489977828e+00 2.510858818718276542e+00 3.968196488810603384e+00 5.147189984008464947e+00 5.151972006644268021e+00 5.565237643180467764e+00
2.501080876395331387e+00 2.513933322971100282e+00 3.958154423801858890e+00 5.147931348502818416e+00 5.152709925984693129e+00 5.572024792985797781e+00
2.502919616269383418e+00 2.515777465458544526e+00 3.952114136667126409e+00 5.148376457858208077e+00 5.153152998504974214e+00 5.576103194624038473e+00
2.503532522003552696e+00 2.516392084361931403e+00 3.950098168411416477e+00 5.148524874520751915e+00 5.153300741769625937e+00 5.577463664062919158e+00
2.503532522003552696e+00 2.516392084361931403e+00 3.950098168411416477e+00 5.148524874520751915e+00 5.153300741769625937e+00 5.577463664062919158e+00
2.505288533297606257e+00 2.518934491946481113e+00 3.949490461670413843e+00 5.147949910689453290e+00 5.153827361040407951e+00 5.577246035192364282e+00
2.509609441164343924e+00 2.527465957609097646e+00 3.947667582397100805e+00 5.145905588307730483e+00 5.155715598404841948e+00 5.576593583956688249e+00
2.515315675916652616e+00 2.543039119387862979e+00 3.944630248927739391e+00 5.142202828673765325e+00 5.159121599104990352e+00 5.575507533906404412e+00
2.522355970939368586e+00 2.565499211155159998e+00 3.940379645954064980e+00 5.136892487807090291e+00 5.163940381119049405e+00 5.573989689883714682e+00
2.530942925605507821e+00 2.594356116722473349e+00 3.934917412335944498e+00 5.130018656751023975e+00 5.170053755891718339e+00 5.572042208824661280e+00
2.541177254272205310e+00 2.629169636665463106e+00 3.928245631023042250e+00 5.121604146579427308e+00 5.177346640773753172e+00 5.569667460222708755e+00
2.553081248005641957e+00 2.669526629743349755e+00 3.920366818176157064e+00 5.111663183060294990e+00 5.185696713297688554e+00 5.566868042559844909e+00
2.566639146985725262e+00 2.715011609867334030e+00 3.911283902741620633e+00 5.100207353403527044e+00 5.194971248348385195e+00 5.563646944346584355e+00
2.581815263760627754e+00 2.765199384975042918e+00 3.901000187707432509e+00 5.087248025185050260e+00 5.205027733980585936e+00 5.560007768209577428e+00
2.598561838315973649e+00 2.819657321244056103e+00 3.889519292987014598e+00 5.072797360674799805e+00 5.215715950575032345e+00 5.555954908660832636e+00
2.616822806362727682e+00 2.877950713653505854e+00 3.876845095000145847e+00 5.056868709391967975e+00 5.226880596318065564e+00 5.551493601445012693e+00
2.636535900011993672e+00 2.939648575017835608e+00 3.862981691961819397e+00 5.039476710059173747e+00 5.238364089947996405e+00 5.546629829063705941e+00
2.657634008042623286e+00 3.004328719131520220e+00 3.847933427178250376e+00 5.020637300495025990e+00 5.250009402380491075e+00 5.541370138007343904e+00
2.680046143989727181e+00 3.071581691343271636e+00 3.831704989454478572e+00 5.000367773978664943e+00 5.261662867245116892e+00 5.535721462300944751e+00
2.703698146588526807e+00 3.141013446747050075e+00 3.814301582835315063e+00 4.978686955070748432e+00 5.273176960596738461e+00 5.529691036921910552e+00
2.728513162852713947e+00 3.212246866644684395e+00 3.795729130617647051e+00 4.955615492510320408e+00 5.284413047037269884e+00 5.523286431906721639e+00
2.754411952557920706e+00 3.284922277862867723e+00 3.775994473603598856e+00 4.931176207537157907e+00 5.295244081806916192e+00 5.516515673328364677e+00
2.781313058619259593e+00 3.358697090090574378e+00 3.755105576969056447e+00 4.905394419176568377e+00 5.305557254668370248e+00 5.509387375616017657e+00
2.809132885382346512e+00 3.433244408934155167e+00 3.733071985482136146e+00 4.878298200636893789e+00 5.315256576670366329e+00 5.501910812237663428e+00
2.837785706988778411e+00 3.508249350798013921e+00 3.709906853692096718e+00 4.849918585072774846e+00 5.324265451278147765e+00 5.494095895656699646e+00
2.867183595494408710e+00 3.583391525446889325e+00 3.685642094677935798e+00 4.820289801219758807e+00 5.332529331470056810e+00 5.485953098216937107e+00
2.897236226282746241e+00 3.656126224800305025e+00 3.662544075335383287e+00 4.789449649266845910e+00 5.340018629102046610e+00 5.477493391882101825e+00
2.927850499126855688e+00 3.633470593698193252e+00 3.733323495322972807e+00 4.757440113499757928e+00 5.346732092337212805e+00 5.468728297640407021e+00
2.929778581327060483e+00 3.622450110736597395e+00 3.735206293476532657e+00 4.760187694310944906e+00 5.348504098355970626e+00 5.464556088446002491e+00
2.960403272420027321e+00 3.595598897945339711e+00 3.808105407637975226e+00 4.727484050702273954e+00 5.354061451275203609e+00 5.455580332994306225e+00
2.991384789333416006e+00 3.567506220782217241e+00 3.880269765143212091e+00 4.693739812832361302e+00 5.358935808118275190e+00 5.446324120855623896e+00
3.022620794544495837e+00 3.538315187849279120e+00 3.951281835565536582e+00 4.659013208574369180e+00 5.363234627205009986e+00 5.436799053397193937e+00
3.054002369523179272e+00 3.508065689108995411e+00 4.020806677221017367e+00 4.623370996351469309e+00 5.367115062393927438e+00 5.427017122332163268e+00
3.085412181350434491e+00 3.476779139044748668e+00 4.088496684459677510e+00 4.586890785710804330e+00 5.370792957609999085e+00 5.416990829426663545e+00
3.116721841302863449e+00 3.444472104457888761e+00 4.153965585898662383e+00 4.549664084624974514e+00 5.374552781183379757e+00 5.406733965585025281e+00
3.147788154651372405e+00 3.411160062497968770e+00 4.216770856289830505e+00 4.511800333601147628e+00 5.378754067776056580e+00 5.396266911972395164e+00
3.178447786622712101e+00 3.376859180033701779e+00 4.276397470504826437e+00 4.473433046420046466e+00 5.383579642637448259e+00 5.385879679669622888e+00
3.208508694464723199e+00 3.341589221251647146e+00 4.332236520993129503e+00 4.434736225982721436e+00 5.374601683868894142e+00 5.390573623700947614e+00
3.237725137045932122e+00 3.305391055249597532e+00 4.383125885866745008e+00 4.396388877661014050e+00 5.363550982281094726e+00 5.399291427758714512e+00
3.264148165907848398e+00 3.269966760923214366e+00 4.356829812016528081e+00 4.430118142537613934e+00 5.352313610018243573e+00 5.410904089231802772e+00
3.229824753905968571e+00 3.292968928212394175e+00 4.318421535404570299e+00 4.470364757818916956e+00 5.340915466324609895e+00 5.426186941815928755e+00
3.190826312188861813e+00 3.317958300711242536e+00 4.280691890786672005e+00 4.503951695512973252e+00 5.329372777884318069e+00 5.445902847086890652e+00
3.150881708390848246e+00 3.340755238007064420e+00 4.244113969096148686e+00 4.530219143253915171e+00 5.317700550500407353e+00 5.470706523896683215e+00
3.110036226624110611e+00 3.360765806171457815e+00 4.209236077158053035e+00 4.548731642489814320e+00 5.305913577358480460e+00 5.501054863039030352e+00
3.068311384569102351e+00 3.377312871890985058e+00 4.176712425290352471e+00 4.559314555583637407e+00 5.294026557383107345e+00 5.537144675381211911e+00
3.025725325752589345e+00 3.389622163946992561e+00 4.147299240687051913e+00 4.562060557225325219e+00 5.282054030563095637e+00 5.578899164098479524e+00
2.982295603281731378e+00 3.396855238747801931e+00 4.121819252768666786e+00 4.557287685436861580e+00 5.270010308264945209e+00 5.626004938348277307e+00
2.938039749960346558e+00 3.398186586677520715e+00 4.101083696079320440e+00 4.545466072774523525e+00 5.257909470605603985e+00 5.677980886966953022e+00
2.892975354331866367e+00 3.392922233830623746e+00 4.085773236912548789e+00 4.527139360139937452e+00 5.245765447224014721e+00 5.734252644325593451e+00
2.847120028531370917e+00 3.380631101446783582e+00 4.076306381635537157e+00 4.502860427512978880e+00 5.233592150224851025e+00 5.794212940284682034e+00
2.800491394374158727e+00 3.361236085180370203e+00 4.072748343830084217e+00 4.473149114572474438e+00 5.221403597062818314e+00 5.857260134246184080e+00
2.753107122029356812e+00 3.335019111447722118e+00 4.074806043134956646e+00 4.438470348645747521e+00 5.209213960039103419e+00 5.922816540342941138e+00
2.704985006907433043e+00 3.302538742169462083e+00 4.081910581748497968e+00 4.399227067618079801e+00 5.197037510167971774e+00 5.990332257750575096e+00
2.656143048802987572e+00 3.264503929668217452e+00 4.093343509384098411e+00 4.355762108106858932e+00 5.184888472920976099e+00 6.059280526190475413e+00
2.606599500063341956e+00 3.221656379754587629e+00 4.108354286554696699e+00 4.308364691355471621e+00 5.172780857616333883e+00 6.129149272957459260e+00
2.556372868711699553e+00 3.174690831607043684e+00 4.126239100364562873e+00 4.257279179425393245e+00 5.160728338066626897e+00 6.199431893025061591e+00
2.505481884553814709e+00 3.124215660659048766e+00 4.146372216320937554e+00 4.202720929061647404e+00 5.148744239988049642e+00 6.269618974839510805e+00
2.453945448239742699e+00 3.070742446786197899e+00 4.144726781039378416e+00 4.168372946579801841e+00 5.136841640158026578e+00 6.339191762788860984e+00
2.401782579085190772e+00 3.014691555824987379e+00 4.083734021269555647e+00 4.191527107661577212e+00 5.125033527816050594e+00 6.407617580808248725e+00
2.349012361549828398e+00 2.956404416108493916e+00 4.019656813560573028e+00 4.215703306677367479e+00 5.113332947402916773e+00 6.474347146544496390e+00
2.295653874826042884e+00 2.896157244253441121e+00 3.952655752082752993e+00 4.240573788821373036e+00 5.101753049188861411e+00 6.538813601272762455e+00
2.241726087951919411e+00 2.834173812163676587e+00 3.882835974037701643e+00 4.265906970358910755e+00 5.090307016906908011e+00 6.600433090563030625e+00
2.187247719875511365e+00 2.770636409874042805e+00 3.810290921513941775e+00 4.291515540001908491e+00 5.079007897917101388e+00 6.658606783161150844e+00
2.132237093794988603e+00 2.705694871528475431e+00 3.735106502495382230e+00 4.317245590746896511e+00 5.067868404033018415e+00 6.712724254533873669e+00
2.076712041717821755e+00 2.639473796934222793e+00 3.657363290298073277e+00 4.342969054364846926e+00 5.056900760213797419e+00 6.762168158066892865e+00
2.020689920164606690e+00 2.572078180929467717e+00 3.577138110896630696e+00 4.368577913180205385e+00 5.046116651805058417e+00 6.806320063878353643e+00
1.964187770885437834e+00 2.503597690050668678e+00 3.494505210481139823e+00 4.393979812283743236e+00 5.035527274611631299e+00 6.844567289720517422e+00
1.907222606183726077e+00 2.434109844746471296e+00 3.409537058717205138e+00 4.419094840971925287e+00 5.025143449988471289e+00 6.876310514379570193e+00
1.849811737232636366e+00 2.363682372888373795e+00 3.322304846521201505e+00 4.443853255242473210e+00 5.014975748755884588e+00 6.900971973080457289e+00
1.791973023647011942e+00 2.292374981928784639e+00 3.232878771247498229e+00 4.468193883495215957e+00 5.005034577978625165e+00 6.918004085068725217e+00
1.733724926717469028e+00 2.220240748691901356e+00 3.141328226193169648e+00 4.492062943205987757e+00 4.995330212831008865e+00 6.926898432624530422e+00
1.675086303692614020e+00 2.147327260473909760e+00 3.047722001223295063e+00 4.515413027478492936e+00 4.985872783381436690e+00 6.927195066580566163e+00
1.616075971026330382e+00 2.073677581299176786e+00 2.952128552100055980e+00 4.538202103702166035e+00 4.976672238290608341e+00 6.918492132615444490e+00
1.556712157724961187e+00 1.999331080388858650e+00 2.854616324684803530e+00 4.560392481827994615e+00 4.967738301245309351e+00 6.900455791845737430e+00
1.497012027950565205e+00 1.924324148125969414e+00 2.755254058827925068e+00 4.581949817848440354e+00 4.959080420975829462e+00 6.872830365830137289e+00
1.436991447736578831e+00 1.848690824454175319e+00 2.654110977385129910e+00 4.602842278376336083e+00 4.950707706481869863e+00 6.835448597631151202e+00
1.376665099884246013e+00 1.772463357454191035e+00 2.551256802165025483e+00 4.623039982307854956e+00 4.942628844869408233e+00 6.788241909638188964e+00
1.316046935776296944e+00 1.695672687438879445e+00 2.446761615939206269e+00 4.642514762938692030e+00 4.934852017297100879e+00 6.731250560841759878e+00
1.255150833494753648e+00 1.618348823966196504e+00 2.340695668665251361e+00 4.661240193865709536e+00 4.927384845701922700e+00 6.664633646535296663e+00
1.193991252158564720e+00 1.540521072415887316e+00 2.233129261488254969e+00 4.679191741753187195e+00 4.920234404083975832e+00 6.588678914790455643e+00
1.132583663411954156e+00 1.462218092700674266e+00 2.124132807156982494e+00 4.696346885650100944e+00 4.913407306744532299e+00 6.503812369937270077e+00
1.070944608338249671e+00 1.383467833853857742e+00 2.013777069775931849e+00 4.712685085632608128e+00 4.906909849953733804e+00 6.410607579471226281e+00
1.009091350673871013e+00 1.304297455760016877e+00 1.902133476095483777e+00 4.728187571390579436e+00 4.900748152193976637e+00 6.309794499416209845e+00
9.470412345478945726e-01 1.224733378553765295e+00 1.789274326418412109e+00 4.742837012315031409e+00 4.894928230862375607e+00 6.202267497049426481e+00
8.848109611971474164e-01 1.144801556952111055e+00 1.675272760856665322e+00 4.756617183776965518e+00 4.889455977834352041e+00 6.089092091031625742e+00
8.224160388761863061e-01 1.064527963256425958e+00 1.560202457134351350e+00 4.769512738861624968e+00 4.884337042515139338e+00 5.971509747869673923e+00
7.598706214242263446e-01 9.839391267797902296e-01 1.444137199105571812e+00 4.781509138651078850e+00 4.879576675274382325e+00 5.850939856568463604e+00
6.971878500854964411e-01 9.030624954635469992e-01 1.327150579381238149e+00 4.792592717414349224e+00 4.875179601791625572e+00 5.728977731357237424e+00
6.343806909562837992e-01 8.219264256252868384e-01 1.209316113416141869e+00 4.802750797289986551e+00 4.871149978070102193e+00 5.607387160695233241e+00
5.714631711609734488e-01 7.405597905486336341e-01 1.090707926605817946e+00 4.811971741975727745e+00 4.867491424852308235e+00 5.488085663436143236e+00
5.084519200078532197e-01 6.589914899321090980e-01 9.714019862975550312e-01 4.820244845432052117e+00 4.864207082094861967e+00 5.373120326730301599e+00
4.453680914790703049e-01 5.772504690807331862e-01 8.514777142992167036e-01 4.827559951099914315e+00 4.861299581338660580e+00 5.264632063685198204e+00
3.822402334445834104e-01 4.953672048268863981e-01 7.310199185137238320e-01 4.833906600073733628e+00 4.858770805073561405e+00 5.164806627750942347e+00
3.191099417102105096e-01 4.133782456038653796e-01 6.101216315806645696e-01 4.839272067528589183e+00 4.856621234577801260e+00 5.075812246432919395e+00
2.560459453966260623e-01 3.313375591195365510e-01 4.888905264420315699e-01 4.843635884568102234e+00 4.854848447959053459e+00 4.999727528320120129e+00
1.931866510615883048e-01 2.493479248213608668e-01 3.674691965016353423e-01 4.846949841475757026e+00 4.853444192636780841e+00 4.938474553995594540e+00
1.309053147859914890e-01 1.676785059398398781e-01 2.461196774606534965e-01 4.849032396441738335e+00 4.852403849717807915e+00 4.893820667298237836e+00
7.081119421643219947e-02 8.753428934420380558e-02 1.258112303525638354e-01 4.848987768778400209e+00 4.851905373508353492e+00 4.867690548681313345e+00
2.506156180670880695e-02 3.084181173691190325e-02 3.368553927063033804e-02 4.847321539802766921e+00 4.851876682817742648e+00 4.860408270650389717e+00
2.506156180670880695e-02 3.084181173691190325e-02 3.368553927063033804e-02 4.847321539802766921e+00 4.851876682817742648e+00 4.860408270650389717e+00
8.224014787329757270e-02 8.405855407691431580e-02 1.217616629274779205e-01 4.847258163299541955e+00 4.852866011245923872e+00 4.868495119527850967e+00
1.567052425470406574e-01 1.576296930300906118e-01 2.388139574276071375e-01 4.846571328553899605e+00 4.852716066071947942e+00 4.896110612002413376e+00
2.327175305565142571e-01 2.333297400158476920e-01 3.568272399165577369e-01 4.845280271042177844e+00 4.851559696135447020e+00 4.942341066892685042e+00
3.090322835279077363e-01 3.095117977034312906e-01 4.749822694680618240e-01 4.843439469926152263e+00 4.849757358593976164e+00 5.005557923635326922e+00
3.853681249843559642e-01 3.857961334809163478e-01 5.930612163870110365e-01 4.841060595289082613e+00 4.847383335084016309e+00 5.084084848170491888e+00
4.616209546229664284e-01 4.620358654886584926e-01 7.109456644412270876e-01 4.838144410574257925e+00 4.844456339604149342e+00 5.176025984384488687e+00
5.377348803598022142e-01 5.381536052860603769e-01 8.285500965354565261e-01 4.834688015527549787e+00 4.840980647706382811e+00 5.279313161984615199e+00
6.136674794259391330e-01 6.140973014515599404e-01 9.458084234087980047e-01 4.830687398636880125e+00 4.836955701090224657e+00 5.391784698403599307e+00
6.893795151049205705e-01 6.898243956143188527e-01 1.062668546124651003e+00 4.826138743422741406e+00 4.832379134751326077e+00 5.511260628450693311e+00
7.648327522887523600e-01 7.652963339396752218e-01 1.179086773611074612e+00 4.821038856267976236e+00 4.827247793655070396e+00 5.635605895881116822e+00
8.399907546704675765e-01 8.404768630791290551e-01 1.295022001491637376e+00 4.815384806616227031e+00 4.821557934664709499e+00 5.762779656420740082e+00
9.148200544797659983e-01 9.153312421388064557e-01 1.410431385965059015e+00 4.809173125855911834e+00 4.815305170540623791e+00 5.890871298790677280e+00
9.892899293317174436e-01 9.898259213256206390e-01 1.525268589686379794e+00 4.802399096458787042e+00 4.808484491967769614e+00 6.018124785416817168e+00
1.063370665954586958e+00 1.063928807999396264e+00 1.639484250760622430e+00 4.795056573166714742e+00 4.801090472425605604e+00 6.142953268185797455e+00
1.137031827191274935e+00 1.137609601196604370e+00 1.753027361422609065e+00 4.787138449775113713e+00 4.793117546344662472e+00 6.263946024105786492e+00
1.210241998650187334e+00 1.210839524720680904e+00 1.865846264120077924e+00 4.778637513099135425e+00 4.784560172123329735e+00 6.379869714101228162e+00
1.282970065483899802e+00 1.283590436774121102e+00 1.977888726369563033e+00 4.769547226135553153e+00 4.775412787379763380e+00 6.489665783378653074e+00
1.355186783512560167e+00 1.355833967180940736e+00 2.089101376623086814e+00 4.759862055194037822e+00 4.765669648973767991e+00 6.592445461764175896e+00
1.426865328933667909e+00 1.427541353564677928e+00 2.199429128796637656e+00 4.749577237943816144e+00 4.755324772095932850e+00 6.687483332291082938e+00
1.497980501904278672e+00 1.498684023158728174e+00 2.308815004510169189e+00 4.738688211306882891e+00 4.744372130770080354e+00 6.774209950747174247e+00
1.568507243113899330e+00 1.569234386127769998e+00 2.417200298897396848e+00 4.727190097998295926e+00 4.732806084675100777e+00 6.852203669782340079e+00
1.638419385067123146e+00 1.639166210266436163e+00 2.524524740006302448e+00 4.715077588741793946e+00 4.720621809658081425e+00 6.921181720761961920e+00
1.707689241852085704e+00 1.708454215166748558e+00 2.630726353914410343e+00 4.702345302121871740e+00 4.707815482247887040e+00 6.980990681021576272e+00
1.776288092044932432e+00 1.777072996252958115e+00 2.735741046063882909e+00 4.688988421906310933e+00 4.694384125733322755e+00 7.031596563918195208e+00
1.844187103780932535e+00 1.844995898046478233e+00 2.839502164353586267e+00 4.675003269690440000e+00 4.680325257873077405e+00 7.073074786641110556e+00
1.911358065592317690e+00 1.912194635816376165e+00 2.941940323558760007e+00 4.660387541220828211e+00 4.665636625557692874e+00 7.105600165111600752e+00
1.977773567792556975e+00 1.978640008682447160e+00 3.042983562350535021e+00 4.645140169361384963e+00 4.650316263038772213e+00 7.129436931913838649e+00
2.043406762467774751e+00 2.044303211753329297e+00 3.142557659120444935e+00 4.629261027027582465e+00 4.634362905650569076e+00 7.144928685568700644e+00
2.108231018998890871e+00 2.109156763750047237e+00 3.240586339061414911e+00 4.612750784094753698e+00 4.617776589407847965e+00 7.152488216824853140e+00
2.172219585187976421e+00 2.173174320873076049e+00 3.336991213225231956e+00 4.595611124162801708e+00 4.600559207636283787e+00 7.152587279971696965e+00
2.235345118704882061e+00 2.236329383682472027e+00 3.431691496595683954e+00 4.577845299788810607e+00 4.582714890981418598e+00 7.145746480657729549e+00
2.297578955321559313e+00 2.298593580749480392e+00 3.524603695670119663e+00 4.559458816283775029e+00 4.564250232931287954e+00 7.132525454367932838e+00
2.358890191356874499e+00 2.359935410852961546e+00 3.615641441527703392e+00 4.540460003839082326e+00 4.545174484751481891e+00 7.113513417999667965e+00
2.419244870459026586e+00 2.420319931669415503e+00 3.704715498401844886e+00 4.520860379456185463e+00 4.525499836660437758e+00 7.089320079553386833e+00
2.478605576213725570e+00 2.479709180857098794e+00 3.791733810021838291e+00 4.500674908163053267e+00 4.505241832239608613e+00 7.060566884808421761e+00
2.536931465071016856e+00 2.538062626954481704e+00 3.876601358975931610e+00 4.479922394035760647e+00 4.484419931230727130e+00 7.027878688064749468e+00
2.594178396352804672e+00 2.595336994139493036e+00 3.959219627086429938e+00 4.458626187498784255e+00 4.463058301611935619e+00 6.991876082224623978e+00
2.650298641976617908e+00 2.651485249814365730e+00 4.039485456615353520e+00 4.436815239635579999e+00 4.441187092313406914e+00 6.953168695542522926e+00
2.705239830094504860e+00 2.706454995902523031e+00 4.117288806012662228e+00 4.414525410437996733e+00 4.418844856592352599e+00 6.912349692441962290e+00
2.758943131900708501e+00 2.760186658689018024e+00 4.192506792762600298e+00 4.391801035292281163e+00 4.396084768611275173e+00 6.869991543529358147e+00
2.811340969658373545e+00 2.812611670774850747e+00 4.264972694795179819e+00 4.368697786946491135e+00 4.373004963486025076e+00 6.826642973561908079e+00
2.862354538647931879e+00 2.863650485963952441e+00 4.333431990792341537e+00 4.345333721125659743e+00 4.350744133539594216e+00 6.782826962429934881e+00
2.911891199502639083e+00 2.913210083543270379e+00 4.321582605528329069e+00 4.325275878830323606e+00 4.402058043981587510e+00 6.739039774396631266e+00
2.959841503043613820e+00 2.961180731979834224e+00 4.297784778776140513e+00 4.301560957487831516e+00 4.465593318112932586e+00 6.695751127466574637e+00
3.006075513512191932e+00 3.007432009545828677e+00 4.273956105533647687e+00 4.277716142265772348e+00 4.525977146290795616e+00 6.653405650288183537e+00
3.050438251015841651e+00 3.051808183205438674e+00 4.250245192854997356e+00 4.253970828468035315e+00 4.582938994221929185e+00 6.612425629078533262e+00
3.092744291011666036e+00 3.094123001216118496e+00 4.226828740792462291e+00 4.230515200697887224e+00 4.636263729745544460e+00 6.573214755204372928e+00
3.132771700006951043e+00 3.134153907401296735e+00 4.203920669531425958e+00 4.207566650609032344e+00 4.685726654142164271e+00 6.536162264246898168e+00
3.170255657156635376e+00 3.171635832139886535e+00 4.181778528569710218e+00 4.185384023964680011e+00 4.731084999699809224e+00 6.501646629578800685e+00
3.204882527076927889e+00 3.206255249738654722e+00 4.160709203335136941e+00 4.164275422904464286e+00 4.772077171378607652e+00 6.470037884904050962e+00
3.236285954932287545e+00 3.237646186830436701e+00 4.141072680286963070e+00 4.144602376165149593e+00 4.808425692666233431e+00 6.441697670574034973e+00
3.264047725326869376e+00 3.265391128966512291e+00 4.123281140141688006e+00 4.126778610656898216e+00 4.839843678773309676e+00 6.416976187699893863e+00
3.287707317791912498e+00 3.289030835793841145e+00 4.107789385866191800e+00 4.111260037905133835e+00 4.866045144183725135e+00 6.396205435482309021e+00
3.306784479966474066e+00 3.308087213890043898e+00 4.095072275865144995e+00 4.098522023838560457e+00 4.886759142410078027e+00 6.379688526162390794e+00
3.320817487321068739e+00 3.322101590488760969e+00 4.085586571895291286e+00 4.089021415436658202e+00 4.901746953546583185e+00 6.367685643389534356e+00
3.329415010377783535e+00 3.330686055924760858e+00 4.079719391522225180e+00 4.083145291313397429e+00 4.910820460628945838e+00 6.360398288817870061e+00
3.332312176260359138e+00 3.333578510739364287e+00 4.077732691352937699e+00 4.081155605480595305e+00 4.913858860008629037e+00 6.357954512117909296e+00
3.332312176260359138e+00 3.333578510739364287e+00 4.077732691352937699e+00 4.081155605480595305e+00 4.913858860008629037e+00 6.357954512117909296e+00
3.332228124023097315e+00 3.333909217623312493e+00 4.078487501270382509e+00 4.081615219178585718e+00 4.914200574264604882e+00 6.356276331902944499e+00
3.331233132333051294e+00 3.335632296428997279e+00 4.080671871453466437e+00 4.083063834016190441e+00 4.915229362102932598e+00 6.351254908892703277e+00
3.329338277350629927e+00 3.338701472148175142e+00 4.083728117135751567e+00 4.086028438081660497e+00 4.916955977042296588e+00 6.342929463669757517e+00
3.326709024101172751e+00 3.342894096671714443e+00 4.086827527353062095e+00 4.091287053544983898e+00 4.919397736295634260e+00 6.331364924028949126e+00
3.323438188707689811e+00 3.348040536667746370e+00 4.090209710096429419e+00 4.098529900228691680e+00 4.922577615193352685e+00 6.316651269582464145e+00
3.319616432323245103e+00 3.353957150788052122e+00 4.093970068969682963e+00 4.107572307423477120e+00 4.926522988575357864e+00 6.298902623192801364e+00
3.315341132827061443e+00 3.360442041516790379e+00 4.098016018819307327e+00 4.118398595840903731e+00 4.931264037980105819e+00 6.278256098773124627e+00
3.310715323175179581e+00 3.367281773383354437e+00 4.102209482196302659e+00 4.131019332967966307e+00 4.936831860885124712e+00 6.254870418452230574e+00
3.305844961467998111e+00 3.374260480723287436e+00 4.106398531867222701e+00 4.145439202856733729e+00 4.943256341595853698e+00 6.228924316002608208e+00
3.300836104059669207e+00 3.381169298119169220e+00 4.110428770440869961e+00 4.161645163600325326e+00 4.950563870436036851e+00 6.200614747753618872e+00
3.295792403430838569e+00 3.387815076387896696e+00 4.114150111812388211e+00 4.179599594533165430e+00 4.958775024668778286e+00 6.170154936860897443e+00
3.290813054249153602e+00 3.394027632767587122e+00 4.117421830503146474e+00 4.199235940778534015e+00 4.967902345712539081e+00 6.137772281590972767e+00
3.285991199775740501e+00 3.399665005497044312e+00 4.120116516436435283e+00 4.220456491175562874e+00 4.977948356998486368e+00 6.103706162916608058e+00
3.281412760204479806e+00 3.404616445876539554e+00 4.122123083695028001e+00 4.243132230891816903e+00 4.988903960665663107e+00 6.068205690798102125e+00
3.277155622011435288e+00 3.408803166187371669e+00 4.123348870131597010e+00 4.267104606394801714e+00 5.000747327310948620e+00 6.031527431521048754e+00
3.273289120586422296e+00 3.412177117489056055e+00 4.123720857753838231e+00 4.292188862047106923e+00 5.013443353022049465e+00 5.993933159720019610e+00
3.269873750643132571e+00 3.414718249622212376e+00 4.123186071463776692e+00 4.318178472803285040e+00 5.026943707466020150e+00 5.955687677468460173e+00
3.266961045884392068e+00 3.416430783438229923e+00 4.121711250997444509e+00 4.344850150746292883e+00 5.041187443956674841e+00 5.917056738184223619e+00
3.264593578350496017e+00 3.417339008210491080e+00 4.119281924808531947e+00 4.371968946208131257e+00 5.056102095741859870e+00 5.878305104143707105e+00
3.262805037090073412e+00 3.417483032495474138e+00 4.115901037281189723e+00 4.399293073215761574e+00 5.071605149102611954e+00 5.839694752166850300e+00
3.261620354320594828e+00 3.416914799298555572e+00 4.111587288213371494e+00 4.426578231018982734e+00 5.087605766878753322e+00 5.801483221694589076e+00
3.261055854660640296e+00 3.415694556956941685e+00 4.106373335922448575e+00 4.453581338977495641e+00 5.104006635701822781e+00 5.763922072519828355e+00
3.261119409212601017e+00 3.413887875786557391e+00 4.100303995489939624e+00 4.480063731416835004e+00 5.120705823478228780e+00 5.727255386043657026e+00
3.261810581331788583e+00 3.411563225997799709e+00 4.093434536129299417e+00 4.505793962616079895e+00 5.137598555760841457e+00 5.691718205613749859e+00
3.263120755015624486e+00 3.408790084767229889e+00 4.085829151233367540e+00 4.530550446792387831e+00 5.154578845514507179e+00 5.657534772003222301e+00
3.265033240217016353e+00 3.405637514872554839e+00 4.077559645328339144e+00 4.554124202284789646e+00 5.171540936148089962e+00 5.624916376599306211e+00
3.267523352291952232e+00 3.402173147499754524e+00 4.068704356548143330e+00 4.576321978695064630e+00 5.188380539632979627e+00 5.594058639279723799e+00
3.270558465517047431e+00 3.398462501659194501e+00 4.059347312511880190e+00 4.596970010578067090e+00 5.204995868563858430e+00 5.565138037363542622e+00
3.274098043456889595e+00 3.394568577442270030e+00 4.049577601587116327e+00 4.615918546525121791e+00 5.221288472822771531e+00 5.538307587128631582e+00
3.278093652217513920e+00 3.390551667095980104e+00 4.039488929569997389e+00 4.633047133808506857e+00 5.237163898536926432e+00 5.513691728754822385e+00
3.282488966536708741e+00 3.386469335070359854e+00 4.029179322482975500e+00 4.648270393718056503e+00 5.252532190099418408e+00 5.491380694353162006e+00
3.287219783340300516e+00 3.382376525490484731e+00 4.018750928045601967e+00 4.661543726454109304e+00 5.267308256006907996e+00 5.471424923413270136e+00
3.292214062641197092e+00 3.378325763537202153e+00 4.008309860135219616e+00 4.672868102247432098e+00 5.281412116775122456e+00 5.453830366013138864e+00
3.297392020724548622e+00 3.374367427327145563e+00 3.997966021339739662e+00 4.682292929153176964e+00 5.294769048329622585e+00 5.438555680010050963e+00
3.302666303831467864e+00 3.370550080956523420e+00 3.987832828281029141e+00 4.689916044504178316e+00 5.307309626225032773e+00 5.425512278048182147e+00
3.307942269452153639e+00 3.366920879440113534e+00 3.978026753478595356e+00 4.695880211667691206e+00 5.318969662202459148e+00 5.414567860235933061e+00
3.313118394651155540e+00 3.363526082655230010e+00 3.968666588164920128e+00 4.700366068446919066e+00 5.329689998312497679e+00 5.405553532615657630e+00
3.318086821802898712e+00 3.360411739164075318e+00 3.959872326328117698e+00 4.703582111242377906e+00 5.339416068598405118e+00 5.398274032582696336e+00
3.322734082101551856e+00 3.357624575896097419e+00 3.951763576731149197e+00 4.705752805194753918e+00 5.348097011619268315e+00 5.392520206580550202e+00
3.326942274756316653e+00 3.355212880468031678e+00 3.944457433333776297e+00 4.707106130050727089e+00 5.355683804948829341e+00 5.388082980842280989e+00
3.330591970785348188e+00 3.353226136461484597e+00 3.938065781701555412e+00 4.707861770146090308e+00 5.362125092992983788e+00 5.384768968679940038e+00
3.333571056918949171e+00 3.351709162035120926e+00 3.932692092790081251e+00 4.708220821025848934e+00 5.367357496150686025e+00 5.382420077170043449e+00
3.335798529924946632e+00 3.350681618941840689e+00 3.928427852250920171e+00 4.708357461250722409e+00 5.371286053562851492e+00 5.380941034585194238e+00
3.337266553819228765e+00 3.350099356233221304e+00 3.925348879246390421e+00 4.708412659535163414e+00 5.373786412257277156e+00 5.380303175341932587e+00
3.338063019744079707e+00 3.349835036789834408e+00 3.923511879150029635e+00 4.708489732195020316e+00 5.374928797838568251e+00 5.380324648800646870e+00
3.338310683983892524e+00 3.349741612295582982e+00 3.922951619071844753e+00 4.708651451946527899e+00 5.375219691110340037e+00 5.380431439202783217e+00
3.338310683983892524e+00 3.349741612295582982e+00 3.922951619071844753e+00 4.708651451946527899e+00 5.375219691110340037e+00 5.380431439202783217e+00
3.306303349437243799e+00 3.381405277211662064e+00 3.918316392568097939e+00 4.711515323412619693e+00 5.365227018821520311e+00 5.390292682855228890e+00
3.272780572215541639e+00 3.413577789977233934e+00 3.904242282162873057e+00 4.720217735491231359e+00 5.355180577620810567e+00 5.400100674476086660e+00
3.238827210200028173e+00 3.445185280345519629e+00 3.881426386210980350e+00 4.734086717469772054e+00 5.345123017356583794e+00 5.409814344204015413e+00
3.204551882097828930e+00 3.476137057714095757e+00 3.850853294184321651e+00 4.752180188738956090e+00 5.335078810023192730e+00 5.419411685639075493e+00
3.170036770625781930e+00 3.506375383096874909e+00 3.813614492197590078e+00 4.773467473308670606e+00 5.325071881164349819e+00 5.428872118504672883e+00
3.135362359225351447e+00 3.535849509278989444e+00 3.770773836961325287e+00 4.796965717430410336e+00 5.315126316339776835e+00 5.438175786894001718e+00
3.100611414377236308e+00 3.564506876313977557e+00 3.723299263763444777e+00 4.821813815191384300e+00 5.305266448814781377e+00 5.447303481486119203e+00
3.065870046031371476e+00 3.592258042920095207e+00 3.672073309581942002e+00 4.847296812736986205e+00 5.295516837740134264e+00 5.456236666108162048e+00
3.031228065950443806e+00 3.614324136798912956e+00 3.622550752765272719e+00 4.872841448447261747e+00 5.285902202264771255e+00 5.464957530260830865e+00
2.996779103846477721e+00 3.560323494816535206e+00 3.645689967405153720e+00 4.897999059134272137e+00 5.276447325682073419e+00 5.473449041450318298e+00
2.962620601500932427e+00 3.501517148363162413e+00 3.670728682694349043e+00 4.922425342414553207e+00 5.267176937062223452e+00 5.481694982417327999e+00
2.928853716784308059e+00 3.441148609773528211e+00 3.694864165649666354e+00 4.945861420355845972e+00 5.258115579226617875e+00 5.489679964425790537e+00
2.895583142432839985e+00 3.379688548942255899e+00 3.718025625100208398e+00 4.968117756659269801e+00 5.249287474212803062e+00 5.497389414050208423e+00
2.862916836278610599e+00 3.317542201423370862e+00 3.740180768510900755e+00 4.989061092045008472e+00 5.240716398246493490e+00 5.504809537403589914e+00
2.830965658519238648e+00 3.255090871646142858e+00 3.761305458155943082e+00 5.008604013813117817e+00 5.232425576792247846e+00 5.511927271201490619e+00
2.799842913396411337e+00 3.192705290925232031e+00 3.781379144801126913e+00 5.026696631704354878e+00 5.224437606468049111e+00 5.518730233099187643e+00
2.769663795439966325e+00 3.130753659971549752e+00 3.800383642711616439e+00 5.043319858605936901e+00 5.216774405165030437e+00 5.525206683540837105e+00
2.740544743163290775e+00 3.069607232235807448e+00 3.818302682080283006e+00 5.058479878507671224e+00 5.209457185830903114e+00 5.531345507951142437e+00
2.712602705141405224e+00 3.009644152022755037e+00 3.835121710447800147e+00 5.072203476488891027e+00 5.202506444533451457e+00 5.537136222400536489e+00
2.685954324488433187e+00 2.951251798581641772e+00 3.850827784901225570e+00 5.084533987925333065e+00 5.195941951028060224e+00 5.542568999448923783e+00
2.660715047904382846e+00 2.894827723316281354e+00 3.865409489595058812e+00 5.095527691347140120e+00 5.189782731155373696e+00 5.547634705491016227e+00
2.636998164945898004e+00 2.840779187103686265e+00 3.878856845065223879e+00 5.105250521351828219e+00 5.184047035523217772e+00 5.552324938057014769e+00
2.614913782340794413e+00 2.789521263253412542e+00 3.891161193072353086e+00 5.113775015933729406e+00 5.178752298204125637e+00 5.556632051915245007e+00
2.594567737206182834e+00 2.741473459820233050e+00 3.902315054260211191e+00 5.121177437352557149e+00 5.173915102797810306e+00 5.560549166294300960e+00
2.576060451623461311e+00 2.697054834557564007e+00 3.912311967370529775e+00 5.127535016453595773e+00 5.169551192367617176e+00 5.564070151038513323e+00
2.559485727852780279e+00 2.656677632323829474e+00 3.921146327034173762e+00 5.132923263823650828e+00 5.165675587915115941e+00 5.567189595419899106e+00
2.544929475943242370e+00 2.620739573669031319e+00 3.928813240803771034e+00 5.137413262490685639e+00 5.162302922225521229e+00 5.569902767956231848e+00
2.532468352404058098e+00 2.589615063648917470e+00 3.935308424347975009e+00 5.141068817813917669e+00 5.159448140951711892e+00 5.572205577640835017e+00
2.522168293023643759e+00 2.563645738189680667e+00 3.940628147016070670e+00 5.143943439402183238e+00 5.157127623289983198e+00 5.574094545965452951e+00
2.514083129409536266e+00 2.543130716788580159e+00 3.944769229935381372e+00 5.146078261656834130e+00 5.155359638012604329e+00 5.575566795419144128e+00
2.508254830610010977e+00 2.528315712716436625e+00 3.947729087916593826e+00 5.147507524315919625e+00 5.154157528645751718e+00 5.576620054959295025e+00
2.504721374613432250e+00 2.519375765598399486e+00 3.949505797462542489e+00 5.148287637769135117e+00 5.153499610755993388e+00 5.577252677878098197e+00
2.503532522003552696e+00 2.516392084361931403e+00 3.950098168411416477e+00 5.148524874520751915e+00 5.153300741769625937e+00 5.577463664062919158e+00
