0.000000000000000000e+00 0.000000000000000000e+00 0.000000000000000000e+00 0.000000000000000000e+00 0.000000000000000000e+00 0.000000000000000000e+00
2.196433430903343620e+01 2.084157923947707758e+01 4.802429859769095799e+01 3.644222058320671365e-01 1.429372751626774685e+00 6.264046951779049799e+00
2.311021638610744589e+01 2.276037377738452605e+01 4.894278836744003769e+01 4.048969895937507557e-01 1.131447375928050114e+00 1.246582745615525667e+01
2.326854391982848114e+01 2.317451050093738019e+01 4.904895573269751452e+01 4.825503373793177397e-01 9.078852050354446757e-01 1.825872047523795416e+01
2.325883379130279494e+01 2.329775347111832673e+01 4.900425578083203959e+01 5.972388262780154999e-01 8.404964109773018777e-01 2.351848362981149521e+01
2.320534697334782948e+01 2.330180580207597174e+01 4.889420086205209515e+01 7.252635961098869988e-01 8.667878742858722285e-01 2.812753272061742749e+01
2.312647407355118645e+01 2.324470807844625142e+01 4.874055598900041275e+01 8.569777798971918159e-01 9.423772780905195212e-01 3.199715338916860574e+01
2.302473295906402129e+01 2.315087002382085046e+01 4.855113787746376630e+01 9.885978635175318718e-01 1.042082124543099120e+00 3.507170357522839055e+01
2.290183624404300744e+01 2.303028357241103663e+01 4.832942250365971404e+01 1.118381078130766149e+00 1.152847424236324692e+00 3.732675223713504664e+01
2.275924818726072374e+01 2.288750876772075671e+01 4.807716959502072029e+01 1.245354128300458774e+00 1.267936393858290600e+00 3.876487791009606099e+01
2.259811881571177494e+01 2.272499079505910302e+01 4.779532520126713280e+01 1.368870802966575262e+00 1.383704177620701081e+00 3.941057515719134585e+01
2.241934740983443319e+01 2.254425641840110828e+01 4.748439664138619776e+01 1.488442256079216097e+00 1.498031373708538672e+00 3.930512792320975990e+01
2.222365634609557006e+01 2.234637077547390049e+01 4.714463812578651414e+01 1.603665085960141123e+00 1.609581359472957773e+00 3.850195964869654830e+01
2.201164434702751294e+01 2.213212566847508711e+01 4.677615750026801322e+01 1.714188009863847340e+00 1.717441726534222113e+00 3.706270553805288159e+01
2.178382310024344193e+01 2.190213024181374379e+01 4.637898352222004661e+01 1.819695397981708984e+00 1.820945987361972440e+00 3.505406631968546094e+01
2.154064577196227859e+01 2.165686976499489447e+01 4.595310864455419875e+01 1.919899108050362013e+00 1.919582254316527514e+00 3.254538977021397983e+01
2.128253337958952329e+01 2.139675607403117752e+01 4.549851361245171688e+01 2.014535025694242698e+00 2.012944956207832981e+00 2.960687079466762484e+01
2.100990109835362318e+01 2.112217462849214300e+01 4.501517733806887378e+01 2.103362631650435244e+00 2.100708043923522617e+00 2.630824439343062338e+01
2.072318295792610243e+01 2.083352543757166586e+01 4.450307487416498020e+01 2.186166582299666761e+00 2.182608781467319403e+00 2.271785218098174752e+01
2.042285117294100161e+01 2.053125316230542552e+01 4.396216634022139402e+01 2.262759420635842567e+00 2.258436628068914764e+00 1.890198055086860762e+01
2.010942630126783470e+01 2.021586273135154954e+01 4.339237964718655149e+01 2.332984498536121887e+00 2.328024633271007282e+00 1.492439008760498886e+01
1.978347636249053920e+01 1.988791921767600357e+01 4.279358947225665588e+01 2.396718211221539274e+00 2.391242347123061940e+00 1.084597952085066730e+01
1.944560590939804001e+01 1.954803365799850923e+01 4.216559402591385464e+01 2.453870825471195616e+00 2.447990023916646329e+00 6.724568493801012181e+00
1.909643852236561301e+01 1.919683934008262582e+01 4.150808975531390388e+01 2.504385514750709252e+00 2.498194183551742054e+00 2.615148175058807922e+00
1.873659743768497421e+01 1.883496512069204343e+01 4.082064236274588609e+01 2.548235615721829550e+00 2.541804614045143129e+00 1.437523066259338789e+00
1.836668887049605203e+01 1.846301284318224134e+01 4.010265053418360992e+01 2.585420501445444774e+00 2.578792799298772476e+00 5.374308306770076094e+00
1.798729138535646044e+01 1.808154453804368700e+01 3.935329666268656723e+01 2.615960764390217186e+00 2.609151609032787089e+00 9.160064290589266633e+00
1.759895288303181005e+01 1.769108211397400865e+01 3.857147655442793166e+01 2.639893574925048725e+00 2.632895920650675237e+00 1.275360773798169234e+01
1.720219483818571149e+01 1.729211859140830398e+01 3.775569730730615703e+01 2.657269084765100153e+00 2.650063686543638664e+00 1.611911346048446347e+01
1.679752170967450908e+01 1.688513673313152097e+01 3.690392856940838584e+01 2.668148540264084101e+00 2.660716865208465620e+00 1.922473750931687064e+01
1.638543231519695809e+01 1.647062909257806496e+01 3.601338600508625376e+01 2.672604359967075460e+00 2.664941646029717948e+00 2.204244372011069331e+01
1.596642971908970665e+01 1.604911341870890595e+01 3.508021501732881120e+01 2.670721891905861956e+00 2.662847523428450547e+00 2.454777299111522026e+01
1.554102691796501468e+01 1.562113888663051497e+01 3.409902431657433652e+01 2.662602038201554944e+00 2.654564982803254480e+00 2.671944527388761514e+01
1.510974708563747626e+01 1.518728125333210421e+01 3.306218731688148438e+01 2.648363560743479006e+00 2.640241801969926083e+00 2.853869591307488207e+01
1.467311884241330056e+01 1.474812806245861196e+01 3.195877525075074388e+01 2.628143746011601500e+00 2.620038216154288335e+00 2.998819864535050783e+01
1.423166837176855459e+01 1.430425768045633639e+01 3.077289329960782283e+01 2.602096207645420822e+00 2.594121423715107788e+00 3.105033556044504195e+01
1.378591082758621589e+01 1.385621755992277038e+01 2.948103313428378058e+01 2.570384868740624551e+00 2.562660098910120254e+00 3.170441666503494460e+01
1.333634326578524387e+01 1.340450726440841578e+01 2.804779161278152344e+01 2.533173485102117262e+00 2.525819707134363323e+00 3.192218866163103286e+01
1.288344047340044263e+01 1.294957042096002908e+01 2.641889485690525063e+01 2.490610403207374368e+00 2.483759578442977567e+00 3.166056337804705834e+01
1.242765389094945938e+01 1.249179729865348065e+01 2.450995993294547404e+01 2.442809050929466430e+00 2.436633404225429622e+00 3.084999240424591349e+01
1.196941270999466411e+01 1.203153686227819819e+01 2.218937764259180057e+01 2.389828832582879592e+00 2.384597925481636072e+00 2.937687526349042955e+01
1.150912551870162481e+01 1.156911471002277381e+01 1.925667360670495754e+01 2.331681905496528540e+00 2.327845946975618308e+00 2.706139751408148086e+01
1.104718079296953448e+01 1.110485188880454466e+01 1.543239169155165236e+01 2.268480568134217723e+00 2.266715424616822183e+00 2.364701819597993193e+01
1.058394512707312884e+01 1.063907948808866166e+01 1.041999375220756896e+01 2.201140328382524380e+00 2.202002613969089140e+00 1.886272071235437053e+01
1.011975916362340655e+01 1.017214509757953245e+01 4.159577114898686645e+00 2.133413210577608243e+00 2.135501877460406650e+00 1.267902507941606061e+01
9.654932317581634393e+00 9.704409343007853295e+00 2.755447042279162151e+00 2.072505533603207439e+00 2.069072633069261702e+00 5.726581178755748347e+00
9.189738141984026498e+00 9.236233250174974430e+00 9.093795711450521679e+00 2.015282338171438425e+00 1.999039072670273365e+00 7.904993737984189472e-01
8.724412242765540171e+00 8.767959495097940703e+00 1.383874113546358764e+01 1.942865199800543285e+00 1.918869039287204314e+00 5.740953886631282366e+00
8.259153974668002718e+00 8.299892087471970825e+00 1.679784830110219573e+01 1.854497041552827463e+00 1.831713714934114501e+00 9.017218572183772096e+00
7.794131970237163642e+00 7.832279326960130739e+00 1.832259895263650051e+01 1.761098022341782032e+00 1.742445020074758322e+00 1.090891242919212445e+01
7.329492265646927684e+00 7.365303925656947470e+00 1.885493513205058846e+01 1.666962116430429131e+00 1.651978576186010628e+00 1.183620000157736207e+01
6.865366806255155829e+00 6.899082317805750542e+00 1.873855877315352814e+01 1.572238130802305678e+00 1.559945101555203939e+00 1.213050898128524224e+01
6.401879756069572380e+00 6.433672932169834269e+00 1.820319800412837807e+01 1.476409335642589360e+00 1.466055824807467323e+00 1.201339702576632895e+01
5.939149441407237440e+00 5.969091183881057638e+00 1.739492041466567329e+01 1.379130460449010442e+00 1.370222122961508138e+00 1.162551009367212806e+01
5.477284870011072115e+00 5.505327616613865160e+00 1.640552962224751354e+01 1.280255175916562349e+00 1.272472381638801719e+00 1.105564581605010765e+01
5.016377320136379936e+00 5.042365220671836568e+00 1.529277635668493751e+01 1.179760196641802095e+00 1.172893723507565822e+00 1.036065541329539030e+01
4.556489066062881399e+00 4.580192451946496490e+00 1.409307559787293229e+01 1.077692428238216094e+00 1.071605280444543951e+00 9.577732137457882544e+00
4.097642413695954389e+00 4.118809675516019730e+00 1.282940752658896955e+01 9.741420754322307474e-01 9.687473988332996333e-01 8.731798142063027512e+00
3.639812470692067592e+00 3.658228334641982382e+00 1.151631505805870681e+01 8.692300405230251048e-01 8.644767350864326350e-01 7.839958538595357851e+00
3.182926319311994323e+00 3.198463734838508987e+00 1.016315553381677361e+01 7.631008649838261215e-01 7.589623846785013006e-01 6.914231557235554604e+00
2.726869662846452158e+00 2.739523594513143756e+00 8.776269819009334228e+00 6.559164060602644675e-01 6.523811861606478857e-01 5.963260837420836680e+00
2.271500019032929529e+00 2.281395210314713928e+00 7.360443599947538829e+00 5.478484029949340917e-01 5.449120163114943294e-01 4.993417688457524761e+00
1.816663711541324000e+00 1.824034134303492483e+00 5.919875327108604424e+00 4.390701172882485737e-01 4.367297991226410936e-01 4.009530103183085892e+00
1.362212793042192338e+00 1.367356741851319724e+00 4.458779149022868538e+00 3.297484141241358024e-01 3.280003355867318615e-01 3.015377843245492517e+00
9.080179518710074227e-01 9.112381789953997169e-01 2.981707074537651714e+00 2.200380134040190727e-01 2.188770430497368191e-01 2.014037374211779863e+00
4.539744539717683325e-01 4.555161464035319407e-01 1.493653864476568671e+00 1.100792732001904944e-01 1.095003580816805294e-01 1.008128888864065820e+00
1.200876254311789843e-15 1.150081319516328773e-15 4.201974914700327819e-14 1.918332648573468973e-15 5.472102407735418452e-16 4.042209658229739259e-15
1.200876254311789843e-15 1.150081319516328773e-15 4.201974914700327819e-14 1.918332648573468973e-15 5.472102407735418452e-16 4.042209658229739259e-15
1.370059776621932013e+00 2.027944403765582937e+00 4.438447611046892893e-01 4.695731517167179847e-01 4.357490682026993190e-01 1.589784334005895639e-01
2.101577243740139878e+00 4.484992667148426371e+00 8.874636300705817105e-01 1.062110948307380731e+00 9.835301918346044392e-01 3.176786016905557841e-01
2.493894285491748963e+00 7.035133655560723120e+00 1.330663208065237635e+00 1.655219002307728227e+00 1.515884798505014786e+00 4.758596371012419612e-01
2.952258974728030338e+00 9.431453775329545763e+00 1.773298265384060768e+00 2.230078039769298304e+00 2.006727638100179067e+00 6.333374208772759584e-01
3.497630204379109209e+00 1.167076810216793348e+01 2.215263120052132439e+00 2.795082794567306905e+00 2.457381470360613829e+00 7.899767665464098032e-01
4.082121396669220914e+00 1.376379986637214614e+01 2.656464660496455465e+00 3.354363645865180654e+00 2.865709147540711488e+00 9.456606699157953377e-01
4.676792971408981536e+00 1.570954092815333425e+01 3.096792895851810723e+00 3.909308258909191203e+00 3.227779800331574300e+00 1.100251999314900475e+00
5.266967931636056477e+00 1.750329233925960537e+01 3.536105747746593586e+00 4.460210937799061526e+00 3.539618526785176744e+00 1.253566448270464262e+00
5.844686655511313056e+00 1.914094362170317609e+01 3.974235986455408653e+00 5.006918160192372014e+00 3.797911985238606292e+00 1.405369703567330264e+00
6.405112027020329002e+00 2.062039411750890139e+01 4.411014704618605009e+00 5.549076432686107729e+00 4.000274701881847861e+00 1.555399563340082558e+00
6.944984370341805047e+00 2.194179214424990576e+01 4.846295251745564414e+00 6.086235508208956091e+00 4.145341965373001258e+00 1.703401299936341706e+00
7.461935402198482059e+00 2.310731729312790250e+01 5.279960337334200560e+00 6.617892885458305230e+00 4.232793610173101406e+00 1.849158180339664614e+00
7.954152336370499121e+00 2.412080389880402720e+01 5.711904124274212791e+00 7.143508796991982379e+00 4.263352497206827962e+00 1.992501965614606352e+00
8.420188045429949142e+00 2.498732933245830878e+01 6.141995641007651052e+00 7.662503205015497088e+00 4.238774353293738528e+00 2.133298853797272798e+00
8.858840279541036367e+00 2.571281313920810163e+01 6.570041192784454864e+00 8.174241876935234075e+00 4.161831810682824262e+00 2.271419113713665894e+00
9.269073184889290218e+00 2.630363709201741429e+01 6.995763658361350501e+00 8.678017881428548463e+00 4.036290716495138930e+00 2.406706872662760510e+00
9.649969191743592134e+00 2.676627847213816480e+01 7.418800787912690708e+00 9.173033931832909715e+00 3.866879461862146705e+00 2.538965875271246730e+00
1.000069898174457883e+01 2.710692526683897796e+01 7.838685354176475606e+00 9.658388577833928679e+00 3.659259356993893153e+00 2.667967893230303478e+00
1.032049402604307531e+01 2.733093692436026600e+01 8.254649738812197768e+00 1.013306554797997805e+01 3.420011884672320424e+00 2.793477677131958270e+00
1.060860705028561490e+01 2.744128526758720454e+01 8.664368466355506726e+00 1.059592171793240922e+01 3.156663341006824108e+00 2.915278665556257032e+00
1.086425219578341306e+01 2.742470156088666755e+01 9.050372716331022360e+00 1.104566656745515019e+01 2.877767206295358537e+00 3.033182115549603264e+00
1.108652552271593805e+01 1.341851626714672996e+01 4.497774862230520476e+00 1.148082547136477949e+01 2.593060221845269631e+00 3.147009193983333120e+00
1.127431282289420800e+01 9.861060993596707291e+00 2.713065334217463587e+01 1.189968071021483631e+01 2.313701472086552524e+00 3.256545678945182321e+00
1.127050060067804438e+01 9.658229424874166469e+00 2.705484169005654849e+01 1.191910576491973295e+01 2.196909923134629850e+00 3.272808199233612214e+00
1.142111618727721378e+01 1.019553942251731726e+01 2.690919210068199874e+01 1.231471595772108785e+01 1.929919979489460591e+00 3.378979875231635344e+00
1.153482609815715243e+01 1.061604088416323677e+01 2.654767176890963043e+01 1.269006101249813945e+01 1.694750683666320867e+00 3.481041440601490233e+00
1.160944252518708097e+01 1.101356916173137357e+01 2.605834183833895779e+01 1.304231970619765946e+01 1.508615497431483155e+00 3.578966585487679986e+00
1.164223720519720295e+01 1.140120618102279337e+01 2.544480869820594648e+01 1.336796436243380093e+01 1.392184953847624307e+00 3.672858812072133272e+00
1.162968335948697352e+01 1.178214472196205520e+01 2.469648951160307604e+01 1.366251675301273316e+01 1.370754819603875907e+00 3.763150099767894385e+00
1.156709082979129377e+01 1.215728455456682866e+01 2.379561502352457225e+01 1.392025428989460956e+01 1.477460534587560881e+00 3.851695295702957100e+00
1.144812120083205897e+01 1.252671436757304235e+01 2.271840157344251310e+01 1.413377974040453822e+01 1.778435773383638452e+00 3.952517549695402810e+00
1.126403903397849682e+01 1.288986917869971371e+01 2.143529502123450925e+01 1.429297522813450172e+01 4.796098554780509282e+00 5.573139592197636105e+00
1.100169014925497990e+01 1.324418297138389100e+01 1.990615363419626149e+01 1.437820634179706580e+01 4.115850690743676488e+00 2.875216858214799220e+00
1.062736963425804504e+01 1.356962742569158031e+01 1.700365016817027097e+01 1.338314821156818546e+01 4.146129299416812408e+00 3.736723642732616923e+00
2.374505294642780928e+00 6.117089944655919709e+00 1.430985190678187813e+01 1.605322480372509020e+01 4.200614104832333773e+00 4.939386439263484085e+00
1.425788506195061522e+01 9.591977255641472411e+00 1.413878120758896628e+01 1.373005433901102457e+01 4.254029803466151449e+00 6.441085827528444163e+00
1.463022526789542255e+01 8.890423000509967366e+00 1.380008523255537156e+01 1.112542278420010611e+01 4.303419986598294500e+00 8.213229699783262561e+00
1.496921624832772579e+01 7.971240170640695233e+00 1.327696271692963137e+01 8.317213757728561419e+00 4.348007674283794088e+00 1.019698804562686512e+01
1.529843951115164735e+01 6.819444350676721278e+00 1.253180906360345226e+01 5.394614850331468148e+00 4.387493531651666778e+00 1.230464867746278834e+01
1.562057115503021443e+01 5.397905789957686551e+00 1.152440578102175373e+01 2.459435532927320534e+00 4.421751432430713891e+00 1.443387706250637592e+01
1.593616087534599046e+01 3.674267009210054002e+00 1.022126005712942742e+01 4.212709638777288323e-01 4.450746996467198180e+00 1.648738101505243847e+01
1.624533195655341089e+01 1.636212533830313065e+00 8.609388324629522415e+00 3.109540138898273742e+00 4.474498573353755226e+00 1.838909077856245133e+01
1.654809640918838909e+01 6.918082110281333907e-01 6.713036052980338120e+00 5.621790594601644209e+00 4.493044118687090638e+00 2.009103214112569447e+01
1.684442742831448925e+01 3.235576282799091707e+00 4.605540336076031416e+00 7.928312691052490813e+00 4.506412233958131175e+00 2.157103722389457090e+01
1.713427309722150582e+01 5.876991932320401624e+00 2.405067641266928291e+00 1.003435673656590943e+01 4.514605324850933243e+00 2.282536826967913157e+01
1.741755998475878542e+01 8.477850882171955149e+00 2.497215268472849359e-01 1.195719505590941445e+01 4.517601162539158999e+00 2.386053740824373293e+01
1.769420280433729786e+01 1.091589399585716080e+01 1.739712033507716527e+00 1.371914876413527296e+01 4.515371391388127265e+00 2.468678978289092996e+01
1.796412144307598879e+01 1.311098429356874817e+01 3.482147917930972003e+00 1.534320213321769799e+01 4.507907150973773369e+00 2.531391735797683751e+01
1.822725781355738306e+01 1.503093181480899077e+01 4.946166755748691024e+00 1.685059863545352954e+01 4.495238087162783280e+00 2.574908608845059987e+01
1.848358245171232639e+01 1.668103023880581404e+01 6.137177661570245135e+00 1.825971315924325467e+01 4.477434183877636364e+00 2.599606757929335998e+01
1.873308515759799064e+01 1.808823897985665141e+01 7.081616022632725382e+00 1.958525432526793253e+01 4.454588721559430198e+00 2.605531839264235927e+01
1.897575296394073519e+01 1.928792556991927398e+01 7.805621689130477492e+00 2.082969762713032935e+01 4.426790697858128176e+00 2.592450124594553529e+01
1.921154740281418682e+01 2.031563573673856737e+01 2.195335167760157802e+01 8.295751967329520582e+00 4.394100903826669402e+00 2.559918643047113207e+01
1.944039615237342034e+01 2.120313077525114309e+01 2.318672489530893088e+01 8.797434895677550770e+00 4.356544360213486122e+00 2.507358219877634653e+01
1.966220894039955169e+01 2.197709246873059286e+01 2.429177986667059841e+01 9.104506836395332314e+00 4.314123697726570228e+00 2.434122116928451973e+01
1.987691566905540341e+01 2.265917907802705500e+01 2.535463806544762022e+01 9.315626788773265332e+00 4.266847526546118097e+00 2.339558133794130867e+01
2.008451168181937518e+01 2.326662610330760117e+01 2.638105119472766091e+01 9.449961854643259329e+00 4.214760330413318989e+00 2.223064838394765275e+01
2.028508786240271888e+01 2.381298527854721314e+01 2.737428946782593897e+01 9.521487467779193636e+00 4.157959722474140918e+00 2.084143386998557190e+01
2.047882654463690244e+01 2.430883426867139008e+01 2.833668752213536379e+01 9.541020124895991827e+00 4.096593171324152571e+00 1.922445758761797308e+01
2.066595774703951349e+01 2.476240589400353898e+01 2.926995326399978481e+01 9.517003683566437999e+00 4.030836102824294720e+00 1.737819039504429242e+01
2.084668842940298106e+01 2.518012758134347706e+01 3.017532228600567379e+01 9.456071353279060787e+00 3.960861533342355578e+00 1.530344532188704143e+01
2.102113182164446314e+01 2.556706803576209808e+01 3.105367137205479722e+01 9.363491164440834069e+00 3.886814167958339006e+00 1.300370503260505117e+01
2.118926713175643783e+01 2.592728593739227350e+01 3.190561214892562347e+01 9.243516304124911542e+00 3.808798419568128590e+00 1.048538329124374968e+01
2.135094972967877425e+01 2.626407953141579554e+01 3.273156664670732852e+01 9.099645366942178626e+00 3.726882565684678017e+00 7.758034345133959953e+00
2.150597210702646578e+01 2.658014880969260929e+01 3.353182150275245732e+01 8.934798074588510275e+00 3.641114361739568928e+00 4.834561267748585855e+00
2.165415497531145306e+01 2.687769677698043225e+01 3.430655943145624320e+01 8.751420607895873616e+00 3.551540187805215965e+00 1.731979087280878016e+00
2.179543490770369374e+01 2.715850313196184374e+01 3.505587238866177557e+01 8.551544645865396532e+00 3.458221028273806397e+00 1.535993029519932662e+00
2.192991554231239348e+01 2.742399671158197094e+01 3.577976673721588696e+01 8.336828859115277268e+00 3.361242457459058919e+00 4.935512011068338367e+00
2.205786311665239197e+01 2.767533487140917359e+01 3.647817271653078564e+01 8.108607119479806613e+00 3.260719332808094784e+00 8.445982869043513475e+00
2.217964792638597871e+01 2.791347873308965433e+01 3.715096653127510251e+01 7.867955004474060487e+00 3.156796934414837441e+00 1.203552453555431079e+01
2.229565250282754008e+01 2.813924454761618676e+01 3.779800453732245558e+01 7.615770550667125605e+00 3.049648861265322974e+00 1.566937891136998218e+01
2.240617760586463802e+01 2.835331894252979268e+01 3.841915948078678156e+01 7.352853500019542743e+00 2.939470097819614214e+00 1.930910299728714108e+01
2.251137567573723786e+01 2.855624500951203260e+01 3.901434378473711462e+01 7.079964451556786109e+00 2.826463704684382350e+00 2.291254536355326721e+01
2.261123031481359646e+01 2.874840444229440806e+01 3.958350796737067867e+01 6.797852011295546504e+00 2.710822513234030673e+00 2.643387935003845612e+01
2.270558498601007358e+01 2.893002513950316157e+01 4.012661289550367627e+01 6.507248372518291468e+00 2.592711605899306715e+00 2.982365500307435724e+01
2.279420999372220891e+01 2.910122879693479447e+01 4.064358789363379998e+01 6.208845532123287825e+00 2.472260199936501479e+00 3.302888093790303969e+01
2.287688750421102313e+01 2.926210620256297901e+01 4.113429567166631529e+01 5.903270152037038088e+00 2.349570129355943227e+00 3.599316711081550579e+01
2.295349076104950115e+01 2.941278525771922858e+01 4.159852391532356108e+01 5.591072865629601374e+00 2.224742101731308708e+00 3.865697078075590554e+01
2.302403497554213985e+01 2.955345363261236713e+01 4.203601123087373992e+01 5.272739568138261390e+00 2.097913038289382026e+00 4.095799379963499831e+01
2.308868266076095566e+01 2.968431914043129183e+01 4.244649686260243016e+01 4.948722501247024397e+00 1.969292759412912153e+00 4.283178493944893717e+01
2.314769496997870846e+01 2.980552596624485773e+01 4.282976807853717105e+01 4.619482541190248703e+00 1.839190184840163278e+00 4.421261284130802238e+01
2.320133219698805505e+01 2.991707302077005082e+01 4.318567481639794892e+01 4.285534007050133098e+00 1.708029358611013571e+00 4.503469728940616790e+01
2.324971857321521540e+01 3.001878241161044514e+01 4.351409141465822472e+01 3.947490126249072695e+00 1.576371921020698563e+00 4.523391589564645443e+01
2.329269375969449030e+01 3.011033487621639182e+01 4.381482548680752842e+01 3.606120608091644364e+00 1.444982058521457002e+00 4.475012774146221517e+01
2.332966824305871967e+01 3.019133587295017307e+01 4.408749261359779581e+01 3.262454634866156500e+00 1.314993503680175646e+00 4.353025425142177340e+01
2.335947121016376471e+01 3.026132180619635292e+01 4.433137723989592160e+01 2.918004793618979242e+00 1.188278317322022604e+00 4.153220421522981809e+01
2.338010691210067904e+01 3.031957232879651087e+01 4.454526789210991211e+01 2.575290558678021036e+00 1.068206074075582324e+00 3.872959631863995611e+01
2.338816147038414073e+01 3.036452977799819308e+01 4.472715936132097170e+01 2.239134584014110363e+00 9.611647094808329905e-01 3.511698809532574472e+01
2.337711677148698186e+01 3.039237757246557337e+01 4.487345578272822166e+01 1.920132595069335979e+00 8.793986029093734391e-01 3.071490244294634309e+01
2.333212331888418944e+01 3.039322618614339433e+01 4.497642781906673548e+01 1.644780430797685211e+00 8.446518441957880929e-01 2.557306777512118146e+01
2.321099354260687164e+01 3.033789482441591900e+01 4.501458727301275076e+01 1.486348195103247338e+00 8.816991788528509844e-01 1.976723589558194050e+01
2.285101552996405161e+01 3.011112130629084760e+01 4.490248423390880816e+01 1.648426821580272428e+00 9.040974180240135549e-01 1.336849665736889747e+01
2.118733813538380772e+01 2.885217982956665494e+01 4.397039030130659398e+01 2.202493362409472688e+00 2.971996160627539130e-01 6.357337036257548313e+00
0.000000000000000000e+00 0.000000000000000000e+00 0.000000000000000000e+00 0.000000000000000000e+00 0.000000000000000000e+00 0.000000000000000000e+00
0.000000000000000000e+00 0.000000000000000000e+00 0.000000000000000000e+00 0.000000000000000000e+00 0.000000000000000000e+00 0.000000000000000000e+00
2.722857057106489620e+01 2.667765513937075639e+01 4.274717047699223116e+01 6.003254693215590576e-01 1.787479808203952025e+00 6.735473923696062570e+00
2.856104450071250511e+01 2.842088708856563173e+01 4.356084671736108760e+01 6.383170142081989740e-01 1.614565646680888422e+00 1.380838813305960855e+01
2.879931832626534671e+01 2.875643524906332260e+01 4.367667816101339184e+01 8.717319139116883608e-01 1.599141637865990617e+00 2.033647158957291978e+01
2.884580875969267666e+01 2.884401680821946101e+01 4.366870514591122543e+01 1.170657048306048775e+00 1.730682359512821122e+00 2.630638176459909516e+01
2.882147841159771673e+01 2.883973769205094584e+01 4.360943652808165183e+01 1.481971897480876432e+00 1.932665660681673225e+00 3.162254027444216575e+01
2.875045043194861805e+01 2.877739654263899283e+01 4.351749878307155939e+01 1.794559694443033981e+00 2.170381527178612657e+00 3.620362370459621104e+01
2.864487502918662187e+01 2.867447893892077104e+01 4.340061870371253860e+01 2.105911831786677624e+00 2.427722800880069975e+00 3.999887876598974401e+01
2.852524692388438510e+01 2.855487191873811170e+01 4.326331473928051707e+01 2.415337983457585658e+00 2.696475063876952127e+00 4.298794881008310398e+01
2.841263674080247270e+01 2.844182133408454405e+01 4.310840846901004397e+01 2.722549512708498654e+00 2.972056168265613696e+00 4.517664639559681206e+01
2.831470084443462554e+01 2.834422766511792702e+01 4.293727948626168711e+01 3.027397705040449249e+00 3.251737504618237296e+00 4.659160610963429860e+01
2.822333160462460810e+01 2.825415549625979850e+01 4.275009444706606132e+01 3.329860270476375561e+00 3.533819324386412219e+00 4.727501867769052524e+01
2.812414302690980605e+01 2.815643190415306307e+01 4.254624656583433762e+01 3.630020693395139997e+00 3.817176910939196421e+00 4.727998217073247389e+01
2.800639533808405446e+01 2.803931965200754917e+01 4.232486849774588222e+01 3.927983168168593497e+00 4.100974431558333855e+00 4.666663202495416840e+01
2.786559965667052552e+01 2.789793932069585480e+01 4.208520725140119367e+01 4.223764252089507565e+00 4.384501771849294904e+00 4.549903312717407999e+01
2.770159111916523642e+01 2.773252828443622420e+01 4.182675152090901349e+01 4.517235168809947687e+00 4.667129065340131611e+00 4.384277231625463855e+01
2.751710421782481575e+01 2.754659046746182582e+01 4.154915106324185814e+01 4.808156834813592795e+00 4.948346660389642437e+00 4.176319296382006740e+01
2.731719871275120326e+01 2.734577279536959082e+01 4.125205839542707764e+01 5.096283129944651158e+00 5.227819711957669035e+00 3.932419881347517077e+01
2.710757182153711042e+01 2.713590278460721095e+01 4.093501627304726043e+01 5.381458089575692938e+00 5.505382987326945532e+00 3.658750984475913981e+01
2.689194475362485903e+01 2.692044674215285127e+01 4.059744036291970559e+01 5.663638286194029980e+00 5.780949143022826142e+00 3.361221300561582837e+01
2.667072887884307164e+01 2.669943604815444971e+01 4.023866770033679074e+01 5.942829005528834863e+00 6.054376245213087593e+00 3.045445589943165388e+01
2.644176469930359730e+01 2.647047007763520909e+01 3.985800695576774899e+01 6.218985801440942929e+00 6.325381220145365191e+00 2.716718940919790981e+01
2.620207512960535823e+01 2.623059426290319252e+01 3.945474570763246902e+01 6.491951584374282547e+00 6.593557589568785460e+00 2.379994192765990846e+01
2.594959414968715450e+01 2.597794257109141824e+01 3.902811675452336715e+01 6.761463923405147902e+00 6.858480273464448551e+00 2.039865519885618639e+01
2.568425826446505411e+01 2.571261107437533866e+01 3.857726249610404068e+01 7.027212399768178130e+00 7.119818062257904145e+00 1.700560574810831582e+01
2.540785249571560911e+01 2.543635941144890467e+01 3.810123946080234703e+01 7.288895692894051592e+00 7.377371165934620834e+00 1.365939470310794590e+01
2.512255907809526079e+01 2.515121865542016621e+01 3.759907517110968200e+01 7.546241117331295101e+00 7.631008599658787972e+00 1.039495711713343695e+01
2.482934689188705590e+01 2.485805019610769051e+01 3.706984883718824619e+01 7.798987996474542328e+00 7.880555776377065058e+00 7.243557815562042812e+00
2.452748759821485436e+01 2.455615347804826598e+01 3.651274425595018869e+01 8.046863657308058748e+00 8.125716072807133372e+00 4.232844242246883049e+00
2.421531302809754749e+01 2.424397094187382962e+01 3.592703484395772762e+01 8.289573561999192819e+00 8.366074062784058185e+00 1.388179677393907463e+00
2.389144230635506716e+01 2.392019174667018433e+01 3.531200150217029687e+01 8.526795959706443995e+00 8.601156266455989297e+00 1.282842235000490216e+00
2.355564126630510913e+01 2.358452241062623145e+01 3.466682817421078511e+01 8.758149702281542659e+00 8.830477880628645693e+00 3.743317252803132433e+00
2.320876706630683728e+01 2.323764786507405944e+01 3.399053695700513344e+01 8.983116149376009218e+00 9.053516242196272046e+00 5.993151514773308541e+00
2.285182961440695593e+01 2.288041302127354015e+01 3.328199976536076576e+01 9.200935375437277131e+00 9.269612834607418250e+00 8.021247413894531775e+00
2.248487638889481843e+01 2.251284131267583533e+01 3.254001002582009505e+01 9.410528223868778852e+00 9.477866765421419259e+00 9.821432304660596913e+00
2.210651904409053259e+01 2.213369791953568821e+01 3.176334988644679314e+01 9.610487231104086092e+00 9.677093649618401017e+00 1.139085243355426869e+01
2.171435574038881100e+01 2.174082771459215024e+01 3.095077709041169456e+01 9.799132851792240473e+00 9.865879007406162415e+00 1.272967542825876741e+01
2.130591373189837512e+01 2.133196361246851680e+01 3.010088137393822194e+01 9.974580203101986342e+00 1.004269832640522253e+01 1.384076703419161092e+01
2.087943929185890823e+01 2.090541476538332688e+01 2.921177090097564388e+01 1.013474116511878620e+01 1.020606411807617064e+01 1.472927491531683231e+01
2.043394469614392150e+01 2.046008617268562446e+01 2.828036689236203927e+01 1.027720676629760099e+01 1.035473974281627463e+01 1.540216451874088222e+01
1.996839208072784899e+01 1.999471377061265542e+01 2.729964992900237064e+01 1.039897663802255146e+01 1.048818695183000216e+01 1.586776747268789656e+01
1.948048398431705053e+01 1.950675371670611824e+01 2.623452062217920400e+01 1.049559556375329628e+01 1.060359052781906009e+01 1.613536597343213685e+01
1.896575802813594791e+01 1.899157121552245187e+01 2.226422898224619829e+01 1.045731375010851494e+01 9.094533081501955607e+00 1.621478755147085593e+01
1.841743703002596888e+01 1.844234541537621297e+01 1.058552208543637185e+01 1.031726906837374358e+01 2.399162134932610613e+01 1.611596768917328149e+01
1.782701515975320206e+01 1.785066040220554839e+01 1.058115847502089757e+01 1.049618383416665957e+01 2.291821550959575760e+01 1.584846931798479019e+01
1.718507442137314456e+01 1.720727053898476555e+01 1.051838940006913248e+01 1.047412848408906427e+01 2.169489283245400202e+01 1.542100538146011601e+01
1.648158539615276297e+01 1.650230806582781540e+01 1.039045166673055931e+01 1.036253380253853429e+01 2.039072060523063712e+01 1.484105230041288337e+01
1.570523688622824210e+01 1.572453094178000654e+01 1.018406761190634313e+01 1.016428948897402229e+01 1.900624453511854739e+01 1.411464372748465124e+01
1.484201466747472686e+01 1.485988370560043847e+01 9.882647015824337799e+00 9.867323755076602865e+00 1.753555408474775490e+01 1.324640560789740640e+01
1.387379749260157524e+01 1.389014046365519661e+01 9.466282268076900763e+00 9.453456235670728347e+00 1.597158291922109008e+01 1.223986653187878915e+01
1.277784981550393972e+01 1.279246862686132502e+01 8.912085939947974822e+00 8.900646126478845233e+00 1.430771615059176050e+01 1.109807115636043484e+01
1.152783989441464207e+01 1.154050044227335192e+01 8.195581559451779796e+00 8.184978681174600368e+00 1.253904352783124132e+01 9.824524338842463678e+00
1.009666293002717197e+01 1.010717052520835857e+01 7.293665313318197896e+00 7.283814590116836740e+00 1.066372834224616462e+01 8.424459296713916245e+00
8.461235583610433153e+00 8.469489028932295938e+00 6.189481583951833343e+00 6.180670769723809244e+00 8.684483555432189306e+00 6.906323493858207208e+00
6.609627022517780226e+00 6.615636980381021992e+00 4.879096314607092033e+00 4.871831407421187699e+00 6.609922571875211261e+00 5.283224065282374760e+00
4.550584589445750616e+00 4.554456899317203877e+00 3.378806807733051087e+00 3.373621559504643042e+00 4.455402144025891964e+00 3.573936937182312423e+00
2.323165811270051506e+00 2.325048185005670121e+00 1.730324744702675277e+00 1.727627031877855268e+00 2.242947264767227278e+00 1.803054891335318155e+00
3.805249070636460301e-15 4.896939001323496035e-15 5.735539379789096680e-15 3.176733505592052347e-15 6.402891054548915140e-15 6.785543506276554018e-15
3.805249070636460301e-15 4.896939001323496035e-15 5.735539379789096680e-15 3.176733505592052347e-15 6.402891054548915140e-15 6.785543506276554018e-15
7.615393397134226916e-01 8.257179746887162164e-01 7.992436993943490275e-01 6.645561506500219373e-01 2.499838521692770710e-01 1.225125308563842719e+00
7.660852608249490991e-01 1.052076554828105026e+00 1.812532787755770203e+00 1.655538138795814795e+00 5.026203615251355616e-01 2.440672804123332984e+00
9.020286449590544375e-01 1.386603740682122110e+00 2.549246480996847808e+00 2.706741036758426144e+00 7.604290024865203446e-01 3.637161570713631331e+00
1.107850786994532877e+00 1.735916943777341626e+00 1.924894204939544329e+00 2.747034970609281590e+00 1.025663284522971841e+00 4.805303556632725126e+00
1.310744733070874357e+00 2.041167040048383452e+00 1.643816416101307576e+00 3.125337020054172132e+00 1.300179673106937495e+00 5.936097633742861035e+00
1.488736803673404330e+00 2.282000986008057009e+00 1.598258655837231590e+00 3.686842126885335968e+00 1.585311199260236670e+00 7.020920678380105251e+00
1.633595564703314906e+00 2.448976859320409094e+00 1.604042968069011810e+00 4.307623612845436156e+00 1.881750947036744837e+00 8.051614475579324193e+00
1.741740477209307913e+00 2.538198160977684914e+00 1.594601970891665665e+00 4.951189036358730533e+00 2.189452914138420692e+00 9.020567098372794135e+00
1.811863853864880580e+00 2.550028875336996403e+00 1.545938622136816543e+00 5.601150130030163155e+00 2.507559576916875699e+00 9.920787260285749198e+00
1.844102002734595569e+00 2.488514520625069615e+00 1.449817603056342996e+00 6.245387194498974281e+00 2.834366197262124576e+00 1.074597000569325189e+01
1.839628086935585216e+00 2.360815459253498005e+00 1.304971815563035653e+00 6.872266332599891392e+00 3.167330879244196762e+00 1.149055201886008604e+01
1.800389881607208142e+00 2.176519293956905354e+00 1.113886653299085872e+00 7.469915790644908959e+00 3.503136271461857909e+00 1.214975483310533200e+01
1.728919180144170120e+00 1.946866181666754736e+00 8.815177866924752692e-01 8.026444694863707596e+00 3.837803738701052847e+00 1.271961434628840415e+01
1.628195099232618404e+00 1.683994788682124710e+00 6.151928138752937869e-01 8.530460096536456760e+00 4.166854496962404397e+00 1.319699534111660455e+01
1.501562783532443213e+00 1.400373514805458575e+00 3.288419984177021749e-01 8.971616276520245847e+00 4.485505828099972447e+00 1.357959021412956169e+01
1.352724031063666121e+00 1.108704489321981068e+00 1.393537445661963692e-01 9.341062074849777019e+00 4.788885485676135367e+00 1.386590188090179865e+01
1.185845738234880598e+00 8.230675443232838839e-01 3.886164893602632731e-01 9.631723353719216618e+00 5.072244974198448553e+00 1.405521188879668060e+01
1.005910110687553649e+00 5.642512457901296408e-01 7.241928508559747346e-01 9.838408659803475231e+00 5.331153110115858240e+00 1.414753616584931528e+01
8.196626246674716398e-01 3.807177424253940790e-01 1.069314082202229566e+00 9.957762265768039356e+00 5.561654919430575994e+00 1.414357258171200904e+01
6.382507436632006703e-01 3.687641445804817897e-01 1.412433294507078108e+00 9.988109817716214422e+00 5.760386543435367379e+00 1.404464657944356887e+01
4.846736593947360561e-01 5.118284036783637969e-01 1.746901806997374518e+00 9.929249295789963625e+00 5.924643089239141069e+00 1.385266348316015872e+01
4.072864434765022801e-01 6.998926144953506734e-01 2.067537953021662211e+00 9.782237627846507522e+00 6.052402007054218380e+00 1.357007852139073911e+01
4.542908760742168095e-01 8.870390354833458391e-01 2.370042861712783111e+00 9.549215406444318432e+00 6.142308719504812942e+00 1.319989777954337740e+01
5.976608709023968347e-01 1.059715752320685489e+00 2.650801439015181504e+00 9.233302100708609572e+00 6.193633512967651633e+00 1.274572457940377745e+01
7.836085226586707586e-01 1.213615482027967651e+00 2.906759725864684007e+00 8.838583494090912041e+00 6.206209244042827144e+00 1.221186515446774479e+01
9.838347535641999153e-01 1.347698710570212954e+00 3.135320985785255310e+00 8.370201530913250920e+00 6.180358636523142657e+00 1.160350344683344659e+01
1.185668650012221548e+00 1.462463647483681406e+00 3.334249952707746711e+00 7.834542646665982879e+00 6.116818376667934487e+00 1.092694550874881543e+01
1.382535216467419392e+00 1.559360797510284113e+00 3.501585443289331412e+00 7.239501847598488915e+00 6.016665347534560837e+00 1.018991755962055734e+01
1.570464049418232477e+00 1.640614274851014409e+00 3.635563877265957977e+00 6.594775150966175836e+00 5.881248545729816257e+00 9.401877663269305074e+00
1.746934830329258670e+00 1.709253062218458297e+00 3.734556491846519055e+00 5.912104411123629610e+00 5.712128729605133515e+00 8.574271772421061755e+00
1.910590559796080612e+00 1.769308014429825660e+00 3.797022942716608895e+00 5.205373137279915241e+00 5.511026788806487886e+00 7.720638203152557111e+00
2.061381500265083044e+00 1.826186077441023681e+00 3.821484070327469951e+00 4.490442578746567825e+00 5.279781306412159481e+00 6.856453935843963343e+00
2.201055442909651383e+00 1.887256692676995584e+00 3.806516963130245124e+00 3.784639611983692475e+00 5.020316020336172080e+00 5.998637743101493669e+00
2.334061038248016029e+00 1.962685870778886565e+00 3.750775957517925363e+00 3.105871376039041731e+00 4.734619501423693144e+00 5.164690107104159544e+00
2.469020250506162029e+00 2.066522698801166236e+00 3.653043625839366371e+00 2.471438848266271915e+00 4.424744183080186133e+00 4.371554933102829388e+00
2.620955744527910802e+00 2.217979364505261231e+00 3.512315733662088046e+00 1.896723434476071946e+00 4.092845375987244516e+00 3.634416221462260843e+00
2.814320307351117378e+00 2.442785601409318996e+00 3.327923084989623970e+00 1.393986295126422803e+00 3.741320233437743337e+00 2.965793143508562490e+00
3.086331203503883458e+00 2.774484017828465987e+00 3.099690550192645944e+00 9.715229884243675729e-01 3.373229336179189186e+00 2.375581500237500698e+00
3.488888913161707794e+00 3.255305616560816073e+00 2.828128963742595037e+00 6.333760531323401333e-01 2.993598331822243441e+00 1.873631000290250315e+00
4.085247599192448398e+00 3.934586178789851729e+00 2.514649196917741136e+00 3.798315200186922480e-01 2.613714259602248902e+00 1.479845358847405201e+00
4.933603273010700008e+00 4.856981423768536921e+00 2.161781524306059410e+00 2.092328256697174316e-01 2.266255371168134136e+00 1.254984490500793415e+00
6.042702568746762815e+00 6.022793000122810270e+00 1.773384543193162965e+00 1.205286190349315750e-01 2.055828243346043749e+00 1.346134979954171307e+00
7.293707828794700809e+00 7.311553290314133591e+00 1.354864612584570471e+00 9.867500440796135586e-02 2.242016815297027232e+00 1.913649021749236789e+00
8.410306756056934674e+00 8.450541605654564137e+00 9.136666754347287922e-01 1.010242110287892237e-01 2.955365768129659898e+00 2.854600146403207805e+00
9.121367414343447777e+00 9.174278684408495366e+00 4.626899386000974390e-01 1.107064046727532641e-01 3.532570971404408233e+00 3.496066077043894715e+00
9.337631191654594431e+00 9.398109256339347795e+00 1.404738311127341488e-01 1.315087456974554647e-01 3.659992017704516432e+00 3.630802496448044092e+00
9.337631191654594431e+00 9.398109256339347795e+00 1.404738311127341488e-01 1.315087456974554647e-01 3.659992017704516432e+00 3.630802496448044092e+00
1.231545635136194861e+01 1.200167259303185041e+01 3.499415331414200470e+00 2.175909515213676038e+00 3.717616697676329629e+00 3.648701876343229955e+00
1.250967154433819495e+01 1.182434365403915599e+01 6.890711385097534780e+00 4.236141731039357872e+00 3.726567624990830829e+00 3.618338113577032278e+00
1.264571405198913467e+01 1.159420302335849229e+01 9.959363102744942964e+00 5.986573728072636769e+00 3.725968242601807923e+00 3.579177250260548337e+00
1.274960067111729423e+01 1.133981436271601773e+01 1.263324625203025420e+01 7.361389700857121632e+00 3.716489850562071151e+00 3.532200292116714824e+00
1.282377277069128496e+01 1.106591444150078019e+01 1.490154581266216383e+01 8.356755192912878272e+00 3.698139695561586393e+00 3.477728605903467773e+00
1.286776947041679797e+01 1.077354926403077506e+01 1.679125209955677178e+01 9.007728668422029017e+00 3.670843041873993240e+00 3.416012998765765474e+00
1.288046296231692800e+01 1.045950596037819658e+01 1.834240391829401062e+01 9.366341587753250764e+00 3.634516818148421535e+00 3.347307446540704667e+00
1.286051950969493873e+01 1.008608230278968243e+01 1.956271480272389951e+01 9.487112663828842329e+00 3.589091423618889110e+00 3.271883599103137197e+00
1.280653712606418004e+01 9.232195554796899017e+00 2.292630817646448715e+00 9.419782678177849533e+00 3.534523939250933555e+00 3.190030198061824418e+00
1.271710308778874321e+01 2.142507130800660065e+01 9.421021495467018170e+00 9.206775160402738578e+00 3.470808805836692823e+00 3.102046200233405049e+00
1.259082928384910716e+01 2.211496030871424168e+01 9.117880124884250037e+00 8.883096585257977296e+00 3.397985925853907574e+00 3.008231486922726017e+00
1.242638260716547016e+01 2.259974444777228086e+01 8.764952716039577041e+00 8.477230751304357881e+00 3.316145126139971921e+00 2.908878120667576450e+00
1.222251583312286094e+01 2.292701012453303733e+01 8.397053356073405084e+00 8.012280496948092079e+00 3.225426312624411374e+00 2.804264450970796130e+00
1.197810017351532430e+01 2.310965369882195120e+01 8.019281823697644640e+00 7.507032361159919454e+00 3.126015571650857527e+00 2.694653368871202215e+00
1.169215895049793374e+01 2.315355492584546937e+01 7.633423280177264125e+00 6.976836046427850491e+00 3.018138497640929341e+00 2.580294775858834377e+00
1.136390126384593557e+01 2.306095800872969548e+01 7.240494275664468127e+00 6.434287598693582133e+00 2.902052849922093891e+00 2.461431177274394422e+00
1.099275465706523924e+01 2.283165220078143065e+01 6.841247202275537731e+00 5.889742152385490925e+00 2.778043070459849329e+00 2.338304544775831495e+00
1.057839632730474122e+01 2.246370146747574026e+01 6.436320369226795179e+00 5.351691698622405013e+00 2.646419186893835374e+00 2.211162406139341563e+00
1.012078308233002666e+01 2.195402996373345772e+01 6.026297597374013826e+00 4.827041990373326819e+00 2.507522315991586037e+00 2.080261523108949184e+00
9.620180754261948408e+00 2.129895429010004193e+01 5.611734727310553339e+00 4.321318018567681385e+00 2.361738691148103531e+00 1.945868344683339579e+00
9.077193950794047339e+00 2.049470225396584411e+01 5.193168215837967949e+00 3.838822890535244170e+00 2.209524380453872450e+00 1.808256397441936780e+00
8.492796842014723069e+00 1.953793889408481732e+01 4.771111537655676749e+00 3.382772059223758454e+00 2.051444405693045425e+00 1.667701601380116472e+00
7.868365352561244919e+00 1.842630911628525325e+01 4.346043871269340997e+00 2.955424891174808444e+00 1.888233976570184991e+00 1.524476958739112487e+00
7.205711128757639194e+00 1.715899591034276028e+01 3.918396192307712855e+00 2.558240122850804266e+00 1.720897779766733304e+00 1.378848068374362690e+00
6.507118755038185043e+00 1.573728145178705873e+01 3.488540209518799173e+00 2.192093133337357891e+00 1.550877792117095311e+00 1.231070527682401883e+00
5.775390961154248437e+00 1.416508479269142029e+01 3.056784720454390758e+00 1.857611372493310542e+00 1.380339064418842909e+00 1.081389663125378764e+00
5.013912558395347219e+00 1.244943514462480216e+01 2.623381862681406052e+00 1.555687162582884087e+00 1.212614511942813555e+00 9.300423843065059870e-01
4.226746409337156507e+00 1.060082750447396194e+01 2.188542863420330775e+00 1.288059127506031576e+00 1.052626272768009352e+00 7.772604624130028395e-01
3.418722176030412285e+00 8.633411502094924472e+00 1.752460041137062108e+00 1.056774619762668843e+00 9.058577466068232775e-01 6.232742932514244716e-01
2.595074454319493018e+00 6.565049816342680700e+00 1.315329834101412798e+00 8.572449283708112322e-01 7.702497769165058683e-01 4.683162302738413385e-01
1.758331420576118020e+00 4.417689086040480717e+00 8.773711453569351670e-01 6.554438213907372024e-01 6.126261336324270168e-01 3.126228040151146081e-01
8.983565252028017367e-01 2.218977209685488283e+00 4.388344907699082142e-01 3.773265039138920529e-01 3.611000424199317660e-01 1.564354848173544199e-01
1.200876254311789843e-15 1.150081319516328773e-15 4.201974914700327819e-14 1.918332648573468973e-15 5.472102407735418452e-16 4.042209658229739259e-15
