0.000000000000000000e+00 0.000000000000000000e+00 0.000000000000000000e+00 0.000000000000000000e+00 0.000000000000000000e+00 0.000000000000000000e+00
-7.560253207188583069e-02 -8.106147192829153691e-02 4.526669285406174914e-02 -2.958033760445353821e-01 -6.132955731005930167e-01 9.023220616264480132e-01
-8.104522620785745146e-02 -1.252107301174341242e-02 9.719547262025771128e-03 -2.514370800335325451e-01 -4.982915067026954525e-01 7.362551288558936147e-01
-7.324126061659456954e-02 -7.681454181898179565e-03 3.401724658858437059e-03 -1.922741903195896718e-01 -3.694259761907014994e-01 5.416794332877150620e-01
-5.554661778935759270e-02 -2.120722596578920177e-02 1.562294446205943167e-03 -1.517482697235142119e-01 -2.869551081248980506e-01 4.123341078973881135e-01
-3.919858521281748692e-02 -3.609669895425313135e-02 1.070812995142203863e-03 -1.241651698161929107e-01 -2.324832264439982699e-01 3.241562262184026211e-01
-2.791216404400949022e-02 -4.716717411858519643e-02 1.125468832766798573e-03 -1.045600878058940003e-01 -1.942708869604099220e-01 2.604483734549490892e-01
-2.042890695018584682e-02 -5.512203639177783165e-02 1.432391238051768058e-03 -9.002157660548490425e-02 -1.660502043210964895e-01 2.120245963042069470e-01
-1.542219820307958074e-02 -6.097269846970536367e-02 1.857421982458064931e-03 -7.885071824265814378e-02 -1.443362507272668294e-01 1.736893348421619521e-01
-1.205354697728366724e-02 -6.530821170686749999e-02 2.330756185320568587e-03 -7.001210584812345150e-02 -1.270730669216070252e-01 1.423419824769635023e-01
-9.781330112137845423e-03 -6.844777403847501773e-02 2.813192266469612384e-03 -6.284215539224846658e-02 -1.129801781796376109e-01 1.160365645123238310e-01
-8.228018900565117408e-03 -7.058086128591371800e-02 3.281213492811170182e-03 -5.689434910856087935e-02 -1.012225345692308182e-01 9.349820090055047106e-02
-7.121701199182702696e-03 -7.184689626478228675e-02 3.719267907168295403e-03 -5.185463763768769635e-02 -9.123444544660967714e-02 7.386043718361659516e-02
-6.271735950511100888e-03 -7.237807558156682253e-02 4.115731257282001336e-03 -4.749380752392105831e-02 -8.262079796273645582e-02 5.651472665725911643e-02
-5.556450726287738388e-03 -7.231797620826165007e-02 4.461304750714122080e-03 -4.364008913734975653e-02 -7.509898141805307348e-02 4.102040595581221000e-02
-4.913044642550653401e-03 -7.182186119590616702e-02 4.749109367525290205e-03 -4.016317528648390145e-02 -6.846305081393977421e-02 2.704947035290922175e-02
-4.325379336323811538e-03 -7.104425187872129288e-02 4.975728425304792694e-03 -3.696468172442829436e-02 -6.256037915543115335e-02 1.435255478478333728e-02
-3.808303992125855724e-03 -7.012064961987400646e-02 5.142385475391083455e-03 -3.397205890590897920e-02 -5.727555730916156218e-02 2.738264210631589663e-03
-3.389593880412611077e-03 -6.915043099696774331e-02 5.255514939615608602e-03 -3.113409017398426071e-02 -5.251877040587479145e-02 -7.939215273985732874e-03
-3.092555962392586066e-03 -6.818629784762290924e-02 5.326235274749141317e-03 -2.841686456415002185e-02 -4.821725237436611661e-02 -1.778782031080900980e-02
-2.923115329686968699e-03 -6.723299343521613181e-02 5.368622518367066263e-03 -2.579967576508909038e-02 -4.430915041644129665e-02 -2.688326462919674725e-02
-2.864303449111346971e-03 -6.625530909333098017e-02 5.397101816260282091e-03 -2.327071298172855851e-02 -4.073947300974744418e-02 -3.527446072057246335e-02
-2.878927869738178921e-03 -6.519328696138994295e-02 5.423603154145079444e-03 -2.082268117070597280e-02 -3.745789521264143718e-02 -4.298972273233474944e-02
-2.918806211083600170e-03 -6.398111634261621772e-02 5.455263410798286139e-03 -1.844864139332390296e-02 -3.441813629952737014e-02 -5.004399325562790268e-02
-2.937250017042769730e-03 -6.256554612308769248e-02 5.493352520448866252e-03 -1.613843029093293274e-02 -3.157847143052806838e-02 -5.644668419544454641e-02
-2.900953669505914202e-03 -6.091979439632805304e-02 5.533780525304872813e-03 -1.387601326798640518e-02 -2.890277467449432758e-02 -6.220929007123358889e-02
-2.798016956352029645e-03 -5.905001629165543969e-02 5.569094709400833343e-03 -1.163803315311274199e-02 -2.636141607999933564e-02 -6.735179424272957904e-02
-2.640144742028638705e-03 -5.699324776703471734e-02 5.591433220320694668e-03 -9.393620663920444758e-03 -2.393142574944046724e-02 -7.190706128004741016e-02
-2.458704825295907493e-03 -5.480790978275051212e-02 5.595597558364469142e-03 -7.105258392456986760e-03 -2.159559597737732359e-02 -7.592284215427171079e-02
-2.295913270719917524e-03 -5.255978846843756269e-02 5.581337066170407278e-03 -4.730201641777819974e-03 -1.934054246186721684e-02 -7.946160640450176949e-02
-2.193621828297560514e-03 -5.030736178183452256e-02 5.554132480035379321e-03 -2.221730033602173447e-03 -1.715407290434983398e-02 -8.259901946775971560e-02
-2.182714260152004201e-03 -4.809020914776149930e-02 5.524173661021973547e-03 4.706292043802408906e-04 -1.502241775073271703e-02 -8.542237235492429470e-02
-2.275815895046619762e-03 -4.592316762236407779e-02 5.503735588871556603e-03 3.402817141963344113e-03 -1.292791202511833076e-02 -8.803055841000946569e-02
-2.464961713136982514e-03 -4.379726889291563063e-02 5.503622117773352383e-03 6.640837545768836503e-03 -1.084757347570424087e-02 -9.053727099236397180e-02
-2.724392268407753014e-03 -4.168675242060903424e-02 5.529637295443320423e-03 1.026926673180694922e-02 -8.752730605063905461e-03 -9.307906320311899739e-02
-3.017236098094506873e-03 -3.956000113923179018e-02 5.580085358950890098e-03 1.440502973594612497e-02 -6.609483518469490629e-03 -9.582998036566553468e-02
-3.303922416513723620e-03 -3.739139165448639862e-02 5.645113222231292610e-03 1.921856957116144932e-02 -4.379452967146627365e-03 -9.902498592794255206e-02
-3.549972294508621246e-03 -3.517096475304256481e-02 5.708433338882398442e-03 2.496615420586073553e-02 -2.020177950869029952e-03 -1.029958045467737754e-01
-3.731311377715028268e-03 -3.290950548251560942e-02 5.751877722193322363e-03 3.203998537500313964e-02 5.150410832128897486e-04 -1.082255552155071132e-01
-3.836205403176845725e-03 -3.063788293796998463e-02 5.763752147554666860e-03 4.104704373060392986e-02 3.276475508664034118e-03 -1.154323980725531634e-01
-3.864013661909171914e-03 -2.840099311541914584e-02 5.753480126828476593e-03 5.293027713823904995e-02 6.310732375153972444e-03 -1.256929930803963313e-01
-3.821853136178812640e-03 -2.624797931247446064e-02 5.776805015200928498e-03 6.912878287506556141e-02 9.629390025549092180e-03 -1.405902181081552238e-01
-3.720712899460695312e-03 -2.422125096871322741e-02 5.971043842923451188e-03 9.165314327508196357e-02 1.310542593755338256e-02 -1.622141486705201696e-01
-3.572445313891671817e-03 -2.234701488883567011e-02 6.564200825801605986e-03 1.224106573377577167e-01 1.618984264461328232e-02 -1.922086230681328278e-01
-3.388462806005452556e-03 -2.062957571241698027e-02 7.733796537233792422e-03 1.595073731192001298e-01 1.736656694618713900e-02 -2.273851438210829357e-01
-3.180128782096471301e-03 -1.905070099957279287e-02 9.239630903342975488e-03 1.881862984117650683e-01 1.408250381492506982e-02 -2.502247901230387206e-01
-2.960072276609367579e-03 -1.757412268585910320e-02 1.032119376738970321e-02 1.825531346479707662e-01 5.543169185106580805e-03 -2.333000474700619997e-01
-2.743259253215526300e-03 -1.615405056672161027e-02 1.037688181108718626e-02 1.426096607851784492e-01 -4.087921642622481706e-03 -1.801908374594647644e-01
-2.546752788597502620e-03 -1.474568379608007761e-02 9.475031290244264465e-03 9.767120780761257004e-02 -1.035047208440163270e-02 -1.247554077739568834e-01
-2.387637495792548688e-03 -1.331532393212919371e-02 8.038097354990666327e-03 6.443851925928086033e-02 -1.291833052989978595e-02 -8.445736274346292427e-02
-2.279366516385412413e-03 -1.184788435600321425e-02 6.436105844907089729e-03 4.309104251090108140e-02 -1.327777139667743467e-02 -5.837367923220820876e-02
-2.227534868639656062e-03 -1.035027211859993086e-02 4.878852693134675886e-03 2.977439186526449968e-02 -1.260482098803491526e-02 -4.169433179456090433e-02
-2.226527583797461608e-03 -8.850090965460778725e-03 3.457672768722975642e-03 2.136156299537121661e-02 -1.152360964073311823e-02 -3.076279732909377451e-02
-2.258460380656666239e-03 -7.390134631936833183e-03 2.201617798476258967e-03 1.589559984396919298e-02 -1.033016548424869722e-02 -2.334691252005310566e-02
-2.295291833647101522e-03 -6.019986750951489968e-03 1.113760448855554601e-03 1.221779258532800991e-02 -9.160394477291181059e-03 -1.813257180713932770e-02
-2.304070070204552751e-03 -4.786562232751328042e-03 1.899637278109137200e-04 9.641591128124644278e-03 -8.073674771088102525e-03 -1.433245131575920997e-02
-2.254255534240866971e-03 -3.725538039884053118e-03 -5.729771053351967415e-04 7.754047594130221606e-03 -7.090584253719603956e-03 -1.146037514732315896e-02
-2.125270024715199789e-03 -2.855331100036523784e-03 -1.175090007209626938e-03 6.303746922210815354e-03 -6.210138359717558287e-03 -9.209254962015144680e-03
-1.912147665127929405e-03 -2.174665595761748633e-03 -1.614147515242643710e-03 5.137551075667314178e-03 -5.418656435733639268e-03 -7.384485419901043284e-03
-1.627535384301904801e-03 -1.663974071814054191e-03 -1.888083983241136765e-03 4.163579794772116760e-03 -4.695434379781331449e-03 -5.865300042303353903e-03
-1.299227835175166242e-03 -1.290076559731487098e-03 -1.997759180237615190e-03 3.328192263795993512e-03 -4.017168938377034711e-03 -4.579705558911641682e-03
-9.636569993745710714e-04 -1.012950737530734710e-03 -1.949259890718339425e-03 2.600635603177484968e-03 -3.361643540163114421e-03 -3.486045651743222441e-03
-6.569253852045421355e-04 -7.930626463915305558e-04 -1.755260530200638625e-03 1.962264937337199200e-03 -2.710617678038205244e-03 -2.558379979072295408e-03
-4.057267483867312463e-04 -5.977147017330149614e-04 -1.435300166829605499e-03 1.398968512463621668e-03 -2.051720179975182693e-03 -1.775056252447700664e-03
-2.206108086263104868e-04 -4.051587964585135339e-04 -1.015119050978806770e-03 8.962637949728601179e-04 -1.379202603195594330e-03 -1.110791820200427403e-03
-9.346972319352979657e-05 -2.057422470209239215e-04 -5.253650852155648246e-04 4.368063426833583931e-04 -6.935388777885578230e-04 -5.326689931471124311e-04
5.162788900842061511e-16 2.204873172629749073e-16 1.379523734924986328e-15 1.224271666005800779e-15 -1.593528584616405429e-16 -2.727472836064135502e-16
5.162788900842061511e-16 2.204873172629749073e-16 1.379523734924986328e-15 1.224271666005800779e-15 -1.593528584616405429e-16 -2.727472836064135502e-16
4.034906539634643408e-01 1.810265900988290433e+00 -3.147915233676883418e-01 -4.103178604670876806e-01 3.866953745182357127e-01 -1.123894817709560762e-01
6.290429378202007094e-01 3.776464019962407548e+00 -6.294127612168971542e-01 -8.513609370977470725e-01 7.984134362670276541e-01 -2.245915990479191715e-01
9.767347856516268578e-01 5.577359963589607617e+00 -9.437183888776924379e-01 -1.259465975961375106e+00 1.165915439366733697e+00 -3.364419985042363392e-01
1.453479564790734369e+00 7.186498484412996213e+00 -1.257600607833834427e+00 -1.650818970667267793e+00 1.500070397693340274e+00 -4.478110131722893295e-01
1.960733849058297729e+00 8.685106832541832134e+00 -1.570983655225024922e+00 -2.037658787685128647e+00 1.808194114876607195e+00 -5.585982969399733156e-01
2.461356848377068918e+00 1.009565076299088204e+01 -1.883804330101540359e+00 -2.423116649209076545e+00 2.089020474764297752e+00 -6.687131791043928741e-01
2.945512182697995307e+00 1.141614133630299399e+01 -2.195989932606301931e+00 -2.807549489459526537e+00 2.339150533017024802e+00 -7.780505888693007854e-01
3.410806190148130579e+00 1.264001421473426134e+01 -2.507445851258093938e+00 -3.190604484532458596e+00 2.555204446992990874e+00 -8.864745746047734132e-01
3.856629470074390831e+00 1.376164905309615172e+01 -2.818058924145057098e+00 -3.571768189776316049e+00 2.734423131209128943e+00 -9.938176040153628987e-01
4.282705897855803023e+00 1.477756728943557363e+01 -3.127713086318301805e+00 -3.950509606420281816e+00 2.874831075830922344e+00 -1.099895890444958946e+00
4.688764395259839013e+00 1.568643517117671848e+01 -3.436306174664282231e+00 -4.326313801025416517e+00 2.975266645694960133e+00 -1.204532941752534780e+00
5.074498156218602674e+00 1.648874345644263428e+01 -3.743755554758469106e+00 -4.698683653813844785e+00 3.035370274967796878e+00 -1.307579449443424524e+00
5.439580423113684837e+00 1.718642247632865150e+01 -4.049986348353773913e+00 -5.067130016462206399e+00 3.055561409736939460e+00 -1.408919606941601455e+00
5.783676809799759511e+00 1.778247180543323580e+01 -4.354906132450651057e+00 -5.431156026762186784e+00 3.037014600435164358e+00 -1.508460955946263171e+00
6.106446710558263824e+00 1.828062339487023280e+01 -4.658378096138111601e+00 -5.790238549688077718e+00 2.981636265439523203e+00 -1.606113290982290387e+00
6.407540789644266432e+00 1.868503496432732192e+01 -4.960205083846073393e+00 -6.143809683921347187e+00 2.892040674475989004e+00 -1.701767622145433645e+00
6.686600738336415439e+00 1.900000156669832663e+01 -5.260126084514888944e+00 -6.491240963853677215e+00 2.771525217207370329e+00 -1.795285829222410312e+00
6.943261010427920432e+00 1.922965879678695700e+01 -5.557798716246550974e+00 -6.831831388373645453e+00 2.624049361520773171e+00 -1.886505596557428888e+00
7.177146345373344616e+00 1.937757625111726512e+01 -5.852653808918807599e+00 -7.164797896305837632e+00 2.454226497568515963e+00 -1.975256648377261337e+00
7.387857279637920271e+00 1.944561194675164373e+01 -6.142978527599707306e+00 -7.489264170013933075e+00 2.267340887586461573e+00 -2.061377692067773104e+00
7.574939019070444424e+00 1.942390280135783698e+01 -6.416101059109492688e+00 -7.804241619640612804e+00 2.069402001877967745e+00 -2.144722170420856333e+00
7.737834546240148548e+00 9.470373027714298786e+00 3.171922125267782722e+00 -8.108595690474139417e+00 1.867245638801269925e+00 -2.225145115976440824e+00
7.875826942143308251e+00 -6.993060502386815536e+00 1.919989812371366966e+01 -8.400991123625441759e+00 1.668685878245471876e+00 -2.302469505641739467e+00
-7.979730803034353670e+00 6.851012240781697571e+00 -1.910784217642930116e+01 8.412827781669399485e+00 -1.628481972981558723e+00 2.318518574765853657e+00
-8.087674345242806595e+00 7.230768758149859643e+00 -1.899787509130258556e+01 8.685987761840781474e+00 -1.436637954095627556e+00 2.393633848716488099e+00
-8.169326068356140169e+00 7.528491718861700654e+00 -1.873509967760399419e+01 8.944008686558003518e+00 -1.266990843784527421e+00 2.465784369838354362e+00
-8.223148321709254915e+00 7.810142162798006105e+00 -1.838087601068557930e+01 9.184428355530091181e+00 -1.131478932255380432e+00 2.534878681646807852e+00
-8.247221118106173421e+00 8.084884564647916605e+00 -1.793693982821324440e+01 9.403992602641407572e+00 -1.044229662687708782e+00 2.600815330810631210e+00
-8.239059458735010111e+00 8.354952805230702495e+00 -1.739450378641861406e+01 9.598205889488278686e+00 -1.021920826987786191e+00 2.663404563234458067e+00
-8.195355305061454487e+00 8.620977996902899676e+00 -1.673847594268604055e+01 9.760439028322430488e+00 -1.083804266463249677e+00 2.722036089263041081e+00
-8.111636678024433778e+00 8.883025863440325409e+00 -1.594627562192415482e+01 9.879614512658609016e+00 -1.248657374082178473e+00 2.772534609154896579e+00
-7.981746621014056409e+00 9.140712044972230998e+00 -1.498034822249175413e+01 9.931759046286668280e+00 -9.070838510343645078e-01 2.179925260446806234e+00
-7.796448143393241992e+00 9.392282878506124533e+00 -1.373635659602218162e+01 9.826321815245103508e+00 2.869993862999580703e+00 -2.011589999903415471e+00
-7.532240909687702768e+00 9.623907590199758388e+00 -9.174239094866912581e+00 6.533709521160036893e+00 2.926905201935926737e+00 -2.671132709295798158e+00
-1.698835440508769334e+00 4.357694772522595628e+00 1.056556081673022973e+01 -1.180412215439991641e+01 2.971612890644174776e+00 -3.524452902696751266e+00
1.010875534714865687e+01 -6.795602624249508672e+00 1.020936881929801743e+01 -9.928363829610979963e+00 3.011553888241405463e+00 -4.582980615205604735e+00
1.037364893853138348e+01 -6.299438812613841421e+00 9.896608189652820187e+00 -8.017019658314545438e+00 3.047514772241608050e+00 -5.830918283387675594e+00
1.061430298924173066e+01 -5.648432617363987163e+00 9.490278415843278026e+00 -5.999051623688113288e+00 3.079642446268808342e+00 -7.227750631993775876e+00
1.084787909560090391e+01 -4.832411982600639533e+00 8.940966672743021704e+00 -3.914424678237968802e+00 3.107961241476621783e+00 -8.711913647447241615e+00
1.107637199357475666e+01 -3.825151630499312283e+00 8.212856404070054239e+00 -1.826934688853857791e+00 3.132476745446028499e+00 -1.021133296742794982e+01
1.130021226371269449e+01 -2.603746925132630174e+00 7.279136009111694783e+00 2.002147210160011293e-01 3.153205766389334919e+00 -1.165742109997870912e+01
1.151950997186674819e+01 -1.159470555977073047e+00 6.129088560475634218e+00 2.118407457183745901e+00 3.170180346395373050e+00 -1.299653456992667699e+01
1.173428655521483321e+01 4.901611224830867419e-01 4.779069714867193674e+00 3.899292420937933379e+00 3.183438009542515434e+00 -1.419484005829899154e+01
1.194452889636328941e+01 2.292899187894285706e+00 3.280563692377977958e+00 5.533468833287892963e+00 3.193007198452094464e+00 -1.523670607303662905e+01
1.215020051968583203e+01 4.164745920103107402e+00 1.716985141459796749e+00 7.025392137198338993e+00 3.198897004987238724e+00 -1.611950031293763530e+01
1.235124530450297620e+01 6.007797005183279637e+00 1.857146363890720686e-01 8.387637634041864132e+00 3.201097599690517548e+00 -1.684781725635114924e+01
1.254759531593617261e+01 7.735404693509503105e+00 -1.227148506009918538e+00 9.636307319324284748e+00 3.199591977002667953e+00 -1.742887879773119408e+01
1.273918381475848349e+01 9.290785244400188603e+00 -2.465487966249850338e+00 1.078807931669577869e+01 3.194373380806065033e+00 -1.786958001261460183e+01
1.292595836903668527e+01 1.065114511709848877e+01 -3.507495223273433993e+00 1.185874680511167156e+01 3.185459381709495830e+00 -1.817495665528033655e+01
1.310788718970606226e+01 1.182025842467427523e+01 -4.358861519333101953e+00 1.286311420483422197e+01 3.172895002495211614e+00 -1.834764465353617524e+01
1.328495465752010141e+01 1.281725036828872533e+01 -5.044238805279575466e+00 1.381750738323764160e+01 3.156742911852953526e+00 -1.838793820227604314e+01
1.345714796693337867e+01 1.366719826032180407e+01 -5.620477942122693804e+00 1.476252615352050768e+01 3.137065585493759023e+00 -1.829415957295231010e+01
1.362444261998246731e+01 1.439529890688095648e+01 1.516710528747820064e+01 -5.574619866206859342e+00 3.113908773551158582e+00 -1.806315556467696837e+01
1.378679665808271260e+01 1.502406248520955856e+01 1.625442052150039984e+01 -6.146724655270557669e+00 3.087295183760942141e+00 -1.769081370128252217e+01
1.394416018674714408e+01 1.557239784382577774e+01 1.706255028200250479e+01 -6.389359938601140598e+00 3.057232160861021342e+00 -1.717254680290208668e+01
1.409649897311624400e+01 1.605565490891752489e+01 1.782421628736451069e+01 -6.547158899536883681e+00 3.023729996370356776e+00 -1.650373112445718604e+01
1.424382235692914378e+01 1.648605179305683421e+01 1.855505420305462394e+01 -6.645332782344630651e+00 2.986822075710592994e+00 -1.568010314689123774e+01
1.438620100177503147e+01 1.687319817285467494e+01 1.926018945561766316e+01 -6.696620556661811108e+00 2.946577134493919559e+00 -1.469812562395053313e+01
1.452376223591360649e+01 1.722459667328257993e+01 1.994229974716241216e+01 -6.709729660351125169e+00 2.903097805902135509e+00 -1.355532883149485457e+01
1.465665970029694165e+01 1.754608701791264025e+01 2.060306588137434858e+01 -6.691124887194820126e+00 2.856506225106925534e+00 -1.225062433255790495e+01
1.478502601900939695e+01 1.784222742030591746e+01 2.124361909164441897e+01 -6.645763263033682477e+00 2.806923282974854494e+00 -1.078458227713043271e+01
1.490892660481377519e+01 1.811661161506048145e+01 2.186473682215345349e+01 -6.577526234260409055e+00 2.754450381365924017e+00 -9.159663205775661510e+00
1.502833468627360070e+01 1.837211750948940647e+01 2.246695276206931524e+01 -6.489515172457522851e+00 2.699160487081448068e+00 -7.380401459609235992e+00
1.514314063423988621e+01 1.861108557423946408e+01 2.305062833837411418e+01 -6.384258152331228509e+00 2.641100442509402235e+00 -5.453546021044452630e+00
1.525319530158793668e+01 1.883543399824705844e+01 2.361600085426285389e+01 -6.263847311389321604e+00 2.580301638539632680e+00 -3.388171019632840952e+00
1.535837306293183069e+01 1.904672867684470816e+01 2.416321444290794318e+01 -6.130022372226767935e+00 2.516793661097155077e+00 -1.195768826336961910e+00
1.545863168003142363e+01 1.924623205865287190e+01 2.469233890997250214e+01 -5.984219112569277854e+00 2.450616100850634194e+00 1.109666456803900525e+00
1.555404674886514549e+01 1.943495107122529220e+01 2.520338266905198310e+01 -5.827603354698362104e+00 2.381826245866606850e+00 3.511565081909027164e+00
1.564480795446802652e+01 1.961369201557448250e+01 2.569630608858746967e+01 -5.661107471213781217e+00 2.310502835626700779e+00 5.990723249194044975e+00
1.573117852483923151e+01 1.978311622977364337e+01 2.617103911938538729e+01 -5.485477568997022324e+00 2.236746910102021424e+00 8.525267075362041425e+00
1.581343223801884790e+01 1.994378273938974644e+01 2.662750246473983040e+01 -5.301328785016812262e+00 2.160679955888546555e+00 1.109064155603753399e+01
1.589178917243911293e+01 2.009616755105403030e+01 2.706562689488064066e+01 -5.109198120450472835e+00 2.082438322532658148e+00 1.365962069371908427e+01
1.596637018417628262e+01 2.024066131601019691e+01 2.748536328237753779e+01 -4.909582323534725568e+00 2.002162893539754407e+00 1.620233071425475657e+01
1.603718235165347394e+01 2.037755965710326223e+01 2.788667823443867988e+01 -4.702952907073841615e+00 1.919984951197075018e+00 1.868627961483068489e+01
1.610413705990387356e+01 2.050706462985458600e+01 2.826953628045587408e+01 -4.489748771871731492e+00 1.836012171961405981e+00 2.107639368722463402e+01
1.616709291882788690e+01 2.062930778614350658e+01 2.863387656063915188e+01 -4.270354805918700869e+00 1.750320662783686254e+00 2.333507263308476354e+01
1.622590980109254843e+01 2.074438937321843923e+01 2.897959590017506315e+01 -4.045078512975770479e+00 1.662957993039102744e+00 2.542228548857646331e+01
1.628049847824649277e+01 2.085241448519436602e+01 2.930654812084888761e+01 -3.814134753017953017e+00 1.573957949620284458e+00 2.729573686171964653e+01
1.633085185864321787e+01 2.095350528874927321e+01 2.961456141115436935e+01 -3.577642316017054736e+00 1.483362007673185712e+00 2.891113691030410493e+01
1.637704770534762133e+01 2.104778152420496795e+01 2.990346491885893698e+01 -3.335628309600735530e+00 1.391238364012580719e+00 3.022261208940957999e+01
1.641921834479421705e+01 2.113532229365503667e+01 3.017310785639536519e+01 -3.088030268236330755e+00 1.297689519832927241e+00 3.118330127570791532e+01
1.645748972360462048e+01 2.121613725754983193e+01 3.042335400156699521e+01 -2.834683019566505369e+00 1.202844404612091855e+00 3.174619584905204661e+01
1.649189882068007051e+01 2.129017291136590018e+01 3.065404262047719897e+01 -2.575276909392129721e+00 1.106838740152294553e+00 3.186530004729368670e+01
1.652230190673846977e+01 2.135735708709087177e+01 3.086491954759875611e+01 -2.309272907821259935e+00 1.009793779925059809e+00 3.149719971717228262e+01
1.654828173313580209e+01 2.141765156266394499e+01 3.105555104127448374e+01 -2.035752957034594246e+00 9.118050081433165532e-01 3.060311622637171780e+01
1.656904215927158219e+01 2.147105466328140366e+01 3.122522728419968630e+01 -1.753161089201366485e+00 8.129473469872039448e-01 2.915146297182105428e+01
1.658322952878812373e+01 2.151748354144418229e+01 3.137282858358269522e+01 -1.458830790772454478e+00 7.132927538745719165e-01 2.712077904198793732e+01
1.658850014768608716e+01 2.155645625588241643e+01 3.149653740247567768e+01 -1.148035161231771628e+00 6.129179784991942714e-01 2.450262395135169413e+01
1.658031396998401164e+01 2.158641236478803549e+01 3.159303212667714078e+01 -8.118268635638250519e-01 5.118227340919671020e-01 2.130340978120834095e+01
1.654823731288466249e+01 2.160306664812863531e+01 3.165493606009145466e+01 -4.312749561623560601e-01 4.093309117803435315e-01 1.754262635981187302e+01
1.646257719003824604e+01 2.159389365252884829e+01 3.166125709069557814e+01 4.173493725976525071e-02 2.997407851311248983e-01 1.324012023719497400e+01
1.620928794545232066e+01 2.150984482199981329e+01 3.152776225309607483e+01 7.617736747882863924e-01 1.390065665754217361e-01 8.372238137672617597e+00
1.506099424859619162e+01 2.096261773883783164e+01 3.059582713766030082e+01 1.730477842240447650e+00 -4.321042373058153752e-02 3.016642435389049748e+00
0.000000000000000000e+00 0.000000000000000000e+00 0.000000000000000000e+00 0.000000000000000000e+00 0.000000000000000000e+00 0.000000000000000000e+00
0.000000000000000000e+00 0.000000000000000000e+00 0.000000000000000000e+00 0.000000000000000000e+00 0.000000000000000000e+00 0.000000000000000000e+00
1.754492114443749884e+01 1.368083179443988406e+01 2.407623098206568812e+01 3.025431598173162206e-01 6.757297850887249435e-01 2.864144360712737925e+00
1.756518073404569691e+01 1.486680040386510271e+01 2.488804682379123889e+01 -1.083152306649224905e-01 4.609762532057545825e-01 7.222008944914257711e+00
1.705637803477855385e+01 1.559366532093384272e+01 2.502160924406223685e+01 -4.728606821605682020e-01 3.561990111064448072e-01 1.121059388568403037e+01
1.626286200299469442e+01 1.642583143351700059e+01 2.504307232323288446e+01 -7.916882336917181462e-01 3.135019165109341754e-01 1.478920478282537943e+01
1.540526024758301205e+01 1.726058115161218609e+01 2.502318186646417075e+01 -1.086930342430742158e+00 2.972202564021687587e-01 1.794454418708496490e+01
1.466018649506801985e+01 1.795182745470566132e+01 2.497959777161158357e+01 -1.369408207954403656e+00 2.937581526539680965e-01 2.065020539682197764e+01
1.405717435511758140e+01 1.848026781615423175e+01 2.491904974241218795e+01 -1.644414111828625513e+00 2.970013225664224765e-01 2.288698979963827540e+01
1.354925380180059591e+01 1.889667247756866075e+01 2.484510073175074041e+01 -1.914627961203441142e+00 3.037626340665395275e-01 2.464853580185301496e+01
1.309202267860454860e+01 1.924699903025872771e+01 2.475989605755481548e+01 -2.181425626904048620e+00 3.121636616408670628e-01 2.594129785064452420e+01
1.267531720555173358e+01 1.954223647889174131e+01 2.466457251941438500e+01 -2.445524900056615270e+00 3.209357450126052447e-01 2.678255100969787961e+01
1.231849489229547068e+01 1.976361432365574444e+01 2.455946942252811382e+01 -2.707325806521206246e+00 3.290896340245897389e-01 2.719788437377489032e+01
1.204326122533695020e+01 1.988986554367887649e+01 2.444440951245275073e+01 -2.967107754889504179e+00 3.358103327882323574e-01 2.721879295722120418e+01
1.185218554000254443e+01 1.991871990871512565e+01 2.431901367567713379e+01 -3.225159494037007857e+00 3.405019437358706713e-01 2.688058954024492664e+01
1.173052879104341173e+01 1.986512886881653372e+01 2.418293625904604838e+01 -3.481843204616101417e+00 3.428643873106198003e-01 2.622068908091553041e+01
1.165865544436207557e+01 1.974893028472472878e+01 2.403595364607382479e+01 -3.737554406374822946e+00 3.428685050354708386e-01 2.527726435339689459e+01
1.161823617628384397e+01 1.958868503888982815e+01 2.387792370488373450e+01 -3.992575928711677768e+00 3.405782407174736126e-01 2.408825816789364893e+01
1.159169575302343169e+01 1.940221650476611259e+01 2.370869088741913799e+01 -4.246917417387384930e+00 3.359145718124350033e-01 2.269071855146632899e+01
1.156303121283498037e+01 1.920577025394300463e+01 2.352801332556308367e+01 -4.500286643150130494e+00 3.285450060038787590e-01 2.112039036049892005e+01
1.152266390840055621e+01 1.900917228087453736e+01 2.333554779292830972e+01 -4.752264916384682181e+00 3.180107734746173698e-01 1.941147059377689033e+01
1.147055716300893380e+01 1.881274037385324505e+01 2.313088072694337072e+01 -5.002585996246680544e+00 3.040073298199246765e-01 1.759643861397044162e+01
1.141352338673452849e+01 1.860996547844705162e+01 2.291356849099310367e+01 -5.251295906191957741e+00 2.865816470136473559e-01 1.570590904397924348e+01
1.135935372788069841e+01 1.839329229371429264e+01 2.268315627882682151e+01 -5.498626176678988564e+00 2.660472603938345282e-01 1.376850186717837410e+01
1.131195681291400312e+01 1.815885359676981281e+01 2.243917021812302082e+01 -5.744626062745001427e+00 2.426344175555580074e-01 1.181075127105889599e+01
1.126978411613477071e+01 1.790798436888312750e+01 2.218110050082880846e+01 -5.988816550724585852e+00 2.161294641980073539e-01 9.857068064034297805e+00
1.122820555908262108e+01 1.764493274260853539e+01 2.190839944734590006e+01 -6.230163804489288637e+00 1.858149361593373072e-01 7.929742476044329358e+00
1.118432554691534619e+01 1.737225235914587529e+01 2.162050525553843627e+01 -6.467450644376944169e+00 1.508149019511652034e-01 6.048952716900310556e+00
1.114024039223866502e+01 1.708774195677458252e+01 2.131688030425455338e+01 -6.699803696735664005e+00 1.106246230484051601e-01 4.232750193674685413e+00
1.110155222439946243e+01 1.678596696563255009e+01 2.099703803019489712e+01 -6.926987203054171260e+00 6.543948505256616532e-02 2.497021375676411470e+00
1.107227094893088015e+01 1.646318076635091643e+01 2.066053562865517179e+01 -7.149238109931954632e+00 1.604258712983372762e-02 8.554552773112602537e-01
1.105041230487385207e+01 1.612143315849965575e+01 2.030693013353752718e+01 -7.366759862944692649e+00 -3.665577414361259612e-02 -6.804493890658611654e-01
1.102800479980606241e+01 1.576833143979054697e+01 1.993571961559382899e+01 -7.579245308084963106e+00 -9.207378146127651042e-02 -2.101326072405948597e+00
1.099577697824041067e+01 1.541231584163954693e+01 1.954630198471468816e+01 -7.785764773822175577e+00 -1.500723033665995187e-01 -3.399851167805596486e+00
1.094898313690359792e+01 1.505698617130716244e+01 1.913797157795162818e+01 -7.985053337055691536e+00 -2.106748191475564802e-01 -4.570656861244777325e+00
1.088983968194106566e+01 1.469887508181844460e+01 1.870994402280224733e+01 -8.175905353652376917e+00 -2.736577090577165250e-01 -5.610262808076512897e+00
1.082490737288180860e+01 1.433017470181433062e+01 1.826137045022584005e+01 -8.357312014143879253e+00 -3.383510893822701537e-01 -6.517010630698092832e+00
1.075964236944094488e+01 1.394412013206802392e+01 1.779128844701089562e+01 -8.528221254337147172e+00 -4.037529112449723123e-01 -7.290963120426567912e+00
1.069404785205240493e+01 1.353914471256614505e+01 1.729845330775880541e+01 -8.687155253590251647e+00 -4.686923486241112990e-01 -7.933737279645962204e+00
1.062218914440446760e+01 1.311915448653120997e+01 1.678094601051779833e+01 -8.832102835398845997e+00 -5.315226551614090633e-01 -8.448271723437306591e+00
1.053538690956095003e+01 1.269018723970919282e+01 1.623515642880972720e+01 -8.961023794944980025e+00 -5.885812952147496668e-01 -8.838559768878354816e+00
1.042625959824570181e+01 1.225628016701020684e+01 1.565196570254468789e+01 -9.073456813902216922e+00 -6.287206239880128722e-01 -9.109386087632168838e+00
1.029055062824819977e+01 1.181754255391354569e+01 1.499026250395260540e+01 -9.177846848388655943e+00 -5.994123175613836896e-01 -9.266083845552753218e+00
1.012589976772943956e+01 1.137121005187884393e+01 1.249400425392986236e+01 -9.446951279383686284e+00 1.431723286375759630e+00 -9.314300191582704613e+00
9.929198667070302520e+00 1.091403175199174669e+01 -9.089897280072001706e+00 -1.151445085691756631e+00 1.399280384476459105e+01 -9.259746234240994411e+00
9.694875641512401998e+00 1.044368571719315852e+01 -9.121936426716825252e+00 -1.114113345079705608e+00 1.327245994204932877e+01 -9.107923768539277987e+00
9.415229688705887057e+00 9.958146288630748799e+00 -9.068515534222047592e+00 -1.130731810522038749e+00 1.253951794588126134e+01 -8.863852869380398403e+00
9.082090225718022936e+00 9.453735673988695964e+00 -8.950050677906935093e+00 -1.153750444750151649e+00 1.177517877297591831e+01 -8.531848805723713625e+00
8.688134237656903736e+00 8.923517979236152087e+00 -8.759582424987979010e+00 -1.170360809385226020e+00 1.097014603746451300e+01 -8.115399158137524438e+00
8.226721685649945215e+00 8.357210365320149492e+00 -8.484999897457168316e+00 -1.173288350719978945e+00 1.011806836102573115e+01 -7.617177706118404501e+00
7.690480166224467951e+00 7.742535397561034927e+00 -8.111349446609146696e+00 -1.156368046499568480e+00 9.213677381921920428e+00 -7.039217654886234854e+00
7.069991257800224638e+00 7.066975571100011955e+00 -7.621253619120815337e+00 -1.114070426105965517e+00 8.252585140002041797e+00 -6.383263397072216350e+00
6.354095052081945916e+00 6.318867097337284022e+00 -6.995693872792939416e+00 -1.041972826947701769e+00 7.231647145470783578e+00 -5.651318302473455013e+00
5.532491943850603278e+00 5.487658961320928341e+00 -6.216153686636262776e+00 -9.373622148464919590e-01 6.149614670565452634e+00 -4.846383323104410223e+00
4.599981698487386694e+00 4.564349935265595626e+00 -5.268643197497070219e+00 -7.997453459730337055e-01 5.007928726075610903e+00 -3.973321175116018455e+00
3.560579545743579377e+00 3.543671318492256805e+00 -4.149500549855138054e+00 -6.312242742446908528e-01 3.811472586364341719e+00 -3.039692902389329099e+00
2.429512791933373883e+00 2.428729067202861636e+00 -2.871846604506235412e+00 -4.366283427121198657e-01 2.569042218351148321e+00 -2.056336830450749442e+00
1.232052741223097048e+00 1.236488067764649479e+00 -1.470209576557747866e+00 -2.232245732925914050e-01 1.293291049836226891e+00 -1.037447333105292024e+00
1.694864076506295730e-15 4.148815550103763853e-15 -9.822463515117091437e-16 -1.134837809333251920e-15 3.149489531128732073e-15 -3.848260264437131070e-15
1.694864076506295730e-15 4.148815550103763853e-15 -9.822463515117091437e-16 -1.134837809333251920e-15 3.149489531128732073e-15 -3.848260264437131070e-15
-6.116503070584284885e-01 6.107604308723687536e-01 -4.053964335305242361e-01 4.037658210077281762e-01 -3.340573592593258211e-03 2.005463695828788983e-03
-4.418071387765309388e-01 4.399216382002034686e-01 -1.043023594581206526e+00 1.039876105080128399e+00 -6.667592618508234176e-03 4.017132115733217795e-03
-2.819322977529299390e-01 2.788468176114424768e-01 -1.584147686241370812e+00 1.579702777679302672e+00 -9.967210342450422839e-03 6.041079669095787003e-03
-1.866891724681103981e-01 1.821145227022413771e-01 -1.050780403664493878e+00 1.045347809585606358e+00 -1.322502439260989961e-02 8.083129506659094549e-03
-1.223202612573390385e-01 1.159018630881872847e-01 -6.719321447144719350e-01 6.658900854298108740e-01 -1.642587072251779079e-02 1.014874963862726770e-02
-7.403058512842961014e-02 6.537228372808585874e-02 -4.654825898874500600e-01 4.592511414523229862e-01 -1.955370289513788315e-02 1.224297056691136740e-02
-3.502447557938564299e-02 2.371514791292546678e-02 -3.379742329362638298e-01 3.319856631095867705e-01 -2.259158129586529701e-02 1.437032431363298446e-02
-1.790041635816741299e-03 -1.256877373044534146e-02 -2.515997715666347667e-01 2.462678820285086334e-01 -2.552178930442177210e-02 1.653479913951014929e-02
2.768015618700679983e-02 -4.544752340529922136e-02 -1.896666951646443500e-01 1.853573583674733849e-01 -2.832608011871120754e-02 1.873979800908901622e-02
5.463442884507013070e-02 -7.610612897676945210e-02 -1.436910390871824761e-01 1.406961380455467314e-01 -3.098603850228602227e-02 2.098808236457995469e-02
7.990813448552834541e-02 -1.052974417558149717e-01 -1.088397497850100010e-01 1.073565385057124177e-01 -3.348351770689106388e-02 2.328167639505563519e-02
1.040990789150242346e-01 -1.335236162209194333e-01 -8.211215602063699770e-02 8.222959156584816465e-02 -3.580108675588741796e-02 2.562170106665087946e-02
1.276632557051689543e-01 -1.611387002424055637e-01 -6.152335467493715015e-02 6.321621706063476620e-02 -3.792240230902232945e-02 2.800810197582732225e-02
1.509707593680801319e-01 -1.884113682406677037e-01 -4.569822640023125243e-02 4.882894923383544056e-02 -3.983240788958997830e-02 3.043923077215560796e-02
1.743406701340037279e-01 -2.155658097910616577e-01 -3.365121468121785170e-02 3.797848336778849448e-02 -4.151726520878459142e-02 3.291123653048851766e-02
1.980643774052136263e-01 -2.428096471314421800e-01 -2.465767930929683993e-02 2.985020792826259539e-02 -4.296393826062657600e-02 3.541722097335367470e-02
2.224224034029708696e-01 -2.703536570567946495e-01 -1.817396260156585452e-02 2.382756160199800757e-02 -4.415937735037046147e-02 3.794610965273849390e-02
2.476976155291654991e-01 -2.984262234812301573e-01 -1.378517124216775865e-02 1.944128553881689647e-02 -4.508928041001183246e-02 4.048118975920500517e-02
2.741866257728082790e-01 -3.272846081440838328e-01 -1.116966298072253651e-02 1.633391568678458500e-02 -4.573643441399202064e-02 4.299826363734455398e-02
3.022106477718773943e-01 -3.572247324730390972e-01 -1.007408587838900908e-02 1.423387462455969615e-02 -4.607865257413147619e-02 4.546336468136898123e-02
3.321268718353991845e-01 -3.885909706197506197e-01 -1.029532959877085818e-02 1.293605460460816627e-02 -4.608631752184201569e-02 4.782997815058037672e-02
3.643414098482792296e-01 -4.217873805462163395e-01 -1.166712794134127165e-02 1.228707960195658463e-02 -4.571951345268512878e-02 5.003570221898438058e-02
3.993250074745630096e-01 -4.572918418911313676e-01 -1.404985617507861946e-02 1.217409408554789157e-02 -4.492467897801746129e-02 5.199827193802628034e-02
4.376330138455613583e-01 -4.956747553082114788e-01 -1.732256200641874369e-02 1.251625369460113678e-02 -4.363063401373902528e-02 5.361084628083205572e-02
4.799315655446727558e-01 -5.376243358731164212e-01 -2.137658812347570034e-02 1.325824517155914026e-02 -4.174372159832495655e-02 5.473641702034464512e-02
5.270326445945899829e-01 -5.839811728202357610e-01 -2.611035703586060339e-02 1.436522245234488418e-02 -3.914164530370212169e-02 5.520111971656770089e-02
5.799417191769852264e-01 -6.357857370426641674e-01 -3.142503460904368107e-02 1.581856082318398166e-02 -3.566534961764690481e-02 5.478607647112227613e-02
6.399232510415789887e-01 -6.943440696156600866e-01 -3.722089118399513064e-02 1.761183946673053682e-02 -3.110793999833820489e-02 5.321711314889312344e-02
7.085917433004612631e-01 -7.613192592710191775e-01 -4.339425428546968277e-02 1.974650676292129259e-02 -2.519909404777482403e-02 5.015115963264805965e-02
7.880396638532676246e-01 -8.388599643395714400e-01 -4.983500575994800896e-02 2.222681219539674943e-02 -1.758253914169312024e-02 4.515717871200270600e-02
8.810192310016508044e-01 -9.297828678381062639e-01 -5.642462667457670555e-02 2.505384910218342795e-02 -7.782718531061352980e-03 3.768778836080950018e-02
9.912037912240735382e-01 -1.037834672416787729e+00 -6.303484079436028065e-02 2.821895510285013856e-02 4.845720956645456837e-03 2.703487579501655594e-02
1.123567956890249686e+00 -1.168072646550430971e+00 -6.952695468432115722e-02 3.169720040322927118e-02 2.119639119785485248e-02 1.225763253298367203e-02
1.284945814624220306e+00 -1.327422837641176301e+00 -7.575203914762052015e-02 3.544210475617277228e-02 4.253641758500079084e-02 -7.937028159147865511e-03
1.484854731899577729e+00 -1.525503246174914951e+00 -8.155213859900312112e-02 3.938285406742290246e-02 7.071268097652690099e-02 -3.539718332535345818e-02
1.736704712310812138e+00 -1.775831649974864090e+00 -8.676272288647807196e-02 4.342498387241452984e-02 1.085036458166655782e-01 -7.287735013966391284e-02
2.059524171628608347e+00 -2.097548687284592095e+00 -9.121659492538443381e-02 4.745478476443875521e-02 1.602442321229371192e-01 -1.246664289770170742e-01
2.480219974904158242e+00 -2.517673820383026229e+00 -9.474941655943576457e-02 5.134680811472679129e-02 2.329868998865936291e-01 -1.977547353452995260e-01
3.035807161732145598e+00 -3.073329503343664282e+00 -9.720689084275371816e-02 5.497316003145598373e-02 3.387659827155583558e-01 -3.041059054384716021e-01
3.772986298553044460e+00 -3.811311593735898562e+00 -9.845342260545907054e-02 5.821302569325358806e-02 4.992164984608489786e-01 -4.652834208933496196e-01
4.736766486868429382e+00 -4.776704433984640730e+00 -9.838176949274768379e-02 6.096109206172199008e-02 7.551560665613813450e-01 -7.220391445636005212e-01
5.930284666191492526e+00 -5.972691994461984066e+00 -9.692282552536460316e-02 6.313405174125857888e-02 1.184190343293362924e+00 -1.151923573423053959e+00
7.237037332624447927e+00 -7.282782292356424492e+00 -9.405432839929712963e-02 6.467492208564157297e-02 1.905498389073233101e+00 -1.874074082904948702e+00
8.387341604027671593e+00 -8.437263314353508292e+00 -8.980707318260101879e-02 6.555531807198657079e-02 2.883610943955303263e+00 -2.852994408757982381e+00
9.116205057552058122e+00 -9.171071103998841068e+00 -8.426728223899079828e-02 6.577601419215997613e-02 3.525261195742789511e+00 -3.495405410263526580e+00
9.337586571788639489e+00 -9.398053073366181565e+00 -7.757420682710584880e-02 6.536615421829704287e-02 3.659919921812215815e+00 -3.630779456290729179e+00
9.337586571788639489e+00 -9.398053073366181565e+00 -7.757420682710584880e-02 6.536615421829704287e-02 3.659919921812215815e+00 -3.630779456290729179e+00
1.231545496592275946e+01 -1.200166469174867245e+01 3.497462436796885399e+00 -2.172959011195901180e+00 3.717604477340626268e+00 -3.648700365501427179e+00
1.250966863077292679e+01 -1.182433904873463959e+01 6.889743238720440921e+00 -4.234694984595240186e+00 3.726560286415918632e+00 -3.618336897989239631e+00
1.264570929554035672e+01 -1.159420092560210236e+01 9.958717874224868538e+00 -5.985622808917726800e+00 3.725963394143498864e+00 -3.579176182193371858e+00
1.274959334571967595e+01 -1.133981182665165832e+01 1.263275560258211350e+01 -7.360686394240125274e+00 3.716486838672485860e+00 -3.532199286660247850e+00
1.282376199947906059e+01 -1.106590387956563148e+01 1.490113332419128156e+01 -8.356199195130193047e+00 3.698138027831192165e+00 -3.477727586140417770e+00
1.286775426779606235e+01 -1.077350878872641182e+01 1.679085970600085176e+01 -9.007268144984202252e+00 3.670841966026020753e+00 -3.416011884806928744e+00
1.288044221919019527e+01 -1.045935107156536148e+01 1.834193655791496980e+01 -9.365945012226383426e+00 3.634515021279759672e+00 -3.347306141592500950e+00
1.286049195265787581e+01 -1.008516831927805946e+01 1.956171190246948655e+01 -9.486758134588857416e+00 3.589086688233094513e+00 -3.271881987528563851e+00
1.280650125371002090e+01 9.115891506374238062e+00 1.723855162468381108e+00 -9.419452902345375023e+00 3.534512674540771560e+00 -3.190028158795234603e+00
1.271705708226618015e+01 2.142475867075928520e+01 -9.419734469204291472e+00 -9.206454568944153039e+00 3.470785362367688531e+00 -3.102043628873281111e+00
1.259077089539456473e+01 2.211490281907476074e+01 -9.117511672255680821e+00 -8.882769252347221922e+00 3.397941569110026094e+00 -3.008228314896509215e+00
1.242630900864575416e+01 2.259972552145366009e+01 -8.764778139600316820e+00 -8.476878491724361808e+00 3.316066500001672690e+00 -2.908874321999649570e+00
1.222242343865594805e+01 2.292700354288815134e+01 -8.396954012832630099e+00 -8.011880743930190008e+00 3.225293164816538383e+00 -2.804260034574723726e+00
1.197798440862591640e+01 2.310965227836300784e+01 -8.019220395099237564e+00 -7.506555465758136592e+00 3.125797428042166537e+00 -2.694648361936622827e+00
1.169201394960320961e+01 2.315355491422164036e+01 -7.633383837983128473e+00 -6.976241563698382109e+00 3.017789838638772260e+00 -2.580289207228679604e+00
1.136371945233878300e+01 2.306095614062334320e+01 -7.240468678289121662e+00 -6.433518935401727035e+00 2.901506119449812626e+00 -2.461425067718689519e+00
1.099252614725508082e+01 2.283164478448174961e+01 -6.841230761942061811e+00 -5.888718599645903495e+00 2.777198464300902003e+00 -2.338297906458973952e+00
1.057810801556419200e+01 2.246368385919082300e+01 -6.436310141768424309e+00 -5.350296263219036952e+00 2.645129499074792889e+00 -2.211155249942792000e+00
1.012041727024266002e+01 2.195399601533836531e+01 -6.026291598500805868e+00 -4.825102389944671444e+00 2.505569958548495180e+00 -2.080253871311745772e+00
9.619713011341024966e+00 2.129889556370560655e+01 -5.611731537368399358e+00 -4.318576385536107232e+00 2.358799975043113673e+00 -1.945860246599041332e+00
9.076589753986921139e+00 2.049460678850689987e+01 -5.193166774139396757e+00 -3.834886512385758728e+00 2.205112580380957255e+00 -1.808247944971792975e+00
8.492006195680282588e+00 1.953778920187299306e+01 -4.771111041055485558e+00 -3.377031673142734114e+00 2.044816759597246403e+00 -1.667692939718798062e+00
7.867313970178650528e+00 1.842607885761481867e+01 -4.346043731266657772e+00 -2.946916348020645060e+00 1.878236176974641403e+00 -1.524468286490884728e+00
7.204285564310461965e+00 1.715864423892011104e+01 -3.918396018681701509e+00 -2.545405290463681247e+00 1.705698243476706066e+00 -1.378839623335836650e+00
6.505140562149965611e+00 1.573674312594586766e+01 -3.488539795890869932e+00 -2.172359199012213082e+00 1.527505795555491819e+00 -1.231062559776138876e+00
5.772570555171587792e+00 1.416425240345985692e+01 -3.056784016606620025e+00 -1.826645354524679243e+00 1.343879239761926803e+00 -1.081382401932961645e+00
5.009765803243346305e+00 1.244812668209994300e+01 -2.623380930802098998e+00 -1.506108758872606090e+00 1.154851158119273080e+00 -9.300360117075299193e-01
4.220448603501910867e+00 1.059872862013462402e+01 -2.188541826468069385e+00 -1.207495968542959375e+00 9.601042774002499502e-01 -7.772550988738087252e-01
3.408897835780767327e+00 8.629988670482577007e+00 -1.752459036241629242e+00 -9.264558296253262437e-01 7.588774799080717504e-01 -6.232700003415985179e-01
2.579780840678250087e+00 6.559523584733281787e+00 -1.315328980910090317e+00 -6.585304379053114054e-01 5.508548092167858679e-01 -4.683130254678005699e-01
1.736807420741316665e+00 4.409659179718654620e+00 -8.773705317055072728e-01 -4.046096172758150700e-01 3.415129143475693074e-01 -3.126206802445770094e-01
8.782830410936691701e-01 2.211267213807455168e+00 -4.388341712204126832e-01 -1.812298022251210838e-01 1.523099157323646868e-01 -1.564344278442017788e-01
5.162788900842061511e-16 2.204873172629749073e-16 1.379523734924986328e-15 1.224271666005800779e-15 -1.593528584616405429e-16 -2.727472836064135502e-16
