2.483815116098470142e-03 2.483815112634309326e-03 2.483815111134334268e-03 1.171365145778530703e+01 1.171365145778531236e+01 1.171365145778856842e+01
1.683117533228625229e-01 1.754892492160478046e-01 2.524677402537907622e-01 1.171424746489345026e+01 1.171435037460631179e+01 2.086589299919330642e+01
3.397994876861899494e-01 3.482638284574544052e-01 5.044824043227295052e-01 1.171610565451424435e+01 1.171635104501607039e+01 2.086110683141606614e+01
5.108729060508141462e-01 5.209698344073326881e-01 7.563492062903297564e-01 1.171917881365249059e+01 1.171962155489989854e+01 2.085313532354489041e+01
6.816905593981714695e-01 6.934518335374786346e-01 1.007837961181966557e+00 1.172340855355280631e+01 1.172410015517283632e+01 2.084198241598947021e+01
8.522579487580480562e-01 8.655065473573884116e-01 1.258819580135974059e+00 1.172872042172038576e+01 1.172969826051288145e+01 2.082766118827159119e+01
1.022540455473826881e+00 1.036979894291830462e+00 1.509156778149767231e+00 1.173502960433004105e+01 1.173631242993800328e+01 2.081018370508895998e+01
1.192468681129087216e+00 1.207740580513397610e+00 1.758710636492008650e+00 1.174224446311293590e+01 1.174383104662114263e+01 2.078957155538486035e+01
1.361942019425790518e+00 1.377651089680125063e+00 2.007330112777671260e+00 1.175027153505978816e+01 1.175213965821508211e+01 2.076584682740071841e+01
1.530837672745960720e+00 1.546578491379246190e+00 2.254865345152116785e+00 1.175902344778526576e+01 1.176113104491098582e+01 2.073904301893522373e+01
1.699012648810035664e+00 1.714395076026001608e+00 2.501179566865954662e+00 1.176842091053168637e+01 1.177070913380097927e+01 2.070919589375973047e+01
1.866320818829533712e+00 1.880975919417241737e+00 2.746136834424203421e+00 1.177840237134558343e+01 1.178079763932028534e+01 2.067635014153285411e+01
2.032596430125076292e+00 2.046194593410314511e+00 2.989612081947640831e+00 1.178892176044711704e+01 1.179134062009029194e+01 2.064055298733346433e+01
2.197678927615010380e+00 2.209935138735241722e+00 3.231512770714822125e+00 1.179995402410634853e+01 1.180230716837149707e+01 2.060185961380352282e+01
2.361415990240268936e+00 2.372093182130819322e+00 3.471742531032000922e+00 1.181149530743754461e+01 1.181369175809428640e+01 2.056031802352040572e+01
2.523662023344841021e+00 2.532578068695388041e+00 3.710242506535589513e+00 1.182356163741306077e+01 1.182551397815018746e+01 2.051599823292035296e+01
2.684293025426558454e+00 2.691315186764235534e+00 3.946973114363311108e+00 1.183618596753326990e+01 1.183781309428104755e+01 2.046895092641166514e+01
2.843204508675211795e+00 2.848254703180779224e+00 4.181911830020882626e+00 1.184941602562178709e+01 1.185064784068184274e+01 2.041922860161341902e+01
3.000316806576414752e+00 3.003365910699476338e+00 4.415066031487043574e+00 1.186330666986612492e+01 1.186408592767920211e+01 2.036688046420617226e+01
3.155578393416432537e+00 3.156649727525202120e+00 4.646462580921527419e+00 1.187791869959155910e+01 1.187820442118649034e+01 2.031195014737617299e+01
3.308124032813737347e+00 3.308960411456084216e+00 4.876129636188005989e+00 1.189307908919777290e+01 1.189331105361734053e+01 2.025447355995713039e+01
3.457829883461851495e+00 3.460459298021089758e+00 5.104121280389708915e+00 1.190877999523425501e+01 1.190953615936568610e+01 2.019448032783067504e+01
3.605822656767755152e+00 3.610087559208251751e+00 5.330478917818726181e+00 1.192536901526023208e+01 1.192663776797118302e+01 2.013199320299717598e+01
3.752168111332323086e+00 3.757872685514722644e+00 5.555255901086090908e+00 1.194289116234341286e+01 1.194464340151864157e+01 2.006702869201607697e+01
3.896928891550416552e+00 3.903846484396326755e+00 5.778486822203936946e+00 1.196137570761986169e+01 1.196356659337363304e+01 1.999960283332472599e+01
4.040165222388350408e+00 4.048045370619967720e+00 6.000194821414020829e+00 1.198083363698665771e+01 1.198340440178307098e+01 1.992972903124399409e+01
4.181921148476244632e+00 4.190496412456253594e+00 6.220379713099346120e+00 1.200125650553653500e+01 1.200413623888448100e+01 1.985742327050029843e+01
4.322220583470723909e+00 4.331218174024606959e+00 6.439022515501276800e+00 1.202261741546839602e+01 1.202572655624745046e+01 1.978270927450691730e+01
4.461127406955600172e+00 4.470276981491488222e+00 6.656129793650704229e+00 1.204487497065017720e+01 1.204812769980161491e+01 1.970562003382448424e+01
4.598491573604232663e+00 4.607534717292710802e+00 6.871502296381409636e+00 1.206796967355181316e+01 1.207127689249472269e+01 1.962619649624465268e+01
4.734322371873811441e+00 4.743021034221451160e+00 7.085094751145320835e+00 1.209183570045277634e+01 1.209510824609307633e+01 1.954450157726634529e+01
4.868539667412426830e+00 4.876682237122979657e+00 7.296766710789698962e+00 1.211639768562630870e+01 1.211954883988049225e+01 1.946061401976835370e+01
5.001044391407444500e+00 5.008452620379368447e+00 7.506357965600277460e+00 1.214158038777317117e+01 1.214452922967292459e+01 1.937465088735925889e+01
5.131722070684156201e+00 5.138250724424016092e+00 7.713684395735971755e+00 1.216729561897397005e+01 1.216996790287124064e+01 1.928669204786004698e+01
5.260441793638588770e+00 5.265982904543057508e+00 7.918544217528259210e+00 1.219346746996883191e+01 1.219579875219725551e+01 1.919689337598117973e+01
5.387072194037973993e+00 5.391551479779386646e+00 8.120726081190570156e+00 1.222002125550693563e+01 1.222195708708997941e+01 1.910541060188029050e+01
5.511479897351218682e+00 5.514856411022514671e+00 8.320013056496856407e+00 1.224688684749219370e+01 1.224838449340016311e+01 1.901241888253374768e+01
5.633538089676710214e+00 5.635801662700909098e+00 8.516185316185140408e+00 1.227400220428858368e+01 1.227503149303056418e+01 1.891810289575599668e+01
5.753129824807838411e+00 5.754297869230904361e+00 8.709034784242870586e+00 1.230131065669467816e+01 1.230185444679620765e+01 1.882266232851697296e+01
5.870149282366380561e+00 5.870263021931521941e+00 8.898363603054201931e+00 1.232876153596156144e+01 1.232881566885881419e+01 1.872630257591413283e+01
5.983633999209768461e+00 5.984513224435171530e+00 9.083983644153095227e+00 1.235588744182406096e+01 1.235631453176218386e+01 1.862923276938333217e+01
6.094357499477013995e+00 6.096150380856667717e+00 9.265730156295141740e+00 1.238304294339716449e+01 1.238393031014319234e+01 1.853166441962767408e+01
6.202399659828333967e+00 6.205010960196634784e+00 9.443456232060936983e+00 1.241026272902986882e+01 1.241157736227908970e+01 1.843380632042435252e+01
6.307740224666338769e+00 6.311060594514591671e+00 9.617038580160638617e+00 1.243752745022892903e+01 1.243922500380804941e+01 1.833586281586008582e+01
6.410376124380795737e+00 6.414284776229035145e+00 9.786364210077220349e+00 1.246482181106060771e+01 1.246684809113270731e+01 1.823803141866147826e+01
6.510316272769295587e+00 6.514683137599908136e+00 9.951345824703899723e+00 1.249212759526096939e+01 1.249442002534572893e+01 1.814050544857736114e+01
6.607581464515455139e+00 6.612269873408746612e+00 1.011190698749489769e+01 1.251942705364885100e+01 1.252191653262021376e+01 1.804346917871588829e+01
6.702199464949461394e+00 6.707068780705681021e+00 1.026798157052478011e+01 1.254670011981697897e+01 1.254931288264979727e+01 1.794710060560823095e+01
6.794204404977440603e+00 6.799114565898819684e+00 1.041950875601770576e+01 1.257392426048207312e+01 1.257658472521188031e+01 1.785157379057370619e+01
6.883631521093148464e+00 6.888446134933164267e+00 1.056643119520620644e+01 1.260107332509019429e+01 1.260370611206481151e+01 1.775705963808362142e+01
6.970517644030710613e+00 6.975109672918357262e+00 1.070868704061341958e+01 1.262811939852118037e+01 1.263065269556300585e+01 1.766372979563480072e+01
7.054895537587456467e+00 7.059149580866665552e+00 1.084621241044483853e+01 1.265503052116911853e+01 1.265739755619912010e+01 1.757175567354204659e+01
7.136796240298956207e+00 7.140614111910683626e+00 1.097893284712708351e+01 1.268177365242569365e+01 1.268391597695862494e+01 1.748131386708514867e+01
7.216244040506131441e+00 7.219547106657313584e+00 1.110676411197474955e+01 1.270831159893984186e+01 1.271018061897007456e+01 1.739258652247775316e+01
7.293260378576245984e+00 7.295992478931766279e+00 1.122961544839111525e+01 1.273460701096322545e+01 1.273616590412150629e+01 1.730576433149030180e+01
7.367861299817356269e+00 7.369989639767143608e+00 1.134738467312492638e+01 1.276061923144159493e+01 1.276184379179210993e+01 1.722104441183927648e+01
7.440060692044684565e+00 7.441576042363173826e+00 1.145996164805178275e+01 1.278630876845675424e+01 1.278718791938750776e+01 1.713863277535734753e+01
7.509869073677444717e+00 7.510784345057848199e+00 1.156723391465503248e+01 1.281163438222262663e+01 1.281216979458403848e+01 1.705874120056400756e+01
7.577295051426999883e+00 7.577644514542463128e+00 1.166908448744721483e+01 1.283655460440914098e+01 1.283676070702286154e+01 1.698158438273049953e+01
7.642181530649446941e+00 7.642346059609333331e+00 1.176540278454134203e+01 1.286093037766758407e+01 1.286102819033870404e+01 1.690738177045805202e+01
7.704419187879117281e+00 7.705032253734128922e+00 1.185608850778893064e+01 1.288464706614086630e+01 1.288501436871961303e+01 1.683634303674739030e+01
7.764378836657503946e+00 7.765364806469507997e+00 1.194105223826436024e+01 1.290787853442412469e+01 1.290847365165860694e+01 1.676867455246849659e+01
7.822078831055475412e+00 7.823355619403674410e+00 1.202022714071790510e+01 1.293059171951933628e+01 1.293136779254012758e+01 1.670456543303218311e+01
7.877534793035438909e+00 7.879019360536871019e+00 1.209357202428966716e+01 1.295275148593754899e+01 1.295365975682618398e+01 1.664418446812009478e+01
7.930761508253977077e+00 7.932372782917099130e+00 1.216107715273913925e+01 1.297432291526173032e+01 1.297531460044451102e+01 1.658767578124906805e+01
7.981769677587716494e+00 7.983432219261720419e+00 1.222276966221252437e+01 1.299527020052708437e+01 1.299629892490638028e+01 1.653514876721073179e+01
8.030571500643251426e+00 8.032217853567315657e+00 1.227871436979377506e+01 1.301555927445305016e+01 1.301658278423816562e+01 1.648667742663125324e+01
8.077172957328400571e+00 8.078746924396249085e+00 1.232902207533929939e+01 1.303515484761610210e+01 1.303613732809987447e+01 1.644229438720832803e+01
8.121580676914753383e+00 8.123037159555163811e+00 1.237384511998887859e+01 1.305402546743253644e+01 1.305493773473571828e+01 1.640198674155565683e+01
8.163798044581346502e+00 8.165104036192401438e+00 1.241337985586138615e+01 1.307213835780418520e+01 1.307295871075509552e+01 1.636569839075781374e+01
8.203827508061555918e+00 8.204962166666993184e+00 1.244786849726148859e+01 1.308946593635537425e+01 1.309018037135361467e+01 1.633332717490113595e+01
8.241669283197023077e+00 8.242623506165427827e+00 1.247758680658987274e+01 1.310598173939275490e+01 1.310658378258201751e+01 1.630473162470811133e+01
8.277322198355792082e+00 8.278096149338816545e+00 1.250285036110687997e+01 1.312166027224726150e+01 1.312214945739947503e+01 1.627973002144058512e+01
8.310786362547059269e+00 8.311388304177839359e+00 1.252399944842748702e+01 1.313648229960304903e+01 1.313686341684952730e+01 1.625810732029900052e+01
8.342059722049619097e+00 8.342504547036657669e+00 1.254139982212699600e+01 1.315042800186919081e+01 1.315071013793029309e+01 1.623962081991161810e+01
8.371140734536833605e+00 8.371447235209524607e+00 1.255543096542307424e+01 1.316347963255189590e+01 1.316367440822407531e+01 1.622401102747816282e+01
8.398029924403386914e+00 8.398218999214970282e+00 1.256647920617986003e+01 1.317562297646030167e+01 1.317574338748574014e+01 1.621100088069756495e+01
8.422730146298329501e+00 8.422822651580757380e+00 1.257493245312314301e+01 1.318684620184962775e+01 1.318690525097647281e+01 1.620031047096668431e+01
8.445243963901567952e+00 8.445258829133107881e+00 1.258117302044334984e+01 1.319713713063719851e+01 1.319714664224034983e+01 1.619165794982745510e+01
8.465531820524034856e+00 8.465578433720839513e+00 1.258557057488404318e+01 1.320647140185609025e+01 1.320650129158420327e+01 1.618477206931693502e+01
8.483639455364899717e+00 8.483735688387257667e+00 1.258845833348942556e+01 1.321483539532636264e+01 1.321489719826831788e+01 1.617937024902969156e+01
8.499592349412585790e+00 8.499729982432432607e+00 1.259019532488288640e+01 1.322224399971078945e+01 1.322233244930213125e+01 1.617523999186084538e+01
8.513394238047276019e+00 8.513568149224035153e+00 1.259106352980834842e+01 1.322868638061703273e+01 1.322879811619542956e+01 1.617213942970886720e+01
8.525052972541603324e+00 8.525259670812801005e+00 1.259132911462370608e+01 1.323415314876947946e+01 1.323428582665713193e+01 1.616987123573321838e+01
8.534575890037078949e+00 8.534811976541453404e+00 1.259122168601343716e+01 1.323863657543653183e+01 1.323878793150925759e+01 1.616825775939942744e+01
8.541973754941423636e+00 8.542234876712935687e+00 1.259094306761857851e+01 1.324213942742611927e+01 1.324230663291799814e+01 1.616716649659975147e+01
8.547250045484164005e+00 8.547530638499981848e+00 1.259062826025798820e+01 1.324463888381771071e+01 1.324481838577692017e+01 1.616646218579974814e+01
8.550414082821090389e+00 8.550706890302587126e+00 1.259039482697923695e+01 1.324614081298297386e+01 1.324632801582582431e+01 1.616607320691034033e+01
8.551468044000266389e+00 8.551765085654746912e+00 1.259031015564267975e+01 1.324664122054234916e+01 1.324683109170473649e+01 1.616594901501983017e+01
8.551468044000266389e+00 8.551765085654746912e+00 1.259031015564267975e+01 1.324664122054234916e+01 1.324683109170473649e+01 1.616594901501983017e+01
8.551663433744399967e+00 8.555955788586414812e+00 1.258953063462656452e+01 1.324582323546432860e+01 1.324875307759451104e+01 1.616511353522256655e+01
8.552153059387563871e+00 8.568605692421972009e+00 1.258719374024224891e+01 1.324287005514323567e+01 1.325500122209037812e+01 1.616260875203727210e+01
8.552963460529921846e+00 8.589626515200327717e+00 1.258330059084767605e+01 1.323794855312816843e+01 1.326536367968035002e+01 1.615843348200723639e+01
8.554088491948945716e+00 8.618917255988968407e+00 1.257785044189276213e+01 1.323104695197377367e+01 1.327973829267923378e+01 1.615258357470159822e+01
8.555526279715165217e+00 8.656349392203987136e+00 1.257085517872940628e+01 1.322220111315294666e+01 1.329806812472046396e+01 1.614507241198580445e+01
8.557265573799121228e+00 8.701746705412695349e+00 1.256231557707534030e+01 1.321140056771364790e+01 1.332019595455770755e+01 1.613589696468773127e+01
8.559297033317861292e+00 8.754900814414572352e+00 1.255223620424363062e+01 1.319865146686959001e+01 1.334596523345614472e+01 1.612505757820465746e+01
8.561609588739903742e+00 8.815567851496769691e+00 1.254062126229103313e+01 1.318396481797464936e+01 1.337520241013954703e+01 1.611255777864934302e+01
8.564191282311854891e+00 8.883482813968095471e+00 1.252747502173571625e+01 1.316734926869561484e+01 1.340771488087039209e+01 1.609840356821312923e+01
8.567029400381148463e+00 8.958315120145423194e+00 1.251279995049414318e+01 1.314881908358252183e+01 1.344329418141333043e+01 1.608259874776930332e+01
8.570111262606218361e+00 9.039741028104037568e+00 1.249659815078675607e+01 1.312838819938950685e+01 1.348172500091607517e+01 1.606514956123900717e+01
8.573424741794918091e+00 9.127402081815858992e+00 1.247886929660111122e+01 1.310607439229319660e+01 1.352278480487716017e+01 1.604606400471026717e+01
8.576956124239670132e+00 9.220917598735301368e+00 1.245961260524949843e+01 1.308189637341911471e+01 1.356624557571722001e+01 1.602535029763580354e+01
8.580695484845138665e+00 9.319893789241591620e+00 1.243882381705146223e+01 1.305587449950536971e+01 1.361187734759455381e+01 1.600302000905135102e+01
8.584631521781918906e+00 9.423922707121795028e+00 1.241649561073596608e+01 1.302803059788027085e+01 1.365945034907576172e+01 1.597908348568649117e+01
8.588753690860059464e+00 9.532587971080575429e+00 1.239262353335892897e+01 1.299838999497389125e+01 1.370873924745518657e+01 1.595355452381214612e+01
8.593053250803750487e+00 9.645470004527842534e+00 1.236719601785999245e+01 1.296697785610883358e+01 1.375952165089971402e+01 1.592644808107295695e+01
8.597520215763623241e+00 9.762145994704283680e+00 1.234020536863558526e+01 1.293382276586977220e+01 1.381158375914431424e+01 1.589778026729200278e+01
8.602144737362577231e+00 9.882194578112272865e+00 1.231163922244914488e+01 1.289895343244854686e+01 1.386471893537255617e+01 1.586756917399423195e+01
8.606915517088205902e+00 1.000519618051550630e+01 1.228148717353219865e+01 1.286240189382300692e+01 1.391873280336661090e+01 1.583583167346166043e+01
8.611817823080373913e+00 1.013073312139343152e+01 1.224973875710698756e+01 1.282420222761316353e+01 1.397344378222308059e+01 1.580258890823795959e+01
8.616833753726870881e+00 1.025839062299985827e+01 1.221638449493791079e+01 1.278439208669121463e+01 1.402868762274566272e+01 1.576786004330112512e+01
8.621941443285132678e+00 1.038775555506783199e+01 1.218141698805377970e+01 1.274301249625637844e+01 1.408431851606038343e+01 1.573166613547287085e+01
8.627110859917065611e+00 1.051841281131562766e+01 1.214482988712482658e+01 1.270010802168927100e+01 1.414021272757501535e+01 1.569403019764171425e+01
8.632306695779442762e+00 1.064994537264445995e+01 1.210661790872110188e+01 1.265572770656441826e+01 1.419627142498413974e+01 1.565497407496606996e+01
8.637483552134728626e+00 1.078192848241726765e+01 1.206678027051992252e+01 1.260992790542017161e+01 1.425242686021520910e+01 1.561452095115953576e+01
8.642589722959259646e+00 1.091393123891069727e+01 1.202532135592784712e+01 1.256276860391874628e+01 1.430864137497136035e+01 1.557270485413877914e+01
8.647561973954889680e+00 1.104550413749033844e+01 1.198222939725732950e+01 1.251431735825357450e+01 1.436491314005835207e+01 1.552953318669324467e+01
8.652329953060892365e+00 1.117618742131645426e+01 1.193751321164299206e+01 1.246464795783785284e+01 1.442128006141039265e+01 1.548504328691528720e+01
8.656811850596024982e+00 1.130549853876638622e+01 1.189117319770305059e+01 1.241384072790914850e+01 1.447781917586012845e+01 1.543926422844625890e+01
8.660921786970028791e+00 1.143293816503406468e+01 1.184320970048609212e+01 1.236198513791314468e+01 1.453465237244777697e+01 1.539222744419656763e+01
8.661349161953507902e+00 1.143309439584991871e+01 1.184312448665348860e+01 1.236168261448024275e+01 1.453452844212140072e+01 1.539229647112216171e+01
8.664894601779772998e+00 1.155814532507397985e+01 1.179352703561581528e+01 1.230893724862518646e+01 1.459181101035058781e+01 1.534404421185397638e+01
8.667863095020415187e+00 1.168023101396199337e+01 1.174229920812105377e+01 1.225534412418430996e+01 1.464977597418822874e+01 1.529461013455721741e+01
8.670158746933900318e+00 1.168943591007254135e+01 1.179879611119324068e+01 1.220100492202564446e+01 1.470866330639767483e+01 1.524403304271568338e+01
8.671677699240873949e+00 1.163492856825464017e+01 1.191326470298682594e+01 1.214602845700088629e+01 1.476874917402398601e+01 1.519235659010701411e+01
8.672314486359807617e+00 1.157876613476472372e+01 1.202305432969291310e+01 1.209052711710592654e+01 1.483033643496883158e+01 1.513962656437074195e+01
8.671958824649921738e+00 1.152093163208187399e+01 1.203462630669527478e+01 1.212757795599195809e+01 1.489375317833835410e+01 1.508589042549582615e+01
8.670496344592359961e+00 1.146140464147491222e+01 1.197845695269810129e+01 1.222625532543377957e+01 1.495933492227702644e+01 1.503120116305862553e+01
8.667805229178801696e+00 1.140016155279097632e+01 1.192215593812949237e+01 1.231852535771126078e+01 1.497561372448454975e+01 1.502741323616297819e+01
8.663760008177526117e+00 1.133717361974277971e+01 1.186587249110316478e+01 1.240386167892724245e+01 1.491918537782507315e+01 1.509830094242257559e+01
8.658231625499754003e+00 1.127240716215619898e+01 1.180976345084183343e+01 1.248179041174942583e+01 1.486197674466807861e+01 1.517227531732713075e+01
8.651075789495518364e+00 1.120581482085355951e+01 1.175398317108488477e+01 1.255191676391338085e+01 1.480404229498173763e+01 1.524957551419078250e+01
8.642157058504261968e+00 1.113738116285507829e+01 1.169872870813199661e+01 1.261387817576181192e+01 1.474546190647457600e+01 1.533033220977445410e+01
8.631321000459806214e+00 1.106705350694110734e+01 1.164417267538573419e+01 1.266744695604526783e+01 1.468629277716258308e+01 1.541464464613003393e+01
8.618409027570194780e+00 1.099479180541248979e+01 1.159050337612215564e+01 1.271247220806273504e+01 1.462660581911572955e+01 1.550251414906931480e+01
8.603254180429532383e+00 1.092055209125954818e+01 1.153791449351392551e+01 1.274888887561029094e+01 1.456645956533400543e+01 1.559384953780933003e+01
8.585693586245222164e+00 1.084430071425701669e+01 1.148661152794046281e+01 1.277673227720942606e+01 1.450593560123715875e+01 1.568853454588374774e+01
8.565548522008802124e+00 1.076599857014574724e+01 1.143679336365925359e+01 1.279609292993792202e+01 1.444509581044903435e+01 1.578634036851337896e+01
8.542643267749049585e+00 1.068561505016893776e+01 1.138866179280281976e+01 1.280712842408748386e+01 1.438400881412593968e+01 1.588700505524394480e+01
8.516796874607305057e+00 1.060312342106584005e+01 1.134241700432086120e+01 1.281003989077754035e+01 1.432273905378191614e+01 1.599023127196823957e+01
8.487834357646923067e+00 1.051850396839784452e+01 1.129824927268100154e+01 1.280506114998912004e+01 1.426135096806020996e+01 1.609569904645942984e+01
8.455581193151449071e+00 1.043174323981866713e+01 1.125634503600193170e+01 1.279244345505581038e+01 1.419990668475282192e+01 1.620308117622074207e+01
8.419871348789252252e+00 1.034283673088946642e+01 1.121687359966204767e+01 1.277244330124129945e+01 1.413846593306530153e+01 1.631204838438248927e+01
8.380549393997632990e+00 1.025178715553540520e+01 1.117998837308454085e+01 1.274531963635281073e+01 1.407708884843855301e+01 1.642229304579853277e+01
8.337472885586306504e+00 1.015860226643084907e+01 1.114582496940009371e+01 1.271131751997261716e+01 1.401582280284161897e+01 1.653348877131533357e+01
8.290519218675003188e+00 1.006329994743515677e+01 1.111449440107029218e+01 1.267067559173985813e+01 1.395472256693401292e+01 1.664535984627596577e+01
8.239584937778897000e+00 9.965902226557693311e+00 1.108608262157566138e+01 1.262361422168157610e+01 1.389383688901910396e+01 1.675764097596537994e+01
8.184593880462079696e+00 9.866436434789010335e+00 1.106064899378792354e+01 1.257033900883599031e+01 1.383321262676552799e+01 1.687008934658072334e+01
8.125494203034062224e+00 9.764934150287885473e+00 1.103822160972602973e+01 1.251103659468464713e+01 1.377289612111789197e+01 1.698248101755395112e+01
8.062264346409628857e+00 9.661424273528538720e+00 1.101880076128431973e+01 1.244587801983646180e+01 1.371293080505892092e+01 1.709461620549351935e+01
7.994917189811189928e+00 9.555939403352384787e+00 1.100235833800695850e+01 1.237501891426954082e+01 1.365335938853378472e+01 1.720631310537619996e+01
7.923490983212129635e+00 9.448507619937259960e+00 1.098883678786822493e+01 1.229859919594811579e+01 1.359422516299429518e+01 1.731740808858024394e+01
7.848060179466090247e+00 9.339153686968826307e+00 1.097815377548976556e+01 1.221674552496856592e+01 1.353557170337361804e+01 1.742775332193821569e+01
7.768724680060831389e+00 9.227895549605436898e+00 1.097020285621528402e+01 1.212957201172369714e+01 1.347744124610865590e+01 1.753721689887152024e+01
7.685616296080739041e+00 9.114746137182914154e+00 1.096485963965401922e+01 1.203718412835200091e+01 1.341987961135862584e+01 1.764567950044392219e+01
7.598886534093232115e+00 8.999709454327739167e+00 1.096198420975636623e+01 1.193967579276520397e+01 1.336293153150203317e+01 1.775303182628555021e+01
7.508713621492667301e+00 8.882781048703263238e+00 1.096142575219920623e+01 1.183713727345767808e+01 1.330664085940841446e+01 1.785917657185292384e+01
7.415287198747191333e+00 8.763951118060850476e+00 1.096302328763197131e+01 1.172964975115366570e+01 1.325105534803275731e+01 1.796402361422885363e+01
7.318811981881387929e+00 8.643202573522376753e+00 1.096661700560670916e+01 1.161729063177116572e+01 1.319621883973550425e+01 1.806748969922179526e+01
7.219496681028184426e+00 8.520512533912445008e+00 1.097204524986809382e+01 1.150013376027243339e+01 1.314217597096390833e+01 1.816949847197018286e+01
7.117555936589496923e+00 8.395856301016092260e+00 1.097915357676194681e+01 1.137825278374047677e+01 1.308896908996475439e+01 1.826998006521860063e+01
7.013197159799469560e+00 8.269208454325085000e+00 1.098779124062609469e+01 1.125171717786300896e+01 1.303663903563272086e+01 1.836886707778931438e+01
6.906619479565772046e+00 8.140545923093140956e+00 1.099782204503356731e+01 1.112059668045379901e+01 1.298522117854913382e+01 1.846609868253158382e+01
6.798007156100222659e+00 8.009850074624180749e+00 1.098496175002397734e+01 1.100911564215927285e+01 1.293474932837626490e+01 1.856161664633797059e+01
6.687528584957758149e+00 7.877111684875788278e+00 1.084488343363588747e+01 1.102156053045582951e+01 1.288525186433085068e+01 1.865536731258884728e+01
6.575327185205265046e+00 7.742330521839016377e+00 1.070043277768536960e+01 1.103505137569439931e+01 1.283675158938645744e+01 1.874730048518035375e+01
6.461520235387744115e+00 7.605520801004371556e+00 1.055168105176974969e+01 1.104948119221579184e+01 1.278925894674615549e+01 1.883736261352073171e+01
6.346204519726144966e+00 7.466709970572168231e+00 1.039870226591121494e+01 1.106481055885823217e+01 1.274280408086087668e+01 1.892552715055547807e+01
6.229446185887473675e+00 7.325943075634476109e+00 1.024157026202079734e+01 1.108094977830841188e+01 1.269738865608780998e+01 1.901174856651899248e+01
6.111284965736241581e+00 7.183280313745351364e+00 1.008036005391010370e+01 1.109783626431721082e+01 1.265301732001991475e+01 1.909599360541802326e+01
5.991739519233065359e+00 7.038798435726505431e+00 9.915144843776321437e+00 1.111541070028260592e+01 1.260969300334802590e+01 1.917823273128366779e+01
5.870805663833440491e+00 6.892588489187883027e+00 9.745998609047589412e+00 1.113361716949434665e+01 1.256741696479907944e+01 1.925844247653327201e+01
5.748468357506349768e+00 6.744756664683222880e+00 9.572996735016410241e+00 1.115239908248507383e+01 1.252618926242931074e+01 1.933660387836166095e+01
5.624699656713058715e+00 6.595417363691033152e+00 9.396210346198319741e+00 1.117169409899489274e+01 1.248601070386917300e+01 1.941270277057364169e+01
5.499470547353462635e+00 6.444692924438593096e+00 9.215709287958665286e+00 1.119143676951630795e+01 1.244688264165917246e+01 1.948673059016000764e+01
5.372747244657533727e+00 6.292711604774525291e+00 9.031562250896051580e+00 1.121155006225608375e+01 1.240881086898115804e+01 1.955868190484470048e+01
5.244516780983605742e+00 6.139599839458191433e+00 8.843836917045910795e+00 1.123195690968768723e+01 1.237180152768368835e+01 1.962855845346413020e+01
5.114769035562048316e+00 5.985479962735090531e+00 8.652594646839688153e+00 1.125256564828105077e+01 1.233586497915622537e+01 1.969636310851904071e+01
4.983516071417178672e+00 5.830464829237991253e+00 8.457897880395359280e+00 1.127328097022406439e+01 1.230101348062239808e+01 1.976210620427600517e+01
4.850796843923077972e+00 5.674657184341533878e+00 8.259804728314223965e+00 1.129400077345896491e+01 1.226726173768367545e+01 1.982579801242520290e+01
4.716669279284182892e+00 5.518145406530863717e+00 8.058371237598292325e+00 1.131462250768475997e+01 1.223462776763510007e+01 1.988745503385091240e+01
4.581217600298453263e+00 5.360999059856818683e+00 7.853650847086389497e+00 1.133504057861462933e+01 1.220312869620265772e+01 1.994709190877732397e+01
4.444545627919592512e+00 5.203268354493203240e+00 7.645697783335058340e+00 1.135515608286312883e+01 1.217278004280987957e+01 2.000472815762725176e+01
4.306791908044294459e+00 5.044983295435775617e+00 7.434560505827606747e+00 1.137487228092815350e+01 1.214359430490389080e+01 2.006038328573111684e+01
4.168093607175859638e+00 4.886107209680543129e+00 7.220271608947091302e+00 1.139410373466763993e+01 1.211558100010378780e+01 2.011406590717308518e+01
4.028633055809573982e+00 4.726730953478823771e+00 7.002926801015814995e+00 1.141278525374040598e+01 1.208874509224437865e+01 2.016581775915291885e+01
3.888572430119195733e+00 4.566784660349727965e+00 6.782557174729705984e+00 1.143085702532801839e+01 1.206308095812336489e+01 2.021564630211244307e+01
3.748082369652789403e+00 4.406229713151428307e+00 6.559219503662320427e+00 1.144827888964105433e+01 1.203857636656641006e+01 2.026356880764628698e+01
3.607323458757957901e+00 4.245025503679173084e+00 6.332967807169800345e+00 1.146503091927256257e+01 1.201520976668282081e+01 2.030960203748627180e+01
3.466450383494465992e+00 4.083122989675358916e+00 6.103871910916441657e+00 1.148111197229883196e+01 1.199295019978381838e+01 2.035375935452344720e+01
3.325588564903312783e+00 3.920473582968848181e+00 5.871992949430820730e+00 1.149653441396649711e+01 1.197175838655185132e+01 2.039605440055933627e+01
3.184838672516278280e+00 3.757031230968311153e+00 5.637404636759640653e+00 1.151132851829753534e+01 1.195158836413601833e+01 2.043649604381478468e+01
3.044268253701982285e+00 3.592757444739090644e+00 5.400183200510127790e+00 1.152553796174400347e+01 1.193238739057625253e+01 2.047509537618204689e+01
2.903912121259054846e+00 3.427629427243765736e+00 5.160416620541727006e+00 1.153921495521005802e+01 1.191409952985872245e+01 2.051185729204284058e+01
2.763751430103403184e+00 3.261629517067462292e+00 4.918186228888712819e+00 1.155241546318823431e+01 1.189666754193238241e+01 2.054678891069665880e+01
2.623746815591051718e+00 3.094756077043534503e+00 4.673546844794750577e+00 1.156520768485568063e+01 1.188003795602960366e+01 2.057989958752287052e+01
2.483811034738346191e+00 2.927032551905786040e+00 4.426691388783324577e+00 1.157762616624500573e+01 1.186416026976133153e+01 2.061118161591498321e+01
2.343822473942546392e+00 2.758484499737719808e+00 4.177676656017018431e+00 1.158972320861702165e+01 1.184899149976035027e+01 2.064064296099241602e+01
2.203647014696966000e+00 2.589159620653824323e+00 3.926615296339380112e+00 1.160153377718302359e+01 1.183450143857930570e+01 2.066828774938727875e+01
2.063110647452699453e+00 2.419110079572851291e+00 3.673622539128739373e+00 1.161307171009713279e+01 1.182066907369974373e+01 2.069411698754785434e+01
1.922048084151523284e+00 2.248404422795286628e+00 3.418819399078242949e+00 1.162433264224791074e+01 1.180748858508393972e+01 2.071813399891772889e+01
1.780291240269369579e+00 2.077113370430339501e+00 3.162332217789294742e+00 1.163529419511308483e+01 1.179496974570583312e+01 2.074034256239059104e+01
1.637676188160417823e+00 1.905311786513649297e+00 2.904285387813203556e+00 1.164591057458511791e+01 1.178313446552968635e+01 2.076074598223784307e+01
1.494071737516148302e+00 1.733075053072297145e+00 2.644804980521042737e+00 1.165611498451297656e+01 1.177201981758245530e+01 2.077934869027926368e+01
1.349361600140925210e+00 1.560477282749464845e+00 2.384022689576642762e+00 1.166582419210207178e+01 1.176167524953686616e+01 2.079615509081212821e+01
1.203477781404235891e+00 1.387592840936561212e+00 2.122071287480282731e+00 1.167494044011270482e+01 1.175215842618868578e+01 2.081117149922294729e+01
1.056392197378371201e+00 1.214476091209538700e+00 1.859081877048850417e+00 1.168335540960642049e+01 1.174353605681671553e+01 2.082440281175853869e+01
9.081238878024215921e-01 1.041194420170092005e+00 1.595183510105567581e+00 1.169095157347340219e+01 1.173587713362069351e+01 2.083585517254614317e+01
7.587343717498463702e-01 8.677778785361229819e-01 1.330517238484305143e+00 1.169761838802561549e+01 1.172925100970626566e+01 2.084553425784784153e+01
6.083275758825575918e-01 6.942703400554358639e-01 1.065210460530046310e+00 1.170324331702216369e+01 1.172372499646662369e+01 2.085344443652025248e+01
4.570612819701954654e-01 5.206927246778283447e-01 7.993789808499316418e-01 1.170773099699928643e+01 1.171935826465444208e+01 2.085959201766187832e+01
3.050804950007088290e-01 3.470646236874782575e-01 5.331855475208489015e-01 1.171099812792501815e+01 1.171620076206579242e+01 2.086397993256538541e+01
1.526695008472429282e-01 1.733132897315422249e-01 2.668206598933329232e-01 1.171298517820720342e+01 1.171429071260538279e+01 2.086661174441164590e+01
2.483815116098470142e-03 2.483815112634309326e-03 2.483815111134334268e-03 1.171365145778530703e+01 1.171365145778531236e+01 1.171365145778856842e+01
2.483815116098470142e-03 2.483815112634309326e-03 2.483815111134334268e-03 1.171365145778530703e+01 1.171365145778531236e+01 1.171365145778856842e+01
1.585234914545127771e-01 1.602651404134696478e-01 2.706560254048001046e-01 1.171340034109104167e+01 1.171341497841843271e+01 2.086687799816039401e+01
3.201601980242209655e-01 3.209136028518440042e-01 5.387829416530753868e-01 1.171265883629158644e+01 1.171271602760668173e+01 2.086504616098993026e+01
4.794386177424951323e-01 4.817149021146019949e-01 8.073627834320046270e-01 1.171145696108460577e+01 1.171158347325194349e+01 2.086199214643121636e+01
6.378530145493822578e-01 6.413242831566289270e-01 1.075969215328624662e+00 1.170984573196405165e+01 1.171006401530812724e+01 2.085771337223155086e+01
7.951543763798044617e-01 7.996089262607802839e-01 1.344532663529659056e+00 1.170788693652831114e+01 1.170821411023631597e+01 2.085220673523165758e+01
9.511916466208675258e-01 9.564530257711473249e-01 1.612970641420923057e+00 1.170565053612245876e+01 1.170609814219645628e+01 2.084546591989433395e+01
1.105875557793436492e+00 1.111749542975169369e+00 1.881270937134372989e+00 1.170320792354096895e+01 1.170377879240153263e+01 2.083748089802791625e+01
1.259192140764221035e+00 1.265472523139589134e+00 2.149404135998648879e+00 1.170062617001011418e+01 1.170131415381165318e+01 2.082823796091967239e+01
1.411188970334290582e+00 1.417651099373372858e+00 2.417370465082677278e+00 1.169795985317064790e+01 1.169874845372235939e+01 2.081771980685802603e+01
1.561968120292037243e+00 1.568378666118857234e+00 2.685146253724216781e+00 1.169524648886789997e+01 1.169610926897366099e+01 2.080590532745167920e+01
1.711686302757287947e+00 1.717800766949253655e+00 2.952696072664480642e+00 1.169250314646033040e+01 1.169340299816609097e+01 2.079276881779903974e+01
1.860526974574544079e+00 1.866099708284446823e+00 3.219988234683804240e+00 1.168972445875371768e+01 1.169061471278891773e+01 2.077828367846175794e+01
2.008688267025944718e+00 2.013482729078061251e+00 3.486960024284573745e+00 1.168688096683255218e+01 1.168770718787110496e+01 2.076242161352385196e+01
2.156355702657443363e+00 2.160152914677137215e+00 3.753529928475821897e+00 1.168392064547392550e+01 1.168462272133783664e+01 2.074515553341739604e+01
2.303702399847387117e+00 2.306312669489024358e+00 4.019593850284461034e+00 1.168077545133253636e+01 1.168129083644354793e+01 2.072646222936764460e+01
2.450841557432404283e+00 2.452116287848780551e+00 4.285021343929560800e+00 1.167736265302256271e+01 1.167763033171577192e+01 2.070632190126637795e+01
2.597684229500669240e+00 2.597847249231362010e+00 4.549656912940747588e+00 1.167355557947091249e+01 1.167359185565877944e+01 2.068472356002188306e+01
2.743081065769978899e+00 2.744726624728252240e+00 4.813329240733416725e+00 1.166898524412295224e+01 1.166937205215409001e+01 2.066166161108278132e+01
2.888307480205566158e+00 2.891420468024610280e+00 5.075849412884682721e+00 1.166384792855905772e+01 1.166461869044788813e+01 2.063714083666384624e+01
3.033313141131969370e+00 3.037815635535730419e+00 5.337076700142181274e+00 1.165808388718002142e+01 1.165925510465434023e+01 2.061117438917076328e+01
3.177967744456491772e+00 3.183721049401069703e+00 5.596698299506368990e+00 1.165165587834409067e+01 1.165322450587159331e+01 2.058378183955484886e+01
3.322110575152923406e+00 3.328921999283358968e+00 5.854577608318408011e+00 1.164454341653991065e+01 1.164648571382017650e+01 2.055499039380224602e+01
3.465540945828032626e+00 3.473170040620106480e+00 6.110539371314088974e+00 1.163674068112254645e+01 1.163901132850414122e+01 2.052482320684654482e+01
3.608027627605649990e+00 3.616196032207739997e+00 6.364427302376851614e+00 1.162829019374767192e+01 1.163082292744997837e+01 2.049332600997477627e+01
3.749332244985014828e+00 3.757737390473372852e+00 6.616116146181834523e+00 1.161922040048208693e+01 1.162193056992876450e+01 2.046052143262212297e+01
3.889224659855038180e+00 3.897554437864466870e+00 6.865519198668453171e+00 1.160958631413762809e+01 1.161237466243839300e+01 2.042643454598801611e+01
4.027483951096590964e+00 4.035430593716401226e+00 7.112576927286499817e+00 1.159944226166005876e+01 1.160219940043318765e+01 2.039108030032603125e+01
4.163937660424077869e+00 4.171212152761581748e+00 7.357276220388046184e+00 1.158885040227646002e+01 1.159146239828756819e+01 2.035446737297113629e+01
4.298462164061216839e+00 4.304809392787090516e+00 7.599654173820631797e+00 1.157786221338419352e+01 1.158021735477367287e+01 2.031658898779857836e+01
4.430917205092319122e+00 4.436125446171545583e+00 7.839724844387405689e+00 1.156651843050026862e+01 1.156851269436697116e+01 2.027742582652930992e+01
4.561292595016355200e+00 4.565204236614028410e+00 8.077585066980343953e+00 1.155484497685765888e+01 1.155638860012854074e+01 2.023694766834644909e+01
4.689595358990307439e+00 4.692113619840058369e+00 8.313327870276674858e+00 1.154284613370400692e+01 1.154386904816630555e+01 2.019510977815988184e+01
4.815881432291273967e+00 4.816972663064967186e+00 8.547058305485540686e+00 1.153050657428626558e+01 1.153096230862410287e+01 2.015185890835700988e+01
4.939946248307688137e+00 4.940250451117507602e+00 8.778883532838490211e+00 1.151765967848909433e+01 1.151779016047709980e+01 2.010713597470143554e+01
5.061217285392920928e+00 5.062827342219692994e+00 9.008898708175848924e+00 1.150393628094512799e+01 1.150464486431305922e+01 2.006087595222376763e+01
5.180981131711818399e+00 5.183754003877527161e+00 9.237186009232358330e+00 1.148974882044301360e+01 1.149099978791782917e+01 2.001301533785851205e+01
5.299428384932484803e+00 5.303177313021533834e+00 9.463804117902574475e+00 1.147504768658087571e+01 1.147677999522865733e+01 1.996349313894144473e+01
5.416725374096017731e+00 5.421233503126356545e+00 9.688781527218038647e+00 1.145978824025741005e+01 1.146192020272039791e+01 1.991227509063579504e+01
5.533010986019438526e+00 5.538041902356497737e+00 9.912122358734487548e+00 1.144388078992415814e+01 1.144631401851566110e+01 1.985927745841051006e+01
5.648376128393936213e+00 5.653687893809960840e+00 1.013379361503968390e+01 1.142728382388011532e+01 1.142990943236734225e+01 1.980448603078632530e+01
5.762860974367737477e+00 5.768219228176149294e+00 1.035373509291118310e+01 1.140994624194483364e+01 1.141265129522409794e+01 1.974787874825019429e+01
5.876456458791278870e+00 5.881645896602386792e+00 1.057186262393537390e+01 1.139183348937572937e+01 1.139450723747592242e+01 1.968944726728972228e+01
5.989097036318762335e+00 5.993930400457971430e+00 1.078806640464210709e+01 1.137292373922891819e+01 1.137546295599164914e+01 1.962919418536841931e+01
6.100669430612225774e+00 6.104995220099747044e+00 1.100222313265795648e+01 1.135321368238705020e+01 1.135552695216412289e+01 1.956713100610663147e+01
6.211017413915137730e+00 6.214724441885778106e+00 1.121418931052252965e+01 1.133272970996958939e+01 1.133472983369152587e+01 1.950327725368594400e+01
6.319955250518278334e+00 6.322974416700878564e+00 1.131140870075700988e+01 1.131312307921105820e+01 1.142392659654792553e+01 1.943765642252757786e+01
6.427270926850126465e+00 6.429574384787930974e+00 1.128945590841107105e+01 1.129077372276984548e+01 1.163114703243669368e+01 1.937029277361244795e+01
6.532745581042425087e+00 6.534343823963546960e+00 1.126683714584613050e+01 1.126776606646420120e+01 1.183583116906901367e+01 1.930120902574487829e+01
6.636154162989521765e+00 6.637091174288166862e+00 1.124363351481458828e+01 1.124418720380981185e+01 1.203786249947017239e+01 1.923042249686485050e+01
6.737287443117340402e+00 6.737632822192015425e+00 1.121992752538696791e+01 1.122013499880912946e+01 1.223715532582459176e+01 1.915794389054682867e+01
6.835790798713480498e+00 6.835947193584515524e+00 1.119570265243056362e+01 1.119579812789799966e+01 1.243364651216766603e+01 1.908377492374185280e+01
6.931404663348796902e+00 6.931961626669434828e+00 1.117098507434765509e+01 1.117133046812600483e+01 1.262729204533639482e+01 1.900790833127734558e+01
7.024330938499528720e+00 7.025183543213853632e+00 1.114606882482885908e+01 1.114660567032991345e+01 1.281806572073996442e+01 1.893032709160719662e+01
7.114446023482403625e+00 7.115491548455598725e+00 1.112103484819697208e+01 1.112170293464795634e+01 1.300596048264224436e+01 1.885100723031485259e+01
7.201648903738703922e+00 7.202792650654289197e+00 1.109595617594676042e+01 1.109669748774687115e+01 1.319098018761363988e+01 1.876991849561155234e+01
7.285851097368170493e+00 7.287011608615795666e+00 1.107090205209219214e+01 1.107166459636485634e+01 1.337313406827822604e+01 1.868702529444930605e+01
7.366982732245608290e+00 7.368093793027720828e+00 1.104593899306622440e+01 1.104667871459702866e+01 1.355244029634507363e+01 1.860229499151732924e+01
7.444978347847008848e+00 7.445990768372225510e+00 1.102113113640574404e+01 1.102181375063874746e+01 1.372891168108519722e+01 1.851569510708762323e+01
7.519778460631035166e+00 7.520659815612282806e+00 1.099654607054960920e+01 1.099714754678960205e+01 1.390255512745704358e+01 1.842720001523830931e+01
7.591320501026602940e+00 7.592054226504012071e+00 1.097225899565997587e+01 1.097276554846799357e+01 1.407336885442321162e+01 1.833679620474411465e+01
7.659534111440053472e+00 7.660117241684401002e+00 1.094835561733507845e+01 1.094876267134886128e+01 1.424133550741602328e+01 1.824447580278109271e+01
7.724340013216646206e+00 7.724780383659031635e+00 1.092493526966890727e+01 1.092524592188353161e+01 1.440641865157412127e+01 1.815026881524899949e+01
7.785641670635614631e+00 7.785954834951487769e+00 1.090210911100153623e+01 1.090233225074380385e+01 1.456856009052520307e+01 1.805420875514508339e+01
7.843327284518249343e+00 7.843533546392148281e+00 1.088000667144349620e+01 1.088015504540608092e+01 1.472767230616467771e+01 1.795636260526326211e+01
7.897265978177888002e+00 7.897387666122138050e+00 1.085877160800039043e+01 1.085885994017732337e+01 1.488363115639584855e+01 1.785683316843158508e+01
7.947314660376417095e+00 7.947373749919617758e+00 1.083856230365742057e+01 1.083860556854805246e+01 1.503626868627723923e+01 1.775577428202037211e+01
7.993314777201478094e+00 7.993331107685858861e+00 1.081954568950301621e+01 1.081955774643712154e+01 1.518534709498173463e+01 1.765340520261161217e+01
8.035089913944618800e+00 8.035099693414126776e+00 1.080189137941767186e+01 1.080189865876375421e+01 1.533053005601380825e+01 1.755004662456765629e+01
8.072471098915714904e+00 8.072494019455559666e+00 1.078578062195933107e+01 1.078579782429227230e+01 1.547132606776363950e+01 1.744617899478711820e+01
8.105302214399781491e+00 8.105329060950911213e+00 1.077139709717432758e+01 1.077141742535079594e+01 1.560698413491650882e+01 1.734254200269474921e+01
8.133413886915638713e+00 8.133438867012444007e+00 1.075890891073585998e+01 1.075892802290106509e+01 1.573630725551891274e+01 1.724034298423916312e+01
8.156649406617001219e+00 8.156669530886771824e+00 1.074846159449830019e+01 1.074847720333676726e+01 1.585729354180618422e+01 1.714154183461623759e+01
8.174874802866503032e+00 8.174889249589403661e+00 1.074018935954339682e+01 1.074020079547818085e+01 1.596646702834499543e+01 1.704962804089797501e+01
8.187976688190026664e+00 8.187986156927271608e+00 1.073419801313356992e+01 1.073420575897180740e+01 1.605772198364558179e+01 1.697070198343709180e+01
8.195871634028314645e+00 8.195877771438979664e+00 1.073057083683043622e+01 1.073057610177929533e+01 1.612109645183066675e+01 1.691472565107232384e+01
8.198509237609712841e+00 8.198514211036183497e+00 1.072935637805396780e+01 1.072936077436527924e+01 1.614431897880113809e+01 1.689397017537747203e+01
8.198509237609712841e+00 8.198514211036183497e+00 1.072935637805396780e+01 1.072936077436527924e+01 1.614431897880113809e+01 1.689397017537747203e+01
8.198945774947873133e+00 8.200716655044731240e+00 1.073036767164321859e+01 1.073314345350187438e+01 1.614187133268355367e+01 1.689312517683264403e+01
8.200250211873997941e+00 8.207317590564656484e+00 1.073339311007436869e+01 1.074447653179258033e+01 1.613453523037713211e+01 1.689059123848581478e+01
8.202429643975779783e+00 8.218285523749148780e+00 1.073843501666313394e+01 1.076327521774131846e+01 1.612232949686693217e+01 1.688637104580828563e+01
8.205482663885721450e+00 8.233567149110582406e+00 1.074549381839553419e+01 1.078940887097142109e+01 1.610528348468568893e+01 1.688046903950635524e+01
8.209414302455078527e+00 8.253089631555374339e+00 1.075456832738215951e+01 1.082269612787667157e+01 1.608343925759588089e+01 1.687289093150140573e+01
8.214230862993392890e+00 8.276764984892999166e+00 1.076565892761438725e+01 1.086291132935984116e+01 1.605685129828734503e+01 1.686364384019831064e+01
8.219938226474797105e+00 8.304482616699420561e+00 1.077876365709136230e+01 1.090978481067161177e+01 1.602558501202735286e+01 1.685273617619888853e+01
8.226541630750682899e+00 8.336118429626536042e+00 1.079388025421815200e+01 1.096301191372044315e+01 1.598971611868143405e+01 1.684017888395758078e+01
8.234051692134753964e+00 8.371531804919682074e+00 1.081100331991921060e+01 1.102225212482898797e+01 1.594933195830947170e+01 1.682598239310718924e+01
8.242478058118285489e+00 8.410570614926001554e+00 1.083012620189827757e+01 1.108714190652224119e+01 1.590452986972851157e+01 1.681015873580831155e+01
8.251834737481594573e+00 8.453072036193377770e+00 1.085124130840139323e+01 1.115728887458282337e+01 1.585541677653128190e+01 1.679271995027798781e+01
8.262131736579323871e+00 8.498860031498002954e+00 1.087433566438301824e+01 1.123229063591688792e+01 1.580211015528958107e+01 1.677368070363150210e+01
8.273389873928110205e+00 8.547752938627901642e+00 1.089939595961165431e+01 1.131172556581130095e+01 1.574473396838911476e+01 1.675305450290297671e+01
8.285626272897046007e+00 8.599560643785382652e+00 1.092640283447523153e+01 1.139516553754661388e+01 1.568342410187864999e+01 1.673085507727677879e+01
8.298863923436348600e+00 8.654091284081228963e+00 1.095533311648059893e+01 1.148217660608316137e+01 1.561831902954819817e+01 1.670709023013698769e+01
8.313129187078903470e+00 8.711149021654884805e+00 1.098616333940293721e+01 1.157233056822100892e+01 1.554957837249209973e+01 1.668178923562900096e+01
8.328449774972099817e+00 8.770543973069237609e+00 1.101886202519450819e+01 1.166520513105193757e+01 1.547735645451135333e+01 1.665496041379090641e+01
8.344857594701933223e+00 8.832055963140993171e+00 1.105339292960075070e+01 1.176034816883506906e+01 1.540182026387793535e+01 1.662661859010965060e+01
8.362386920049749151e+00 8.895495429104038010e+00 1.108971781183717020e+01 1.185735123223938103e+01 1.532314627715515876e+01 1.659677990964849315e+01
8.381076203175856776e+00 8.960666841071116551e+00 1.112779297519945487e+01 1.195579678036435389e+01 1.524151913379681922e+01 1.656546027588396441e+01
8.400964940471952858e+00 9.027372573366156061e+00 1.116756989266396971e+01 1.205527737122570819e+01 1.515713356187182548e+01 1.653267709774030081e+01
8.422093997013352151e+00 9.095420784459168573e+00 1.120899711042516422e+01 1.215539078965014141e+01 1.507019709563683563e+01 1.649844927304586051e+01
8.444508295137600484e+00 9.164622967546710797e+00 1.125201716161068433e+01 1.225573423388884287e+01 1.498093198856474650e+01 1.646279406947831347e+01
8.468250555570969951e+00 9.234793685349973913e+00 1.129657035260558473e+01 1.235590714198289497e+01 1.488958050897432805e+01 1.642573362772453294e+01
8.493374252636019861e+00 9.305758196102546620e+00 1.134259894350970477e+01 1.245550181969748671e+01 1.479641097017988294e+01 1.638728936587236618e+01
8.519904926671204137e+00 9.377328748731530439e+00 1.139002188413571659e+01 1.255408226746935085e+01 1.470172911009094463e+01 1.634748584386024106e+01
8.547894871383107329e+00 9.449336744447794700e+00 1.143877508794849085e+01 1.265118177386872667e+01 1.460589425912029604e+01 1.630634944564629762e+01
8.577382072043700845e+00 9.521617093780651686e+00 1.148878443397648574e+01 1.274626865724370717e+01 1.450935065594470075e+01 1.626391128258832453e+01
8.608406751256762135e+00 9.594003346878100302e+00 1.153997434819006784e+01 1.283869164672191943e+01 1.441266901821862234e+01 1.622020212430583896e+01
8.641003726426378151e+00 9.666337671183613978e+00 1.159226390878404978e+01 1.292760947690883278e+01 1.431663091605842553e+01 1.617525941244594989e+01
8.675204732681697450e+00 9.738463562309823018e+00 1.164557367336995597e+01 1.301184431066343095e+01 1.422236692607007669e+01 1.612912387955323723e+01
8.711037703076737415e+00 9.810229032021975826e+00 1.169981878223662441e+01 1.308963015119736362e+01 1.413160620988004013e+01 1.608183994437474951e+01
8.748528312813284913e+00 9.881484679923648429e+00 1.175491586338240779e+01 1.315818276876857240e+01 1.404711045515717949e+01 1.603345772234187194e+01
8.787695282240393979e+00 9.952083516735456215e+00 1.181077563353970028e+01 1.321304752646229552e+01 1.397332174996884468e+01 1.598403182523029820e+01
8.828555008479616717e+00 1.002188280599100700e+01 1.186731007044597952e+01 1.324760821012930201e+01 1.391685492170686267e+01 1.593362378676599356e+01
8.871117574815766460e+00 1.009072962285985220e+01 1.192442271123517727e+01 1.325432579304879077e+01 1.388523632596407253e+01 1.588229336232670974e+01
8.915393218558072874e+00 1.015850505994013098e+01 1.198203013059124267e+01 1.322940970620186185e+01 1.388231404862328233e+01 1.583012836725513139e+01
8.961381881150611406e+00 1.022505823557758475e+01 1.204003125643827588e+01 1.317646881674363968e+01 1.390448309078879774e+01 1.577720225520248931e+01
9.009083370866571627e+00 1.029026000507902339e+01 1.209832950660838868e+01 1.310344717285064142e+01 1.394384440083845433e+01 1.572360525619035521e+01
9.058490313855482867e+00 1.035395891156669101e+01 1.215681765012573834e+01 1.301759343157030457e+01 1.399317144872723695e+01 1.566943356612816451e+01
9.109590073110270581e+00 1.041602494082624020e+01 1.221539039643657354e+01 1.292382379866216446e+01 1.404760756868564897e+01 1.561479559404868667e+01
9.162367119318126640e+00 1.047632400220169124e+01 1.227393450927381480e+01 1.282517861911894563e+01 1.410417198093580815e+01 1.555980928679643860e+01
9.216797353973090523e+00 1.053472174271897366e+01 1.233232810597154128e+01 1.272353697281194052e+01 1.416105535324373221e+01 1.550460588083116242e+01
9.272850795026894133e+00 1.059108320434368444e+01 1.239044098666925819e+01 1.262010629327908084e+01 1.421712518276887494e+01 1.544932781427710644e+01
9.330489009018540614e+00 1.064528032261542556e+01 1.244812504751025095e+01 1.251571416645184698e+01 1.427164994092019157e+01 1.539413488237250860e+01
9.389661686647290395e+00 1.069718018344000221e+01 1.241093246255137572e+01 1.250524713048971392e+01 1.432413400858150787e+01 1.533920405916618179e+01
9.450307739091829973e+00 1.074665799489295637e+01 1.230626086066806302e+01 1.256159685143932414e+01 1.437423447586135694e+01 1.528473473045081121e+01
9.512345475782515436e+00 1.079358897683034968e+01 1.220206542628698720e+01 1.261699629083664931e+01 1.442169806163245660e+01 1.523094552019050951e+01
9.575673092460373681e+00 1.083785383980334061e+01 1.209869554581187323e+01 1.267122003562636223e+01 1.446634201586907764e+01 1.517808688631065195e+01
9.640156899684038549e+00 1.087933665126236171e+01 1.199648415583672367e+01 1.272401384129970481e+01 1.450802407552373730e+01 1.512643734918477101e+01
9.705620115831296246e+00 1.091792831362235816e+01 1.189577527207276830e+01 1.277508878420336735e+01 1.454663661986288758e+01 1.507631251273251216e+01
9.771827979269549047e+00 1.095352582979836598e+01 1.179694743435916848e+01 1.282411649381860919e+01 1.458209303103678778e+01 1.502806589902549028e+01
9.838464606169162963e+00 1.098603183972508823e+01 1.170044237247170571e+01 1.287072256670122350e+01 1.461432598923961557e+01 1.498209460019916861e+01
9.905093275849182533e+00 1.101535671185873078e+01 1.160680382675319855e+01 1.291448860190686965e+01 1.464328179714488165e+01 1.493884078084796130e+01
9.971107192703739130e+00 1.104142215731699217e+01 1.151673638666617805e+01 1.295494886172566495e+01 1.466891681761748778e+01 1.489878939536673030e+01
1.003564620419426845e+01 1.106415380248720659e+01 1.143118069668749293e+01 1.299159776451822168e+01 1.469119558251249380e+01 1.486246349670620148e+01
1.009748272059580643e+01 1.108348939466007899e+01 1.135143725865273545e+01 1.302390050501067975e+01 1.471009064617828876e+01 1.483041376272533718e+01
1.015486120980920148e+01 1.109937584018693180e+01 1.127932266996261390e+01 1.305131282184636632e+01 1.472558055343072070e+01 1.480319805405752831e+01
1.020532258730364283e+01 1.111176994791844841e+01 1.121734609584828668e+01 1.307330975276988205e+01 1.473764566328983783e+01 1.478135020111984765e+01
1.024562386830786309e+01 1.112063681376868907e+01 1.116878775722088157e+01 1.308941855641454843e+01 1.474627519048074120e+01 1.476535200041456442e+01
1.027202336088518742e+01 1.112595029957608794e+01 1.113741145606103622e+01 1.309925649840721995e+01 1.475145159767388492e+01 1.475558573199580792e+01
1.028127170962624959e+01 1.112643180638168516e+01 1.112774900925472465e+01 1.310258471568051242e+01 1.475223105297184745e+01 1.475322100591437291e+01
1.028127170962624959e+01 1.112643180638168516e+01 1.112774900925472465e+01 1.310258471568051242e+01 1.475223105297184745e+01 1.475322100591437291e+01
1.027869853406357237e+01 1.106088404283266513e+01 1.119200383259899922e+01 1.310327841612873989e+01 1.469956638136849136e+01 1.480576122595178035e+01
1.027096596087881153e+01 1.099367654048846710e+01 1.125529780545842051e+01 1.310529109026220951e+01 1.464619748890075357e+01 1.485879973877977811e+01
1.025816853445861376e+01 1.092523950116930820e+01 1.131720178035412339e+01 1.310858723086435873e+01 1.459282765298520523e+01 1.491158467627293760e+01
1.024043244681717901e+01 1.085563739285979068e+01 1.137769843456134033e+01 1.311308511920219999e+01 1.453955650330634164e+01 1.496404110428653489e+01
1.021792973476447131e+01 1.078493041952300757e+01 1.143677217871045926e+01 1.311867763373318496e+01 1.448645813935337934e+01 1.501609448483802822e+01
1.019086573025075459e+01 1.071318683613168865e+01 1.149441480894905077e+01 1.312523882112736828e+01 1.443360772852284768e+01 1.506766685124557270e+01
1.015948154624741839e+01 1.064047904937664768e+01 1.155061981613430078e+01 1.313262405866194804e+01 1.438108131424777447e+01 1.511868544414101123e+01
1.012403874541496940e+01 1.056688810567708181e+01 1.160538300854490856e+01 1.314068225039201998e+01 1.432895527418523152e+01 1.516907757606570151e+01
1.008482107681544804e+01 1.049249839003186935e+01 1.165870430495046506e+01 1.314925615496403388e+01 1.427730787357212705e+01 1.521876876885462515e+01
1.004212432847289449e+01 1.041740563827637089e+01 1.171058184182724737e+01 1.315818902922928935e+01 1.422621700645411735e+01 1.526769246106801603e+01
9.996252458111731798e+00 1.034170669697889444e+01 1.176101577678226917e+01 1.316732816325823485e+01 1.417576054010314657e+01 1.531578130399885396e+01
9.947515766105246016e+00 1.026550832476605279e+01 1.181000446836834428e+01 1.317652837583387360e+01 1.412601912949099336e+01 1.536296803012378120e+01
9.896225561302079754e+00 1.018892514805617822e+01 1.185754730520470268e+01 1.318565520471995889e+01 1.407706833249200784e+01 1.540919490437307005e+01
9.842692743947488054e+00 1.011207635972338892e+01 1.190364043419075024e+01 1.319458541987975408e+01 1.402898638991389468e+01 1.545440321294798380e+01
9.787226277432759858e+00 1.003508923283174603e+01 1.194828074945620600e+01 1.320320795201007869e+01 1.398184699817917220e+01 1.549853978808182831e+01
9.730132668720637312e+00 9.958104137648824405e+00 1.199146281407213444e+01 1.321142674586242549e+01 1.393572473643378196e+01 1.554155368201381471e+01
9.671714488104695917e+00 9.881263498709635940e+00 1.203318061696511876e+01 1.321915858653734333e+01 1.389068726061793235e+01 1.558339635816693303e+01
9.612270028189787041e+00 9.804722157716010855e+00 1.207342813489463929e+01 1.322633466206625030e+01 1.384680173271201831e+01 1.562402633496054882e+01
9.552094064854813382e+00 9.728644287643605892e+00 1.211219825650377580e+01 1.323290054899386270e+01 1.380413056793480031e+01 1.566340277864831521e+01
9.491478081331116812e+00 9.653202751551539507e+00 1.214948279143760246e+01 1.323881375078251388e+01 1.376273221412153980e+01 1.570148861242986271e+01
9.430706976669380737e+00 9.578578235993713719e+00 1.218527636795881186e+01 1.324404604854760237e+01 1.372266001031638005e+01 1.573824821167945842e+01
9.370064651385186849e+00 9.504962668755744915e+00 1.221957288157601873e+01 1.324858247894444752e+01 1.368396475180169958e+01 1.577364889201955833e+01
9.309828778764295265e+00 9.432552166989136566e+00 1.225236603020951698e+01 1.325241893383097036e+01 1.364669190726936243e+01 1.580766160748770410e+01
9.250271112822680664e+00 9.361552486200853451e+00 1.228365126219757997e+01 1.325556295156112974e+01 1.361088287131727093e+01 1.584025780774199710e+01
9.191661053724420327e+00 9.292173592318915709e+00 1.231342612754644428e+01 1.325803407698702863e+01 1.357657675963432098e+01 1.587141106039165805e+01
9.134259764879622878e+00 9.224630251071014087e+00 1.234168785312708572e+01 1.325986027448807114e+01 1.354380771117025972e+01 1.590109769789405547e+01
9.078323213434742911e+00 9.159139304477248444e+00 1.236843518362783456e+01 1.326108154205195433e+01 1.351261034989674137e+01 1.592929378757358982e+01
9.024100028726241618e+00 9.095920091276685326e+00 1.239366744139806542e+01 1.326174330642387211e+01 1.348301393873454224e+01 1.595597892912715210e+01
8.971830657626197691e+00 9.035189677756527260e+00 1.241738342615673574e+01 1.326189978672802106e+01 1.345504683755432573e+01 1.598113163754114829e+01
8.921746693030282671e+00 8.977165420076136826e+00 1.243958345583898861e+01 1.326161017809272735e+01 1.342873666633888163e+01 1.600473702331391834e+01
8.874069660421207928e+00 8.922058748995784327e+00 1.246026633905494840e+01 1.326093957896947551e+01 1.340410943988575632e+01 1.602677517954267827e+01
8.829012133330088830e+00 8.870077674258551426e+00 1.247943338802499902e+01 1.325995576481616567e+01 1.338118966197298398e+01 1.604723350408649551e+01
8.786761616612983161e+00 8.821410971018950775e+00 1.249708194237815206e+01 1.325872528113715454e+01 1.335999958356638473e+01 1.606609741869560182e+01
8.747528882742596323e+00 8.776273878839015552e+00 1.251321142007132892e+01 1.325732247690123700e+01 1.334056583752230551e+01 1.608335490937604106e+01
8.711477140720859325e+00 8.734836532381070384e+00 1.252781783567347773e+01 1.325581275859805075e+01 1.332290850163316520e+01 1.609899575988026754e+01
8.678767573223568732e+00 8.697269696921106075e+00 1.254090172639858203e+01 1.325426300859126627e+01 1.330704822426895184e+01 1.611301151720356373e+01
8.649547091688292610e+00 8.663730243832519662e+00 1.255245735778354721e+01 1.325273402781743748e+01 1.329300422172904206e+01 1.612539311905492312e+01
8.623946889785775838e+00 8.634360426242439601e+00 1.256248253039788310e+01 1.325128446053728304e+01 1.328079424533118669e+01 1.613613706924151003e+01
8.602083009903495281e+00 8.609287081566622035e+00 1.257097272193185944e+01 1.324996595050790305e+01 1.327043395894807354e+01 1.614523463728561836e+01
8.584056334377480724e+00 8.588620807981467209e+00 1.257793445451279979e+01 1.324883195716377493e+01 1.326194694213234371e+01 1.615269361982933205e+01
8.569946024500897153e+00 8.572451832939810501e+00 1.258334644680836334e+01 1.324790206674238036e+01 1.325532679289808868e+01 1.615849045590369570e+01
8.559815725776751094e+00 8.560857814176896952e+00 1.258721437391593057e+01 1.324723332643068829e+01 1.325059233331589148e+01 1.616263403522583175e+01
8.553663451814212948e+00 8.553934725585225607e+00 1.258953601576860848e+01 1.324680947267892606e+01 1.324775243545878212e+01 1.616512006338671625e+01
8.551468044000266389e+00 8.551765085654746912e+00 1.259031015564267975e+01 1.324664122054234916e+01 1.324683109170473649e+01 1.616594901501983017e+01
