-5.936326368989184580e-12 1.618565819889043908e-12 2.127425354664303701e-13 -1.617972051580299380e-15 -1.299265887478280548e-15 1.514667708283443932e-16
2.094774934734477068e+00 -3.324224635245683346e-01 5.700748420599917321e-02 -1.980631950582237982e-03 -1.926815661994532580e-02 -2.861879610268507935e-03
2.176485822950338100e+00 -4.792342480471675215e-01 6.632300253524793521e-02 6.745108411586453814e-03 -4.845599166892050613e-02 -5.628972448274364125e-03
2.224946063694223763e+00 -5.862486719434688576e-01 6.637014358696344263e-02 1.743120467163735213e-02 -7.804798620867881009e-02 -8.201756406792529500e-03
2.172401218927878741e+00 -6.077765443425379166e-01 6.367153585761109458e-02 2.632809763966649161e-02 -1.035614185402225912e-01 -1.046459168492172402e-02
2.046986535321804634e+00 -5.736538904365285907e-01 5.882986370717371155e-02 3.228373701258403783e-02 -1.231645937926486023e-01 -1.229513643790396474e-02
1.871888764644143111e+00 -5.062962154853284380e-01 5.154926829141985578e-02 3.504014049953414756e-02 -1.359953967585690593e-01 -1.354969020643906862e-02
1.663328631267185775e+00 -4.202674649214153679e-01 4.143601087447316977e-02 3.471767646018846659e-02 -1.416669016878215337e-01 -1.408006246318099092e-02
1.433885010215917744e+00 -3.261489927805016897e-01 2.806796367185352206e-02 3.171512568394520282e-02 -1.401832994829627088e-01 -1.372917885173296874e-02
1.194188823540867306e+00 -2.322111200370319262e-01 1.126208813258487360e-02 2.665229759221798139e-02 -1.319121925960737018e-01 -1.236023361976178007e-02
9.535635486712148445e-01 -1.452775935985227418e-01 -9.041163166422842151e-03 2.033305510604457508e-02 -1.175621246100113509e-01 -9.847709439727755573e-03
7.203340131747265618e-01 -7.088342390226649858e-02 -3.264938822711833943e-02 1.367359791815142382e-02 -9.812738574890064736e-02 -6.114180071231333641e-03
5.016849536035028478e-01 -1.327933603320136276e-02 -5.918477710369859923e-02 7.635260818349543996e-03 -7.483495490766252367e-02 -1.124895455498984773e-03
3.034070561216178907e-01 2.475034126939061954e-02 -8.795625586880831404e-02 3.128611556700685876e-03 -4.904475947603709890e-02 5.080495997834836436e-03
1.297645367087497115e-01 4.203360815693314018e-02 -1.181030637742032235e-01 9.220586316786731412e-04 -2.216144036828332844e-02 1.239306105110078889e-02
-1.657528613586481056e-02 3.897493294328504415e-02 -1.485108304493652498e-01 1.570016747796343544e-03 4.454725343585353402e-03 2.061278930475767684e-02
-1.347620715319309270e-01 1.767179943263544328e-02 -1.779903255387335348e-01 5.324029311963959961e-03 2.960867563904312841e-02 2.946830880512404244e-02
-2.254271511429883634e-01 -1.846546392076762327e-02 -2.052727952460733640e-01 1.211699245981710457e-02 5.231250235111934571e-02 3.861292977842675084e-02
-2.907001654880165820e-01 -6.488463798101645752e-02 -2.290597168389692795e-01 2.153561079408628995e-02 7.187772716148588259e-02 4.763280229529177900e-02
-3.336554671258056826e-01 -1.164380565734529915e-01 -2.481806694269359514e-01 3.285975792573379156e-02 8.790355231174265538e-02 5.608277054453004312e-02
-1.677422552528645416e-01 -3.581591637241667847e-01 -2.615843284792542800e-01 1.003147351293612183e-01 4.510789259992166456e-02 6.349375094684277243e-02
-2.137891882513540676e-01 -3.682506244147977226e-01 -2.684605602890186571e-01 1.092803765100527347e-01 5.715239943811132456e-02 6.941320834996887734e-02
-2.503540490686097519e-01 -3.678371350705745835e-01 -2.682731421700302876e-01 1.151731267683216986e-01 6.782373134640948265e-02 7.342987690953856061e-02
-2.743285176180207952e-01 -3.603868896381753339e-01 -2.607966410226305043e-01 1.184890829527513595e-01 7.603531159779070014e-02 7.520246082382189834e-02
-2.838140265964747555e-01 -3.487830087898914355e-01 -2.461634003778316870e-01 1.197846480098067323e-01 8.086477961888134669e-02 7.449297995985809662e-02
-2.783218057800180278e-01 -3.351139540978196329e-01 -2.247675822167436444e-01 1.195733765463568299e-01 8.168594482817358171e-02 7.116039605182625238e-02
-2.587145971289283031e-01 -3.206275390009296622e-01 -1.974145565545133152e-01 1.182514315405725075e-01 7.823785541245310837e-02 6.522308784069169585e-02
-2.268702108591761912e-01 -3.059332980412129421e-01 -1.651387182688515143e-01 1.160955249206509360e-01 7.060505814319636975e-02 5.682384868015551843e-02
-1.855920802775203327e-01 -2.909902531296321149e-01 -1.292234368277913603e-01 1.132055316644378223e-01 5.925917879063871685e-02 4.624956150840551367e-02
-1.382375198286459606e-01 -2.753371354616030442e-01 -9.108676280763423894e-02 1.095263549696108979e-01 4.498634092434698056e-02 3.390412771599284059e-02
-8.836780651306870571e-02 -2.582818554801010746e-01 -5.226028439705291545e-02 1.048890444982320674e-01 2.881144076949274449e-02 2.030691005626433787e-02
-3.948830050470371333e-02 -2.390470176299480110e-01 -1.428750241552223001e-02 9.904073976037672256e-02 1.190740907185592473e-02 6.059924840586789797e-03
5.280017131610753242e-03 -2.169753176812473094e-01 2.136076037608472533e-02 9.171751537850274250e-02 -4.529479040038638521e-03 -8.187177757182643317e-03
4.334996449076532199e-02 -1.916119343004191178e-01 5.336332402486117232e-02 8.268454888642148837e-02 -1.936079831551405783e-02 -2.177484368243032264e-02
7.288682972056254039e-02 -1.628619198011522773e-01 8.058120660157250259e-02 7.181174667609317719e-02 -3.162555264531567017e-02 -3.405811534855508749e-02
9.286708497886905778e-02 -1.310123292007543405e-01 1.021375556396917489e-01 5.910521593158996750e-02 -4.060747138258440081e-02 -4.445428187065117442e-02
1.031020689572843124e-01 -9.675978324953631027e-02 1.174401543313570578e-01 4.474156476896041373e-02 -4.589018308353117609e-02 -5.247078592317763746e-02
1.041647586005155501e-01 -6.114258211261767301e-02 1.262054008094226354e-01 2.906337772309522394e-02 -4.737255208927751426e-02 -5.773526287990542877e-02
9.724905829078585306e-02 -2.545208187599383096e-02 1.284632692772506857e-01 1.256332827106263275e-02 -4.525006324390537515e-02 -6.001831039118192546e-02
8.399175436464914601e-02 8.905164814510426255e-03 1.245317967175652574e-01 -4.157862875685790389e-03 -3.997253820186309758e-02 -5.924146766070757797e-02
4.042320792462195805e-02 6.639036411860471665e-02 1.149932503634337605e-01 -3.223961575058226919e-02 -2.038028123589357560e-02 -5.548345887583251701e-02
6.785604284885068949e-02 4.638331471242623100e-02 1.006617811083978242e-01 -2.282382901953646653e-02 -3.542479570444079240e-02 -4.897978235430768684e-02
9.013699176652030520e-02 2.586251299373717658e-02 8.252466736490267352e-02 -1.258420766807667387e-02 -4.861544053499455148e-02 -4.010529732886290721e-02
1.065667233915630202e-01 6.426903681971634849e-03 6.168118035285934109e-02 -2.341262986200744103e-03 -5.938167576903587153e-02 -2.935037931928744653e-02
1.168295703325089169e-01 -1.069102909660290743e-02 3.928913065816373729e-02 7.178685015359832083e-03 -6.728909779184130691e-02 -1.729583567320408868e-02
1.209753710264820231e-01 -2.465021911077739172e-02 1.650326375731918371e-02 1.538457563090100261e-02 -7.206067330463909737e-02 -4.578648987859691016e-03
1.193793297018185817e-01 -3.499906148336066891e-02 -5.583218627739350119e-03 2.185315991044077533e-02 -7.359025574405406167e-02 8.145527797578579199e-03
1.126751203605046991e-01 -4.163243681596961315e-02 -2.598465964414792620e-02 2.634066184883804979e-02 -7.194160632335309946e-02 2.023724288478433511e-02
1.016749770630367977e-01 -4.472595306828613254e-02 -4.386659891163229019e-02 2.877599049984900376e-02 -6.733344413275134388e-02 3.110999398809339775e-02
8.729028092390234139e-02 -4.466440938742835542e-02 -5.857227211955830237e-02 2.924433371923068278e-02 -6.011774598674486658e-02 4.025951119267395795e-02
7.046133536736616521e-02 -4.196325525487548669e-02 -6.963923518378561939e-02 2.795369850717429813e-02 -5.074926796903175136e-02 4.728813490205516223e-02
5.210572009834781027e-02 -3.720994361762647307e-02 -7.681556212051940391e-02 2.520752046445078401e-02 -3.976017746885226328e-02 5.192915825289850379e-02
3.307196692145582262e-02 -3.100694286467824481e-02 -8.003927251918081798e-02 2.136389000951968015e-02 -2.772240813317793789e-02 5.404760808602505906e-02
1.411940590809725345e-02 -2.393260770313110006e-02 -7.942947437058264781e-02 1.680504686864673844e-02 -1.522418040395391407e-02 5.364562969295663675e-02
-4.094614181506634268e-03 -1.650747454303578415e-02 -7.528150597767535590e-02 1.190310634170720604e-02 -2.842818376551637955e-03 5.086796908397905881e-02
-2.102286008435273398e-02 -9.184177780312864636e-03 -6.800954945717246902e-02 7.000998226505258590e-03 8.879456814072764909e-03 4.597026748689542891e-02
-3.621838555632423545e-02 -2.329998295029544423e-03 -5.814021012718458697e-02 2.389053558312394503e-03 1.945114481367291731e-02 3.931572680523996027e-02
-4.933755622824782111e-02 3.772499438433028502e-03 -4.625824399777603291e-02 -1.704739072156030971e-03 2.845281054888878364e-02 3.133656430418116368e-02
-6.012608691189001708e-02 8.928277099648558590e-03 -3.299314491630867680e-02 -5.124513289282145792e-03 3.554822816176249345e-02 2.251819229122506774e-02
1.301564003996760928e-02 -6.841258438091506189e-02 -1.896842866898332258e-02 4.049493353583144550e-02 -7.780149382996853075e-03 1.335476816973632345e-02
1.599355178445650838e-02 -7.411415781616166598e-02 -4.811628480002360861e-03 4.316118714467761380e-02 -9.652152612064467466e-03 4.343550372764543900e-03
1.787471340238455317e-02 -7.720996203251297152e-02 8.907701231226649446e-03 4.351982928602945999e-02 -1.077264355839346530e-02 -4.071886232462964932e-03
1.873036388055232884e-02 -7.775357180613623465e-02 2.166946735376636124e-02 4.166014367275975433e-02 -1.122203964045863367e-02 -1.150957485971468471e-02
1.867369046795209347e-02 -7.586643337928872244e-02 3.302028809165917511e-02 3.778351238783423521e-02 -1.111186974396502838e-02 -1.767246981325070951e-02
1.785557497720864292e-02 -7.173373432078272716e-02 4.258348099250433560e-02 3.219427168421117730e-02 -1.057474251721705720e-02 -2.236231606857396609e-02
1.644796760850653072e-02 -6.559851673591046706e-02 5.006215654009338323e-02 2.528238039098527207e-02 -9.747524770267872521e-03 -2.548210542287904917e-02
1.464166955322709733e-02 -5.775826616555086029e-02 5.526921990081539587e-02 1.750080150023741732e-02 -8.765370657252382486e-03 -2.705072084014218531e-02
1.263205260544247865e-02 -4.855637347319987501e-02 5.809552592229678264e-02 9.334261606747683293e-03 -7.751404550669612273e-03 -2.716426327969139604e-02
1.061893166145716841e-02 -3.838010819953765335e-02 5.854334660775523808e-02 1.268487105532914655e-03 -6.817421111510017957e-03 -2.599951032886189256e-02
8.793756923900209604e-03 -2.764100782976124104e-02 5.675880872522599124e-02 -6.250560145469784279e-03 -6.059671388183031707e-03 -2.381452802506226277e-02
7.336094483014410188e-03 -1.677327858517129247e-02 5.296020876230943947e-02 -1.284175486699461188e-02 -5.560625053658680393e-03 -2.087268260276031739e-02
6.408217772171468166e-03 -6.217225343831424972e-03 4.748230130121781911e-02 -1.821553861509377439e-02 -5.388004059755999685e-03 -1.746007622484142124e-02
6.153277758100276530e-03 3.591384775356041940e-03 4.074486205734290101e-02 -2.218299024073853293e-02 -5.597396035252259587e-03 -1.385538181240107865e-02
6.693778310269487240e-03 1.223389565607622617e-02 3.320036211860618452e-02 -2.465713874154523005e-02 -6.229100478715568490e-03 -1.029477930637908746e-02
8.120147469795124112e-03 1.932570220293613680e-02 2.533297651480094850e-02 -2.564976902269133427e-02 -7.295201604567490977e-03 -6.984890815865977751e-03
1.049154082927117836e-02 2.453229008905444611e-02 1.758388672104227099e-02 -2.525219043609452929e-02 -8.781702411411719533e-03 -4.065828530020853225e-03
1.380904583684393512e-02 2.760428024080776102e-02 1.034557743018755735e-02 -2.363295842096787072e-02 -1.062655880661722910e-02 -1.629220360825565624e-03
1.797667282623909707e-02 2.842480041893574033e-02 3.929784785813962046e-03 -2.103090548769429025e-02 -1.270530446158894822e-02 2.857023669303634093e-04
2.297263875372683450e-02 2.684719244067379842e-02 -1.437262095714591549e-03 -1.760499912034324196e-02 -1.496661927867692921e-02 1.679486581685052989e-03
2.372020014938472018e-02 2.783254595705512285e-02 -5.627457685411693319e-03 -1.679324908879764947e-02 -1.406556816371140259e-02 2.591235987919470081e-03
1.930245979163825593e-02 3.223693799912085572e-02 -8.595801456923207740e-03 -1.811369064700892040e-02 -1.055837487170271753e-02 3.081726646980823860e-03
1.437803598290689384e-02 3.539878398026106293e-02 -1.037295607175316159e-02 -1.863449830554475897e-02 -7.433965282592457091e-03 3.226798283833140490e-03
9.815331563797923334e-03 3.650870514662087063e-02 -1.104417193210456734e-02 -1.813110047650511730e-02 -4.964683445818372787e-03 3.104361739730429181e-03
6.128532598388997978e-03 3.516831419949212334e-02 -1.073349394580188840e-02 -1.660567604006802853e-02 -3.189924683219675077e-03 2.786807220406587599e-03
3.492377965501277520e-03 3.137147605379508181e-02 -9.588592957033121103e-03 -1.420328497038522188e-02 -2.005404829120380119e-03 2.335300621637731965e-03
1.799307627376609204e-03 2.544472060147166120e-02 -7.775461744014875755e-03 -1.114463365208399719e-02 -1.236298236966689801e-03 1.801565592749346766e-03
8.174074838109178986e-04 1.787821036104202468e-02 -5.459724845880697952e-03 -7.645246353754252093e-03 -7.183299557445953091e-04 1.219370426996099505e-03
2.980428347108782065e-04 9.211890189686509911e-03 -2.812667275583359116e-03 -3.882800724538679107e-03 -3.324919052883725033e-04 6.144009621601091535e-04
-8.341843479305677807e-15 3.021125984779687104e-15 -5.700506740917773997e-15 -3.836784476705548812e-15 -1.031262414880639307e-15 5.754035420255086015e-15
-8.341843479305677807e-15 3.021125984779687104e-15 -5.700506740917773997e-15 -3.836784476705548812e-15 -1.031262414880639307e-15 5.754035420255086015e-15
-1.190768096292130901e-01 2.036095760956196266e+00 -4.225480001823120335e-01 -3.952142950490318274e-01 1.260385331566068468e+00 -4.606594706558504448e-01
-2.642747103972149514e-01 4.088636115132048943e+00 -8.448717168899640972e-01 -7.885323852678449708e-01 2.510246524418526359e+00 -9.211229926100890086e-01
-4.039401959608184822e-01 6.116341524629484105e+00 -1.266768562272519993e+00 -1.181675771147115972e+00 3.742882246986783734e+00 -1.381190460404715825e+00
-5.425509255649729745e-01 8.114483794870269051e+00 -1.688073428550082911e+00 -1.574421595401422680e+00 4.950104481092109765e+00 -1.840658023886632355e+00
-6.811065861382100683e-01 1.007422124484577175e+01 -2.108627403671134548e+00 -1.966480768764591325e+00 6.124059950383297313e+00 -2.299270182826167019e+00
-8.199195679105463208e-01 1.198691268182855474e+01 -2.528477987695312734e+00 -2.357562783133093198e+00 7.257718851168099228e+00 -2.756895520220719042e+00
-9.591125611503187320e-01 1.384416759839639788e+01 -2.947627982448575601e+00 -2.747356848917421601e+00 8.344828654794964606e+00 -3.213243220063889183e+00
-1.098666491852034577e+00 1.563787225941966241e+01 -3.366218962898234857e+00 -3.135530772513773101e+00 9.379946094574037829e+00 -3.668046454707960091e+00
-1.238448354277262631e+00 1.736045040285176100e+01 -3.784483399958999073e+00 -3.521737830457150498e+00 1.035848836126754335e+01 -4.121015763837580614e+00
-1.378219336219827174e+00 1.900513265062239654e+01 -4.202761162542398843e+00 -3.905627085426598200e+00 1.127670639576431277e+01 -4.571822287605546542e+00
-1.517616266859548535e+00 2.056588443339237671e+01 -4.621477717019259579e+00 -4.286861195039048056e+00 1.213168330490106150e+01 -5.020104592294909907e+00
-1.656177741411205107e+00 2.203766326035839995e+01 -5.041135260146044850e+00 -4.665126210427339437e+00 1.292148608324136028e+01 -5.465457960409715987e+00
-1.793347862559489636e+00 2.341633707475026327e+01 -5.462277771812984462e+00 -5.040143048696631212e+00 1.364422252733439578e+01 -5.907473676277990471e+00
-1.928411607173903031e+00 2.469886744620448837e+01 -5.885486881782358459e+00 -5.411660947439867364e+00 1.429934104328621558e+01 -6.345687132410597009e+00
-2.060877620125357801e+00 2.588317599498775223e+01 -6.311342969497142796e+00 -5.779514376969220990e+00 1.488666394448398833e+01 -6.779620970030113547e+00
-2.190000072582399593e+00 2.696810398201480652e+01 -6.740367751717108113e+00 -6.143526925802031080e+00 1.540657926027795810e+01 -7.208803743533358954e+00
-2.315188357401203323e+00 2.795329889523744171e+01 -7.173021704562676071e+00 -6.503555022749901937e+00 1.586002169463896472e+01 -7.632763058798257561e+00
-2.435957333024631577e+00 2.883905629889229516e+01 -7.609659016086797401e+00 -6.859457146984184739e+00 1.624847004056963229e+01 -8.051045012613373686e+00
-2.552008240804911843e+00 2.962614760700647309e+01 -8.050488882780333810e+00 -7.211062223168785756e+00 1.657396337436025391e+01 -8.463239473545819180e+00
-2.663256615997234622e+00 3.031561135625590353e+01 -8.495588695063233331e+00 -7.558149614402689842e+00 1.683913029992244503e+01 -8.868964311243134446e+00
-2.769891727994182595e+00 3.090855358402798458e+01 -8.944858854376656510e+00 -7.900416520594111702e+00 1.704723363698190397e+01 -9.267898237805750838e+00
-2.872395687016584986e+00 3.140594996611454093e+01 -9.398006936295503877e+00 -8.237456883092898252e+00 1.720223675238842276e+01 -9.659709587845460632e+00
-2.971550923185993121e+00 3.180844082065426193e+01 -9.854758173063578042e+00 -8.568744703464894030e+00 1.730874820969737726e+01 -1.004426240105592782e+01
-3.068428562704295981e+00 3.211620489523108546e+01 -1.031458308583936656e+01 -8.893625592552909964e+00 1.737221585617498576e+01 -1.042129097834552276e+01
-3.164358325565477692e+00 3.232881600990625515e+01 -1.077694445586303829e+01 -9.211312767239292043e+00 1.739883848183125892e+01 -1.079059413451436100e+01
-3.260862046467811748e+00 3.244517118937054079e+01 -1.124130089070553495e+01 -9.520906026189727811e+00 1.739559195079632659e+01 -1.115195376192841792e+01
-3.359592154560545829e+00 3.246343123374384021e+01 -1.170718956574551406e+01 -9.821406724024472013e+00 1.737021332825985453e+01 -1.150508221703360512e+01
-3.462202612629931675e+00 3.238111817706830919e+01 -1.217417326487642804e+01 -1.011156276399736598e+01 1.733123481531404764e+01 -1.184971683811403409e+01
-3.570361784661483906e+00 3.219528535167256678e+01 -1.264204755367888211e+01 -1.039066554796835007e+01 1.728760618311796904e+01 -1.218539568244935722e+01
-3.685604275637106575e+00 3.190167007973294133e+01 -1.311084901120483082e+01 -1.065749350049288680e+01 1.724866799270831663e+01 -1.251167150752209167e+01
-3.809167454959714316e+00 3.149654177439637692e+01 -1.358079323955116635e+01 -1.091108671173446254e+01 1.722433035014874392e+01 -1.282788427531865239e+01
3.838329957883875210e+00 -3.150011227194177721e+01 1.359355658869332473e+01 1.088055886175858689e+01 -1.721271319150726598e+01 1.281816082592205674e+01
3.975706385230734163e+00 -3.097091731129896530e+01 1.406369899511450683e+01 1.111403821680975845e+01 -1.721721955530978221e+01 1.312471119597839575e+01
4.120936544437102889e+00 -3.032221412074088462e+01 1.453599271102791946e+01 1.133321388834896482e+01 -1.725470396994495914e+01 1.341956227774357480e+01
4.274250432152679302e+00 1.501228719564759473e+01 -2.955139366908647247e+01 1.153731091619425797e+01 -1.733394718883330299e+01 1.370187787040501348e+01
4.435797697705830878e+00 1.549260961842701789e+01 -2.865444930326772166e+01 1.172548807472291976e+01 -1.746292922818841475e+01 1.397079112585584859e+01
4.605675140515434585e+00 1.597834149282807736e+01 -2.762969422157611277e+01 1.189683591600932289e+01 -1.764833926975239464e+01 1.422543566034199891e+01
4.783980574492414206e+00 1.647072659478021706e+01 1.205035346430818599e+01 -2.647683494613582411e+01 -1.789501690144180657e+01 1.446494495894340204e+01
4.970846964655486033e+00 1.697099250351130806e+01 1.218495985206519094e+01 -2.519774692678890204e+01 -1.820536896610136779e+01 1.468846724322028585e+01
5.166483001616273718e+00 1.748034357280400997e+01 1.229950051010349377e+01 -2.379704194951347418e+01 1.489521534585189144e+01 -1.857888141114393576e+01
5.371208424144004567e+00 1.799988982659015946e+01 1.239275134406272727e+01 -2.228246236415580839e+01 1.508452340096577160e+01 -1.901175903083890972e+01
5.585481186716471314e+00 1.853061312318024889e+01 1.246344314517301122e+01 -2.066499170923235340e+01 1.525565922454268453e+01 -1.949663441132740971e+01
5.809957885392304178e+00 1.907338377471052127e+01 1.251027324500376636e+01 -1.895888651526590962e+01 1.540806571796018076e+01 -2.002281301210723896e+01
6.045368135877074778e+00 1.962859469033716309e+01 1.253197622426520574e+01 -1.718036026077492906e+01 1.554138206827401447e+01 -2.057747291717817717e+01
6.292630714146246973e+00 2.019658334775304098e+01 1.252723864183325020e+01 -1.534787457747689210e+01 1.565522406237285935e+01 -2.114561094661755547e+01
6.553080592296726792e+00 2.077733920528799061e+01 1.249499112175373128e+01 -1.348007069120210666e+01 1.574948406314213933e+01 -2.171118829463540578e+01
6.827921268265062515e+00 2.137045355363254728e+01 1.243411945486144710e+01 -1.159538390153606713e+01 1.582412082755321414e+01 -2.225902965040234349e+01
7.118620915458534704e+00 2.197526356595583863e+01 1.234366266957853853e+01 -9.710226626972579211e+00 1.587918644348026831e+01 -2.277545381594288187e+01
7.426698225179240609e+00 2.259070178083339542e+01 1.222288471372126040e+01 -7.839105900297991703e+00 1.591496462221061137e+01 -2.324872036683255061e+01
7.753703419800046959e+00 2.321541896263583382e+01 1.207126364355726267e+01 -5.993636359875243791e+00 1.593184178279860319e+01 -2.366980469124793629e+01
8.101151607571338786e+00 2.384778632950024502e+01 1.188853836597107794e+01 -4.182546437453872556e+00 1.593034252077816326e+01 -2.403244427385258319e+01
8.470403882394570871e+00 2.448596249068690156e+01 1.167477700519207140e+01 -2.411792918908404637e+00 1.591109418323206270e+01 -2.433301783485201142e+01
8.862571421651010084e+00 2.512794791803994343e+01 1.143041575123519848e+01 -6.849061003951002480e-01 1.587481874349072797e+01 -2.457019929914523004e+01
9.278369491320511031e+00 2.577155890933677895e+01 1.115630647866968417e+01 9.963950714704898903e-01 1.582226496628224766e+01 -2.474462294356246517e+01
9.717983006606395691e+00 2.641488764704481085e+01 1.085375988593130536e+01 2.632323203499524755e+00 1.575428870981754770e+01 -2.485832675477438869e+01
1.018118063947151164e+01 2.705596476822396568e+01 1.052475751531360082e+01 4.224705725073000018e+00 1.567175596942413129e+01 -2.491428227491439884e+01
1.066677361362070897e+01 2.769296748782753426e+01 1.017162819741549740e+01 5.775317908187513893e+00 1.557542083165995095e+01 -2.491635528278664324e+01
1.117285931221272399e+01 2.832440782940779656e+01 9.797302736152577296e+00 7.286813590588899103e+00 1.546601752390488649e+01 -2.486869121019880779e+01
1.169671285436927555e+01 2.894914162435678762e+01 9.405196523663590824e+00 8.762133084582742981e+00 1.534420401640707254e+01 -2.477557932796814555e+01
1.223478010314462949e+01 2.956644242706991577e+01 8.999161034498788680e+00 1.020428862276096638e+01 1.521053120222360278e+01 -2.464125678537193664e+01
1.278273146925184811e+01 3.017604771123211904e+01 8.583336363818951043e+00 1.161624327885003360e+01 1.506541216284663598e+01 -2.446978411909960016e+01
1.333562033392184176e+01 3.077816709249409399e+01 8.162147120557461832e+00 1.300079831510645612e+01 1.490922462840276985e+01 -2.426496807836893055e+01
1.388792859385525347e+01 3.137345507902175612e+01 7.739781053252894338e+00 1.436053558930474239e+01 1.474212639166900018e+01 -2.403037365130686354e+01
1.443398496569561118e+01 3.196298814574734948e+01 7.320869167459324700e+00 1.569776385475452329e+01 1.456432561644018620e+01 -2.376899455933562777e+01
1.496789055498905086e+01 3.254819454874704832e+01 6.909211477533810708e+00 1.701448705108980519e+01 1.437585208570163253e+01 -2.348370220339245762e+01
1.548394072088776774e+01 3.313072334768128968e+01 6.508348444158994717e+00 1.831240428509806506e+01 1.417675828971171548e+01 -2.317695295867715188e+01
1.597682161816996427e+01 3.371236865663043858e+01 6.121257043094114891e+00 1.959289676900729660e+01 1.396710184613787575e+01 -2.285087414113131032e+01
1.644184022095560493e+01 3.429490953462025971e+01 5.750237480729791351e+00 2.085704593618340397e+01 1.374700220435472886e+01 -2.250730025204662965e+01
1.687513973955183744e+01 3.487995448203165694e+01 5.396865452489284287e+00 2.210564440721006108e+01 1.351667634241743876e+01 -2.214780075980349849e+01
1.727384883032850382e+01 3.546882070928813846e+01 5.061974670481226291e+00 2.333922028555771533e+01 1.327647382559880107e+01 -2.177372280123237758e+01
1.763626928656287163e+01 3.606238682463114742e+01 4.745655284745052604e+00 2.455805752919057738e+01 1.302690764369206100e+01 -2.138622532181581803e+01
1.796191799198824057e+01 3.666097247166185014e+01 4.447330523865817398e+00 2.576223078840569869e+01 1.276866990036333860e+01 -2.098632607244309867e+01
1.825161889805353255e+01 3.726425197254818045e+01 4.165828255681316428e+00 2.695163127827374794e+01 1.250263330894113700e+01 -2.057493472988225491e+01
1.850745174841126683e+01 3.787119845346119718e+01 3.899513226837004520e+00 2.812602335776664120e+01 1.222983930508688921e+01 -2.015290350984956547e+01
1.873269370001196066e+01 3.848006080492936576e+01 2.928504572848079235e+01 3.646423749975642448e+00 1.195146969213710086e+01 -1.972104421611514979e+01
1.893164987652493991e+01 3.908839104590640545e+01 3.042829015744359111e+01 3.404438267222281933e+00 1.166879719152004569e+01 -1.928018039297096209e+01
1.910950872684194124e+01 3.969310157466248512e+01 3.155530679859102250e+01 3.171420981991807775e+00 1.138314339759470073e+01 -1.883115285022038776e+01
1.927199823010746371e+01 4.029056883846074300e+01 3.266566268912123405e+01 2.945439659219334150e+00 1.109581191278781098e+01 -1.837485876628849013e+01
1.942521666932510627e+01 4.087681236428591802e+01 3.375895763104579572e+01 2.724810935416958735e+00 1.080798008266946830e+01 -1.791222913796151772e+01
1.957516542727302067e+01 4.144757190817651349e+01 3.483486809725526001e+01 2.508294986409280281e+00 1.052072173646279296e+01 -1.744440669791237042e+01
1.972751853363708463e+01 4.199857076703914061e+01 3.589316805333022842e+01 2.295387503514258576e+00 1.023488801478269750e+01 -1.697222007692710477e+01
1.988724820645778024e+01 4.252568754459813505e+01 3.693374633138988372e+01 2.085982305593478525e+00 9.951080039878471339e+00 -1.649693232034169199e+01
2.005834414272832333e+01 4.302516191139589807e+01 3.795662045003827956e+01 1.880676839509676457e+00 9.669623956030624967e+00 -1.601972603183774524e+01
2.024355719934716191e+01 4.349376780602659665e+01 3.896191854233253338e+01 1.680660816994378637e+00 9.390565208691159071e+00 -1.554180768808641488e+01
2.044421711545611942e+01 4.392901293572946031e+01 3.994990838124946464e+01 1.487652977982666158e+00 9.113681920894443067e+00 -1.506439305559775299e+01
2.066015978008399046e+01 4.432928298841183334e+01 4.092097981534004703e+01 1.303754599453275098e+00 8.838511890620896594e+00 -1.458868551450640183e+01
2.088971581962521284e+01 4.469390894783882828e+01 4.187559534651958160e+01 1.131312009067431790e+00 8.564420210186609594e+00 -1.411583882508883825e+01
2.112972859605628173e+01 4.502327818280807037e+01 4.281428122880794263e+01 9.727250749702320842e-01 8.290662299246253752e+00 -1.364693773485555361e+01
2.137582810543103307e+01 4.531883983652497960e+01 4.373762287226411871e+01 8.302438884660845453e-01 8.016464098224751922e+00 -1.318297772678688595e+01
2.162259834716091689e+01 4.558306034054798772e+01 4.464618819974673869e+01 7.056953507762561140e-01 7.740963043227077733e+00 -1.272488486906703287e+01
2.186390030641897653e+01 4.581933329774363273e+01 4.554051877335063381e+01 6.006400707767483027e-01 7.463921762095860224e+00 -1.227330085283866445e+01
2.209324153480903874e+01 4.603180242671842137e+01 4.642108407227020450e+01 5.157176520415823751e-01 7.184888246485718888e+00 -1.182886460782503590e+01
2.230415221797575143e+01 4.622522554374396009e+01 4.728824707083759904e+01 4.508690723773507436e-01 6.903878374518913397e+00 -1.139200604989506438e+01
2.249058565612175897e+01 4.640471959872957797e+01 4.814222212008751001e+01 4.051975395724883855e-01 6.621284853783080848e+00 -1.096299034839670838e+01
2.264718708003815095e+01 4.657550776356588784e+01 4.898308661832169975e+01 3.769689999765411526e-01 6.337908082707959245e+00 -1.054192047264759324e+01
2.276983786791319631e+01 4.674315172020122588e+01 4.981084516544475349e+01 3.636457658256630476e-01 6.054936837152344431e+00 -1.012875144516563175e+01
2.285561644771846446e+01 4.691130669120728669e+01 5.062486511513572651e+01 3.620111022916617793e-01 5.773981334452316538e+00 -9.723276809881445715e+00
2.290340570833143374e+01 4.708445264738062974e+01 5.142475650138916166e+01 3.682958450231497705e-01 5.496913686567522994e+00 -9.325187604931629792e+00
2.291383093888957845e+01 4.726579151648371635e+01 5.220975963328309177e+01 3.783777408048425994e-01 5.225833517533109429e+00 -8.934065429723000662e+00
2.288938598344416775e+01 4.745746934889685775e+01 5.297895849968829651e+01 3.879998363070157885e-01 4.962931352138580721e+00 -8.549413379280093039e+00
2.283433597294946082e+01 4.766061720317649986e+01 5.373117749838772284e+01 3.930034929288709900e-01 4.710341601442620707e+00 -8.170691128123557689e+00
2.275472822628358927e+01 4.787526910050893036e+01 5.446515537729180068e+01 3.895554481147372461e-01 4.469997448275534246e+00 -7.797322538022000593e+00
2.265807163265969137e+01 4.810045959102763646e+01 5.517947238567423085e+01 3.743849448882312081e-01 4.243471964708204425e+00 -7.428744650051535281e+00
2.255301526706275794e+01 4.833428785262660199e+01 5.587261452701488906e+01 3.449940248167178702e-01 4.031851248705874191e+00 -7.064410660307038015e+00
2.244896444213474140e+01 4.857406378378017564e+01 5.654297864106205651e+01 2.998124840382845879e-01 3.835601794902091743e+00 -6.703829292856564592e+00
2.235565582311264521e+01 4.881661736974469790e+01 5.718901592201765993e+01 2.383464960969975122e-01 3.654508843674488805e+00 -6.346553925980170874e+00
2.228179387746816431e+01 4.905806726050190036e+01 5.780968313981068007e+01 1.612203568959963973e-01 3.487621267164088490e+00 -5.992311111698252368e+00
2.223731905705909284e+01 4.929532593764236026e+01 5.840234276256700952e+01 7.021571581581061150e-02 3.333275949611788302e+00 -5.640649330620220780e+00
2.222891617014082044e+01 4.952458612984823105e+01 5.896612020247194863e+01 -3.196114279349324128e-02 3.188911634804901141e+00 -5.291590553172406786e+00
2.226194994147411776e+01 4.974248078791333683e+01 5.949967342491093092e+01 -1.412081606385630073e-01 3.052022235671870032e+00 -4.944684376423459149e+00
2.233988904911046447e+01 4.994626226205964770e+01 6.000184805090972873e+01 -2.531121392544263826e-01 2.919028503148636045e+00 -4.600024486219895792e+00
2.246355517224258946e+01 5.013361942403540183e+01 6.047162329310659601e+01 -3.625810438126127466e-01 2.786286286228405906e+00 -4.257596213123308715e+00
2.263121634755578881e+01 5.030296892778512330e+01 6.090803390287791785e+01 -4.642790823132821876e-01 2.650030181465322876e+00 -3.917549640127351740e+00
2.283876821393416634e+01 5.045337941551657934e+01 6.131047329303962101e+01 -5.529489468421475706e-01 2.506715831276381312e+00 -3.579647177574565742e+00
2.307965506482029738e+01 5.058462924584490139e+01 6.167842932852973092e+01 -6.237196435654766002e-01 2.352991394706938078e+00 -3.244070416922024247e+00
2.334548089282799666e+01 5.069710009538324158e+01 6.201153173162624199e+01 -6.723954078481729768e-01 2.186031407777939251e+00 -2.910848709794503719e+00
2.362461174887242166e+01 5.078914832157662573e+01 6.230905443675883504e+01 -6.957474708675636110e-01 2.003649027844413677e+00 -2.579980375051854846e+00
2.390899313120366898e+01 5.086685425173141084e+01 6.257177989502024218e+01 -6.916829220710432047e-01 1.804465594506368786e+00 -2.251410801290646635e+00
2.418548268793244205e+01 5.092919590475695912e+01 6.279941025699010027e+01 -6.594425328856419188e-01 1.587914382753275122e+00 -1.925041817979745717e+00
2.444127433363158275e+01 5.097719873781392863e+01 6.298998610815315402e+01 -5.996722323728169712e-01 1.354331750906520915e+00 -1.600716306519050391e+00
2.466777241294673573e+01 5.101504188318924804e+01 6.314129608559151308e+01 -5.143719074589294671e-01 1.104943661468273941e+00 -1.278215308507306691e+00
2.485486032645640719e+01 5.104461686934038056e+01 6.326269503765220747e+01 -4.068645525952281350e-01 8.417897317168711036e-01 -9.572414572158471913e-01
2.499651651525726237e+01 5.106883196915759271e+01 6.334699412710843802e+01 -2.816069014318796637e-01 5.676251928982760653e-01 -6.374684845889561080e-01
2.508146533475458284e+01 5.111468377213818570e+01 6.337988246908737722e+01 -1.439789839056755949e-01 2.857834792478434194e-01 -3.185232965634613445e-01
-5.936326368989184580e-12 1.618565819889043908e-12 2.127425354664303701e-13 -1.617972051580299380e-15 -1.299265887478280548e-15 1.514667708283443932e-16
-5.936326368989184580e-12 1.618565819889043908e-12 2.127425354664303701e-13 -1.617972051580299380e-15 -1.299265887478280548e-15 1.514667708283443932e-16
3.881184298270218136e+01 2.039220336907394682e+01 5.527986109674968418e+01 9.813155314930946393e-02 -1.299449612915282715e-01 -1.880086967492188010e-01
2.026916187750700615e+01 3.776097397567206571e+01 5.577506778500993079e+01 1.993076369048228935e-01 -2.539446955299643482e-01 -3.759193195474614391e-01
2.006662489950298678e+01 3.741971038913409586e+01 5.583795604610701702e+01 3.062934687666859501e-01 -3.665081003210202137e-01 -5.637502279293820084e-01
1.979589753613279157e+01 3.714068786896129382e+01 5.582265746297490949e+01 4.211617191012789752e-01 -4.630175938378159328e-01 -7.516476310869334432e-01
1.947301495313225672e+01 3.685308866615424250e+01 5.578015780842699201e+01 5.451335766342851885e-01 -5.400723212857356792e-01 -9.399722631244722404e-01
1.911232706031498196e+01 3.654638366231367286e+01 5.571865945937967979e+01 6.782398326432573787e-01 -5.957386177288089835e-01 -1.129273920407714904e+00
1.872954312931844711e+01 3.622280068224203120e+01 5.564557677811656333e+01 8.194586544419655283e-01 -6.296826092598631908e-01 -1.320350186534035686e+00
1.834361969477567555e+01 3.589385213829740451e+01 5.556606377472010649e+01 9.666015842148167891e-01 -6.431349038028745246e-01 -1.514117374019285922e+00
1.797137173942837762e+01 3.556993653141596923e+01 5.548123849619678083e+01 1.116480953067157778e+00 -6.387829391402151114e-01 -1.711582350171041655e+00
1.762778995650895553e+01 3.526059966398043599e+01 5.539139431517823198e+01 1.265132140561447516e+00 -6.205064062528021784e-01 -1.913723417473893740e+00
1.732486672839370456e+01 3.497350768591866910e+01 5.529562720563937006e+01 1.408122093491237736e+00 -5.930223534692634635e-01 -2.121400197311785973e+00
1.707104580966993979e+01 3.471378767451298586e+01 5.519145256968122482e+01 1.540908971733675692e+00 -5.614693290929166913e-01 -2.335050035838635907e+00
1.687062278606521204e+01 3.448353889343025713e+01 5.507552524195332211e+01 1.659128404487547170e+00 -5.310228946272853578e-01 -2.555313551452283782e+00
1.672367273374296204e+01 3.428184579993816072e+01 5.494369507760158200e+01 1.759038598224455852e+00 -5.064044367576218120e-01 -2.781911914782629225e+00
1.662654007074702278e+01 3.410500589592838594e+01 5.479123765050800188e+01 1.837769316311484102e+00 -4.915618176167083631e-01 -3.014313753593746092e+00
1.657063604851236960e+01 3.394545917147851100e+01 5.461329741242730051e+01 1.893532428669723933e+00 -4.893925450355318119e-01 -3.251568496547791121e+00
3.379489005353750031e+01 1.654585774269257570e+01 5.440533175487070849e+01 -5.015301341551262615e-01 1.925786747423183787e+00 -3.492372621990949000e+00
3.364315998826999987e+01 1.653976092706258783e+01 5.416337874979181066e+01 -5.283111421767091587e-01 1.935249623645760364e+00 -3.735154741376932375e+00
3.347970919885185026e+01 1.653907093635102044e+01 5.388453939170587148e+01 -5.688189195579005375e-01 1.923821633729226210e+00 -3.978211199212255078e+00
3.329418059873712821e+01 1.653068304368657238e+01 5.356664959535659420e+01 -6.210406168808351168e-01 1.894434379475637087e+00 -4.219853716564037960e+00
3.307762343493913448e+01 1.650283049414369785e+01 5.321082176113720408e+01 -6.819597017435596875e-01 1.850941821085768879e+00 -4.458511325973355532e+00
3.282265014912186984e+01 1.644566378956831798e+01 5.281803100113781113e+01 -7.484829198267083372e-01 1.797218739990993353e+00 -4.693127965245623479e+00
3.252423793557631626e+01 1.635202936793310968e+01 5.239142472701508524e+01 -8.168249762172841155e-01 1.737793318472358406e+00 -4.922823403235486062e+00
3.218006623011478240e+01 1.621788767926589969e+01 5.193564377649811092e+01 -8.836252819708801942e-01 1.676646987825923141e+00 -5.147691629579953521e+00
3.179055247176413701e+01 1.604240527550339479e+01 5.145652095677714755e+01 -9.458839649874730693e-01 1.617439158466374316e+00 -5.368097934963136808e+00
3.135879022468695965e+01 1.582789122354843947e+01 5.096072699510389725e+01 -1.001393782709126379e+00 1.562976128358012362e+00 -5.585157206502917582e+00
3.089040157143499599e+01 1.557955497088068419e+01 5.045545270576614882e+01 -1.048896748878189289e+00 1.515068120321042766e+00 -5.800554481912072902e+00
3.039289039891945521e+01 1.530490356190365020e+01 4.994782654592697213e+01 -1.088186290744802553e+00 1.474419088238684283e+00 -6.016446071796639927e+00
2.987517899884510797e+01 1.501313961573735689e+01 4.944443259525724699e+01 -1.120109812536724814e+00 1.440603671984580059e+00 -6.235310301229836760e+00
2.934747423102250252e+01 1.471469740590299757e+01 4.895132980683074919e+01 -1.146479507392953234e+00 1.412130056304377490e+00 -6.459765686277570751e+00
2.881949884706372700e+01 1.441987241475302639e+01 4.847295257377366795e+01 -1.169865263347711792e+00 1.386620483420694550e+00 -6.692375347654938800e+00
2.830063230787896345e+01 1.413847296808608434e+01 4.801236152765684295e+01 -1.193349843833915624e+00 1.361033743049779421e+00 -6.935454578230065614e+00
2.779898836483538815e+01 1.387895879834276514e+01 4.757090997537491006e+01 -1.220222104863594170e+00 1.331953623219974681e+00 -7.190889249326420263e+00
1.364778302896617390e+01 2.732085859091518287e+01 4.714820781550823625e+01 1.295903744419785619e+00 -1.253643758639688022e+00 -7.459996401942743383e+00
1.344903051283000117e+01 2.687034153553031501e+01 4.674222959190594651e+01 1.249655286884193917e+00 -1.296363252768314211e+00 -7.743427645078573285e+00
1.328410536527322172e+01 2.644908025408073016e+01 4.634946746164122544e+01 1.190512328587103097e+00 -1.350443420674683814e+00 -8.041130598171253752e+00
1.315169577288988201e+01 2.605619569927123891e+01 4.596522201233202765e+01 1.116539149894124616e+00 -1.417066979587531472e+00 -8.352357261913681441e+00
1.304800755045483207e+01 2.568846696553679365e+01 4.558399669906307139e+01 1.026702768051718673e+00 -1.496449621876744907e+00 -8.675741387612593059e+00
1.296705011824963627e+01 2.534053854467980926e+01 4.519982210112369359e+01 9.210008364902183553e-01 -1.587805812646544412e+00 -9.009445377884945927e+00
1.290118376024597779e+01 2.500545315865912599e+01 4.480669775770181218e+01 8.004402072226277642e-01 -1.689409433876109423e+00 -9.351263894007615818e+00
1.284176962594211702e+01 2.467516066674527409e+01 4.439888273087110804e+01 6.670346023607212071e-01 -1.798769707976539456e+00 -9.698843736940590432e+00
1.277976178347722858e+01 2.434107040696286717e+01 4.397107649399003293e+01 5.238532498902399581e-01 -1.912805669592489766e+00 -1.004987732563762926e+01
1.270640749796885416e+01 2.399470809326672693e+01 4.351800099966366275e+01 3.754751524328414636e-01 -2.028107918716725688e+00 -1.040225731447207558e+01
1.261380340353050400e+01 2.362822743691454619e+01 4.303121417819862415e+01 2.311555348364662810e-01 -2.141188309353688535e+00 -1.075425815397279194e+01
1.249537244110835310e+01 2.323488321137012491e+01 4.245266827758281636e+01 1.511280728319470135e-01 -2.248727335960198914e+00 -1.110465286861589007e+01
1.234622346382490221e+01 2.280938966676433921e+01 -2.309043504025250493e-01 -2.347809566893976019e+00 4.215196766108459769e+01 -1.145278299384763265e+01
1.216334201060468168e+01 2.234817115203761162e+01 -3.196477708168528609e-01 -2.436091422474540913e+00 4.153797260752021003e+01 -1.179859495368684108e+01
1.194561907018963254e+01 2.184941502056465268e+01 -4.540286086252816045e-01 -2.511920227099257108e+00 4.095427648805959109e+01 -1.214261073395848456e+01
1.169377486485111994e+01 2.131308361463092638e+01 -5.881429978738723641e-01 -2.574392212065307550e+00 4.035981568904172434e+01 -1.248585106977077608e+01
1.141009886811910690e+01 2.074070104648758317e+01 -7.156149734543421070e-01 -2.623327381191697505e+00 3.975292998007439849e+01 -1.282972319486581370e+01
2.013513949457176011e+01 1.109815340832853181e+01 -2.659194244111910077e+00 -8.345369880149299258e-01 3.913600691728547787e+01 -1.317586698069579931e+01
1.950023824320151178e+01 1.076234690542286287e+01 -2.682960402228613095e+00 -9.444123718838788317e-01 3.851224827729684819e+01 -1.352599198871254771e+01
1.884044745952319388e+01 1.040752091983852878e+01 -2.695918027637220327e+00 -1.045443028619293280e+00 3.788480596229595676e+01 -1.388170284607071991e+01
1.816042360501954889e+01 1.003852672692783088e+01 -2.699482307538752401e+00 -1.138186136638664747e+00 3.725636495671930959e+01 -1.424433279471173464e+01
1.746464397004193714e+01 9.659832985451384246e+00 -2.694989380022232872e+00 -1.223310054324812990e+00 3.662892205137227108e+01 -1.461480240863980562e+01
1.675706865366674947e+01 9.275194179117971061e+00 -2.683498449331426894e+00 -1.301380746553007173e+00 3.600365174029772675e+01 -1.499350419653111111e+01
1.604086963265497090e+01 8.887439638567387945e+00 -2.665478824594039953e+00 -1.372590364824003428e+00 3.538081903369440084e+01 -1.538007819748381522e+01
1.531821137694574197e+01 8.498268386291242038e+00 -2.641407169940024779e+00 -1.437084540256696963e+00 3.475981040956842349e+01 -1.577390279941820239e+01
1.459021595095729396e+01 8.108322940574378634e+00 -2.610695222528538029e+00 -1.494209595877603380e+00 3.413914985418051629e+01 -1.617327109405217556e+01
1.385690344496087079e+01 7.717177333688035823e+00 -2.572390332089754761e+00 -1.542925969763197624e+00 3.351664678668928588e+01 -1.657589563436493663e+01
1.311729682719418832e+01 7.323510141051003508e+00 -2.525088268093042654e+00 -1.581734716003127206e+00 3.288906307179998834e+01 -1.697877566966614893e+01
1.236956697226045243e+01 6.925315800165573243e+00 -2.467058405853387537e+00 -1.608750026176326786e+00 3.225268754891257572e+01 -1.737808896278671966e+01
1.161128066514462986e+01 6.520181685150125972e+00 -2.396396845483246274e+00 -1.621821451342486675e+00 3.160307697668037363e+01 -1.776907095342579268e+01
1.083957535495474467e+01 6.105472710560815308e+00 -2.311211775053324757e+00 -1.618688678167841788e+00 3.093386976545873424e+01 -1.814572041518780665e+01
1.005152568189541817e+01 5.678700637892856840e+00 -2.209769037152203186e+00 -1.597131856350887835e+00 3.023771111821603341e+01 -1.850015767125763233e+01
9.244353893780928644e+00 5.237680985054532279e+00 -2.090669127525222049e+00 -1.555164813087458686e+00 2.950418278346610634e+01 -1.882159760961874895e+01
8.415697769954338270e+00 4.780735022707545134e+00 -1.952969639726110040e+00 -1.491198084076859054e+00 2.871818621612131750e+01 -1.909448325169867999e+01
4.306813859775862063e+00 7.563822250473744901e+00 -1.404191104185644523e+00 -1.796274894535611288e+00 2.785652833738360101e+01 -1.929510550379695744e+01
3.815572127049516649e+00 6.687798153491514519e+00 -1.293778344523095925e+00 -1.620787973970754248e+00 2.688173821041920775e+01 -1.938544938902226633e+01
3.307387309363248207e+00 5.787626263177088504e+00 -1.160369988293312504e+00 -1.427327207100819173e+00 2.573041333283038767e+01 -1.930157176052411216e+01
2.783329150929187978e+00 4.864302460965049590e+00 -1.005198214932808476e+00 -1.217296618337772252e+00 2.429073866172957352e+01 -1.893112478495909912e+01
2.245065915470977558e+00 3.919788816503432471e+00 -8.303000629086575435e-01 -9.926145581877160451e-01 2.235859345220794125e+01 -1.806957904129961889e+01
1.694818183355392804e+00 2.957022963724492914e+00 -6.385257845221582462e-01 -7.556713576697656753e-01 1.955941832807616620e+01 -1.634196587313746818e+01
1.135261440676919031e+00 1.979790554909197198e+00 -4.333937992412126294e-01 -5.091807133717864975e-01 1.525618847402456346e+01 -1.311079902904434924e+01
5.692565030459951769e-01 9.924709308491318493e-01 -2.190555095882288916e-01 -2.562350037503862699e-01 8.689545862748172311e+00 -7.616760033569581090e+00
-7.591112674467529655e-16 -4.700977163330541393e-15 -1.106516639845495888e-14 -4.927631496024478364e-15 1.173108491640449940e-14 -8.524802777432946716e-15
-7.591112674467529655e-16 -4.700977163330541393e-15 -1.106516639845495888e-14 -4.927631496024478364e-15 1.173108491640449940e-14 -8.524802777432946716e-15
-8.205719394118654369e-04 2.550879658280225289e-03 -3.604916205366947299e-04 -1.231059421873746364e-05 1.974007281544278621e-03 -2.489477143327880736e-03
5.019724341649877590e-04 2.941893859684858569e-03 -1.757621616724740947e-03 9.552015285391242828e-04 3.846220602692036489e-03 -4.837973644885373153e-03
1.227495721011503645e-03 3.897232280058923574e-03 -2.967503012000964700e-03 1.624579013496861308e-03 5.522947472550410533e-03 -6.914407265459538918e-03
1.677092864486409577e-03 5.082774647949301824e-03 -4.175450019531229753e-03 2.131760294968458851e-03 6.928279931952211444e-03 -8.609108898776507077e-03
1.889606836425182426e-03 6.447711599727297405e-03 -5.426407458159535763e-03 2.480577871819738666e-03 8.004942726728320884e-03 -9.835954530221652226e-03
1.867913842793006733e-03 7.979988280027947370e-03 -6.737140778208296384e-03 2.656812772416923974e-03 8.721886500502897682e-03 -1.054155087592185784e-02
1.616147358584036882e-03 9.669208767444589098e-03 -8.111164866982328511e-03 2.644926018259983504e-03 9.074203504504977161e-03 -1.070621826558358289e-02
1.146303023123957168e-03 1.149625931489394771e-02 -9.541410688128163994e-03 2.433923986502950238e-03 9.076947452015695847e-03 -1.033815591329087687e-02
4.838033095816374955e-04 1.342908981531970060e-02 -1.101150529327384053e-02 2.019289044365148774e-03 8.765968808980928104e-03 -9.475152736181869512e-03
-3.355811187034910990e-04 1.542268506440345500e-02 -1.249501881420348771e-02 1.403717908837572763e-03 8.190149812297506035e-03 -8.176522023827894822e-03
-1.264624050442936069e-03 1.741877374575053969e-02 -1.395641787803811144e-02 5.971962990123010637e-04 7.410356194017698496e-03 -6.521849959951133043e-03
-2.249144957440479993e-03 1.934533916867551759e-02 -1.535109093755911494e-02 -3.817124141456149718e-04 6.483234746924329724e-03 -4.594040418237918880e-03
-3.229535003841741986e-03 2.112086322689390658e-02 -1.662570034647112283e-02 -1.507864199344541344e-03 5.470016019981928726e-03 -2.487548067900414474e-03
-4.142838545916759097e-03 2.265562351491667847e-02 -1.772078009110842831e-02 -2.750336496198684932e-03 4.420389797176482206e-03 -2.907396441344586987e-04
-4.928588448266620244e-03 2.385469876303551381e-02 -1.857031650676342627e-02 -4.072512931110658548e-03 3.376306174599968089e-03 1.911406050646453653e-03
-5.527976872949634003e-03 2.462463980545328418e-02 -1.910550614945170575e-02 -5.435600761565117893e-03 2.370873474991942384e-03 4.039049718441732606e-03
-5.888117187290515565e-03 2.487290158305772991e-02 -1.925648017529643305e-02 -6.798011647025047760e-03 1.422582602828578648e-03 6.025645762949247662e-03
-5.966145688830177748e-03 2.451694331685728978e-02 -1.895522061058171892e-02 -8.118073804358805212e-03 5.363373587717293507e-04 7.817700533235546340e-03
-5.727362877112569806e-03 2.348611740824320740e-02 -1.813826795823098720e-02 -9.355362500375575055e-03 -2.906896232927390442e-04 9.369657677452545436e-03
-5.146819104509058919e-03 2.172593282433971790e-02 -1.675136029138880878e-02 -1.047145777700748959e-02 -1.074551820062312523e-03 1.065078343782680827e-02
-4.212838569040291449e-03 1.920264766513049906e-02 -1.475044969246342916e-02 -1.143031647312735266e-02 -1.837528906033744289e-03 1.163855300505468697e-02
-2.925221850089905571e-03 1.590520032977705070e-02 -1.210712593420375759e-02 -1.219910598148602268e-02 -2.614029471307300397e-03 1.232598166089527228e-02
-1.294256402797448746e-03 1.184839675873125726e-02 -8.809849726325489142e-03 -1.274755183542708101e-02 -3.440333740769024526e-03 1.270998486122892034e-02
6.563811388310496729e-04 7.072524223499607882e-03 -4.866191863804284791e-03 -1.304624505980421165e-02 -4.361699694970661012e-03 1.279952864206702554e-02
2.898335989163016400e-03 1.647411795601230831e-03 -3.068927030849193474e-04 -1.306829657969026809e-02 -5.423133072336941245e-03 1.260421938429029561e-02
5.385298062910189379e-03 -4.335307233172147438e-03 4.817527247537055357e-03 -1.278143999729128115e-02 -6.683608174135924167e-03 1.214984865901637054e-02
8.075506392203354519e-03 -1.075508890253818080e-02 1.043108341982712864e-02 -1.215184864004366198e-02 -8.196431206580964690e-03 1.145152163494993561e-02
1.090985023625996170e-02 -1.747527674700410580e-02 1.643887151648078943e-02 -1.113254068499936779e-02 -1.003629351052609357e-02 1.054302019001122220e-02
1.383475399066832166e-02 -2.433936937586979321e-02 2.272394366789279654e-02 -9.662071941903719458e-03 -1.228264725238024241e-02 9.448536168508157515e-03
1.678701435376791368e-02 -3.118045801971765923e-02 2.915371113515212442e-02 -7.653423230694335506e-03 -1.504044188130936564e-02 8.201141478755218095e-03
1.970640950311623729e-02 -3.782488228673935859e-02 3.558090775549763857e-02 -4.987249874660771784e-03 -1.844006508849637196e-02 6.831971150185951400e-03
2.253243198189488691e-02 -4.409964186198275793e-02 4.184962963759601695e-02 -1.511743705306687908e-03 -2.263725836796048538e-02 5.372682896656429813e-03
2.520383008840155689e-02 -4.983891127576221824e-02 4.779909257965346547e-02 2.910696730285273603e-03 -2.776831112800237991e-02 3.859227409308030408e-03
2.766645767062161226e-02 -5.488879720580604193e-02 5.326919381013362625e-02 8.216799870036707934e-03 -3.375908766001035205e-02 2.323608034457034892e-03
2.986738881466820261e-02 -5.911539405321922930e-02 5.810586131942663268e-02 1.366922939029780945e-02 -3.985538079500791642e-02 8.019738626890782554e-04
3.176248553714383638e-02 -6.240757002877195952e-02 6.216460109268529682e-02 1.746262002150349504e-02 -4.422489319303360422e-02 -6.730747527401689844e-04
3.330875353906010555e-02 -6.468936895359926609e-02 6.531873484480607561e-02 1.791706775891628925e-02 -4.515454838185697234e-02 -2.062333960826806100e-03
3.447806255606716136e-02 -6.591250611725460451e-02 6.745564877373012858e-02 1.549890656551209007e-02 -4.306733610653771388e-02 -3.332137269113900641e-03
3.524287926633955931e-02 -6.607011321039284180e-02 6.848269965072827092e-02 1.196700293724893213e-02 -3.966705756589703619e-02 -4.442452671830974913e-03
3.558602626387259021e-02 -6.519115779738615668e-02 6.831692481671304551e-02 8.585678233422796082e-03 -3.614425395318311696e-02 -5.352945795398779405e-03
3.550409986396521611e-02 -6.334046247648093819e-02 6.686928664110740328e-02 5.924489217250403228e-03 -3.295879727357581973e-02 -6.025132045240279288e-03
3.499525612035930822e-02 -6.062513113637794243e-02 6.398749216975152532e-02 4.285016661768959075e-03 -3.020837163028594272e-02 -6.412751554276279777e-03
3.407381610923412851e-02 -5.717942946972867646e-02 5.925663009063340120e-02 4.148004493918904315e-03 -2.788514320540641175e-02 -6.472174582461835517e-03
3.275914287453089713e-02 -5.316977032345427540e-02 5.095743705853372080e-02 7.299966023118213687e-03 -2.596043923977552417e-02 -6.153913822204483755e-03
3.108190894836933282e-02 -4.878295869718378419e-02 2.007223875818309536e-02 3.285313475330591676e-02 -2.442069475459372405e-02 -5.405936442670061272e-03
2.908080659969586312e-02 -4.422169140420708494e-02 -3.136655608604360657e-02 7.889518504808396004e-02 -2.327253342918937304e-02 -4.170244038811272806e-03
2.680004090448861662e-02 -3.969613627692587104e-02 -1.412895513086601974e-02 5.633500768805410619e-02 -2.254391237108282001e-02 -2.381421697605815013e-03
2.429162206119714687e-02 -3.541472121371132958e-02 -9.398733518336829448e-03 4.650382268875900144e-02 -2.228864899811380806e-02 3.724077965484980465e-05
2.161609072068603615e-02 -3.156746979504113787e-02 -6.273688417396870894e-03 3.864369994690681348e-02 -2.259740301954591551e-02 3.180729406459820857e-03
1.883234783474716650e-02 -2.832700152249485043e-02 -3.407575115414234086e-03 3.154063988782779965e-02 -2.359347340767391221e-02 7.171699327962041334e-03
1.600406383300474050e-02 -2.582487737639917180e-02 -4.698532772381550700e-04 2.496993381615607993e-02 -2.546367387448442501e-02 1.218015043722156521e-02
1.319275683918131464e-02 -2.414354565681085460e-02 2.601151366356164486e-03 1.893635783311396065e-02 -2.847978406299011764e-02 1.845259119699150380e-02
1.045951502859832419e-02 -2.328293661529143646e-02 5.736318278739291864e-03 1.350974811636588765e-02 -3.306736372785464700e-02 2.637422048322356216e-02
7.858158671992179420e-03 -2.313044068377948653e-02 8.749731405647241667e-03 8.775005943136463676e-03 -3.989968851730337634e-02 3.657147972857634904e-02
5.438004702699309953e-03 -2.336805505887131970e-02 1.127269971808656304e-02 4.809874187871238105e-03 -5.013381411517805336e-02 5.014273154104402497e-02
3.241699307142876466e-03 -2.328404672976639583e-02 1.256979866083231430e-02 1.674499878135265107e-03 -6.589508294715445968e-02 6.914877939662972262e-02
1.313430584732824639e-03 -2.123136949037050455e-02 1.100082618721877001e-02 -5.948620591807531098e-04 -9.154679937438721382e-02 9.787921580222008755e-02
-2.919032614399578313e-04 -1.307737336942891952e-02 2.439707886918096418e-03 -1.989727827371752869e-03 -1.372097338346663642e-01 1.463912194742280348e-01
-1.465728873495688233e-03 1.419203526886527594e-02 -2.613483798339523434e-02 -2.534387263072048011e-03 -2.321840136355330653e-01 2.439155848483047506e-01
-2.002672427791951648e-03 1.178003261668901652e-01 -1.320464521302252558e-01 -2.287264243409491572e-03 -4.963827511000482584e-01 5.103189134169281438e-01
-1.575252044916992727e-03 8.501486636858646140e-01 -8.678875211296619430e-01 -1.342513125006099262e-03 -2.080880119459292299e+00 2.096635031318184961e+00
1.311024979471332806e-04 9.900926419938681278e+00 -9.923533799635391617e+00 1.727335161537158794e-04 -7.600700815310709402e+00 7.617881828431021241e+00
1.311024979471332806e-04 9.900926419938681278e+00 -9.923533799635391617e+00 1.727335161537158794e-04 -7.600700815310709402e+00 7.617881828431021241e+00
9.676534532908682706e-01 2.653105635729127343e+01 -2.545747707637512747e+01 2.472529303807583512e-01 2.000050035534329851e+01 -1.997033362135180212e+01
1.925234047966490003e+00 2.705265367078358807e+01 -2.488897865989809688e+01 4.980597417515007508e-01 1.996749963887852175e+01 -1.992347241213304088e+01
2.864255632017642217e+00 2.755317401574273362e+01 -2.431125649724477356e+01 7.553132323090465672e-01 1.990643436435587788e+01 -1.984685380055089254e+01
3.776876255639482149e+00 2.803044871299634977e+01 -2.372722516930920023e+01 1.021127558291942128e+00 1.981767472842341604e+01 -1.974065696351332377e+01
4.656163037006352035e+00 2.848168501808300235e+01 -2.313898743688810100e+01 1.296912082311073355e+00 1.970131814993069597e+01 -1.960482976804203048e+01
5.496221828250784647e+00 2.890405005284525686e+01 -2.254822758345277478e+01 1.583283226593237281e+00 1.955737457922760925e+01 -1.943945239802683034e+01
6.291814021117387412e+00 2.929474195008652160e+01 -2.195628116812052610e+01 1.879761752102808270e+00 1.938578791587032768e+01 -1.924483246829113270e+01
7.040024641044461795e+00 2.965101895857375425e+01 -2.136404539100768929e+01 2.185918636934268466e+00 1.918652556408610721e+01 -1.902129423339018643e+01
7.737685705748261533e+00 2.997012877362127625e+01 -2.077215927522986405e+01 2.499802540880045498e+00 1.895954736873871127e+01 -1.876951890680877355e+01
8.382871346865407247e+00 3.024930737215837340e+01 -2.018092008880250532e+01 2.819157969837871924e+00 1.870489535644236057e+01 -1.849031994058875128e+01
8.974340079831206296e+00 3.048578488720729851e+01 -1.959038795269440669e+01 3.141284473839361713e+00 1.842271000463594532e+01 -1.818466081417479430e+01
9.511076323466779670e+00 3.067655306666269510e+01 -1.900044159957597856e+01 3.463038696643331971e+00 1.811323812299064784e+01 -1.785369530948469929e+01
9.993320186900518820e+00 3.081896691003024813e+01 -1.841074619841869975e+01 3.781481311494902187e+00 1.777703930942931621e+01 -1.749853810998590120e+01
1.042064599657674329e+01 3.090980140439498314e+01 -1.782097634749579029e+01 4.093182062268374999e+00 1.741473270389009542e+01 -1.712050918760008500e+01
1.079303830732329672e+01 3.094586286790155683e+01 -1.723088419168037433e+01 4.394820992634153711e+00 1.702715032080750390e+01 -1.672101902705225740e+01
1.111053550527555167e+01 3.092381295536799257e+01 -1.663989845444607596e+01 4.683210291130823322e+00 1.661542590150693854e+01 -1.630115338788523971e+01
1.137314710185230737e+01 3.084020968573550547e+01 -1.604788359398042985e+01 4.955181592576709093e+00 1.618078244699275814e+01 -1.586228764702886451e+01
1.158085536945490546e+01 3.069151734861917546e+01 -1.545468696773759731e+01 5.207708246878346436e+00 1.572463118624371781e+01 -1.540563132274570357e+01
1.173361001784508062e+01 3.047418661968595543e+01 -1.486026682715220382e+01 5.437889474587553451e+00 1.524849022518528585e+01 -1.493233021605848521e+01
1.183134831264331233e+01 3.018470554119422644e+01 -1.426471190434584990e+01 5.642953186047281910e+00 1.475395184661304704e+01 -1.444343921684535026e+01
1.187402849795993731e+01 2.981971374448050938e+01 -1.366820196387468478e+01 5.820257740243890865e+00 1.424261298290952382e+01 -1.393994039107017890e+01
1.186166228956878221e+01 2.937605610377842069e+01 -1.307100313997718111e+01 5.967295644601711579e+00 1.371604047320700026e+01 -1.342273603381381619e+01
1.179435840079065656e+01 2.885090763926217861e+01 -1.247344315621874777e+01 6.081707783724875860e+00 1.317571980062763437e+01 -1.289265347958671448e+01
1.167236033808459617e+01 2.824184407419229004e+01 -1.187585542202257649e+01 6.161303047049869974e+00 1.262301449864984804e+01 -1.235047653838660509e+01
1.149607127130749262e+01 2.754692861803983917e+01 -1.127858017170457927e+01 6.204090618780443656e+00 1.205914039673074534e+01 -1.179693127925093776e+01
1.126605050592446844e+01 2.676477252800684781e+01 -1.068189917384026977e+01 6.208004265818284573e+00 1.148515118878976438e+01 -1.123273736246923704e+01
1.098319857683478240e+01 2.589459902596261287e+01 -1.008605150676757134e+01 6.172214190557310687e+00 1.090192232128352856e+01 -1.065855237526581156e+01
1.064850877948979679e+01 2.493626369247985153e+01 -9.491164316444928417e+00 6.095256585720477460e+00 1.031016877999316605e+01 -1.007507550075904135e+01
1.026323164234829832e+01 2.389026036364044003e+01 -8.897305592133832874e+00 5.976133414464861460e+00 9.710203227750984212e+00 -9.482985444853646584e+00
9.828945139025789146e+00 2.275783879249940966e+01 -8.304422761746044657e+00 5.814976673483429614e+00 9.102948521099015977e+00 -8.882937789973345488e+00
9.347383517220093196e+00 2.154082754775959785e+01 -7.712391191879932606e+00 5.611672450305577264e+00 8.488507720765042563e+00 -8.275625102778651154e+00
8.820552991188280956e+00 2.024173970807883194e+01 -7.121012355754053225e+00 5.366811720821850429e+00 7.867160508668614050e+00 -7.661722041331377575e+00
8.250710770937326188e+00 1.886378799954551511e+01 -6.530044550644295676e+00 5.081472469855105700e+00 7.239140931851745897e+00 -7.041893821295676759e+00
7.640317988285982409e+00 1.741067849447198768e+01 -5.939215736627824427e+00 4.757209755117684402e+00 6.604722397617639018e+00 -6.416792612731192946e+00
6.992109133914739871e+00 1.588686204833933857e+01 -5.348246460011119474e+00 4.396043904056188723e+00 5.964173261485109734e+00 -5.787054934436178577e+00
6.309047672637243309e+00 1.429732766358054263e+01 -4.756878898257693500e+00 4.000427911785780388e+00 5.317824155888685844e+00 -5.153288519474426010e+00
5.594348562490023546e+00 1.264761567028458522e+01 -4.164901162897664655e+00 3.573212763002600489e+00 4.666068516784058318e+00 -4.516069112204052161e+00
4.851341020898569667e+00 1.094341477068329205e+01 -3.572243020086042886e+00 3.117574910991890658e+00 4.009324499166685207e+00 -3.876034493320264396e+00
4.084205142252906207e+00 9.191751349943015015e+00 -2.978647707414726842e+00 2.637075759708661593e+00 3.348243153870143818e+00 -3.233499805945485139e+00
3.297290282618154489e+00 7.398686705772986372e+00 -2.384183851330409887e+00 2.135453594990315729e+00 2.683386722532963731e+00 -2.589028321144214217e+00
2.496851563715202449e+00 5.569014653363301370e+00 -1.788935826232823434e+00 1.616637623252355827e+00 2.015428968195025483e+00 -1.943045642901223724e+00
1.703284023978810069e+00 3.695134252317349599e+00 -1.193022851988799315e+00 1.084864893670876240e+00 1.345127583137011751e+00 -1.295962925695459678e+00
1.142023769942126510e+00 1.563565049642950289e+00 -5.966351780170268126e-01 5.446983422884676962e-01 6.728931162948452727e-01 -6.481595711242884583e-01
-8.341843479305677807e-15 3.021125984779687104e-15 -5.700506740917773997e-15 -3.836784476705548812e-15 -1.031262414880639307e-15 5.754035420255086015e-15
