-2.296262361166230730e-06 -1.871761593997067398e-06 -1.528628728886984621e-06 1.481963700810766937e+01 1.481963700810780438e+01 1.481963700810783102e+01
1.423006096632770945e-01 1.423066824956850662e-01 2.243607001610666563e-01 1.481865579348646200e+01 1.481865585180383249e+01 1.481889666296138763e+01
2.844615331084363596e-01 2.844736647328954815e-01 4.485712314469879614e-01 1.481571427559100584e+01 1.481571450852292138e+01 1.481667553934323855e+01
4.263430191267140734e-01 4.263611814729611482e-01 6.724826374224915915e-01 1.481081883924928455e+01 1.481081936208014049e+01 1.481297340102479509e+01
5.678051881568575432e-01 5.678293391025989179e-01 8.959483720255153605e-01 1.480398014876466029e+01 1.480398107509136985e+01 1.480778994788788161e+01
7.087079717747509777e-01 7.087380551286504016e-01 1.118825468447297578e+00 1.479521318177607014e+01 1.479521462283425137e+01 1.480112495364766012e+01
8.489110567815640884e-01 8.489470022601749433e-01 1.340975664816264068e+00 1.478453727560722797e+01 1.478453933959856847e+01 1.479297845337945994e+01
9.882738355085389781e-01 9.883155587097713912e-01 1.562266472820478480e+00 1.477197618504017740e+01 1.477197897646177971e+01 1.478335097569469525e+01
1.126655364130485060e+00 1.126702766504347197e+00 1.782572175904007628e+00 1.475755815013079975e+01 1.475756176910719475e+01 1.477224381312151458e+01
1.263914330934847730e+00 1.263967299752801310e+00 2.001774744289230856e+00 1.474131597235628455e+01 1.474132051397520193e+01 1.475965932308893436e+01
1.399909036680294649e+00 1.399967445005822375e+00 2.219764654829114559e+00 1.472328709704605032e+01 1.472329265069934223e+01 1.474560125091123020e+01
1.534497389399570144e+00 1.534561096062427188e+00 2.436441604587872956e+00 1.470351369969685429e+01 1.470352034842828637e+01 1.473007506534434619e+01
1.667536916249091838e+00 1.667605765826309039e+00 2.651715108092349116e+00 1.468204277340987041e+01 1.468205059327198292e+01 1.471308829665399109e+01
1.798884795285746074e+00 1.798958618093666306e+00 2.865504969392021373e+00 1.465892621431275700e+01 1.465893527373549077e+01 1.469465086670967224e+01
1.928397910352140254e+00 1.928476522453709263e+00 3.077741621414533224e+00 1.463422090144512033e+01 1.463423126061958612e+01 1.467477540041011785e+01
2.055932932572557714e+00 2.056016135805744049e+00 3.288366326607277124e+00 1.460798876719473149e+01 1.460800047747611075e+01 1.465347750775907265e+01
2.181346432295448778e+00 2.181434014328992976e+00 3.497331234509105879e+00 1.458029685397922748e+01 1.458030995731358281e+01 1.463077602614877293e+01
2.304495025656210228e+00 2.304586760080484353e+00 3.704599293692519169e+00 1.455121735248194170e+01 1.455123188086264285e+01 1.460669321286956368e+01
2.425235560262348322e+00 2.425331206723563060e+00 3.910144017441189224e+00 1.452082761638008890e+01 1.452084359134035729e+01 1.458125487854480618e+01
2.543425344809426836e+00 2.543524649196863940e+00 4.113949104564205150e+00 1.448921014816323805e+01 1.448922758031246971e+01 1.455449045307998901e+01
2.658922427696986723e+00 2.659025122394133689e+00 4.316007918871571647e+00 1.445645255034535026e+01 1.445647143895762454e+01 1.452643297680468137e+01
2.771585929912624202e+00 2.771691734123760575e+00 4.516322833015689930e+00 1.442264743614599887e+01 1.442266776881055357e+01 1.449711901075954579e+01
2.881276437552789726e+00 2.881385057717851694e+00 4.714904444604630207e+00 1.438789229357962540e+01 1.438791404592370249e+01 1.446658846152074140e+01
2.987856459330375802e+00 2.987967589641662869e+00 4.911770674673435089e+00 1.435228929687430899e+01 1.435231243236982301e+01 1.443488431754097334e+01
3.091190954234881882e+00 3.091304277269719680e+00 5.106945760713599292e+00 1.431594505927496286e+01 1.431596952914120990e+01 1.440205229569497725e+01
3.191147934132671615e+00 3.191263121616482845e+00 5.300459158458751929e+00 1.427897032160496416e+01 1.427899606481994432e+01 1.436814039852230707e+01
3.287599145474489948e+00 3.287715859188726775e+00 5.492344368453668579e+00 1.424147957150001709e+01 1.424150651493326336e+01 1.433319838453164330e+01
3.380420833379785606e+00 3.380538726228577762e+00 5.682637705043927845e+00 1.420359058902436189e+01 1.420361864770391591e+01 1.429727715583609537e+01
3.469494590152784053e+00 3.469613307400786439e+00 5.871377026763563656e+00 1.416542391546391855e+01 1.416545299298925542e+01 1.426042806929396356e+01
3.554708288721531773e+00 3.554827469414136409e+00 6.058600448122189341e+00 1.412710224348914778e+01 1.412713223260084483e+01 1.422270217919605351e+01
3.635957099558571048e+00 3.636076378132711451e+00 6.244345053462160955e+00 1.408874972860819774e+01 1.408878051192294656e+01 1.418414942133041379e+01
3.713144587329565205e+00 3.713263595419790786e+00 6.428645633839163764e+00 1.405049122388876448e+01 1.405052267480566996e+01 1.414481774992736973e+01
3.786183880835634508e+00 3.786302249276443543e+00 6.611533467753862858e+00 1.401245144229687511e+01 1.401248342607770070e+01 1.410475224050141385e+01
3.854998906800607195e+00 3.855116267820156928e+00 6.793035166021035742e+00 1.397475405364184553e+01 1.397478642866341048e+01 1.406399417292096388e+01
3.919525674762300849e+00 3.919641664357136790e+00 6.973171600106767620e+00 1.393752072596047853e+01 1.393755334513269872e+01 1.402258011011343619e+01
3.979713596846516932e+00 3.979827857320022311e+00 7.151956931911240822e+00 1.390087012412493017e+01 1.390090283646219049e+01 1.398054098861560313e+01
4.035526822648956902e+00 4.035639005288914838e+00 7.329397761253879651e+00 1.386491688139271972e+01 1.386494953372053374e+01 1.393790123767580447e+01
4.086945565963284288e+00 4.087055333826624448e+00 7.505492405267913725e+00 1.382977056238599900e+01 1.382980300115841921e+01 1.389467794377941701e+01
4.133967396836121466e+00 4.134074427600861412e+00 7.680230321585119313e+00 1.379553463842235850e+01 1.379556671161967429e+01 1.385088007728318438e+01
4.176608469570695981e+00 4.176712458408232465e+00 7.853591684646413107e+00 1.376230549804536629e+01 1.376233705711573663e+01 1.380650779729709932e+01
4.214904655014200863e+00 4.215005317428160758e+00 8.025547121774884829e+00 1.373017151684740256e+01 1.373020241865113711e+01 1.376155185004337156e+01
4.248912543903474948e+00 4.249009618476038419e+00 8.196057612861586961e+00 1.369921221108731579e+01 1.369924231979871543e+01 1.371599307466024165e+01
4.278710287339631435e+00 4.278803538322128119e+00 8.365074554708725074e+00 1.366949749906252976e+01 1.366952668798182025e+01 1.366980202882302997e+01
4.304398240701749145e+00 4.304487460383985109e+00 8.532539988315418711e+00 1.362293874465677668e+01 1.364108709263206620e+01 1.364111524585942448e+01
4.326099378528275530e+00 4.326184389320948398e+00 8.698386984736924177e+00 1.357535262325365544e+01 1.361403003869653361e+01 1.361405705262144750e+01
4.343959450076188666e+00 4.344040106242496257e+00 8.862540182654480958e+00 1.352698247373271201e+01 1.358836442688727963e+01 1.358839021145005077e+01
4.358146848339990775e+00 4.358223037316917292e+00 9.024916468504024181e+00 1.347775670024571859e+01 1.356411727533232714e+01 1.356414175501980246e+01
4.368852169162292576e+00 4.368923812417977892e+00 9.185425787964401678e+00 1.342759363770186809e+01 1.354130460134797609e+01 1.354132771589276629e+01
4.376287441553774471e+00 4.376354494935796424e+00 9.343972075826979307e+00 1.337640203432045993e+01 1.351993167849984445e+01 1.351995338326083385e+01
4.380685015313936503e+00 4.380747468853019910e+00 9.500454289773735184e+00 1.332408167648841868e+01 1.349999347596239474e+01 1.350001374197419501e+01
4.382296097374706711e+00 4.382353974519526574e+00 9.654767532390810203e+00 1.327052414886385456e+01 1.348147527076942609e+01 1.348149408445844699e+01
4.381388933880667302e+00 4.381442290151571051e+00 9.806804244836067497e+00 1.321561372028448744e+01 1.346435341865896085e+01 1.346437078123403808e+01
4.378246640831410019e+00 4.378295561893715160e+00 9.956455454956811835e+00 1.315922834386575246e+01 1.344859626500731409e+01 1.344861219154283027e+01
4.373164692160544931e+00 4.373209291331238369e+00 1.010361206230444431e+01 1.310124075775195429e+01 1.343416517399644583e+01 1.343417969223444253e+01
4.366448080485690220e+00 4.366488495700810546e+00 1.024816614239704826e+01 1.304151967135104861e+01 1.342101565177499545e+01 1.342102880068063264e+01
4.358408172541905046e+00 4.358444562825325441e+00 1.039001225272097351e+01 1.297993102056611825e+01 1.340909853799663054e+01 1.340911036610722284e+01
4.349359288625260334e+00 4.349391830112812052e+00 1.052904872331329500e+01 1.291633927454943809e+01 1.339836123971961079e+01 1.339837180333197608e+01
4.339615043301328967e+00 4.339643924887386817e+00 1.066517891530768125e+01 1.285060877585443606e+01 1.338874898214127640e+01 1.338875834338469240e+01
4.329484493179039717e+00 4.329509911865219607e+00 1.079831243153346421e+01 1.278260509554326063e+01 1.338020605188666146e+01 1.338021427672984665e+01
4.319268146584730239e+00 4.319290302622232680e+00 1.092836626410991840e+01 1.271219638481012026e+01 1.337267701040914503e+01 1.337268416664918114e+01
4.309253899210959915e+00 4.309272991138932696e+00 1.105526586495672703e+01 1.263925470498477210e+01 1.336610785731715190e+01 1.336611401259653853e+01
4.299712968790579737e+00 4.299729188482012354e+00 1.117894612622886186e+01 1.256365731836047495e+01 1.336044712594076778e+01 1.336045234583608021e+01
4.290895909921843554e+00 4.290909437755277445e+00 1.129935225886576156e+01 1.248528792311804736e+01 1.335564689603670274e+01 1.335565124225874989e+01
4.283028796569397834e+00 4.283039796848648884e+00 1.141644055870802354e+01 1.240403781665985861e+01 1.335166371106450178e+01 1.335166723980578496e+01
4.276309663651186810e+00 4.276318280395257077e+00 1.153017905096982432e+01 1.231980697289195348e+01 1.334845938984533475e+01 1.334846215030615646e+01
4.270905299686054590e+00 4.270911652907106060e+00 1.164054800525399891e+01 1.223250502036668941e+01 1.334600172456427991e+01 1.334600375768431313e+01
4.266948479061968946e+00 4.266952661639996869e+00 1.174754031475264426e+01 1.214205210968954241e+01 1.334426505895649662e+01 1.334426639637393208e+01
4.264535714693876933e+00 4.264537789942657753e+00 1.185116173478412627e+01 1.204837966017431583e+01 1.334323074211568461e+01 1.334323140537143004e+01
4.263725599633322538e+00 4.263725599633509056e+00 1.195143097737249249e+01 1.195143097737276072e+01 1.334288745469482684e+01 1.334288745469493520e+01
4.263725599633322538e+00 4.263725599633509056e+00 1.195143097737249249e+01 1.195143097737276072e+01 1.334288745469482684e+01 1.334288745469493520e+01
4.264223023007065017e+00 4.271672850778339914e+00 1.194707669998478572e+01 1.194911757404029196e+01 1.334295925412171790e+01 1.334578173720550787e+01
4.265710210140476022e+00 4.295377347629720788e+00 1.193415029623281676e+01 1.194219322112564363e+01 1.334317754952617641e+01 1.335432899067088108e+01
4.268171965466842188e+00 4.334434653401760151e+00 1.191304059105366520e+01 1.193070561302765320e+01 1.334355099826479751e+01 1.336814288657595817e+01
4.271583139822367592e+00 4.388194123262292301e+00 1.188433428734779973e+01 1.191473465409018750e+01 1.334409391622846464e+01 1.338664086092725292e+01
4.275908891457658179e+00 4.455790682530207825e+00 1.184874409111539961e+01 1.189439309011514645e+01 1.334482610950219694e+01 1.340911595729062356e+01
4.281105043296700607e+00 4.536183422132983090e+00 1.180703754821611007e+01 1.186982741403987163e+01 1.334577264111184292e+01 1.343480794720179894e+01
4.287118528658694139e+00 4.628196695974152064e+00 1.175997907900338468e+01 1.184121906619699161e+01 1.334696353526479484e+01 1.346296124340255673e+01
4.293887915940107547e+00 4.730559832748998161e+00 1.170829001989827312e+01 1.180878595340897341e+01 1.334843342215607009e+01 1.349286479899166480e+01
4.301344001375266402e+00 4.841942505021954446e+00 1.165262560578956474e+01 1.177278431279945714e+01 1.335022112705678232e+01 1.352387506117418958e+01
4.309410457986619036e+00 4.960983923586629984e+00 1.159356497634539629e+01 1.173351094424307739e+01 1.335236920802241123e+01 1.355542589946433552e+01
4.318004528215714899e+00 5.086315087569583504e+00 1.153160981166637988e+01 1.169130582773829730e+01 1.335492344714909052e+01 1.358702990615895878e+01
4.327037747488688524e+00 5.216574165723493195e+00 1.146718794372713290e+01 1.164655512562410422e+01 1.335793230085801397e+01 1.361827472610823264e+01
4.336416686093932604e+00 5.350415662059760713e+00 1.140065937027239862e+01 1.159969454014805024e+01 1.336144631519563575e+01 1.364881699271707483e+01
4.346043697202304656e+00 5.486514355839706703e+00 1.133232306703634507e+01 1.155121294854684599e+01 1.336551751259107235e+01 1.367837547791552488e+01
4.355817659593708591e+00 5.623565168475085585e+00 1.126242370816463101e+01 1.150165616292733262e+01 1.337019875690411652e+01 1.370672434969450748e+01
4.365634704619946405e+00 5.760280175054304230e+00 1.119115787134884066e+01 1.145163055180413458e+01 1.337554310391912260e+01 1.373368696388905263e+01
4.375388918074493816e+00 5.895384014833846109e+00 1.111867958221045782e+01 1.140180610485917612e+01 1.338160314468281342e+01 1.375913033841353084e+01
4.384973008903493508e+00 6.027609013951181538e+00 1.104510520352759961e+01 1.135291831560982168e+01 1.338843034924052766e+01 1.378296030647543269e+01
4.394278938024997139e+00 6.155691441843153200e+00 1.097051774716392281e+01 1.130576799961086998e+01 1.339607441838786883e+01 1.380511727223456475e+01
4.403198501879610482e+00 6.278370477261724147e+00 1.089497071296001529e+01 1.126121787738967583e+01 1.340458265101760205e+01 1.382557246501639270e+01
4.411623866674647232e+00 6.394391617768706126e+00 1.081849156013466384e+01 1.122018448086281417e+01 1.341399933450053261e+01 1.384432458579720304e+01
4.419448050571603837e+00 6.502516335247581658e+00 1.074108490526826643e+01 1.118362378360059850e+01 1.342436516529157053e+01 1.386139674992744375e+01
4.426565352277321175e+00 6.601539611391447515e+00 1.066273552372788380e+01 1.115250905506186463e+01 1.343571670659754247e+01 1.387683364595782187e+01
4.426565352597691572e+00 6.601507462454226705e+00 1.066276233211380209e+01 1.115252808526079598e+01 1.343571670639792082e+01 1.387681304668252480e+01
4.432626488376709695e+00 6.686800455310982549e+00 1.058676511228800088e+01 1.112871091993238792e+01 1.344754982114637976e+01 1.389012965030831914e+01
4.437852976259907045e+00 6.761755843933142884e+00 1.050983197501169997e+01 1.111157690925559294e+01 1.346034130401061191e+01 1.390207276819661075e+01
4.442156825466189396e+00 6.825561406485364913e+00 1.043191244813807650e+01 1.110184396090901693e+01 1.347411027909056003e+01 1.391272419426965179e+01
4.445452110856158434e+00 6.877555461097022871e+00 1.035294835285893988e+01 1.110010885423023907e+01 1.348887098809567142e+01 1.392217548807161798e+01
4.447655116190972535e+00 6.917261029978279296e+00 1.027287585385227864e+01 1.110681028258400893e+01 1.350463256355009456e+01 1.393052605763926799e+01
4.448684443386285103e+00 6.944412617717609315e+00 1.019162743180968533e+01 1.112219946424259831e+01 1.352139885232208449e+01 1.393788130015752458e+01
4.448461090575045240e+00 6.958970747604503515e+00 1.010913375731271024e+01 1.114632316415064928e+01 1.353916829095691021e+01 1.394435081329728376e+01
4.446908502033286581e+00 6.961121104513904534e+00 1.002532544030950312e+01 1.117902226281830913e+01 1.355793383363443816e+01 1.395004669460782054e+01
4.443952593197462164e+00 6.951257803568489102e+00 9.940134626689260955e+00 1.121994633751763182e+01 1.357768293290796358e+01 1.395508194907326072e+01
4.439521754115282270e+00 6.929953148358685588e+00 9.853496412698815377e+00 1.126858187671490441e+01 1.359839757272213312e+01 1.395956902592147131e+01
4.433546834729732211e+00 6.897918381266082477e+00 9.765350049161620305e+00 1.132428961070572271e+01 1.362005435256607555e+01 1.396361850504105817e+01
4.425961115402468060e+00 6.855960802071342286e+00 9.675639910531726784e+00 1.138634556890295180e+01 1.364262462100471573e+01 1.396733795103498466e+01
4.416700266043269707e+00 6.804942208452120944e+00 9.584316208549648053e+00 1.145398089813841125e+01 1.366607465625722106e+01 1.397083094921397439e+01
4.405702297131350420e+00 6.745742300259395918e+00 9.491335436386520996e+00 1.152641678954157456e+01 1.369036589096522150e+01 1.397419633297868202e+01
4.392907505795085932e+00 6.679229060675228702e+00 9.396660536328107938e+00 1.160289249193764682e+01 1.371545517782337598e+01 1.397752760638259062e+01
4.378258419965138870e+00 6.606236658557072872e+00 9.300260791876922895e+00 1.168268586018428046e+01 1.374129509233752522e+01 1.398091255957249679e+01
4.361699743433962162e+00 6.527550364314457454e+00 9.202111453236980765e+00 1.176512694057060315e+01 1.376783426863531545e+01 1.398443306864482949e+01
4.343178304446984939e+00 6.443897383845408555e+00 9.102193113099193766e+00 1.184960568501999667e+01 1.379501776398446466e+01 1.398816506559253092e+01
4.322643010220581061e+00 6.355942308971166632e+00 9.000490857107450893e+00 1.193557509376182502e+01 1.382278744747558186e+01 1.399217865876707023e+01
4.300044809532929335e+00 6.264285929977327250e+00 8.896993220050756435e+00 1.202255104082044035e+01 1.385108240820056302e+01 1.399653837990167560e+01
4.275336665269031222e+00 6.169466336777882809e+00 8.791690984454758606e+00 1.211010985760107062e+01 1.387983937820043678e+01 1.400130353042146858e+01
4.248473538524432769e+00 6.071961462706400248e+00 8.684575862667530899e+00 1.219788452415881785e+01 1.390899316546715170e+01 1.400652859761380142e+01
4.219412385586572611e+00 5.972192446360106821e+00 8.575639106646596233e+00 1.228556009801891946e+01 1.393847709235629928e+01 1.401226371028597484e+01
4.188112168821873205e+00 5.870527376652180607e+00 8.464870091415358289e+00 1.237286882225017237e+01 1.396822343489776408e+01 1.401855510376972980e+01
4.154533882203339523e+00 5.767285136155914316e+00 8.352254918574864462e+00 1.245958520593221586e+01 1.399816385867252855e+01 1.402544556546492771e+01
4.118640591922339667e+00 5.662739169465407230e+00 8.237775085375828255e+00 1.254552125962904974e+01 1.402822984714984678e+01 1.403297483443217430e+01
4.080397492240481760e+00 5.557121082417801006e+00 8.121406262748243066e+00 1.263052199016137678e+01 1.404117993170537204e+01 1.405835311864330883e+01
4.039771976458403024e+00 5.450624031503737754e+00 8.003117222442519108e+00 1.271446120592398543e+01 1.405009540184786943e+01 1.408846602833922645e+01
3.996733722609386419e+00 5.343405897059902543e+00 7.882868949160857674e+00 1.279723764975388001e+01 1.405975345066196347e+01 1.411850195217095916e+01
3.951254793230252638e+00 5.235592254236876464e+00 7.760613968367632509e+00 1.287877145554090497e+01 1.407018396872489419e+01 1.414839564964976937e+01
3.903309748322751904e+00 5.127279166432009205e+00 7.636295914492113646e+00 1.295900091320827485e+01 1.408141443541247995e+01 1.417808360311268956e+01
3.852875770397758082e+00 5.018535829974710261e+00 7.509849357621742882e+00 1.303787952127512284e+01 1.409346970313386826e+01 1.420750433120255352e+01
3.799932800294129276e+00 4.909407098603548292e+00 7.381199899693418054e+00 1.311537330472296148e+01 1.410637166649264529e+01 1.423659867475215357e+01
3.744463682285632089e+00 4.799915913284841018e+00 7.250264543808565776e+00 1.319145837676667199e+01 1.412013882586500380e+01 1.426531005359649384e+01
3.686454316834623324e+00 4.690065658326805220e+00 7.116952332831331773e+00 1.326611872531438152e+01 1.413478575930402137e+01 1.429358469318238889e+01
3.625893819221025716e+00 4.579842459341914029e+00 6.981165246098872679e+00 1.333934420767568874e+01 1.415032252060098017e+01 1.432137182017858734e+01
3.562774682169988605e+00 4.469217432972203419e+00 6.842799336113182029e+00 1.341112873997758648e+01 1.416675398463038071e+01 1.434862382660999280e+01
3.497092940522311455e+00 4.358148892824432963e+00 6.701746080726922905e+00 1.348146867047481123e+01 1.418407916365474009e+01 1.437529640234402351e+01
3.428848335938094127e+00 4.246584511053568711e+00 6.557893920803838483e+00 1.355036132831707185e+01 1.420229051997206149e+01 1.440134863604455795e+01
3.358044479594984644e+00 4.134463430688026797e+00 6.411129948822561708e+00 1.361780374126138859e+01 1.422137330107928221e+01 1.442674308497697488e+01
3.284689010839048962e+00 4.021718320246296940e+00 6.261341710558800955e+00 1.368379151725091702e+01 1.424130492336308684e+01 1.445144581429717867e+01
3.208793749765132652e+00 3.908277359528049555e+00 6.108419079928439466e+00 1.374831788572013735e+01 1.426205442921765254e+01 1.447542640668642733e+01
3.130374841746501602e+00 3.794066143706917416e+00 5.952256166351566513e+00 1.381137289495545595e+01 1.428358204047254709e+01 1.449865794340327518e+01
3.049452891996101034e+00 3.679009491991185321e+00 5.792753214582981869e+00 1.387294276188613651e+01 1.430583882818378783e+01 1.452111695801299973e+01
2.966053088324823506e+00 3.563033147100363340e+00 5.629818458769542566e+00 1.393300937036287834e+01 1.432876651532525081e+01 1.454278336422496132e+01
2.880205310362767168e+00 3.446065352545672589e+00 5.463369895397309328e+00 1.399154991336978249e+01 1.435229742487940108e+01 1.456364035941899182e+01
2.791944223625934196e+00 3.328038296090142900e+00 5.293336943594989741e+00 1.404853667378391791e+01 1.437635458145119927e+01 1.458367430557392552e+01
2.701309356941790085e+00 3.208889409669946957e+00 5.119661965745974541e+00 1.410393693732103237e+01 1.440085197001366701e+01 1.460287458942590355e+01
2.608345161889833452e+00 3.088562518343223040e+00 4.942301626288904792e+00 1.415771303025959504e+01 1.442569495093349907e+01 1.462123346378067446e+01
2.513101053067011925e+00 2.967008833355052833e+00 4.761228071719028954e+00 1.420982247348688610e+01 1.445078082620147519e+01 1.463874587198453980e+01
2.415631428149472626e+00 2.844187787029277548e+00 4.576429919912270883e+00 1.426021824342039857e+01 1.447599954796270261e+01 1.465540925762283564e+01
2.315995666889978377e+00 2.720067709793898558e+00 4.387913051783155716e+00 1.430884912947771426e+01 1.450123455712912168e+01 1.467122336156348794e+01
2.214258108364639543e+00 2.594626352107874290e+00 4.195701202791157769e+00 1.435566017703680686e+01 1.452636373714935836e+01 1.468619000849721878e+01
2.110488005956880464e+00 2.467851256292273643e+00 3.999836355807006250e+00 1.440059320427646128e+01 1.455126046595436229e+01 1.470031288514562817e+01
2.004759459746099370e+00 2.339739985210284701e+00 3.800378940260625615e+00 1.444358738092907224e+01 1.457579474770231620e+01 1.471359731231416745e+01
1.897151326144017824e+00 2.210300216342186097e+00 3.597407845276355154e+00 1.448457985682141036e+01 1.459983440518773357e+01 1.472605001295931437e+01
1.787747104798859343e+00 2.079549711037974369e+00 3.391020256659714960e+00 1.452350642811978965e+01 1.462324631360537630e+01 1.473767887841901469e+01
1.676634802959581005e+00 1.947516169597093061e+00 3.181331329160033139e+00 1.456030222942071184e+01 1.464589765669714971e+01 1.474849273492202606e+01
1.563906777661230540e+00 1.814236983331537045e+00 2.968473706447678939e+00 1.459490244021883676e+01 1.466765718707286048e+01 1.475850111244681528e+01
1.449659556256705617e+00 1.679758894942020797e+00 2.752596901783139316e+00 1.462724299481630297e+01 1.468839647359190259e+01 1.476771401794336214e+01
1.333993635976181924e+00 1.544137578411644007e+00 2.533866552491822688e+00 1.465726128538472395e+01 1.470799112002988274e+01 1.477614171486286310e+01
1.217013263347392904e+00 1.407437149237981577e+00 2.312463561176828719e+00 1.468489684862677613e+01 1.472632194074568268e+01 1.478379451086059326e+01
1.098826194450343907e+00 1.269729615235417608e+00 2.088583136176130672e+00 1.471009202727905141e+01 1.474327608063257600e+01 1.479068255544711619e+01
9.795434371153569630e-01 1.131094277384484093e+00 1.862433743175790690e+00 1.473279259852921363e+01 1.475874806821521545e+01 1.479681564926261217e+01
8.592789762965939993e-01 9.916170893423796873e-01 1.634235979187812937e+00 1.475294836226274242e+01 1.477264079228982219e+01 1.480220306653901652e+01
7.381494839679942910e-01 8.513899832931396405e-01 1.404221379347583731e+00 1.477051368289122202e+01 1.478486639395704572e+01 1.480685339219558827e+01
6.162740149933719769e-01 7.105101688626679346e-01 1.172631166222969368e+00 1.478544797932811505e+01 1.479534706723813109e+01 1.481077437488573523e+01
4.937736905154050393e-01 5.690794108782624150e-01 9.397149505931402524e-01 1.479771615845925403e+01 1.480401576267935937e+01 1.481397279717761251e+01
3.707713704918314535e-01 4.272032908588201949e-01 7.057293919747925637e-01 1.480728898819604744e+01 1.481081678943065683e+01 1.481645436390819270e+01
2.473913170754253044e-01 2.849904563013053727e-01 4.709368265664694575e-01 1.481414340689709697e+01 1.481570631223502055e+01 1.481822360960178031e+01
1.237588505982949172e-01 1.425518611148418047e-01 2.356038697655886693e-01 1.481826276659849739e+01 1.481865274059512672e+01 1.481928382568954738e+01
-2.296262361166230730e-06 -1.871761593997067398e-06 -1.528628728886984621e-06 1.481963700810766937e+01 1.481963700810780438e+01 1.481963700810783102e+01
-2.296262361166230730e-06 -1.871761593997067398e-06 -1.528628728886984621e-06 1.481963700810766937e+01 1.481963700810780438e+01 1.481963700810783102e+01
1.298390098398195802e-01 1.298390099484137972e-01 2.382716541456820492e-01 1.481806393088246487e+01 1.481907750282654845e+01 1.481907750282775638e+01
2.594496917766526134e-01 2.594496919935468937e-01 4.763666011276130319e-01 1.481335234572083515e+01 1.481740043803978857e+01 1.481740043804425966e+01
3.886042943589029242e-01 3.886042946837399703e-01 7.141092460464114611e-01 1.480552509925152904e+01 1.481461016985634238e+01 1.481461016986623491e+01
5.170762201750270792e-01 5.170762206068951761e-01 9.513262116633524057e-01 1.479461996012188507e+01 1.481071396805990403e+01 1.481071396807735496e+01
6.446406053513055179e-01 6.446406058891120949e-01 1.187847429697477475e+00 1.478068915768982450e+01 1.480572202983428731e+01 1.480572202986139452e+01
7.710749021069081000e-01 7.710749027492622698e-01 1.423507210692554592e+00 1.476379874085218091e+01 1.479964749763588472e+01 1.479964749767470700e+01
8.961594653144808742e-01 8.961594660598505291e-01 1.658145284562685173e+00 1.474402776184108887e+01 1.479250647989978695e+01 1.479250647995232626e+01
1.019678144033461242e+00 1.019678144879670123e+00 1.891607803373589025e+00 1.472146729143494426e+01 1.478431807293343070e+01 1.478431807300162681e+01
1.141418878942336512e+00 1.141418879887027504e+00 2.123748297244401950e+00 1.469621927380254789e+01 1.477510438205050214e+01 1.477510438213619537e+01
1.261174306546034352e+00 1.261174307586643728e+00 2.354428573531840652e+00 1.466839523114245658e+01 1.476489053973645937e+01 1.476489053984140121e+01
1.378742370952598995e+00 1.378742372085994150e+00 2.583519548717413628e+00 1.463811483039543226e+01 1.475370471842171050e+01 1.475370471854754939e+01
1.493926943909257954e+00 1.493926945132064921e+00 2.810902001721177879e+00 1.460550432658177833e+01 1.474157813527666860e+01 1.474157813542492690e+01
1.606538453643403086e+00 1.606538454951796480e+00 3.036467236766200006e+00 1.457069489971789267e+01 1.472854504634172734e+01 1.472854504651378171e+01
1.716394522866708350e+00 1.716394524256525722e+00 3.260117643486050820e+00 1.453382090474799782e+01 1.471464272727051181e+01 1.471464272746758084e+01
1.823320616062846122e+00 1.823320617529451182e+00 3.481767141775062413e+00 1.449501805642032259e+01 1.469991143800284483e+01 1.469991143822596946e+01
1.927150695884634723e+00 1.927150697422996606e+00 3.701341499001531865e+00 1.445442157345735090e+01 1.468439436879932991e+01 1.468439436904934325e+01
2.027727888124959854e+00 2.027727889729728616e+00 3.918778507708893244e+00 1.441216430861429210e+01 1.466813756526603818e+01 1.466813756554356196e+01
2.124905154297839438e+00 2.124905155963169978e+00 4.134028012885591075e+00 1.436837489317514738e+01 1.465118983027733179e+01 1.465118983058273905e+01
2.218545970360095154e+00 2.218545972079737805e+00 4.347051779341568611e+00 1.432317592597927636e+01 1.463360260106755106e+01 1.463360260140096614e+01
2.308525009523534788e+00 2.308525011290884610e+00 4.557823191722226497e+00 1.427668223808032444e+01 1.461542980020558247e+01 1.461542980056683660e+01
2.394728826447579895e+00 2.394728828255719755e+00 4.766326782226800951e+00 1.422899926449936991e+01 1.459672765968493380e+01 1.459672766007357403e+01
2.477056539364883125e+00 2.477056541206518414e+00 4.972557584151777732e+00 1.418022155414639229e+01 1.457755451794799839e+01 1.457755451836323957e+01
2.555420505884460347e+00 2.555420507752023784e+00 5.176520312892103348e+00 1.413043144777863702e+01 1.455797059030444807e+01 1.455797059074519062e+01
2.629746987340796149e+00 2.629746989226508180e+00 5.378228379901009326e+00 1.407969795180550854e+01 1.453803771388576571e+01 1.453803771435056902e+01
2.699976795626456205e+00 2.699976797522333882e+00 5.577702749193270471e+00 1.402807583284843673e+01 1.451781906898212782e+01 1.451781906946920842e+01
2.766065915470024894e+00 2.766065917367948934e+00 5.774970650096715730e+00 1.397560495428157523e+01 1.449737887931289038e+01 1.449737887982012552e+01
2.827986094116592408e+00 2.827986096008404449e+00 5.970064163902811138e+00 1.392230987163063993e+01 1.447678209446448605e+01 1.447678209498943147e+01
2.885725389350396242e+00 2.885725391227923708e+00 6.163018705602454794e+00 1.386819969886287396e+01 1.445609405836325578e+01 1.445609405890314036e+01
2.939288665787809673e+00 2.939288667642959929e+00 6.353871424770921372e+00 1.381326825248205203e+01 1.443538016821077186e+01 1.443538016876255270e+01
2.988698028381906457e+00 2.988698030206743184e+00 6.542659551634631754e+00 1.375749447521340763e+01 1.441470552876912237e+01 1.441470552932949722e+01
3.033993181138552320e+00 3.033993182925367460e+00 6.729418715170941034e+00 1.370084313622805183e+01 1.439413460722065885e+01 1.439413460778611586e+01
3.075231698168555017e+00 3.075231699909939831e+00 6.914181259533928703e+00 1.364326580064495964e+01 1.437373089402067627e+01 1.437373089458754372e+01
3.112489193412031341e+00 3.112489195100955452e+00 7.096974582954840294e+00 1.358470205781679851e+01 1.435355657519752626e+01 1.435355657576202226e+01
3.145859374693160682e+00 3.145859376323034695e+00 7.277819519334706833e+00 1.352508099603230640e+01 1.433367222142362607e+01 1.433367222198193858e+01
3.175453967221471885e+00 3.175453968786214887e+00 7.456728776817315385e+00 1.346432291116657254e+01 1.431413649888138373e+01 1.431413649942970601e+01
3.201402491280026297e+00 3.201402492774128028e+00 7.633705439442211471e+00 1.340234123895546858e+01 1.429500590648503255e+01 1.429500590701966978e+01
3.223851878669172333e+00 3.223851880087737154e+00 7.808741527158017171e+00 1.333904470554522881e+01 1.427633454340765695e+01 1.427633454392507240e+01
3.242965912554844454e+00 3.242965913893659291e+00 7.981816595450518470e+00 1.327433969954750914e+01 1.425817391012150992e+01 1.425817391061840134e+01
3.258924475765752060e+00 3.258924477021304611e+00 8.152896337678967598e+00 1.320813288211601488e+01 1.424057274531759276e+01 1.424057274579093502e+01
3.271922593370021559e+00 3.271922594539525164e+00 8.321931129417682982e+00 1.314033407119267061e+01 1.422357690015805964e+01 1.422357690060518287e+01
3.282169256638452381e+00 3.282169257719899758e+00 8.488854422246733478e+00 1.307085946457158165e+01 1.420722925036859507e+01 1.420722925078722199e+01
3.289886017380305727e+00 3.289886018372501386e+00 8.653580850631030330e+00 1.299963530774777531e+01 1.419156964573265256e+01 1.419156964612092686e+01
3.295305344249278345e+00 3.295305345151764431e+00 8.816003853507998755e+00 1.292660217293204816e+01 1.417663489564083079e+01 1.417663489599735804e+01
3.298668736095248466e+00 3.298668736908416221e+00 8.975992521859495810e+00 1.285172010520908970e+01 1.416245878850937778e+01 1.416245878883322540e+01
3.300224591915774663e+00 3.300224592640774279e+00 9.133387248434386763e+00 1.277497502696984455e+01 1.414907214213814157e+01 1.414907214242886369e+01
3.300225842542772181e+00 3.300225843181558094e+00 9.287993548970005619e+00 1.269638699931964076e+01 1.413650288145311507e+01 1.413650288171073299e+01
3.298927355945974416e+00 3.298927356501272889e+00 9.439573101220732454e+00 1.261602126355353803e+01 1.412477613958544609e+01 1.412477613981044300e+01
3.296583135931018482e+00 3.296583136406316061e+00 9.587830535023053713e+00 1.253400350069997415e+01 1.411391437788608805e+01 1.411391437807940186e+01
3.293443342934914142e+00 3.293443343334394591e+00 9.732393681674272656e+00 1.245054157427405173e+01 1.410393752026315184e+01 1.410393752042610949e+01
3.289751175327593202e+00 3.289751175656149940e+00 9.872783657736386331e+00 1.236595735697390275e+01 1.409486309715185648e+01 1.409486309728620590e+01
3.285739659713911909e+00 3.285739659977100047e+00 1.000836902138556894e+01 1.228073438160019215e+01 1.408670639447568718e+01 1.408670639458349072e+01
3.281628408642801364e+00 3.281628408846758216e+00 1.013829493447563301e+01 1.219559036401869712e+01 1.407948060311446703e+01 1.407948060319812811e+01
3.277620413174520575e+00 3.277620413325951887e+00 1.026137365884684804e+01 1.211158825316188015e+01 1.407319696464781700e+01 1.407319696471000015e+01
3.273898945142496242e+00 3.273898945248591374e+00 1.037591821865788155e+01 1.203030396224878018e+01 1.406786490946860546e+01 1.406786490951222568e+01
3.270624648844846050e+00 3.270624648913249111e+00 1.047950407416021257e+01 1.195406592403435297e+01 1.406349218374680277e+01 1.406349218377495802e+01
3.267932903544116474e+00 3.267932903582821513e+00 1.056867949716854760e+01 1.188624577015856154e+01 1.406008496215049419e+01 1.406008496216645831e+01
3.265931535927381724e+00 3.265931535944671005e+00 1.063877462627334936e+01 1.183145014877334766e+01 1.405764794368591275e+01 1.405764794369308035e+01
3.264698955229347721e+00 3.264698955233681588e+00 1.068423640402342656e+01 1.179518647215789251e+01 1.405618442848920324e+01 1.405618442849105776e+01
3.264282773034602680e+00 3.264282773034605345e+00 1.070008335464999050e+01 1.178240863123200199e+01 1.405569637388248871e+01 1.405569637388260240e+01
3.264282773034602680e+00 3.264282773034605345e+00 1.070008335464999050e+01 1.178240863123200199e+01 1.405569637388248871e+01 1.405569637388260240e+01
3.266928954772918559e+00 3.272627905449151609e+00 1.069882141141115817e+01 1.178181399689313480e+01 1.405489033446747271e+01 1.405533379603316213e+01
3.274845771256109206e+00 3.297493399201021358e+00 1.069504051512227960e+01 1.178002995491720917e+01 1.405247942973114839e+01 1.405424986865858017e+01
3.287968659151104145e+00 3.338382136691190549e+00 1.068875556498385038e+01 1.177705611383538198e+01 1.404848521706408349e+01 1.405245593423683736e+01
3.306192050290070128e+00 3.394505303757477943e+00 1.067999172241054673e+01 1.177289190540524899e+01 1.404294334941697286e+01 1.404997064465084833e+01
3.329372296265329378e+00 3.464834752665879591e+00 1.066878490401423640e+01 1.176753670916602168e+01 1.403590316506371316e+01 1.404681958714352419e+01
3.357331514901965797e+00 3.548164096205487894e+00 1.065518246933205049e+01 1.176099002319277353e+01 1.402742712093336053e+01 1.404303476938805240e+01
3.389862143021529217e+00 3.643170468703687881e+00 1.063924410043968471e+01 1.175325167717377894e+01 1.401759007724571759e+01 1.403865397257916214e+01
3.426731958398333333e+00 3.748470561847864424e+00 1.062104286915697671e+01 1.174432208251111298e+01 1.400647844346360671e+01 1.403371998419832245e+01
3.467689333177127242e+00 3.862666981168868308e+00 1.060066648560099978e+01 1.173420251256071012e+01 1.399418919784640991e+01 1.402827972493100184e+01
3.512468498356976720e+00 3.984383361187279426e+00 1.057821871917086121e+01 1.172289540442536016e+01 1.398082879509807341e+01 1.402238328705917425e+01
3.560794629581843118e+00 4.112288518617573274e+00 1.055382097938272601e+01 1.171040467197306079e+01 1.396651197866698624e+01 1.401608290442388238e+01
3.612388603023751088e+00 4.245111052572660526e+00 1.052761403892099068e+01 1.169673601808744756e+01 1.395136051607333627e+01 1.400943187662453759e+01
3.666971311431520775e+00 4.381646297860503303e+00 1.049975987428039836e+01 1.168189723270887903e+01 1.393550187709811183e+01 1.400248347234190049e+01
3.724267470174570605e+00 4.520757588026964591e+00 1.047044358968090094e+01 1.166589846215266846e+01 1.391906787565055303e+01 1.399528983837445928e+01
3.784008878298868339e+00 4.661373581567419322e+00 1.043987537652301434e+01 1.164875243465481347e+01 1.390219329653178448e+01 1.398790094199837775e+01
3.845937128482856959e+00 4.802483098355049052e+00 1.040829244221724537e+01 1.163047462723863568e+01 1.388501452804900715e+01 1.398036357445347022e+01
3.909805781713699080e+00 4.943128601080898576e+00 1.037596081722183783e+01 1.161108335992756224e+01 1.386766822046305947e+01 1.397272044261287327e+01
3.975382037732013263e+00 5.082399190487538299e+00 1.034317691590476507e+01 1.159059980510757626e+01 1.385028998857339744e+01 1.396500937415666854e+01
4.042447941607778539e+00 5.219423784292034796e+00 1.031026868397197127e+01 1.156904790246353265e+01 1.383301317441557643e+01 1.395726265884873918e+01
4.110801171286560418e+00 5.353365019962735616e+00 1.027759611206574064e+01 1.154645417330463353e+01 1.381596768317888113e+01 1.394950654489088215e+01
4.180255451736701211e+00 5.483414352402561143e+00 1.024555083297635072e+01 1.152284743211863827e+01 1.379927890220633735e+01 1.394176090494401343e+01
4.250640639520064212e+00 5.608788794214936146e+00 1.021455445333187306e+01 1.149825839766066160e+01 1.378306670951900337e+01 1.393403908146520642e+01
4.321802518137806359e+00 5.728729748430238189e+00 1.018505520957411647e+01 1.147271921056372967e+01 1.376744457493599860e+01 1.392634791574960218e+01
4.393602340122906291e+00 5.842504385193155514e+00 1.015752249984407563e+01 1.144626286911278612e+01 1.375251875377425215e+01 1.391868795974369455e+01
4.465916147129922464e+00 5.949409981872943121e+00 1.013243885415798928e+01 1.141892259922052411e+01 1.373838757052563864e+01 1.391105386455553905e+01
4.538633894609310104e+00 6.048781541376716753e+00 1.011028899865455877e+01 1.139073117858261597e+01 1.372514078801090953e+01 1.390343493484538406e+01
4.611658403305969323e+00 6.140002786718409489e+00 1.009154588131676356e+01 1.136172023832133604e+01 1.371285905643761005e+01 1.389581583410455501e+01
4.684904155933117487e+00 6.222520273488200360e+00 1.007665388139596629e+01 1.133191956805912071e+01 1.370161343662055309e+01 1.388817742233307939e+01
4.758295954001330763e+00 6.295859868804781101e+00 1.006600991800002554e+01 1.130135645226971697e+01 1.369146499236627967e+01 1.388049770485792678e+01
4.831767446923605824e+00 6.359644270047143166e+00 1.005994374941619185e+01 1.127005506696358772e+01 1.368246444861380873e+01 1.387275286899041049e+01
4.905259543124014243e+00 6.413609696163142360e+00 1.005869929609600710e+01 1.123803596635474378e+01 1.367465191422601301e+01 1.386491838385230224e+01
4.978718710875271292e+00 6.457619544600326833e+00 1.006241916060599451e+01 1.120531568923860810e+01 1.366805667113681366e+01 1.385697013792545462e+01
5.052095174891142904e+00 6.491672834792773905e+00 1.007113449033221642e+01 1.117190651451238459e+01 1.366269703461896157e+01 1.384888558860173902e+01
5.125341013211182961e+00 6.515905749236408084e+00 1.008476183889862376e+01 1.113781639471602958e+01 1.365858029244159333e+01 1.384064489813227894e+01
5.198408157552307784e+00 6.530585492482360976e+00 1.010310777338571420e+01 1.110304909576928623e+01 1.365570273330819440e+01 1.383223203081323227e+01
5.271246298993253809e+00 6.536096822188441458e+00 1.012588084150603862e+01 1.106760457030076594e+01 1.365404977687488675e+01 1.382363578694026707e+01
5.343800699560573797e+00 6.532922677596908478e+00 1.015270944331084735e+01 1.103147959113040777e+01 1.365359621854490513e+01 1.381485074998565921e+01
5.416009908990037758e+00 6.521621070021604183e+00 1.018316341545923187e+01 1.099466867053669539e+01 1.365430660187391076e+01 1.380587812460538011e+01
5.487803384694327491e+00 6.502800658121631550e+00 1.021677688176903764e+01 1.095716528979831494e+01 1.365613572964989686e+01 1.379672644450569763e+01
5.559099011891966313e+00 6.477097220712773051e+00 1.025307013894792796e+01 1.091896346193970224e+01 1.365902932149281135e+01 1.378741213095422857e+01
5.629800520163671607e+00 6.445152703100903047e+00 1.029156888952454629e+01 1.088005964831719652e+01 1.366292482125044749e+01 1.377795988489268630e+01
5.699794792745002781e+00 6.407597842541840727e+00 1.033181981171803265e+01 1.084045504621503042e+01 1.366775235178501724e+01 1.376840289828751551e+01
5.768949066159772876e+00 6.365038744490580491e+00 1.037340209789884682e+01 1.080015825937961793e+01 1.367343580831292726e+01 1.375878287362146501e+01
5.837108021089150611e+00 6.318047289024807611e+00 1.041593509372815518e+01 1.075918835561649800e+01 1.367989407473949370e+01 1.374914984433855203e+01
5.904090771682709793e+00 6.267154932012432234e+00 1.045908249270655332e+01 1.071757830418210844e+01 1.368704234093307193e+01 1.373956179361902841e+01
5.969687771210588245e+00 6.212849313459644307e+00 1.050255369999384314e+01 1.067537876941613462e+01 1.369479349310707583e+01 1.373008407404309850e+01
6.033657668662593565e+00 6.155573055998204701e+00 1.054610301468009048e+01 1.063266221425374880e+01 1.370305954469600174e+01 1.372078863656001602e+01
6.095710706883306962e+00 6.095737653409332601e+00 1.058952723598261869e+01 1.058952723598298640e+01 1.371174708788697849e+01 1.371175906728818816e+01
6.095710706883306962e+00 6.095737653409332601e+00 1.058952723598261869e+01 1.058952723598298640e+01 1.371174708788697849e+01 1.371175906728818816e+01
6.091156766702280123e+00 6.091183669708878590e+00 1.059301959034989693e+01 1.059301959051095210e+01 1.371121697914473003e+01 1.371122893060172210e+01
6.077560716214879477e+00 6.077587488874369726e+00 1.060343906461110031e+01 1.060343906537996439e+01 1.370962619900397428e+01 1.370963806691354669e+01
6.055119969862279738e+00 6.055146525938712720e+00 1.062061159993958803e+01 1.062061160211164967e+01 1.370697543962530851e+01 1.370698716923330629e+01
6.024153365654483672e+00 6.024179619823112120e+00 1.064425735950881879e+01 1.064425736437077141e+01 1.370326600006023732e+01 1.370327753801545967e+01
5.985087247481029493e+00 5.985113115557790131e+00 1.067400475436913965e+01 1.067400476373050644e+01 1.369850000330937689e+01 1.369851129819923941e+01
5.938438416208275505e+00 5.938463815290778491e+00 1.070940763072046664e+01 1.070940764682665503e+01 1.369268070498064560e+01 1.369269170784194500e+01
5.884795759257133163e+00 5.884820607802581094e+00 1.074996379501760657e+01 1.074996382036099618e+01 1.368581289851730176e+01 1.368582356331538641e+01
5.824802215591939003e+00 5.824826433474662224e+00 1.079513320102561913e+01 1.079513323808870950e+01 1.367790342363459288e+01 1.367791370770494552e+01
5.759138364529536425e+00 5.759161873128930687e+00 1.084435448553091952e+01 1.084435453650341152e+01 1.366896178643899518e+01 1.366897165088573018e+01
5.688508462969088519e+00 5.688531185338006502e+00 1.089705899625017338e+01 1.089705906276125802e+01 1.365900090170726067e+01 1.365901031175359392e+01
5.613629303029352258e+00 5.613651164185505138e+00 1.095268189993530861e+01 1.095268198283532968e+01 1.364803796994419116e+01 1.364804689523099590e+01
5.535221890165878733e+00 5.535242817537939786e+00 1.101067032115839872e+01 1.101067042037333898e+01 1.363609550403274184e+01 1.363610391886185269e+01
5.454005679571524823e+00 5.454025603619269802e+00 1.107048871387234890e+01 1.107048882834338066e+01 1.362320252235931051e+01 1.362321040587946186e+01
5.370694953577058506e+00 5.370713808593409411e+00 1.113162181129963102e+01 1.113162193900949504e+01 1.360939592692197486e+01 1.360940326325634153e+01
5.285996854518716148e+00 5.286014579611338249e+00 1.119357555593620646e+01 1.119357569401617525e+01 1.359472208556557327e+01 1.359472886388098267e+01
5.200610579845207582e+00 5.200627120086645405e+00 1.125587640786979904e+01 1.125587655277494825e+01 1.357923863625334349e+01 1.357924485077277232e+01
5.115227274733481266e+00 5.115242582460841625e+00 1.131806939243826093e+01 1.131806954017472044e+01 1.356301652680194714e+01 1.356302217676328326e+01
5.030530203524982369e+00 5.030544239763147019e+00 1.137971519908994544e+01 1.137971534547574670e+01 1.354614229368694645e+01 1.354614738325266465e+01
4.947194832857841007e+00 4.947207568831940350e+00 1.144038659855424811e+01 1.144038673949411944e+01 1.352872056532625322e+01 1.352872510345044255e+01
4.865888510352712082e+00 4.865899929047900585e+00 1.149966441730678390e+01 1.149966454906094526e+01 1.351087674443078157e+01 1.351088074469160993e+01
4.787269471624394868e+00 4.787279569340783247e+00 1.155713330632471880e+01 1.155713342575185365e+01 1.349275977503765667e+01 1.349276325544525257e+01
4.711984956939440750e+00 4.711993744780295756e+00 1.161237757310934171e+01 1.161237767786481712e+01 1.347454482618377014e+01 1.347454780897488646e+01
4.640668270619152658e+00 4.640675775839926409e+00 1.166497741796040621e+01 1.166497750663203803e+01 1.345643561952252476e+01 1.345643813095406571e+01
4.573934675582282949e+00 4.573940942718227376e+00 1.171450602967582100e+01 1.171450610184230001e+01 1.343866598933228040e+01 1.343866805948551146e+01
4.512376086042234391e+00 4.512381177725639958e+00 1.176052814541353619e+01 1.176052820161505430e+01 1.342150009578234027e+01 1.342150175838688497e+01
4.456554605463098007e+00 4.456558602838314620e+00 1.180260084001937138e+01 1.180260088163743504e+01 1.340523053903660866e+01 1.340523183131809937e+01
4.406995053749969138e+00 4.406998056398840014e+00 1.184027742873217903e+01 1.184027745778644025e+01 1.339017349454662131e+01 1.339017445709252563e+01
4.364176732813507265e+00 4.364178858116708248e+00 1.187311535398540308e+01 1.187311537286984553e+01 1.337665999754224799e+01 1.337666067416767923e+01
4.328524784347539622e+00 4.328526166230587613e+00 1.190068866155454685e+01 1.190068867275099329e+01 1.336502276693740399e+01 1.336502320451802817e+01
4.300401585263587734e+00 4.300402372309216403e+00 1.192260504032896939e+01 1.192260504614922745e+01 1.335557858822360799e+01 1.335557883645130950e+01
4.280098689785596378e+00 4.280099042735663772e+00 1.193852637793479943e+01 1.193852638034579350e+01 1.334860729653009948e+01 1.334860740754408504e+01
4.267829848164206297e+00 4.267829936880807473e+00 1.194819053579580981e+01 1.194819053636969031e+01 1.334432965003636085e+01 1.334432967789651947e+01
4.263725599633322538e+00 4.263725599633509056e+00 1.195143097737249249e+01 1.195143097737276072e+01 1.334288745469482684e+01 1.334288745469493520e+01
