0.000000000000000000e+00 0.000000000000000000e+00 0.000000000000000000e+00 0.000000000000000000e+00 0.000000000000000000e+00 0.000000000000000000e+00
5.291729128999168097e+01 5.291729304309955495e+01 8.343984171017883966e+01 7.298487595317227905e-01 7.298270537901401234e-01 5.507980396299254622e-01
5.283933722736114902e+01 5.283934423749650477e+01 8.335616412230839956e+01 1.458115570343054834e+00 1.458072146123564616e+00 1.101659921811686482e+00
5.270937365557287535e+01 5.270938938971325882e+01 8.321745195697019426e+01 2.183213342568840254e+00 2.183148175629751275e+00 1.652628475762425220e+00
5.252734136717764102e+01 5.252736924022457998e+01 8.302482147840350990e+01 2.903544815543498636e+00 2.903457872596170386e+00 2.203705074145498433e+00
5.229315941156538372e+01 5.229320276407457868e+01 8.277981659201149967e+01 3.617497751999449562e+00 3.617388994386608658e+00 2.754830318356411567e+00
5.200672709820788242e+01 5.200678917443119076e+01 8.248439017074328206e+01 4.323440470215194509e+00 4.323309858796248406e+00 3.305866387506426030e+00
5.166792663510355510e+01 5.166801056100396039e+01 8.214088030981793054e+01 5.019717830747561393e+00 5.019565331970955668e+00 3.856581552129878521e+00
5.127662645978066536e+01 5.127673522076874946e+01 8.175198171622133714e+01 5.704647797655160169e+00 5.704473390788296072e+00 4.406637309232293021e+00
5.083268532741293200e+01 5.083282174578759083e+01 8.132071248706452593e+01 6.376518698013288855e+00 6.376322383488239431e+00 4.955578541572144502e+00
5.033595723191196214e+01 5.033612394404413237e+01 8.085037658306987396e+01 7.033587307874825889e+00 7.033369116692359313e+00 5.502827042122889090e+00
4.978629724728907036e+01 4.978649668063266631e+01 8.034452235735702175e+01 7.674077897425693351e+00 7.673837901540498052e+00 6.047678675718003660e+00
4.918356838727375901e+01 4.918380273730049623e+01 7.980689755570956834e+01 8.296182372622048717e+00 8.295920696208661127e+00 6.589304375255411017e+00
4.852764959097378750e+01 4.852792079815200310e+01 7.924140126156606811e+01 8.898061654692106970e+00 8.897778486163012701e+00 7.126755090900963374e+00
4.781844495063245404e+01 4.781875467767405752e+01 7.865203331648993412e+01 9.477848442040803789e+00 9.477544046656008803e+00 7.658970728877656065e+00
4.705589430376132754e+01 4.705624391335000922e+01 7.804284180368490809e+01 1.003365150068881562e+01 1.003332623355987252e+01 8.184793033045782096e+00
4.623998531510679300e+01 4.624037584841408233e+01 7.741786923674725074e+01 1.056356162864259929e+01 1.056321594789437235e+01 8.702982278931576943e+00
4.537076717324594455e+01 4.537119932956672130e+01 7.678109814666733257e+01 1.106565943561341570e+01 1.106529391542328966e+01 9.212237567468314126e+00
4.444836602081375077e+01 4.444884013872709971e+01 7.613639680516911312e+01 1.153802507120417431e+01 1.153764041439454147e+01 9.711220425747780993e+00
4.347300222525995395e+01 4.347351826576277745e+01 7.548746585968456202e+01 1.197875002083991269e+01 1.197834707065440085e+01 1.019858134576798570e+01
4.244500957703875343e+01 4.244556710914986297e+01 7.483778668241258458e+01 1.238595106797452416e+01 1.238553081862554883e+01 1.067298882068801369e+01
4.136485647280029099e+01 4.136545466218222344e+01 7.419057225073407835e+01 1.275778649202361059e+01 1.275735009756064997e+01 1.113316037261587255e+01
4.023316910085053877e+01 4.023380670201849085e+01 7.354872137665842047e+01 1.309247453258644711e+01 1.309202331360330440e+01 1.157789500758748424e+01
3.905075659334418248e+01 3.905143194606193191e+01 7.291477708701206950e+01 1.338831410045188264e+01 1.338784954813204742e+01 1.200610648325871033e+01
3.781863804311783639e+01 3.781934907358013476e+01 7.229088992223537957e+01 1.364370765346216707e+01 1.364323143045682940e+01 1.241685673403224222e+01
3.653807120174779755e+01 3.653881542913013902e+01 7.167878686883919670e+01 1.385718607975414152e+01 1.385670001740361457e+01 1.280938876796641779e+01
3.521058257903342081e+01 3.521135712794212225e+01 7.107974656842173999e+01 1.402743534202503639e+01 1.402694143347321543e+01 1.318315833093064704e+01
3.383799855305026227e+01 3.383880017233847326e+01 7.049458135488720245e+01 1.415332453491734022e+01 1.415282492373701295e+01 1.353786362709535673e+01
3.242247697579390575e+01 3.242330206409336313e+01 6.992362656230039875e+01 1.423393489511928323e+01 1.423343185916449372e+01 1.387347239190800430e+01
3.096653862502449783e+01 3.096738326320516776e+01 6.936673742055005221e+01 1.426858918338271387e+01 1.426808511371661048e+01 1.419024563500663660e+01
2.947309771263530109e+01 2.947395770322059505e+01 6.882329371743499280e+01 1.425688073395831346e+01 1.425637810886959045e+01 1.448875740667177858e+01
2.794549051971253562e+01 2.794636143306881237e+01 6.829221225740694479e+01 1.419870134616688340e+01 1.419820270048371214e+01 1.476990999276521421e+01
2.638750109610656835e+01 2.638837832298258590e+01 6.777196699310948702e+01 1.409426708283447027e+01 1.409377497296505943e+01 1.503494400967913158e+01
2.480338284692524198e+01 2.480426165665717164e+01 6.726061655060020428e+01 1.394414095041232926e+01 1.394365791577880032e+01 1.528544295225196947e+01
2.319787474011249984e+01 2.319875034354105381e+01 6.675583871751543086e+01 1.374925137609430692e+01 1.374877989786624433e+01 1.552333184306660208e+01
2.157621081879607416e+01 2.157707843468185516e+01 6.625497132024270286e+01 1.351090537875776221e+01 1.351044783702193541e+01 1.575086973970565118e+01
1.994412169956608949e+01 1.994497662305305852e+01 6.575505878596044340e+01 1.323079536312598314e+01 1.323035399382780852e+01 1.597063597552470071e+01
1.830782679188580531e+01 1.830866446336664666e+01 6.525290357227827087e+01 1.291099855844978883e+01 1.291057541159440269e+01 1.618551013692075102e+01
1.667401609034049770e+01 1.667483216295075010e+01 6.474512155456935147e+01 1.255396827951519789e+01 1.255356518020051482e+01 1.639864591301643060e+01
1.504982057246134097e+01 1.505061097636782819e+01 6.422820039149456761e+01 1.216251640994592798e+01 1.216213492380285288e+01 1.661343908880923692e+01
1.344277047768962952e+01 1.344353147937600035e+01 6.369855984427635320e+01 1.173978679138674330e+01 1.173942819591226439e+01 1.683349008647264000e+01
1.186074103974703497e+01 1.186146929462145927e+01 6.315261300556439750e+01 1.128921953717750881e+01 1.128888480025843144e+01 1.706256158775977383e+01
1.031188558219977303e+01 1.031257817906356244e+01 6.258682739885622226e+01 1.081450665964811897e+01 1.081419642629374600e+01 1.730453188942358622e+01
8.804556248042219480e+00 8.805210744248864074e+00 6.199778493801605350e+01 1.756334474942930868e+01 1.031953978511671188e+01 1.031925437306006543e+01
7.347212998717848720e+00 7.347827445201755125e+00 6.138223978634507461e+01 1.784295657101510457e+01 9.808351105303566797e+00 9.808090509713576211e+00
5.948321865735650249e+00 5.948894821470150696e+00 6.073717322307899025e+01 1.814728184135869071e+01 9.285049051863094149e+00 9.284812958963943430e+00
4.616243750651329414e+00 4.616774286482773881e+00 6.005984470885074700e+01 1.848013778938860696e+01 8.753750456769065380e+00 8.753538265722966116e+00
3.359115333182667307e+00 3.359603025350641481e+00 5.934783843704968831e+01 1.884518925157251346e+01 8.218511153776237421e+00 8.218322005779526762e+00
2.184723856042306345e+00 2.185168770008547146e+00 5.859910476149521941e+01 1.924589473461634626e+01 7.683257069668534278e+00 7.683089882879132304e+00
1.100377710422777877e+00 1.100780375887903340e+00 5.781199599896309849e+01 1.968545464011746660e+01 7.151717841049419100e+00 7.151571349718556903e+00
1.127748580817363455e-01 1.131362362427497659e-01 5.698529621458959582e+01 2.016676256941936174e+01 6.627364874456144861e+00 6.627237670508285383e+00
7.721287881589851132e-01 7.718073439426256233e-01 5.611824470617822413e+01 2.069236055912424632e+01 6.113355554780451229e+00 6.113246130064582395e+00
1.549248822347852217e+00 1.548965611255173069e+00 5.521055300754654382e+01 2.126439901156218326e+01 5.612485017071383808e+00 5.612391804598789946e+00
2.214497339766655859e+00 2.214250362342939482e+00 5.426241532936112577e+01 2.188460198318131944e+01 5.127146553011158403e+00 5.127067965679504624e+00
2.764901031534603426e+00 2.764688041394325779e+00 5.327451244705292766e+01 2.255423838090220912e+01 4.659301351828039728e+00 4.659235817386856660e+00
3.198709765066745536e+00 3.198528322211765751e+00 5.224800912848363055e+01 2.327409949576172465e+01 4.210457902442372280e+00 4.210403893757707294e+00
3.515492818569664557e+00 3.515340343023833913e+00 5.118454526864601206e+01 2.404448317847361238e+01 3.781661033193324695e+00 3.781617093189330259e+00
3.716219702341686748e+00 3.716093526739717046e+00 5.008622096479862762e+01 2.486518483650975142e+01 3.373490257172302886e+00 3.373455018138278749e+00
3.803322284880526816e+00 3.803219704571692894e+00 4.895557582339088043e+01 2.573549531031018844e+01 2.986066838972677662e+00 2.986039036210028197e+00
3.780734801881875384e+00 3.780653121027874430e+00 4.779556284049981940e+01 2.665420557018060066e+01 2.619068810398693881e+00 2.619047290419445062e+00
3.653908325929924761e+00 3.653844898035335742e+00 4.660951724104734950e+01 2.761961806773733841e+01 2.271753040245364730e+00 2.271736763920410684e+00
3.429796481351596871e+00 3.429748742695382102e+00 4.540112069965972097e+01 2.862956447824834783e+01 1.942983403369796136e+00 1.942971444552795468e+00
3.116809661527808029e+00 3.116775156104447664e+00 4.417436139859308497e+01 2.968142948414929805e+01 1.631264089547559637e+00 1.631255629774178928e+00
2.724735783991441007e+00 2.724712178849782784e+00 4.293349040655148485e+01 3.077218017608112177e+01 1.334777132877350780e+00 1.334771452764837329e+00
2.264626709356663881e+00 2.264611799649336898e+00 4.168297488729275102e+01 3.189840058617013341e+01 1.051423316067734870e+00 1.051419784024893778e+00
1.748650820652613680e+00 1.748642524274296006e+00 4.042744866932051195e+01 3.305633081867986078e+01 7.788656986964247464e-01 7.788637575128819490e-01
1.189913833300474399e+00 1.189910175654448787e+00 3.917166072822863043e+01 3.424191020495369742e+01 5.145751228528234744e-01 5.145742746773585008e-01
6.022515657096451092e-01 6.022506558408716737e-01 3.792042215172021002e+01 3.545082388180586719e+01 2.558771529538448886e-01 2.558769431064735755e-01
5.735781280434019493e-15 1.136380837377702879e-14 1.394792695131781834e-01 1.394792695131508997e-01 6.787814435603648335e-15 4.602840930545899926e-15
5.735781280434019493e-15 1.136380837377702879e-14 1.394792695131781834e-01 1.394792695131508997e-01 6.787814435603648335e-15 4.602840930545899926e-15
3.537312563328250947e-01 5.648142386654640745e+00 3.090867050000404959e+00 1.645587680016014520e+00 5.127412157624326033e-02 2.051788804292494550e+00
7.038479526828930188e-01 1.119903585676470392e+01 6.085891470567118766e+00 3.279882052413729543e+00 1.046082045436522306e-01 4.008328417071341576e+00
1.046773460449204718e+00 1.656058816679401957e+01 8.903359507313956200e+00 4.891501969430158248e+00 1.620380211194117903e-01 5.788493829624467679e+00
1.379006161140654552e+00 2.165030488790170438e+01 1.148518414690666134e+01 6.468888351191028896e+00 2.255512124644883376e-01 7.334777566675189320e+00
1.697154852558301563e+00 2.639846966849213317e+01 1.379969157779834710e+01 8.000209670255765460e+00 2.970638400835904913e-01 8.616071983729385764e+00
1.997971726075512544e+00 3.074979719300019454e+01 1.583869238743866070e+01 9.473261027018148539e+00 3.783976738311730648e-01 9.624736824150900816e+00
2.278382249172482332e+00 3.466358790415405622e+01 1.761149680156355046e+01 1.087535517739529389e+01 4.712584556929177992e-01 1.037061150637959805e+01
2.535511399597495608e+00 3.811264422998709733e+01 1.913843797312296857e+01 1.219320447499190152e+01 5.772153726981807953e-01 1.087453630379216918e+01
2.766705825143666253e+00 4.108133179336093121e+01 2.044545523442846147e+01 1.341279368643152736e+01 6.976819646353799032e-01 1.116293447156464325e+01
2.969551639230389561e+00 4.356318737718636669e+01 2.156026213188544460e+01 1.451924523870172834e+01 8.338986824535413733e-01 1.126398026130150676e+01
3.141887700448460219e+00 4.555841888178500909e+01 2.250998735996552469e+01 1.549668095418983604e+01 9.869173010940675006e-01 1.120524103606156174e+01
3.281814357636184010e+00 4.707155067727606479e+01 2.331992578988619513e+01 1.632808811906194180e+01 1.157587375770152915e+00 1.101243074514707132e+01
3.387697765433534070e+00 4.810937391532406338e+01 2.401301933277290601e+01 1.699520332151150726e+01 1.346544913189715365e+00 1.070889452330106195e+01
3.458169984289110488e+00 4.867928611955210982e+01 2.460976566438397484e+01 1.747843548480523879e+01 1.554203408743624282e+00 1.031552242041903256e+01
3.492125170531281242e+00 4.878805608790083426e+01 2.512834754514489433e+01 1.775686050193879595e+01 1.780747377168301782e+00 9.850884922503967189e+00
3.488712234633386533e+00 4.844102859007381312e+01 2.558485413452587309e+01 1.780833423062266974e+01 2.026128477644558057e+00 9.331461532800643610e+00
3.447324398704236348e+00 4.764178348869995716e+01 2.599352128187686262e+01 1.760978804687587385e+01 2.290064304824054542e+00 8.771889204702162601e+00
3.367586118085972746e+00 4.639227822606144258e+01 2.636695343908734301e+01 1.713778997270045679e+01 2.572039885112200608e+00 8.185193019696727745e+00
3.249337848160832820e+00 4.469352163445928738e+01 2.671631118413361961e+01 1.636947028532002335e+01 2.871311883039936674e+00 7.582982787192427132e+00
3.092619138086842412e+00 4.254683855345727039e+01 2.705146036854096536e+01 1.528391514743740309e+01 3.186915486214523696e+00 6.975611211250392074e+00
2.897650520608497704e+00 3.995577274762104736e+01 2.738108524542441913e+01 1.386411168369407143e+01 3.517673899763277934e+00 6.372295564505845000e+00
2.664814643896479929e+00 3.692862064159167090e+01 2.771277098454342891e+01 1.209946506781616371e+01 3.862210343098079868e+00 5.781207821344796827e+00
2.394637060121029837e+00 3.348147201635475056e+01 2.805306219932484169e+01 9.988784893288402245e+00 4.218962404049287684e+00 5.209539396137680356e+00
2.394636973390902313e+00 3.348092830791416219e+01 2.805294911944583447e+01 9.988349485166882147e+00 4.218962377898837879e+00 5.209514435872305782e+00
2.101276249288517306e+00 2.980825153075438649e+01 2.839227936923925100e+01 7.651280568742963695e+00 4.570711776680766114e+00 4.685692449616508881e+00
1.774878634127536658e+00 2.581052901049798010e+01 2.874865837106726829e+01 5.030014121512300207e+00 4.930436624487092523e+00 4.190186254769464824e+00
1.416180135098976667e+00 2.153689888192212010e+01 2.912533660375367006e+01 2.162224279102431534e+00 5.296372050193512315e+00 3.726984543395984062e+00
1.025976591484012435e+00 1.704989641345578022e+01 2.952479089712129223e+01 8.999449712344376184e-01 5.666659864188945406e+00 3.299354458416792202e+00
6.051105611222881153e-01 1.242370120097170094e+01 2.994875011206388038e+01 4.091702690336909143e+00 6.039366891030526929e+00 2.909861368121450909e+00
1.544591984680687147e-01 7.740427359182683098e+00 3.039822751761443342e+01 7.339386207423288511e+00 6.412503971791788437e+00 2.560392388144329345e+00
3.250767736252789253e-01 3.084849376723587611e+00 3.087356197201316732e+01 1.056579521398531440e+01 6.784045394290751041e+00 2.252185629062986472e+00
8.325829216865661131e-01 1.461585511573646690e+00 3.137446929906025872e+01 1.369623356339763909e+01 7.151948504876942003e+00 1.985866511425271153e+00
1.367139735843347914e+00 5.826377244279711931e+00 3.190010451123107771e+01 1.666417758997653564e+01 7.514173255336350721e+00 1.761491837513820879e+00
1.927830009026663127e+00 9.950250972930906102e+00 3.244913478941133889e+01 1.941559699554581542e+01 7.868701442744151286e+00 1.578601660728213174e+00
2.513744949532608963e+00 1.378951495891401535e+01 3.301982241357952574e+01 2.191135040495915476e+01 8.213555408634670485e+00 1.436278374757068876e+00
3.123989033324372500e+00 1.731642897187202479e+01 3.361011618038842386e+01 2.412758669551895352e+01 8.546815976420631955e+00 1.333211884413213699e+00
3.757683618758289157e+00 2.051793927135943818e+01 3.421774927332446481e+01 2.605450870877710301e+01 8.866639422221252786e+00 1.267769246613608347e+00
4.413969361098903477e+00 2.339336112546888913e+01 3.484034109628424147e+01 2.769408087209377456e+01 9.171273293698536833e+00 1.238066808331272473e+00
5.092007477338068355e+00 2.595160727623984798e+01 3.547550026256117661e+01 2.905727974862181995e+01 9.459070913618131016e+00 1.242042636485976459e+00
5.790979923534655960e+00 2.820843902563074579e+01 3.612092575996621235e+01 3.016136482617521608e+01 9.728504429058578040e+00 1.277526941724890230e+00
6.510088557209781968e+00 3.018404216916039218e+01 3.677450329062615708e+01 3.102747243109071107e+01 9.978176292866679731e+00 1.342308242859111322e+00
7.248553366315320545e+00 3.190106776365860597e+01 3.743439390266289735e+01 3.167867342944976272e+01 1.020682909046547771e+01 1.434193190590389078e+00
8.005609853978524981e+00 3.338315909918947000e+01 3.809911227390847444e+01 3.213851677190000089e+01 1.041335365184459860e+01 1.551058249026730174e+00
8.780505674631342572e+00 3.465391601102361108e+01 3.876759235257191705e+01 3.243001070550492670e+01 1.059679541491402333e+01 1.690891796411980730e+00
9.572496622274584865e+00 3.573621644006117037e+01 3.943923848071431593e+01 3.257496223829286208e+01 1.075635903184472220e+01 1.851825624536104442e+00
1.038084207550505056e+01 3.665180959145551753e+01 4.011396059752337351e+01 3.259358985861249636e+01 1.089141123408225376e+01 2.032155261361716647e+00
1.120480000655770780e+01 3.742110342238127174e+01 4.079219261665791407e+01 3.250433285019725815e+01 1.100148199400481452e+01 2.230348987740032207e+00
1.204362166298696657e+01 3.806308327311582929e+01 4.147489357491086537e+01 3.232379456483760549e+01 1.108626404139112331e+01 2.445045845038151811e+00
1.289654603074221306e+01 3.859531335216436077e+01 4.216353164194939751e+01 3.206677182752775224e+01 1.114561081073271431e+01 2.675043319463856761e+00
1.376279418630753959e+01 3.903398607541289778e+01 4.286005155110260745e+01 3.174633583284798277e+01 1.117953291082238643e+01 2.919275729463176372e+00
1.464156364330337823e+01 3.939399506276166107e+01 4.356682645077142979e+01 3.137394056865348446e+01 3.176784628078974659e+00 1.118819322090291379e+01
1.553202279553529408e+01 3.968901586757397126e+01 4.428659557922454582e+01 3.095954293056891160e+01 3.446682759616148228e+00 1.117190072796983813e+01
1.643330555398307169e+01 3.993158458245719089e+01 4.502238952769262426e+01 3.051172460030343458e+01 3.728113278927715157e+00 1.113110322765192883e+01
1.734450626972621023e+01 4.013316877025897611e+01 4.577744517323461793e+01 3.003780989889686737e+01 4.020206053080867648e+00 1.106637901655999201e+01
1.826467502838974255e+01 4.030422813646713109e+01 4.655511262851295839e+01 2.954397662429216709e+01 4.322032920507758114e+00 1.097842770725688766e+01
1.919281339447048396e+01 4.045426434511328040e+01 4.735875676394422129e+01 2.903535870559477772e+01 4.632563783263731416e+00 1.086806029825233821e+01
2.012787067597304258e+01 4.059186066211623256e+01 4.819165600126578397e+01 2.851614063953254430e+01 4.950625354624044405e+00 1.073618863087468434e+01
2.106874077128654577e+01 4.072471289289246954e+01 4.905690114858542472e+01 2.798964433119346040e+01 5.274864277660475054e+00 1.058381436274642695e+01
2.201425965127226192e+01 4.085965351181979344e+01 4.995729703828097001e+01 2.745840929517123641e+01 5.603716171638636112e+00 1.041201758411629541e+01
2.296320352026382494e+01 4.100267106270401030e+01 5.089526963537750959e+01 2.692426729365229221e+01 5.935381954004717464e+00 1.022194519870548390e+01
2.391428769021726453e+01 4.115892691346059706e+01 5.187278110303648759e+01 2.638841247044333471e+01 6.267812529996573012e+00 1.001479918522192492e+01
2.486616619273350537e+01 4.133277132529542541e+01 5.289125504551776658e+01 2.585146793669240495e+01 6.598702645448176973e+00 9.791824849487806404e+00
2.581743214422438726e+01 4.152776058339451737e+01 5.395151380437000199e+01 2.531354961105518342e+01 6.925494369814820139e+00 9.554299170392088314e+00
2.676661887023098885e+01 4.174667666060695126e+01 5.505372927274179062e+01 2.477432793917777332e+01 7.245390327274463083e+00 9.303519335787548528e+00
2.771220178593105032e+01 4.199155057059618912e+01 5.619738823253845084e+01 2.423308793201737998e+01 7.555376437874644857e+00 9.040791557140586576e+00
2.865260102129407827e+01 4.226369023200297903e+01 5.738127273050363186e+01 2.368878778204444657e+01 7.852253583744120746e+00 8.767420244333587576e+00
2.958618477123956225e+01 4.256371332754994796e+01 5.860345551550134502e+01 2.314011614959499497e+01 8.132677293697840426e+00 8.484697614613013528e+00
3.051127334359788179e+01 4.289158531703493793e+01 5.986131008431372891e+01 2.258554806484847077e+01 8.393204258844834342e+00 8.193893802350565636e+00
3.142614387072897131e+01 4.324666246403327818e+01 6.115153444994846410e+01 2.202339926838376272e+01 8.630344265822593286e+00 7.896247529101736440e+00
3.232903564435599009e+01 4.362773947377640127e+01 6.247018737449602810e+01 2.145187871764418475e+01 8.840615973616090528e+00 7.592957386449182167e+00
3.321815602756620223e+01 4.403310112229449658e+01 6.381273551317042347e+01 2.086913891908220720e+01 9.020604871041953743e+00 7.285173777337484502e+00
3.409168689302156707e+01 4.446057708986442236e+01 6.517410970686523797e+01 2.027332370608144885e+01 9.167021736698217182e+00 6.973991555058670855e+00
3.494779153223689150e+01 4.490759909748530276e+01 6.654876854088058735e+01 1.966261306961345667e+01 9.276759978573338117e+00 6.660443392740443613e+00
3.578462197730215877e+01 4.537125938297514693e+01 6.793076725500365853e+01 1.903526465956150560e+01 9.346950349312661999e+00 6.345493910120565850e+00
3.660032667364574621e+01 4.584836954036939716e+01 6.931383013724209263e+01 1.838965160650191777e+01 9.375011704556515113e+00 6.030034578553329361e+00
3.739305844034479520e+01 4.633551877737173186e+01 7.069142464845205609e+01 1.772429636259558805e+01 9.358696682525511790e+00 5.714879419576603503e+00
3.816098265303860870e+01 4.682913071394659710e+01 7.205683569338253847e+01 1.703790032187437120e+01 9.296131418642888278e+00 5.400761506954703250e+00
3.890228558370211687e+01 4.732551794290471037e+01 7.340323865941515180e+01 1.632936905024403984e+01 9.185848654934382296e+00 5.088330276889499793e+00
3.961518283129223050e+01 4.782093369237421143e+01 7.472377007175072094e+01 1.559783302972926577e+01 9.026813846791444718e+00 4.778149646044128396e+00
4.029792777761539213e+01 4.831162006217600435e+01 7.601159494832052133e+01 1.484266389593849134e+01 8.818444097892578881e+00 4.470696932136489998e+00
4.094882000360969698e+01 4.879385244375875175e+01 7.725997016671435347e+01 1.406348621902212059e+01 8.560619958607640356e+00 4.166362567123669258e+00
4.156621360253264186e+01 4.926397986973327647e+01 7.846230336885166423e+01 1.326018494373951562e+01 8.253690297759375127e+00 3.865450588403872789e+00
4.214852532829162612e+01 4.971846116854168685e+01 7.961220711972629260e+01 1.243290866154010743e+01 7.898470598633812401e+00 3.568179889006958927e+00
4.269424251929486047e+01 5.015389691783531134e+01 8.070354819976910221e+01 1.158206893540451077e+01 7.496235136571005597e+00 3.274686203426878883e+00
4.320193074067994132e+01 5.056705729362956703e+01 8.173049204409093704e+01 1.070833593586691457e+01 7.048703568419948162e+00 2.985024801573314068e+00
4.367024109054140268e+01 5.095490599891004280e+01 8.268754244607202963e+01 9.812630674053167468e+00 6.558022506350865477e+00 2.699173859294046629e+00
4.409791711896045996e+01 5.131462052423711384e+01 8.356957671898696560e+01 8.896114135153856850e+00 6.026742663894791185e+00 2.417038470055571153e+00
4.448380131182496200e+01 5.164360904364013294e+01 8.437187656024838134e+01 7.960173624364002443e+00 5.457792155213853746e+00 2.138455258682106841e+00
4.482684109507498249e+01 5.193952428236371333e+01 8.509015489177831171e+01 7.006406638143419130e+00 4.854446504369459348e+00 1.863197554561571101e+00
4.512609431872203203e+01 5.220027470973523265e+01 8.572057896053482295e+01 6.036602568069182162e+00 4.220295884556510835e+00 1.590981078451176645e+00
4.538073418383713431e+01 5.242403341215579360e+01 8.625978997899757417e+01 5.052722534068514904e+00 3.559210062415076870e+00 1.321470093977670901e+00
4.559005357975423323e+01 5.260924498936543614e+01 8.670491956961072333e+01 4.056877629964553478e+00 2.875301473654666484e+00 1.054283972150786397e+00
4.575346880287065687e+01 5.275463079367882102e+01 8.705360325300152624e+01 3.051305848524112019e+00 2.172886806815341298e+00 7.890041147169468694e-01
4.587052263222440018e+01 5.285919279841183993e+01 8.730399118920360024e+01 2.038347936946117489e+00 1.456447424944637525e+00 5.251811799953740589e-01
4.594088673609510920e+01 5.292221633553648985e+01 8.745475634482617977e+01 1.020422418212580951e+00 7.305889126295442848e-01 2.623425529824049418e-01
0.000000000000000000e+00 0.000000000000000000e+00 0.000000000000000000e+00 0.000000000000000000e+00 0.000000000000000000e+00 0.000000000000000000e+00
0.000000000000000000e+00 0.000000000000000000e+00 0.000000000000000000e+00 0.000000000000000000e+00 0.000000000000000000e+00 0.000000000000000000e+00
4.882381546750552559e+01 4.882386119940092328e+01 8.877712550093843902e+01 1.172033549048071999e+00 4.715229945800842870e-01 4.715224680395931900e-01
4.869393890535309311e+01 4.869394819078410563e+01 8.867844635794277508e+01 2.338373466192339212e+00 9.417166961279193060e-01 9.417164194606471028e-01
4.847776270943024457e+01 4.847776660642212931e+01 8.851467142138292843e+01 3.493395334311700129e+00 1.409250503555978584e+00 1.409250312112152681e+00
4.817587887832520011e+01 4.817588105174673530e+01 8.828683161909087573e+01 4.631612680886582289e+00 1.872793539152901587e+00 1.872793396747768124e+00
4.778906492521330307e+01 4.778906630128491884e+01 8.799636106375886868e+01 5.747744722133761641e+00 2.331013990815213877e+00 2.331013874126112828e+00
4.731831871176778748e+01 4.731831963928782159e+01 8.764508762717213131e+01 6.836782590056230013e+00 2.782579448099365305e+00 2.782579346326457870e+00
4.676486306493098510e+01 4.676486370089984490e+01 8.723522047899496101e+01 7.894053467081259434e+00 3.226157673982098295e+00 3.226157589256610780e+00
4.613014851847167819e+01 4.613014896472492410e+01 8.676933435813089091e+01 8.915281998329916746e+00 3.660417953589286899e+00 3.660417874490159651e+00
4.541585623259573623e+01 4.541585657436526446e+01 8.625035031454308410e+01 9.896648289658170228e+00 4.084033156829961264e+00 4.084033087979913823e+00
4.462390130407591471e+01 4.462390154472122106e+01 8.568151264564481551e+01 1.083484173474605150e+01 4.495682515968647763e+00 4.495682451274007896e+00
4.375643598974222215e+01 4.375643617204752189e+01 8.506636175597377303e+01 1.172710985185906019e+01 4.894055264257714200e+00 4.894055202960625905e+00
4.281585379218680742e+01 4.281585393634124159e+01 8.440870269433311535e+01 1.257130125640566654e+01 5.277855115707682288e+00 5.277855060447433466e+00
4.180479343648694623e+01 4.180479353400816933e+01 8.371256917204040349e+01 1.336590185562238986e+01 5.645805631571954031e+00 5.645805580204080520e+00
4.072614301361159050e+01 4.072614308376441983e+01 8.298218294133019413e+01 1.411006333355001985e+01 5.996656479814413743e+00 5.996656428799329142e+00
3.958304444985703441e+01 3.958304449819978998e+01 8.222190851584723248e+01 1.480362300485583127e+01 6.329190540999663384e+00 6.329190493389319272e+00
3.837889772135878985e+01 3.837889775208746812e+01 8.143620334546650952e+01 1.544711416149420202e+01 6.642231796470172256e+00 6.642231750817113145e+00
3.711736501075027661e+01 3.711736502437076268e+01 8.062956371386623289e+01 1.604176612217797881e+01 6.934653937178020477e+00 6.934653892834944600e+00
3.580237451256188308e+01 3.580237451201996635e+01 7.980646680571058482e+01 1.658949332504236551e+01 7.205389548686361501e+00 7.205389504850394644e+00
3.443812376620113014e+01 3.443812375723426555e+01 7.897130958505704257e+01 1.709287298035697233e+01 7.453439735055975568e+00 7.453439692194621990e+00
3.302908230541009260e+01 3.302908228664405499e+01 7.812834532931083231e+01 1.755511102146449076e+01 7.677883998833144652e+00 7.677883957569028084e+00
3.157999336446512828e+01 3.157999333485100735e+01 7.728161886296589955e+01 1.797999635374053540e+01 7.877890174884750962e+00 7.877890134608976247e+00
3.009587449312333973e+01 3.009587445649674819e+01 7.643490171962943691e+01 1.837184369508550574e+01 8.052724188838274344e+00 8.052724149127699960e+00
2.858201684982832091e+01 2.858201680488303964e+01 7.559162861503756403e+01 1.873542561541103169e+01 8.201759391062934057e+00 8.201759351910862250e+00
2.704398290508477842e+01 2.704398285430767146e+01 7.475483672284890702e+01 1.907589470152197819e+01 8.324485208334419184e+00 8.324485170064516382e+00
2.548760249779505571e+01 2.548760243969569927e+01 7.392710929418076660e+01 1.939869707971586976e+01 8.420514850008709473e+00 8.420514812556413986e+00
2.391896705198785966e+01 2.391896698920815822e+01 7.311052513787714702e+01 1.970947880150061593e+01 8.489591809892164775e+00 8.489591773033835054e+00
2.234442207709131623e+01 2.234442200849314730e+01 7.230661537072586498e+01 2.001398681760402454e+01 8.531594916930563599e+00 8.531594880193136277e+00
2.077055807322935621e+01 2.077055799766798216e+01 7.151632864829495873e+01 2.031796641209720633e+01 8.546541715123368022e+00 8.546541679217162013e+00
1.920420040282263940e+01 1.920420032007858424e+01 7.074000579486630613e+01 2.062705702398552532e+01 8.534589980381630525e+00 8.534589943543105406e+00
1.765239904952957062e+01 1.765239895915562585e+01 6.997736436646451352e+01 2.094668833278977615e+01 8.496037240646572286e+00 8.496037204272344212e+00
1.612241990377921397e+01 1.612241980479424441e+01 6.922749320898529390e+01 2.128197831527022288e+01 8.431318191674032292e+00 8.431318157304250605e+00
1.462174033160981601e+01 1.462174022285116415e+01 6.848885652037940019e+01 2.163763468300155424e+01 8.340999987272752492e+00 8.340999952656257932e+00
1.315805357256809671e+01 1.315805345261747128e+01 6.775930629726387622e+01 2.201786067656178503e+01 8.225775436774824811e+00 8.225775400151812633e+00
1.173928945785438671e+01 1.173928932432985306e+01 6.703610134264994258e+01 2.242626561146954955e+01 8.086454195012599655e+00 8.086454158140504944e+00
1.037366386416539221e+01 1.037366371455326686e+01 6.631593022272109295e+01 2.286577982713357926e+01 7.923952111146213895e+00 7.923952077000945060e+00
9.069777642706224441e+00 9.069777473855873851e+00 6.559493465877261542e+01 2.333857275305867063e+01 7.739278958639475903e+00 7.739278922498956881e+00
7.836799713088774766e+00 7.836799517669238213e+00 6.486872876916619646e+01 2.384597162283188254e+01 7.533524840155861213e+00 7.533524804076779269e+00
6.684791530172955021e+00 6.684791303909973337e+00 6.413240823560586534e+01 2.438837684342538381e+01 7.307845549678414265e+00 7.307845511689279761e+00
5.625261924617128706e+00 5.625261663194682349e+00 6.338054169194017362e+01 2.496516800993281748e+01 7.063447292765325791e+00 7.063447254477012827e+00
4.672064631192394124e+00 4.672064316126195216e+00 6.260713415334804210e+01 2.557459178927979337e+01 6.801571101796461960e+00 6.801571061771446658e+00
3.842666569032334944e+00 3.842666186378878912e+00 6.180554868931989887e+01 2.621361896653020196e+01 6.523477354210971413e+00 6.523477310776670812e+00
3.159245355851848736e+00 3.159244892439902141e+00 6.096836710665770198e+01 2.687775218174359892e+01 6.230430748803582830e+00 6.230430703474541865e+00
2.647107436725278706e+00 2.647106891642976301e+00 6.008716203659758293e+01 2.756075718730294000e+01 5.923686089137416566e+00 5.923686040464644087e+00
2.324673152807061882e+00 2.324672513281948572e+00 5.915213969642865521e+01 2.825427702255808526e+01 5.604475202915425669e+00 5.604475150212809176e+00
2.183325899742472931e+00 2.183325231020257551e+00 5.815159171901386514e+01 2.894726734450984651e+01 5.273995254912351882e+00 5.273995200526873539e+00
2.176652796446810090e+00 2.176652120788398204e+00 5.707106080844715734e+01 2.962515727391722820e+01 4.933398672036252819e+00 4.933398610878943380e+00
2.239312411297849525e+00 2.239311753536665783e+00 5.589207021221209004e+01 3.026858514686711388e+01 4.583784870787388499e+00 4.583784803472371827e+00
2.314350641026903688e+00 2.314350022987263333e+00 5.459017719239039224e+01 3.085146859797502117e+01 4.226193853488227070e+00 4.226193777431085152e+00
2.363617813108541466e+00 2.363617202224792102e+00 5.313196341972742687e+01 3.133802103194899402e+01 3.861601765407500331e+00 3.861601678066476140e+00
2.365193420945491010e+00 2.365192817534326419e+00 5.147033727207491438e+01 3.167808853022443216e+01 3.490918392094116030e+00 3.490918299294319294e+00
2.308193682214046749e+00 2.308193061449289818e+00 4.953715626866508615e+01 3.179981446025153957e+01 3.114986532396930574e+00 3.114986421764462499e+00
2.188846423355511384e+00 2.188845774952730139e+00 4.723168339636252000e+01 3.159814458374093249e+01 2.734583225018554220e+00 2.734583097399838181e+00
2.008063157351138273e+00 2.008062442037077400e+00 4.440299539710021293e+01 3.091728980391514270e+01 2.350422603853075998e+00 2.350422451873672269e+00
1.769992401815152716e+00 1.769991577345211953e+00 4.082526321813622161e+01 2.952606587482185674e+01 1.963160329615033062e+00 1.963160146219822488e+00
1.481127278145342840e+00 1.481126283563282797e+00 3.617066213120863694e+01 2.709086676393996740e+01 1.573399365057422727e+00 1.573399138432608702e+00
1.149709459886072205e+00 1.149708194394495342e+00 3.000568233376279181e+01 2.317204173691478175e+01 1.181696932320389415e+00 1.181696626557763308e+00
7.852874318494570405e-01 7.852855401699047055e-01 2.188654372571699369e+01 1.731937918503449936e+01 7.885724715111921412e-01 7.885720140308360993e-01
3.983536954246858497e-01 3.983492337730075716e-01 1.167282442131413944e+01 9.385806149508431062e+00 3.945163127330001962e-01 3.945154222350722439e-01
4.998731973307397475e-14 2.065917524291308094e-14 5.501167920680099499e-14 4.150758798317260295e-14 3.189931625712125103e-15 5.075788353149669840e-15
4.998731973307397475e-14 2.065917524291308094e-14 5.501167920680099499e-14 4.150758798317260295e-14 3.189931625712125103e-15 5.075788353149669840e-15
1.963958301951136853e+00 6.187215257131511770e+00 9.369447912908182019e-01 4.416687635330373563e-01 5.981712159042910093e-01 2.690214911741926063e-01
3.911817323367094090e+00 1.224903924439552938e+01 1.870219205482155811e+00 8.834385762959207078e-01 1.190990337385547493e+00 5.352213296724461777e-01
5.827937957180015616e+00 1.806928863873825364e+01 2.796079420257274517e+00 1.325391655485036013e+00 1.773166946096924157e+00 7.958342560408515620e-01
7.697572887540775177e+00 2.354856255931758113e+01 3.710634957229573150e+00 1.767572921186509438e+00 2.339533168278399522e+00 1.048206882980627919e+00
9.507244304078170671e+00 2.860905118018464321e+01 4.609775975086614075e+00 2.209972289918343158e+00 2.885102920026939799e+00 1.289851328180288803e+00
1.124504821618446648e+01 3.319621795616893678e+01 5.489101408630251200e+00 2.652508164145687797e+00 3.405128700294432598e+00 1.518496037797548048e+00
1.290087337733085704e+01 3.727772192207044100e+01 6.343848409061955351e+00 3.095012614592478783e+00 3.895155089446916019e+00 1.732132798977570109e+00
1.446653081443910871e+01 4.084039951633947396e+01 7.168823703556300053e+00 3.537218815186239151e+00 4.351068105862876401e+00 1.929058904399837626e+00
1.593579731097385377e+01 4.388624523072585504e+01 7.958337718204599120e+00 3.978751344533420387e+00 4.769139584357260375e+00 2.107913411471100673e+00
1.730438207522447414e+01 4.642819701632846829e+01 8.706142620759312223e+00 4.419119999213689809e+00 5.146065777402300867e+00 2.267706446580902480e+00
1.856982977590704920e+01 4.848627887186312080e+01 9.405375873402748610e+00 4.857717759318616046e+00 5.478999451547257316e+00 2.407840553724871491e+00
1.973137506656576079e+01 5.008439289438632613e+01 1.004851149170555757e+01 5.293823493665715141e+00 5.765574863379816506e+00 2.528123187887755918e+00
2.078976387511952595e+01 5.124784986388569052e+01 1.062732205293990440e+01 5.726609882508780558e+00 6.003925154768182892e+00 2.628769614498304819e+00
2.174705552099798567e+01 5.200159906441825086e+01 1.113285567247312358e+01 6.155156865820400114e+00 6.192691904585927887e+00 2.710395699625844035e+00
2.260641762444604552e+01 5.236905507778296709e+01 1.155543377273803429e+01 6.578470698026054109e+00 6.331026807311951998e+00 2.774000357753876767e+00
2.337192324914777330e+01 5.237140223006959872e+01 1.188467760764694070e+01 6.995508414890324822e+00 6.418585706432138771e+00 2.820937754514221130e+00
2.404835714262597435e+01 5.202726723846166124e+01 1.210957425080091454e+01 7.405207211131878076e+00 6.455515476591068058e+00 2.852879723731015726e+00
2.464103557057277172e+01 5.135267316068272692e+01 1.221859610266865914e+01 7.806517909666645494e+00 6.442434503826028447e+00 2.871769229237751464e+00
2.515564223460480164e+01 5.036121390926739849e+01 1.219989174753895966e+01 8.198441399808974239e+00 6.380407737359380604e+00 2.879766056731986268e+00
2.559808118098506213e+01 4.906441316537265607e+01 1.204156972690535454e+01 8.580066657446240086e+00 6.270917459375290548e+00 2.879186233556385588e+00
2.597434644825130334e+01 4.747225160202501826e+01 1.173209955578943209e+01 8.950608757719400899e+00 6.115831023889643170e+00 2.872436921536860588e+00
2.629040742106107587e+01 4.559385990298719804e+01 1.126085450001516897e+01 9.309445167229434048e+00 5.917366840039925968e+00 2.861948692167014752e+00
2.655210839177546589e+01 4.343838011385912523e+01 1.061881587685672557e+01 9.656148567754412326e+00 5.678059813046609783e+00 2.850107164477440946e+00
2.676508061027492147e+01 4.101599193980520397e+01 9.799445855449587128e+00 9.990514517632000491e+00 5.400727309087068662e+00 2.839185962614537040e+00
2.693466505961336921e+01 3.833908113349861679e+01 8.799711668495831418e+00 1.031258239237090990e+01 5.088436486956593008e+00 2.831282839880596036e+00
2.706584427236902002e+01 3.542349256573417904e+01 7.621206673601242265e+00 1.062264824729265555e+01 4.744473554832903339e+00 2.828260633502756694e+00
2.716318165250575234e+01 3.228976258913787234e+01 6.271263982769684553e+00 1.092126849142684009e+01 4.372315185244515234e+00 2.831694479579667245e+00
2.723076695338832565e+01 2.896417142823371904e+01 4.763903569160956586e+00 1.120925353032399485e+01 3.975601979856685730e+00 2.842826452771224588e+00
2.727216675698764092e+01 2.547941195242135137e+01 3.120408971647748775e+00 1.148765080305599362e+01 3.558113544493352709e+00 2.862528522223295013e+00
2.729037898301737641e+01 2.187465853247362801e+01 1.369316959861209382e+00 1.175771688543441051e+01 3.123744440988296400e+00 2.891274452990570953e+00
2.728779061702869413e+01 1.819486143756922658e+01 4.543546660893710842e-01 1.202087854214787832e+01 2.676480051991108056e+00 2.929121045245867361e+00
2.726613797588509414e+01 1.448919980984946321e+01 2.310708284404236146e+00 1.227868277588608592e+01 2.220371251053068651e+00 2.975698900598250596e+00
2.722646892436642219e+01 1.080878720656030190e+01 4.157302784993391676e+00 1.253273603892965404e+01 1.759506732192714917e+00 3.030212738753715218e+00
2.716910651841714142e+01 7.203897175409299081e+00 5.951957672699800916e+00 1.278463284602679195e+01 1.297981933619697825e+00 3.091451155977592791e+00
2.709361358274475506e+01 3.721104298179939374e+00 7.655629727894325498e+00 1.303587406673220350e+01 8.398636944049500119e-01 3.157805612243274496e+00
2.699875774066291356e+01 4.007688345790400009e-01 9.234934543247726779e+00 1.328777519642820160e+01 3.891501059186271427e-01 3.227298346237455817e+00
2.688247641392706200e+01 2.724784943448530061e+00 1.066396363389941015e+01 1.354136492885078269e+01 5.027455402400093920e-02 3.297618834323084780e+00
2.674184131649031571e+01 5.632207309650303806e+00 1.192520891256945248e+01 1.379727440483643441e+01 4.746894147477003223e-01 3.366168318589855879e+00
2.657302200158221339e+01 8.307175177544163347e+00 1.300959285099029472e+01 1.405561762297322304e+01 8.805902059796572035e-01 3.430111818819212566e+00
2.637124811749029618e+01 1.074370780588631646e+01 1.391575654851505917e+01 1.431586370431942257e+01 1.264744594658280263e+00 3.486436904716494478e+00
2.613077022576977626e+01 1.294298225925272661e+01 1.464884441165927953e+01 1.457670204876413678e+01 1.624247743265898158e+00 3.532018333224151263e+00
2.584481939197532441e+01 1.491189958630592116e+01 1.521903927535538870e+01 1.483590195732164219e+01 1.956575814500503441e+00 3.563687451429498942e+00
2.550556634635346853e+01 1.666161505115653085e+01 1.564006432650535139e+01 1.509016908672261437e+01 2.259634949432191231e+00 3.578305034946806629e+00
2.510408192389832394e+01 1.820618260866442739e+01 1.592780502083612149e+01 1.533500222883495212e+01 2.531803232667910297e+00 3.572835987662062784e+00
2.463030184563669778e+01 1.956139832082455499e+01 1.609913847249632823e+01 1.556455546356497521e+01 2.771963337000097560e+00 3.544424089804594225e+00
2.407300082600215774e+01 2.074387361172285438e+01 1.617100360373946799e+01 1.577151283265384585e+01 2.979523888456607317e+00 3.490464761077161970e+00
2.341978348477855931e+01 2.177033213905319542e+01 1.615970783737454752e+01 1.594698544572519516e+01 3.154427873225379653e+00 3.408673427337906681e+00
2.630849704701040004e-07 2.630821806678814727e-07 1.458879228487149016e+00 1.458879228489443181e+00 3.516293185433678310e-08 3.516159480304330733e-08
2.630849704701040004e-07 2.630821806678814727e-07 1.458879228487149016e+00 1.458879228489443181e+00 3.516293185433678310e-08 3.516159480304330733e-08
3.284704631696204302e+00 3.284697062986705607e+00 2.518753912008826923e+00 2.518748946014601753e+00 3.830229691409556270e-01 3.830218812506137049e-01
6.521319124430106307e+00 6.521303918582483483e+00 4.995016837070969551e+00 4.995007138707864058e+00 7.658862308216518588e-01 7.658840612931600011e-01
9.664025020242906550e+00 9.664002065827288490e+00 7.388630426128508510e+00 7.388616436052454439e+00 1.148399081096894925e+00 1.148395842518301624e+00
1.267125373837772884e+01 1.267122292643027315e+01 9.663683703838731986e+00 9.663666021636656112e+00 1.530308540654051308e+00 1.530304252115197938e+00
1.550713516254389823e+01 1.550709644287100097e+01 1.179001775397927076e+01 1.178999707791513529e+01 1.911266993909948919e+00 1.911261681255610911e+00
1.814230074551878147e+01 1.814225418344829777e+01 1.374402926234204969e+01 1.374400632708619341e+01 2.290798317205441581e+00 2.290792013378077474e+00
2.055404440493991913e+01 2.055399022943039355e+01 1.550883409957141090e+01 1.550880962082272596e+01 2.668261920708391965e+00 2.668254666183236701e+00
2.272594232487680443e+01 2.272588096183067208e+01 1.707388205844108597e+01 1.707385669035623010e+01 3.042814072357882704e+00 3.042805915671035866e+00
2.464708914953754260e+01 2.464702123757468044e+01 1.843417781314851212e+01 1.843415212104405043e+01 3.413365810384445531e+00 3.413356808750902527e+00
2.631112144783825002e+01 2.631104783671502290e+01 1.958927624929111388e+01 1.958925069712514500e+01 3.778536692907714212e+00 3.778526912921075009e+00
2.771518019956656431e+01 2.771510193337934069e+01 2.054220074215907488e+01 2.054217569233118468e+01 4.136603594439405285e+00 4.136593112835021735e+00
2.885892742650696974e+01 2.885884571472626803e+01 2.129839587353871977e+01 2.129837159564640103e+01 4.485443765362883362e+00 4.485432669815001105e+00
2.974369145925895808e+01 2.974360763874603464e+01 2.186478503077598390e+01 2.186476171589822926e+01 4.822471462618044491e+00 4.822459852522940515e+00
3.037177963145517268e+01 3.037169512223088219e+01 2.224896736276384246e+01 2.224894514030070525e+01 5.144567702232945017e+00 5.144555689407636301e+00
3.074597051852303764e+01 3.074588677551776428e+01 2.245856191785671641e+01 2.245854087262788923e+01 5.448003175816880095e+00 5.447990885012460538e+00
3.086918064653909255e+01 3.086909910906102894e+01 2.250069014498976827e+01 2.250067033297985830e+01 5.728355261579451074e+00 5.728342830668846197e+00
3.074429129367304725e+01 3.074421333403107326e+01 2.238158003494742232e+01 2.238156149666100347e+01 5.980421560560285066e+00 5.980409140212347374e+00
3.037411723269627828e+01 3.037404410534410459e+01 2.210627410356968170e+01 2.210625687437519460e+01 6.198134799461811895e+00 6.198122552057163226e+00
2.976149869156976280e+01 2.976143148430513108e+01 2.167842742406307366e+01 2.167841154117365576e+01 6.374487654378652834e+00 6.374475751861409911e+00
2.890949852144101939e+01 2.890943811054235013e+01 2.110018975813927966e+01 2.110017526402292631e+01 6.501481528962949952e+00 6.501470149267488452e+00
2.782168715235189538e+01 2.782163416399098210e+01 2.037217677099185664e+01 2.037216371308621277e+01 6.570121015693875854e+00 6.570110337357149888e+00
2.650249747644245701e+01 2.650245225717425512e+01 1.949354881410219420e+01 1.949353724078138228e+01 6.570485894549698891e+00 6.570476089152403887e+00
2.495762986494593960e+01 2.495759246439809331e+01 1.846223094607573856e+01 1.846222089897477048e+01 6.491924609133842949e+00 6.491915831368126000e+00
2.319448405979538563e+01 2.319445422872875895e+01 1.727532261731242258e+01 1.727531412043884984e+01 6.323425268521673637e+00 6.323417644030870477e+00
2.122259006844978302e+01 2.122256727495928530e+01 1.592975519277621999e+01 1.592974823942937057e+01 6.054227820186883768e+00 6.054221431947967247e+00
1.905400524813079599e+01 1.905398871379500392e+01 1.442325195360513668e+01 1.442324649302463513e+01 5.674735819999769504e+00 5.674730694957594856e+00
1.670364071010825668e+01 1.670362946630514145e+01 1.275561615364107837e+01 1.275561208042632266e+01 5.177755876272638780e+00 5.177751975093054959e+00
1.418947850406720512e+01 1.418947146652526747e+01 1.093030456528467198e+01 1.093030171563065167e+01 4.560023747056727750e+00 4.560020960902329001e+00
1.153264328918976567e+01 1.153263934634314047e+01 8.956130081382386976e+00 8.956128240404657603e+00 3.823861504848478532e+00 3.823859663337970449e+00
8.757299554411957843e+00 8.757297662663379612e+00 6.848791977059175196e+00 6.848790900073208121e+00 2.978664719331525657e+00 2.978663612461142751e+00
5.890358327212176448e+00 5.890357604258311675e+00 4.631806715087071424e+00 4.631806162131444360e+00 2.041792540175633164e+00 2.041791953425963868e+00
2.960994963948952563e+00 2.960994770399798082e+00 2.336389766197708884e+00 2.336389543878192754e+00 1.038410898752623490e+00 1.038410655409359062e+00
5.735781280434019493e-15 1.136380837377702879e-14 1.394792695131781834e-01 1.394792695131508997e-01 6.787814435603648335e-15 4.602840930545899926e-15
