nep4_zbl 1 Si 
zbl 1 2
cutoff 6 5 46 30
n_max 4 4
basis_size 8 8
l_max 4 2 1
ANN 80 0
  6.5512943e-01
 -6.1090440e-02
 -1.0633099e+00
  4.0016150e-01
  1.8134354e-01
 -5.4403227e-02
  1.0685186e-01
  1.5107720e-03
  2.0935430e-01
  5.1890451e-01
 -4.0348780e-01
 -1.6664360e-01
 -2.3184579e-02
  1.2121332e-01
 -1.5083131e-01
  9.8152161e-01
 -9.4934845e-01
 -7.2752848e-02
  3.5078701e-02
  1.8084410e+00
  1.1399348e+00
 -6.3731723e-02
 -7.1108572e-02
 -6.2816024e-01
  1.0539472e-02
  8.3424121e-02
  7.9354659e-02
 -1.7162882e-01
  1.3866918e+00
  8.2922623e-02
 -4.1924801e-02
 -1.8027011e-02
 -1.5726475e-01
  6.7639470e-02
  1.9125639e-02
  5.0360498e+00
 -5.4160233e+00
  2.2734635e+00
  1.9345577e+00
  5.6603622e-01
 -8.6868906e-01
  4.0427912e-02
 -3.1533012e-01
 -1.4809225e-01
  8.3150603e-02
  9.7086519e-02
  5.0543809e-01
  1.2223849e+00
 -1.8148710e-01
  4.2690411e-02
  3.5937160e-01
  1.4547894e+00
  1.0146304e+00
 -8.5131669e-01
  2.5298345e-01
 -1.8822859e-01
  3.1860113e-01
  1.6675831e-01
  7.6111242e-02
  6.0675692e-02
 -1.0028855e-01
  8.3519980e-02
  6.1428662e-02
 -1.3925749e-02
  6.3289993e-02
  4.1557878e-02
 -5.0810885e-02
 -6.5075286e-02
 -1.4857285e-02
  8.0598779e-02
 -5.2519884e+00
 -5.5487525e-01
 -2.4712040e+00
  3.2264981e+00
  2.3587174e+00
  9.2742252e-01
 -5.6105936e-01
 -3.5414129e-01
 -4.8848265e-01
 -1.8226513e-01
 -7.4957895e-01
  8.9789830e-02
 -5.9223336e-01
 -5.4839385e-01
 -9.2682336e-03
  1.1660000e+00
  1.8155971e-01
 -5.2444631e-01
  5.5296850e-01
 -1.3184957e-01
 -9.7159541e-01
  2.8338292e-01
  3.5389904e-02
  1.0338818e-01
 -1.7341650e-01
 -3.8298848e-01
 -3.3307802e-03
  2.6735464e-01
 -9.3163826e-02
  3.4179740e-02
 -1.0668911e-01
 -1.0155836e-01
 -6.6499844e-02
 -9.8770671e-02
 -2.5311308e-02
 -1.5234020e-01
  3.4536913e-01
  2.9869638e-02
 -1.4519739e-01
  7.0130654e-02
  3.9209825e-01
  3.6243662e-01
  8.6420089e-01
  5.0188549e-02
  1.5309856e-02
  4.4072035e-01
 -9.0027995e-02
 -2.4126720e-02
  1.5451477e-01
 -5.1262300e-02
 -7.3752664e-02
 -2.6594982e-01
  4.3617871e-02
  5.7968792e-02
 -3.0869626e-02
  2.1317424e-02
 -1.2382331e-01
 -5.4078989e-02
 -3.8420931e-02
  3.6168866e-02
  3.6549967e-02
 -4.0615864e-02
 -1.1458603e-01
  2.9865853e-02
  7.9390490e-03
 -8.0940895e-02
 -4.6124887e-02
  1.1680213e-02
  1.4871050e-01
 -2.5319783e-02
  1.1166931e+00
 -2.3006286e-02
  2.4495764e+00
  9.6044505e-01
 -7.3984653e-01
  1.8139991e-01
 -2.4643904e-01
 -1.2379177e+00
 -4.3130243e-01
  4.3766089e-02
 -3.3051345e-01
  8.4577560e-01
  1.9544668e-01
  2.0656192e+00
  1.5504503e-01
  1.4572234e+00
  1.4102116e-01
  7.4686962e-01
 -3.6402094e-01
  5.9426790e-01
 -6.0359669e-01
  5.0873911e-01
 -7.5109440e-01
 -9.8481977e-01
 -1.5944847e-01
 -9.0126731e-02
  9.8333314e-02
 -6.1295021e-01
  6.6683285e-02
  3.5025954e-01
 -8.1099249e-02
 -5.7664603e-02
  5.4860007e-02
  3.1964526e-02
  4.2040297e-03
 -6.7807708e+00
 -1.2031369e+00
  7.0575118e-01
  4.8542271e+00
 -2.4464881e+00
  3.4779334e-01
 -6.8541849e-01
  1.2494142e+00
 -7.3509008e-01
 -2.1999307e-01
 -1.2138191e+00
  9.1858530e-01
 -3.8252912e-02
 -1.0432005e+00
 -5.0993167e-02
  1.0303332e+00
 -9.8347869e-03
 -1.6769302e+00
  7.8386217e-01
  8.5009962e-01
  5.5699223e-01
  5.1294243e-01
  6.7495924e-01
  1.8087662e+00
 -2.4766116e-01
 -6.8934506e-01
  3.2794639e-01
  6.1832947e-01
  1.2572700e-01
  8.0893859e-02
  4.6383511e-02
 -1.1560984e-01
  1.2018473e-03
 -1.4493685e+00
 -7.1716018e-02
 -8.9100999e-01
  1.8140096e-02
 -1.2878616e-01
 -4.4196060e-01
 -6.9801092e-01
 -3.3566111e-01
  1.5268788e-01
 -2.7967473e-02
 -2.5680268e-01
  1.9308003e-02
 -2.7846888e-01
 -1.0371919e-01
  6.6917822e-02
  2.1316295e-02
 -8.3794547e-03
  1.9561150e-03
 -1.3868363e-01
  2.2962819e-01
 -5.1024395e-01
 -2.0339537e-01
 -1.7504461e-01
 -1.0806201e-01
  3.7222192e-02
 -1.6496776e-02
  1.6784079e-01
  7.5519480e-02
 -9.6932605e-02
 -3.2564674e-02
  2.5498156e-02
 -1.0699746e-01
 -5.9413987e-01
 -3.9295813e-01
 -4.0783569e-02
 -1.6091765e-01
 -1.3504124e-03
  1.0621419e+00
  5.2571106e-01
 -8.7495977e-01
 -2.0563588e+00
  1.1666673e+00
 -4.0379673e-01
  5.7091516e-01
 -1.9831107e+00
  6.3468832e-01
 -8.1777744e-02
  9.4245322e-02
 -1.5103601e+00
 -8.9934391e-01
  8.1541526e-01
 -1.2477490e-01
  1.1424257e+00
  1.2439801e+00
 -1.3336407e-01
  2.0695567e+00
 -8.9337885e-01
  2.3140067e-01
 -1.1832393e-01
 -1.4676446e+00
  6.6972542e-01
  1.6455971e-01
  5.8011585e-01
  1.4426734e-01
 -5.4623604e-01
 -6.7028090e-02
 -7.6331362e-02
  2.7627146e-03
  2.7990625e-03
 -3.1564955e-02
 -2.4213558e-02
  4.0719253e-03
 -9.4316369e-01
 -3.7065807e-01
 -2.5594478e-02
 -9.4205916e-02
  4.3134367e-01
 -2.2993921e-01
  1.0323494e-01
 -2.7688852e-02
  3.1362811e-01
  1.9335896e-02
  5.7870653e-02
 -1.6135883e+00
 -1.8332662e-01
 -1.2236210e+00
 -1.3538530e-01
 -3.1048477e+00
 -8.8801664e-01
  1.8188308e-01
  3.7399609e-02
 -3.0292213e-01
  2.8031105e-02
 -1.3422844e-01
  5.3757656e-01
 -1.4713302e-01
  2.0815928e+00
  1.1852554e-01
  1.1713306e-01
 -2.3861377e-01
 -4.7627408e-02
 -1.5472047e-02
  3.4429535e-02
  6.5172330e-02
 -6.4321347e-02
  6.7680500e-02
 -2.6974650e-03
  1.8767840e+00
 -2.3777354e-01
  2.5675809e+00
 -1.7070825e+00
  8.6470920e-01
 -1.0047666e-01
  1.8076378e-01
  7.1467780e-02
  1.0654708e-02
 -3.4811743e-02
  5.9573394e-01
  1.4709030e+00
 -3.6114803e-01
  1.2842278e+00
  3.7254658e-02
  1.7941504e+00
  9.4524294e-01
  4.5753613e-01
 -1.6841422e+00
  6.1870122e-01
  1.7892261e+00
 -8.7785073e-02
 -8.6417653e-02
 -1.5159850e-01
  1.7292259e+00
  1.5494087e-01
  3.1697020e-02
  8.1850253e-02
 -8.6271837e-02
  8.7496825e-02
  1.9384220e-01
  1.7810987e-01
 -9.9947929e-02
 -2.1901775e-02
  2.2759351e-03
  3.1027749e-01
  2.2001421e-01
 -8.2321036e-01
 -4.5283771e-01
  1.3782742e+00
 -4.3880391e-01
  4.2886627e-01
  1.1903153e-01
  5.5800474e-01
 -6.1591726e-02
  1.6268817e-01
 -8.3022588e-01
  3.7284943e-01
  7.8811020e-01
 -3.1624126e-01
 -1.0967605e+00
  3.2604453e-01
  3.3914798e-01
  2.1694291e-01
 -8.7839019e-01
 -2.2857563e-01
 -1.7481281e-01
 -9.0605325e-01
 -9.3415684e-01
  2.2857285e+00
  6.0131544e-01
  1.5342991e-02
 -3.4845954e-01
 -1.8505281e-01
  4.0293276e-01
  2.3948731e-02
  1.1560467e-01
  1.1122418e-03
 -3.5276979e-02
  3.0932155e-02
 -2.4118129e-02
 -4.6784636e-02
 -3.2380686e-04
 -5.0583504e-02
 -2.1148080e-01
  1.9354409e-02
  5.6117009e-02
  7.1693070e-02
 -1.8731676e-01
  5.4006945e-02
 -8.6309291e-02
  3.7586778e-02
 -7.7329017e-02
  3.9158639e-02
  6.0500786e-02
 -4.1024588e-02
 -1.5109382e-02
  1.1907432e-01
  3.2056637e-02
 -1.7203752e-02
  9.2987180e-02
 -1.8893487e-03
 -5.1978782e-02
 -6.2180199e-02
  4.1924398e-02
  4.4477541e-02
  1.3404248e-02
 -1.1574911e-02
 -3.1912178e-02
 -5.8335904e-03
  4.7858037e-02
  8.6864799e-02
  3.8825046e-02
 -1.3534721e+00
 -7.5550422e-02
 -1.6825274e+00
  2.3486463e-02
 -3.0555454e-01
 -1.2744453e+00
 -8.9927799e-01
  2.6793954e-01
 -3.1625837e-01
 -5.7194836e-02
 -3.5968012e-01
 -3.8786348e-02
 -2.7063262e-01
  1.9628199e+00
 -3.6888182e-01
 -5.3666943e-01
 -2.6707411e-01
  1.7756768e+00
  3.1931633e-01
  2.2454116e+00
 -1.9744503e-01
  4.9334058e-01
  2.6951066e-01
 -9.9308884e-01
 -6.8626314e-01
  2.7103567e-01
 -1.4031622e-01
  2.1984944e-01
 -5.1111039e-02
  2.1380094e-01
  5.8502395e-02
  1.5918948e-02
  7.7892058e-02
 -6.4924158e-02
 -1.2736772e-01
 -8.5008461e-03
 -5.6793541e-01
 -4.2431495e-01
  3.1857599e-02
  2.9833096e-01
  1.8577603e-01
 -7.9145771e-01
 -5.5715394e-01
 -2.5715521e-02
 -4.2865194e-02
 -8.1187434e-02
 -9.5367590e-03
 -6.3695624e-02
  3.4686577e+00
  4.9035914e-02
 -1.7431296e-01
 -1.0458729e-03
  4.0281036e-01
 -8.1709675e-02
 -6.2562019e-02
 -8.0307849e-02
  1.8055974e-01
  2.4097349e-02
 -6.5949965e-01
  8.4035259e-01
 -5.0482783e-02
  6.4402439e-02
 -7.2852567e-02
 -2.2374569e-01
  2.3987769e-01
 -2.0517029e-02
 -3.0657679e-02
  1.0640870e+00
  7.2355950e-03
  3.2085516e-02
  3.8084185e+00
  1.6044723e+00
  3.7001827e+00
  7.4402940e-01
  3.0374720e+00
  4.9337244e-01
 -3.3771994e+00
 -8.5404497e-01
 -1.1742941e-01
 -6.4493311e-03
 -2.9940647e-01
  1.7423975e-01
  4.2589247e-02
  3.5863730e-01
  2.2408131e-01
 -1.6354504e-01
  6.4150918e-01
 -8.4587407e-01
 -4.1925049e-01
 -1.1818383e+00
 -3.0923408e-01
  2.1813171e-01
 -3.4385940e-01
 -2.2827029e-01
 -1.8758325e-01
  2.5267771e-01
 -5.1670790e-02
 -2.0278057e-01
 -2.5494242e-02
  1.9493955e-01
 -1.1545125e-02
  2.1531062e-01
 -4.6541318e-02
 -2.2005178e-02
 -6.1455660e-04
  2.0017633e-02
 -7.1116827e-02
  5.3923955e+00
 -3.3840430e-01
 -2.5959289e-01
 -6.3375223e-01
  1.0832477e+00
  2.5245050e-02
 -1.9527951e-01
  7.9051010e-02
 -8.1942655e-02
  5.1325209e-02
 -2.7887005e-02
  4.3376490e-01
  3.2209244e-01
 -2.5356093e-01
  2.4525703e-01
  3.5460317e-01
 -8.1593655e-02
  1.9136304e-01
  3.1028503e-01
  2.1549334e-01
 -8.5329854e-01
  7.2867505e-02
 -9.0502100e-03
  1.3954195e-01
  2.7963905e-02
 -2.5210400e+00
  7.2226182e-02
  4.5708574e-02
  1.7045023e-02
 -4.1075796e-02
 -9.1060959e-02
  5.0757531e-02
  9.1444589e-02
 -3.7540967e-04
 -5.2568585e-02
 -5.7816043e-02
 -2.6264599e-02
  2.9339628e+00
  1.1282897e-02
 -2.2691055e-01
 -1.0506760e-01
 -4.1640118e-02
  4.2606968e-01
  5.5223476e-02
  2.4345614e-02
  8.6205877e-02
  6.2503672e-01
 -7.0055775e-02
  4.1291371e-02
  4.5220912e-02
 -4.5099888e-02
  1.2108018e-01
  7.2354763e-03
 -1.8171387e-02
  5.0964266e-02
  4.7940984e-02
 -1.5680687e-01
 -4.9020283e-02
 -6.7300178e-02
 -7.0426124e-01
 -5.3838938e-02
  2.7926972e-02
 -1.2856886e-02
  4.1431051e-02
  1.4086105e-02
 -5.8968294e-02
  5.9983291e-02
  2.4194220e-02
 -4.5478791e-02
 -1.0121665e-01
 -1.3153218e+00
  1.3975176e+00
  3.9261503e+00
 -1.9638275e+00
 -1.6609761e+00
  3.0242065e-01
 -2.5533286e-01
  1.4753857e-01
 -5.2814996e-01
  1.6279921e-01
 -3.2220659e+00
  1.0083719e+00
  5.1899582e-01
 -5.5926019e-01
  3.4761569e-01
  2.9865866e+00
 -9.2736012e-01
  7.3101528e-02
  6.3524641e-02
  2.4320557e+00
 -3.0249289e-01
 -1.2008076e-02
 -1.8109837e-01
  1.2365799e+00
 -4.1344807e-02
 -2.5857097e-01
 -2.2586716e-02
 -7.5082779e-01
  3.7612596e-01
  1.7989084e-01
 -2.2865463e-02
 -3.2842722e-02
  6.6439378e-01
 -4.2615384e-02
  1.0013062e-01
 -9.5170610e-02
  5.3353757e-02
  1.4510888e-01
  7.1864688e-01
 -5.4081682e-02
  5.2597545e-02
 -4.6478525e-02
 -2.2678116e-02
 -3.4893936e-01
 -3.0490047e-01
  7.2633214e-02
  1.0183000e-01
  2.5032664e-02
 -6.4751573e-02
 -1.3254850e-02
  2.8495217e-02
  5.9352938e-02
 -1.4467270e-02
 -2.8071967e-03
  1.3800982e-01
  2.3352072e-02
 -9.4095580e-03
  1.1693364e-01
  1.2128907e-01
 -1.1880122e-02
 -2.2276629e-04
 -2.3463628e-01
  1.2464251e-01
  4.5546781e-02
  2.5033223e-02
  9.1943406e-03
 -5.2298792e-02
  1.3567948e-01
 -1.6798751e-01
 -4.1990306e-02
  1.7966448e+00
  1.5367524e-01
 -3.0009809e-01
 -5.9832174e-01
 -1.0463349e+00
 -3.4476945e-01
  1.1992434e+00
  1.6929996e-01
  2.5621730e-01
  1.4247172e+00
  1.3276209e+00
 -1.6126399e-01
  5.8974022e-01
  2.9999903e-01
  1.2593630e-02
 -7.9563582e-01
  9.8561071e-02
  2.8784847e-01
 -1.0909105e-01
 -2.7165058e-01
  1.6711692e+00
  3.0261612e-01
  3.3395767e-02
 -5.6003105e-02
  2.4648555e-02
  1.9217029e-01
  3.7428021e-01
 -6.9020716e-03
 -6.2992238e-02
  1.5661554e-02
 -8.5879816e-03
 -4.5910582e-02
  6.2436266e+00
  3.6866453e-03
 -3.1018555e-01
 -8.7301999e-01
  2.4827754e-01
 -5.1348042e-01
  2.4450881e+00
 -4.3961983e+00
  5.6946300e-02
 -5.3746575e-01
 -5.4808229e-02
 -4.5743251e-01
 -3.2063246e-02
 -2.2256410e-01
  1.0518277e+00
  3.4138095e-01
 -5.6644487e-01
  5.1987346e-02
  2.6077631e+00
 -1.5955433e+00
 -8.1970447e-01
 -1.6584166e+00
  6.2921757e-01
 -9.4724470e-01
 -2.6038280e-02
 -1.1307878e-01
  8.0504537e-02
 -1.1582823e-01
 -3.1228527e-01
 -2.0613050e-02
  3.0439463e-01
  1.7094377e-02
  9.3132362e-02
 -2.7331157e-02
 -1.9731802e-04
 -1.4383784e-01
  3.6699575e-01
 -3.2922152e-02
  2.5527365e+00
 -1.6014442e-01
 -7.8222424e-01
 -6.0805726e-01
  6.1054456e-01
 -1.8095031e-01
  1.3079597e-01
  2.4249429e-01
  3.3448520e-01
 -1.2140829e-01
  1.6576178e-01
 -3.5819864e-01
  1.0096657e+00
  4.0215194e-01
 -1.3976252e-01
 -1.2534208e+00
  2.5861049e-01
  5.4899108e-01
  2.0374652e-02
 -4.0132374e-01
 -1.1613991e+00
 -5.3154666e-02
  1.6605644e-01
 -2.9742593e-01
  1.4879854e-01
 -7.0069140e-01
 -1.1466251e-02
 -2.0812601e-01
 -9.4267869e-01
  3.1025849e-02
  7.3277944e-01
  9.0009466e-02
 -1.5428810e-01
  8.5165752e-03
  1.1105917e-02
 -2.1740580e+00
 -1.6621280e+00
 -7.5908679e-01
 -2.4143821e-01
 -1.2583415e-01
  1.9330081e-02
  1.3763233e-01
 -1.0779722e+00
  1.1672809e-01
  9.3022996e-01
 -2.1699362e-02
  9.6496064e-03
  3.9651918e-01
  1.5395397e-01
  8.1749493e-03
 -5.3756963e-02
  7.0352495e-01
  2.6854491e-01
 -1.4720368e-03
 -6.3176624e-02
 -5.2943885e-01
  3.2713339e-02
  1.6988260e-01
  7.7368480e-01
  3.8137261e-02
 -1.9639870e+00
 -5.2765694e-02
  1.6045602e-02
 -3.5077503e-03
 -3.7090048e-02
 -1.8996435e-01
 -3.0780113e-01
  9.1693985e-01
  1.9839939e-02
 -4.6453524e-02
  1.5997795e+00
  1.8025990e+00
  6.6425568e-01
  2.5007329e+00
 -5.0800079e-01
  5.2277195e-01
 -4.9285632e-01
  4.0584895e-01
 -5.7976276e-01
  4.1302705e-01
 -1.4727636e-01
  1.8364005e+00
  7.4111086e-01
 -1.0620801e+00
  5.3179091e-01
 -1.6698749e-01
 -6.3975394e-02
 -1.0456120e+00
 -2.0859950e+00
  1.4689949e+00
 -1.2050855e+00
  4.1562730e-01
  9.6474338e-01
  2.7491385e-01
  3.3307545e-02
  1.2388091e+00
 -1.2303060e-01
  5.5688417e-01
  1.7934844e-01
  8.3310381e-02
  1.7973147e-02
  3.7088081e-05
 -7.8451328e-02
 -4.5385025e-02
  5.2507047e-02
 -2.0226352e+00
  7.8063518e-01
  5.8358413e-01
 -2.7555785e-01
  9.5325607e-01
 -9.1243136e-01
  7.8542441e-01
  3.6973441e-01
  1.1517437e+00
  2.7175316e-01
  1.3247709e+00
 -2.0111363e+00
  6.5225351e-01
  5.8217388e-01
 -2.0030999e+00
 -6.1409056e-01
 -7.8398669e-01
  3.4260912e+00
  8.1352085e-01
 -1.5481751e+00
 -1.1612808e+00
 -1.1248053e+00
  1.3384254e+00
 -1.1494464e+00
  5.5939990e-01
  8.8514453e-01
  1.7085737e-01
 -7.9198045e-01
 -7.7055611e-02
 -1.4069252e-01
  4.3749604e-02
  5.1956240e-02
  3.6473263e-02
  2.6667772e-02
 -5.1011876e-03
  4.8001739e-01
 -2.0099066e-02
 -5.3250283e-01
 -2.8565478e-01
  3.1553366e+00
 -1.0613913e-02
 -1.2356532e-01
  2.3203040e-02
  6.5534435e-02
 -5.4668073e-02
  7.1137942e-02
 -1.6960010e-01
  7.5389497e-02
  1.1894672e-01
  6.7237457e-03
 -4.2220876e-02
  6.1559357e-02
 -1.2207292e-02
 -2.0137115e-01
 -7.4491978e-02
 -1.2319860e-01
 -1.6038519e-01
 -1.2701838e-01
 -1.2619901e-01
 -4.5746621e-01
  1.1275091e-01
  3.6791065e-01
  1.0879222e-02
 -1.2980676e-01
 -3.1911347e-02
  5.7051229e-01
  1.1565323e-02
 -4.8822239e-02
  7.2130552e-03
  2.5279817e-01
 -2.8120166e-02
  5.4886591e-01
 -4.0247291e-01
  9.0520674e-01
 -1.8496928e+00
  1.8933888e-01
 -2.6101470e-01
 -5.8922134e-02
 -2.5530335e-01
  8.4400671e-03
 -8.2429476e-02
  3.2221255e-01
  1.5361623e-01
 -2.5215426e-01
 -1.8825585e-02
  4.4715083e-01
 -3.9121440e-01
 -3.2818925e-01
 -2.4159028e-01
  3.3961251e-01
  9.6765287e-02
 -5.5023762e-03
 -5.3519383e-02
  9.0353489e-02
 -1.3236921e-01
 -4.5190513e-02
 -2.1673869e-01
  2.2694537e-01
  9.3163989e-02
  6.3455351e-02
 -1.6854788e+00
 -1.1145387e-01
  4.9432524e-02
 -1.5553197e-01
 -3.1386938e-02
 -2.6953793e-01
 -3.8724355e-02
  4.9052897e-01
 -6.2563471e-02
 -9.8681860e-03
  3.6188459e-03
 -3.6654804e-02
  1.3553946e-01
  3.0872194e-02
 -8.7079793e-01
 -4.2716682e-02
 -7.8595027e-02
  3.5691127e-02
 -2.7474795e-02
 -1.5905330e+00
  4.6494226e-03
 -1.0674258e-02
 -8.8798404e-03
 -2.4432653e-01
  1.5305060e-01
  3.8006909e-02
 -4.9475417e+00
 -1.9984373e-01
  4.8757046e-03
 -1.2674573e-02
  8.0295235e-02
  3.5974596e-02
  4.2731907e-02
 -6.8611681e-02
  1.9520829e-02
  5.4890171e-02
 -3.1746436e-02
 -7.2443433e-02
  1.0322838e+00
 -1.8448532e-02
 -3.2341447e-01
 -1.3230289e+00
  5.2126968e-01
  1.4861329e-01
  2.2478332e-01
  4.4693932e-01
 -5.0507654e-03
  4.6038955e-02
 -9.6888877e-03
 -4.7725923e-02
 -2.8118533e-01
  1.3070680e-01
  1.1767484e-01
  1.4944383e+00
  3.5200085e-02
  1.8330713e-01
 -4.9035054e-02
  1.1634632e-02
  4.2961384e-03
  9.3247876e-02
 -3.5222387e-01
 -4.3840285e-02
  6.1413657e-02
 -9.2272479e-03
 -4.1898388e-02
  1.3436405e-01
  4.5841262e-02
 -3.8778327e+00
  1.1222624e+00
  3.4086615e-01
  9.3370952e-02
  5.2148115e-02
  3.6265984e-02
  7.8344740e-02
 -1.1327280e-01
 -1.7588279e+00
  6.6441119e-01
  1.9455225e+00
  3.0477646e-01
 -1.5955819e+00
 -3.5095818e+00
  1.8221025e+00
 -1.4675747e+00
 -2.9187882e-01
  4.2858930e+00
 -1.2808694e-01
  4.4541094e-01
 -1.1964890e+00
 -3.7649879e-01
  7.4089326e-02
  1.2356501e+00
 -1.8139800e-01
 -9.7813286e-02
  3.8641851e+00
  4.0809369e-01
  3.2035422e-01
  7.6547727e-02
 -6.7511432e-02
  9.0760839e-01
 -1.3798739e-01
 -1.6144674e-01
 -6.2242304e-03
  3.6460844e-01
  2.9035378e-01
  3.1913679e-02
  1.1862963e-02
  1.4533948e-02
 -5.2365594e-02
  2.1173151e-02
 -4.6626382e-02
  2.6047415e-01
 -1.2492175e-01
 -1.0480635e+00
 -9.8088199e-01
  7.4466240e-01
 -2.6175731e-01
  3.6734727e-01
  1.1931510e-01
  2.3146640e-01
 -5.2735619e-02
  3.6602801e-01
  2.0180783e+00
 -2.7359072e-02
  5.3357416e-01
 -4.7649968e-01
 -1.4741008e+00
  4.1006318e-01
 -6.1328489e-01
  1.0696654e+00
 -7.4188215e-01
 -1.1863006e-01
  9.9237931e-01
  4.7452029e-02
 -3.3547708e-01
 -2.3723200e-01
  4.5018864e-01
 -3.3558998e-02
 -2.7375945e-01
 -1.5239371e-01
 -1.0105389e-01
 -1.0561959e-02
 -6.8493396e-01
  5.9186947e-02
 -7.2308168e-02
 -9.5535945e-03
  2.5421350e+00
 -3.7314247e-02
 -9.7793573e-01
 -8.7450421e-01
  4.6713117e-01
  4.0813628e-01
  7.9616390e-02
  2.3358429e-02
 -2.8817225e-02
 -1.2345791e-02
 -2.0244718e+00
 -1.4476123e-01
 -7.8671694e-02
  6.5700454e-01
 -2.2338720e-02
 -3.8826501e+00
  6.8507755e-01
 -2.1306972e-01
  3.5232377e-01
 -2.2113745e-01
 -1.4111151e-01
 -3.0468991e-02
  2.0894279e+00
 -1.1321412e+00
  3.1104053e-03
  1.0600486e-01
  1.3599511e-02
 -1.4465472e-01
 -7.5063813e-03
  5.2391201e-02
  6.1584666e-02
 -1.4499044e-02
  4.6668790e-02
 -7.5727664e-02
 -2.2207078e-02
 -3.9213923e-01
  8.4634185e-02
  2.1181312e+00
 -1.3031390e-01
 -2.2708979e-01
 -2.2575262e+00
 -1.2507869e-01
  5.1034600e-02
  8.1228495e-02
 -2.3013476e-02
  6.3056149e-02
  1.8109171e+00
 -5.6026459e-02
  2.3160297e-01
 -1.1061878e-01
 -7.3371452e-01
 -2.3000617e-01
 -1.5496602e-02
  9.1873057e-02
 -8.8709480e-01
 -5.5231612e-02
 -4.1007757e-01
  3.3971291e-02
 -3.2900095e-02
  1.7324824e-02
  1.2986815e-01
 -4.0117331e-02
 -2.5087351e-01
 -8.8631505e-01
 -3.0235622e-02
  1.9465132e-02
  2.9052285e-02
  1.4800964e-01
 -2.2482710e-01
  7.1297550e-01
  4.0971198e+00
 -1.5395170e+00
  3.2277279e-02
 -8.1649572e-02
  2.0632017e-01
 -3.0313349e-01
  1.3690749e+00
  6.1349105e-02
  3.1405032e-01
  1.1959663e-01
 -1.2408599e+00
  8.3354437e-01
 -1.1511277e-01
  4.4511551e-01
 -2.7552711e-02
  4.3601584e+00
  3.8942805e-01
  1.0657659e+00
  9.7907794e-01
 -3.2648903e-01
  1.0221844e+00
  1.1070532e-01
  1.2347400e+00
 -1.3799571e-01
  1.1334462e-01
  2.2693336e-01
  4.5798119e-02
 -1.4883730e-01
 -6.5292820e-02
 -6.6076748e-02
  9.4333760e-02
 -4.3818209e-02
  9.1437858e-01
 -2.0534245e-02
 -6.1342581e-03
 -8.1492537e-01
  1.7326927e+00
  1.9671682e-01
  6.0124242e-01
 -2.1347207e-01
  5.4742057e-02
 -5.6925572e-02
 -1.0722379e-01
 -5.6562494e-02
  4.3371469e-02
 -4.1614212e-02
  1.9260491e-01
  6.3703568e-03
 -1.1525546e-01
  5.9565175e-03
  2.2822793e-01
 -9.5130491e-01
 -1.9134007e-01
  5.2763759e-03
  2.6068357e-01
  8.7922817e-01
  1.3852137e-02
  3.3101928e-01
  4.0521067e-02
 -2.6696220e-02
  4.3590605e-02
  2.4063846e-02
  1.7453676e-02
 -7.1986102e-02
  1.4545385e-02
  5.9148256e-04
  5.9056194e-03
 -3.8073938e-02
  1.9416556e-03
  7.5927496e-02
  3.1190820e+00
 -5.4566842e-01
 -1.0442642e-01
 -1.1439484e+00
  8.0201244e-01
  6.2949115e-01
  2.1131104e-01
  7.5978182e-02
  2.0953932e-01
 -2.1574038e-01
  2.2731109e-01
  1.8691025e+00
  4.9882314e-01
  3.1447342e-01
 -1.0416240e-01
 -1.0137833e+00
  6.5178382e-01
  3.9340964e-01
 -1.0693428e-01
 -3.0533013e-01
 -1.5446610e+00
  6.3132709e-01
 -1.7152764e-01
 -1.1778704e+00
  1.6233228e-01
  1.4817691e-01
 -1.7211027e-01
 -1.9361123e-01
  1.4467980e-01
 -1.0147225e-01
  1.0500752e-01
  1.5798482e-01
 -5.4762419e-02
 -7.5819373e-02
  1.2640318e-02
  1.0146180e+00
 -5.6358302e-01
  4.5332485e-01
 -1.3931231e+00
  6.4924645e-01
 -1.2597166e-01
  2.2349711e-01
  1.5488564e-02
  2.2683577e-01
  1.1106769e-01
  1.1870569e+00
 -1.8575412e-01
  9.1056973e-02
  3.6061287e-01
 -7.0311196e-02
 -2.3217459e+00
 -7.4594212e-01
  7.1530110e-01
  5.4110032e-02
 -1.7316666e-01
 -8.0032170e-01
  1.1734948e-01
  1.5675339e-01
 -2.3652649e-01
  1.2589145e-01
  1.8355221e-01
 -1.2246914e-02
 -2.2804178e-01
 -9.1549538e-02
  1.3784489e-01
  1.5499867e-02
 -3.4562320e-01
 -4.4143453e-02
 -1.6850893e-01
 -2.2349641e-02
 -1.9461733e-01
 -2.4007148e-01
  6.4150006e-01
 -5.1377958e-01
 -4.7439831e-01
 -1.5722428e-01
  1.7610455e-01
 -1.2376243e-01
  1.6948813e-01
 -2.1512240e-01
  1.3209759e-02
  5.4868835e-01
 -2.4186195e-01
 -1.1554455e+00
 -3.6841199e-01
 -6.1257046e-01
 -9.4962120e-01
  1.6753268e+00
  1.3840584e-01
 -9.3291342e-01
  1.0699555e+00
 -8.1513786e-01
 -3.3339605e-01
 -8.7423998e-01
  1.1144728e-01
  2.1851125e-01
 -5.7504941e-02
 -8.4022895e-02
 -7.7771477e-02
 -5.0647551e-01
 -1.1419981e-01
 -2.9354848e-02
 -2.9142195e-02
  2.2846144e-02
 -1.0758837e-01
 -6.4854711e-01
  6.9009930e-01
  3.3077994e-01
 -3.3602476e-01
 -9.9999398e-01
  5.6120288e-01
  3.9840075e-01
 -1.5766805e-01
 -7.8155780e-01
  1.0590035e-01
 -9.2962492e-01
  1.4620477e+00
  4.1046378e-01
 -9.6556145e-01
  3.2983714e-01
  7.8640848e-01
 -2.3217535e-01
 -1.0519358e+00
 -5.4209822e-01
  1.0359439e+00
  2.7370054e-01
 -2.1011166e-01
 -4.6085516e-01
  1.4536147e+00
 -2.9284311e-02
 -6.0019583e-01
 -8.7443357e-03
  4.7844037e-01
 -3.6622442e-02
  4.1329846e-02
 -2.7060274e-02
 -2.3043239e+00
 -3.5754696e-02
 -6.3023227e-03
  4.5890436e-02
  5.6536907e-01
  4.6751566e-02
 -9.7739836e-03
  2.6307898e-02
  3.4610729e-03
  1.2603369e+00
 -2.6701999e+00
  1.1656285e-01
 -6.6552438e-02
 -3.3958989e-01
 -1.1114918e-01
  8.2533336e-01
  7.1135098e-01
  1.4023982e-01
 -7.9784498e-02
 -5.5815432e-02
  1.0719665e-02
  4.5155156e-02
 -4.6431776e-02
 -8.1990159e-01
  1.4792415e+00
  8.9859508e-02
  1.0901345e-01
  9.9539831e-03
  1.0862933e-01
 -3.1749249e-02
  5.8744960e-02
  5.5707079e-01
 -7.2034754e-02
 -4.7115304e-02
 -8.3309278e-02
 -2.6070634e-02
 -6.3333772e-02
  8.2655236e-02
  8.7203309e-02
  7.4596632e-01
  1.9855136e-01
 -1.2166572e+00
 -4.6948906e-02
  4.0244633e-01
 -1.0152616e-01
  9.7176008e-02
 -6.8367615e-02
  8.7487370e-02
  3.3616051e-02
 -1.9420776e-01
  4.6101589e-02
  8.2949147e-02
  1.8201489e-02
 -7.6131499e-01
  5.8283401e-03
  1.1255176e-02
 -8.5587293e-02
 -3.9399534e-01
 -2.2250559e-02
  6.6322781e-02
 -2.7664149e-02
 -7.4649401e-02
  2.8730500e-02
  2.8410284e-02
  1.1249714e-01
  1.8020362e-03
  4.0939294e-02
 -2.7130626e-02
 -5.3648826e-02
 -5.6240465e-02
 -2.7523655e-02
 -5.9932262e-01
  1.3657622e-01
 -1.5024772e-01
 -7.7301449e-01
  1.9643217e-01
  9.1723032e-02
  3.5102293e-01
  1.1827165e+00
  7.5578779e-01
  5.6139708e-01
 -1.0395150e-01
 -1.8416896e-01
 -9.2225365e-02
 -1.9001727e-01
 -2.4920728e+00
  1.7298709e-01
 -2.5639850e-01
  1.8149992e-02
  1.0403374e+00
 -2.3962088e-01
 -3.4657541e-01
  6.9202315e-03
  2.1695969e-01
  1.0658472e-01
  5.6869056e-02
 -2.9519377e-02
  2.3754878e-01
 -3.8822416e-02
  6.3035667e-01
  5.2986085e-02
  1.7702998e-01
  1.5730792e+00
  5.9052218e-02
 -2.2127508e-01
 -6.1076578e-02
 -1.8266125e-02
  5.0169576e-02
  3.6419842e-02
 -9.3378520e-01
  1.2574394e-01
  4.9302804e-01
  9.9028903e-01
 -3.1668248e+00
  1.7767553e-01
 -1.9743676e-01
 -1.3205791e-01
 -2.5449511e-01
  7.7503331e-02
 -2.9486167e-01
  3.5359496e-01
 -7.6031707e-02
 -3.6624309e-01
  1.2642486e-01
 -5.9415233e-01
 -9.0011078e-01
 -1.5198898e-01
 -5.4353613e-01
  4.0924942e-01
 -7.2231954e-01
 -1.6088529e-01
 -3.1020272e-01
 -8.0465347e-02
 -1.6256700e-01
 -1.8592805e-01
  1.1001954e-01
  2.9836425e-01
 -7.7300146e-02
  1.4332913e-01
 -1.2324715e+00
  1.0830650e-01
 -7.4265778e-02
  6.2814998e-03
  8.8525844e-01
  2.8191826e-01
  5.5103636e-01
  2.2535002e+00
 -1.0354260e+00
 -1.7628719e-01
  6.0571034e-02
 -1.7090259e-02
 -1.5047578e+00
 -1.6629966e-01
  8.1684679e-02
 -5.4292195e-02
  2.4626637e-01
 -1.2768104e-02
  2.0742871e-01
  5.8128946e-02
  4.9275783e-01
  5.3324050e-01
  2.1558513e-01
  1.5598561e+00
 -5.6104499e-01
  1.8160418e-01
  2.2481112e-01
  4.5880862e-02
  3.5961479e-02
  9.9145457e-02
 -2.2219108e-01
  4.5114886e-03
  2.2238154e-02
 -1.3851848e-01
 -2.9786548e-01
  9.4296627e-02
  8.0524813e-03
 -1.3204555e-02
  7.1175888e-02
 -1.1431967e-01
  7.7186659e-02
 -6.5126957e-04
 -5.1114850e-02
  4.1094091e-02
  1.0034052e-01
 -1.3639520e-01
 -8.6680299e-01
  3.7719879e-01
 -2.4146322e-02
  7.7428870e-02
 -4.8541356e-02
  2.6633227e-02
  1.2941404e-01
 -4.1997023e-02
  6.8982683e-02
 -7.0661962e-02
  9.1230027e-02
 -7.4824899e-02
  1.3116561e-01
 -6.8518184e-02
  2.7051562e-02
 -8.4224470e-02
 -5.4834064e-02
 -8.4134722e-03
 -3.0270677e-02
  3.2557912e-02
 -4.8405528e-02
 -4.2864466e-03
  3.9829820e-01
  6.7700587e-02
 -4.1970558e+00
 -3.1062953e-02
  4.1175857e-02
 -7.7232854e-03
  4.6284325e-02
 -5.9800655e-01
  1.2105078e-01
  3.3637589e-01
 -1.6754434e-01
  1.9515309e-01
  2.6642421e-02
 -1.3401484e-01
  9.8701358e-02
  6.9894795e-03
 -7.4987061e-02
  5.2909788e-02
  3.5019577e-01
 -8.0947302e-02
 -3.3808059e-01
  1.3191488e-02
  1.9102908e+00
  1.7342329e+00
  7.0885373e-03
 -6.6471294e-02
  2.6180202e-01
 -9.3103737e-02
  1.7720245e-02
 -6.3179396e-02
 -5.1724743e-02
 -1.0532062e-01
 -2.4205608e-02
 -2.1226570e-02
  6.0351949e-02
 -1.3628544e-01
  7.0301741e-02
  5.7049762e-02
 -3.6686096e-02
  3.0161656e-02
 -5.3267103e-01
 -1.4633316e-02
 -1.3014768e+00
  2.2342278e-01
 -1.8664137e+00
 -4.4607124e-01
  1.3656231e+00
  6.3341737e-02
  1.1560545e-01
  1.5102918e-01
  6.0990393e-01
 -5.7998460e-02
  2.9772314e-01
 -2.3056579e-01
  1.6605416e-01
  2.8527707e-01
 -3.1956986e-02
  1.8558351e+00
 -1.7210859e+00
  2.0437858e+00
  1.8295737e-01
  1.3883474e+00
  5.5747950e-01
 -1.5569599e-01
  1.0678601e+00
  5.7812798e-01
  2.3414988e-02
  1.8050458e-01
  1.4045773e-01
 -1.8743342e-01
  2.4409762e-02
  1.9375242e-02
 -5.0044987e-02
 -2.8206658e-02
 -3.8988265e-01
  5.1044837e-02
 -9.6295321e-01
  1.1443630e+00
  5.0751877e-01
  2.8829381e+00
 -1.6035677e+00
 -1.1626714e+00
  3.9517701e-01
 -4.7388512e-01
 -1.0256800e-01
 -5.2638143e-01
 -3.3253661e-01
 -1.0490028e+00
  9.7617871e-01
 -1.1627737e-01
 -1.1768818e+00
  7.2427285e-01
  2.9443359e+00
 -2.8780708e-01
  1.8154192e-01
 -7.8626251e-01
  8.7380081e-01
 -1.2034217e+00
  3.1612375e-01
  1.5116116e+00
  1.1620846e+00
 -1.2612891e-01
 -4.3367866e-01
 -5.5623580e-02
  4.6331742e-01
  2.6192650e-02
 -2.4091583e-01
  2.8418267e-02
 -5.9436414e-02
 -8.9991607e-02
 -3.0810232e-03
 -6.7925043e-02
  8.3999020e-01
  1.0697135e+00
 -2.5007790e-01
 -8.3885342e-01
  1.1657830e+00
  1.5519345e+00
 -3.1671181e-02
  6.8699890e-01
  2.6585906e+00
  3.7593219e-01
  1.0544764e+00
 -5.8950406e-02
 -1.3814099e-01
  1.5646641e+00
 -5.8742809e-01
 -2.7143869e-01
 -1.5726242e+00
  8.6616570e-01
  1.2395766e+00
  2.0015305e-01
 -9.3476623e-01
 -3.4179319e-02
  1.1204292e+00
  1.2454959e+00
  2.6241392e-01
  1.1214408e+00
  2.5801918e-01
 -1.0097008e+00
 -2.5659192e-01
 -1.2715237e-01
  8.0231309e-02
 -6.0412876e-02
 -5.2427357e-01
  1.5291544e-02
 -7.6429263e-02
 -5.1960295e-01
  2.5764492e-01
 -1.5935037e-01
  3.4953025e-01
  1.6156423e+00
  1.3818724e-01
 -1.1411210e-01
 -3.6207780e-02
 -1.9657353e-01
 -4.9540490e-02
 -1.2153270e-01
 -1.8056370e+00
  2.1136258e-02
 -1.8797396e-01
 -5.4295074e-02
  6.6554111e-01
 -2.9730424e-02
 -2.4545811e-01
 -7.4188256e-01
  2.9057696e-01
  3.6319813e-01
  2.4798138e-01
  4.8582548e-01
  2.5064364e-01
 -3.9298618e-01
 -1.0030345e-01
 -1.3234934e-02
  3.9151087e+00
 -5.4480810e-02
  2.2568569e-02
 -8.1394210e-02
  9.0718353e-03
  8.5569710e-02
  5.4808491e-01
  4.2818673e-02
  7.0432216e-01
  1.5024260e-01
 -1.2853257e-01
  1.7281212e-02
 -2.8283520e-02
  7.6595685e-03
  1.8635938e-01
  1.1739940e-01
  3.2282545e-04
  1.4778634e-02
  9.0855137e-02
 -2.8905043e-02
  4.9808946e-02
 -1.1906997e-01
 -3.3709183e-03
  4.8681298e-01
 -2.8117645e-01
 -1.3054231e-01
 -4.5883343e-02
 -8.2713574e-02
 -8.3511826e-03
  8.8478428e-01
  9.0049040e-01
 -1.0360356e-02
 -3.9311104e-02
  2.1702491e-02
 -4.8336729e-02
  3.0390626e-02
 -6.3276100e-01
  7.2197691e-02
 -9.0867773e-02
  7.4960798e-01
  1.0742928e+00
 -7.9313166e-02
  4.5489341e-02
  1.7290071e-01
 -8.7807395e-02
  4.1025514e-03
 -8.4663704e-02
  8.4974819e-01
 -2.8047115e-01
 -3.9769940e-02
  2.5324386e-01
  6.3654341e-02
  5.3619122e-04
  1.2528521e-01
 -9.4006561e-02
 -1.1399855e-02
  2.7668301e-02
 -2.3799647e-02
  1.3350208e-01
  5.2260064e-02
  1.8681593e-01
  5.5248987e-02
 -3.7421450e-02
  2.8234251e-02
  7.0878632e-02
  1.5807994e-01
 -7.6158530e-01
  5.7513509e-02
  2.7839424e-02
 -1.3301688e-02
 -4.5105517e-02
 -4.8280419e-03
 -4.8013370e-02
 -5.1749121e-02
  7.8113675e-02
  5.3289074e-02
 -2.7839104e-02
 -6.3717216e-02
  7.8232950e-01
 -4.6971026e-01
  9.4903886e-01
 -3.6963491e+00
 -3.4615585e-01
  3.3672133e-01
  1.1799544e+00
  1.0380985e+00
 -7.5765079e-01
  4.2167020e-01
 -1.0778315e+00
  1.3221511e+00
 -2.7386641e-02
 -1.0136595e+00
  5.7791770e-01
  2.1820793e+00
 -4.0028864e-03
  1.6174901e+00
 -5.2394199e-01
  1.7179025e+00
  1.9313678e-01
  1.6311555e+00
  6.8745434e-01
  5.6375384e-01
 -3.2400952e-03
  1.8623880e-01
  6.6648370e-01
 -1.3510074e-01
 -2.5557375e-01
  7.1807206e-02
  3.1520145e-03
  1.2353832e-01
  1.4186169e-03
  2.4154855e-02
  2.2711588e-02
  4.7289589e-01
  7.1195304e-02
  2.9808497e-01
  5.4912955e-02
  3.9394063e-01
  7.0233308e-02
 -7.7623002e-02
  6.2208809e-03
 -1.9442135e-01
  1.0238994e-03
 -5.1751811e-02
  1.2414184e-01
  7.2765224e-02
 -4.2778382e+00
 -8.3544791e-01
  1.9943154e-01
 -9.5424622e-02
 -8.9369595e-02
  1.2341454e+00
  1.8945709e+00
  1.2521386e-01
  3.2794725e-02
  3.7167266e-02
  1.8099464e-01
  9.0635292e-02
 -3.0411914e-02
  4.7676675e-02
  1.2116974e-01
  1.3556813e-01
  3.0476135e-01
  6.7363121e-02
  4.5465395e-02
  3.7110651e-01
 -4.3166172e-02
  5.4226173e-03
  5.3327117e-02
 -1.0176899e-01
  1.9947372e-02
 -1.1779779e+00
 -1.8792572e-04
  1.7126688e+00
  8.8668384e-02
  6.8516299e-02
 -7.8357384e-03
  3.5730486e-03
 -5.6530004e-03
 -1.9964706e-02
  4.0308241e-02
  1.1380216e+00
 -5.6209054e-02
  1.7645794e+00
  1.8361176e+00
 -6.3985896e-01
 -4.7871926e-01
 -1.2440572e+00
  1.5205598e+00
  1.3206153e+00
  2.2162234e-02
  9.0048057e-01
 -2.7614009e-01
  1.7663250e-02
  2.3458963e-02
  5.3736560e-02
  1.5921845e-01
  3.9164737e-02
 -7.6141357e-02
  4.3324690e-02
  5.6656525e-02
  4.0091434e-01
  4.8830446e-02
 -2.1942973e-01
  1.9461815e-01
  1.6775756e-01
  4.4869310e-01
 -1.7223494e-01
  6.1321471e-02
 -1.3529207e-02
 -5.4360021e-02
 -1.3563977e-01
  3.1150597e-01
 -1.5913229e-01
  9.2091426e-02
  2.4987202e-02
 -8.0315059e-01
  1.1938048e-01
 -1.5957316e+00
 -1.4626698e-01
 -1.4148101e-01
 -8.9890763e-02
  1.4907505e-01
  8.3498545e-02
 -3.3295609e-02
  3.0868343e-01
  2.7293924e-02
 -1.1338591e-01
 -6.9497937e-01
  4.5622843e-03
  1.3645117e-01
 -1.3261551e-01
 -4.1580144e-02
  1.8004619e-02
 -6.7134127e-02
  1.9390962e+00
 -2.7053850e-02
  7.8866556e-02
 -5.5358920e-02
  1.6506240e-02
  1.8316090e+00
 -7.5728762e-01
 -7.3955454e-02
 -1.5042042e+00
  6.2670194e-02
  9.2801303e-02
  5.8786895e-02
 -3.3744648e-02
  4.3002042e-01
 -2.6775625e-02
 -3.6658150e-01
  3.7355828e-01
 -1.3135213e+00
  7.3263067e-01
 -1.7387253e+00
  4.3406781e-02
 -2.9501148e-02
 -8.2156193e-01
 -2.1190441e+00
  9.5035440e-01
  2.6892506e-02
  9.4408378e-02
 -3.2297973e-02
 -1.5547960e-01
  3.3440836e-02
 -8.3978781e-03
 -2.2784451e-02
 -7.3538192e-02
  1.8858580e-02
  4.7878746e-02
 -9.2999384e-02
  1.2591515e-02
  4.7604889e-02
 -1.4370135e+00
  8.4943749e-02
  1.5833870e-01
  7.7165407e-01
  8.0850296e-02
  1.4187497e-01
 -6.2186345e-02
  4.7189318e-02
 -2.4861453e-02
  2.7790567e-02
 -1.3834263e-01
  1.9191396e-01
  3.9285187e-02
 -1.9392955e-01
 -1.3540003e+00
  4.7172043e-01
  3.6131284e-01
 -4.4730883e-02
 -3.0523592e-01
  2.6631871e-01
  4.9912701e-03
  5.9208795e-02
 -8.0126889e-02
  1.0578136e-01
 -4.0434211e-02
 -1.1036820e-01
 -7.9543501e-02
  1.4487652e+00
 -2.1660255e-02
  4.3013655e-03
  7.8021616e-02
 -6.9906957e-02
 -2.0331399e+00
  5.2520592e-02
  4.3633687e-03
  3.6494392e-01
 -8.3856128e-02
 -1.5477008e-01
 -1.4344808e-01
  3.5137004e-01
  3.7204206e-02
  1.6158010e-01
  3.1323116e-03
  9.0901636e-02
  8.1247032e-02
 -2.2157382e-03
 -9.6578971e-02
 -1.0474078e-01
  2.1320039e-01
 -1.4045040e-01
  1.4171793e-01
 -1.5906510e+00
  1.2845130e+00
 -9.5595997e-03
 -1.6722117e-01
 -3.3382256e-02
 -1.2770939e-01
 -4.6079870e-02
 -7.0111442e-01
  1.0042217e-01
  4.7144726e-02
  4.8908859e-02
 -4.7556391e-01
  1.2483582e-02
 -9.3594566e-02
 -1.1245001e-01
 -8.3010964e-02
 -1.2960826e-01
  1.7878568e+00
  2.6824512e-02
  4.6350175e-01
  1.6225903e+00
  2.8604958e-02
  8.5042626e-02
 -8.6112231e-01
  1.3290267e-01
 -2.5313437e-01
 -2.7683875e-01
 -5.2411908e-01
  2.9101530e-02
 -1.5336818e-01
  4.0333802e-01
 -3.3847816e+00
 -5.3304577e-01
 -1.6483458e-02
  1.4093957e+00
 -3.5610479e-01
 -3.2630932e+00
  4.4315405e-02
 -1.0394815e+00
 -4.0064546e-01
  5.3355265e-02
 -4.1304734e-01
 -1.0867754e-01
 -1.3637230e-01
 -2.5557980e-01
 -4.8125923e-02
  2.8978762e-01
  2.3591055e-02
 -3.2230663e-01
  4.3186471e-02
 -1.5346070e-03
  7.0943481e-01
 -5.8938101e-02
  5.7250261e-02
  1.2925380e+00
 -3.2077957e-02
 -2.0613587e+00
  2.6777756e+00
 -3.0115604e-02
 -1.1890700e-01
 -6.9957666e-02
 -1.0835820e+00
  5.2004565e-02
 -1.0019960e-01
  9.0703607e-01
 -2.6048306e-01
 -4.1556377e-03
  1.0129810e-01
 -4.9187848e-01
 -2.9855570e-01
 -1.3286168e-02
  4.4608989e-01
  1.3674341e-01
  9.2603043e-02
  3.3038273e-01
  8.7660010e-04
 -9.0775765e-02
  6.6886678e-02
 -1.5312171e-01
 -5.8703963e-02
  1.9926581e+00
  4.5295902e-02
 -1.4073866e-03
  2.9153590e+00
 -1.9622555e-02
 -3.8695753e-02
  9.2485487e-01
  2.0462985e-03
 -8.3627975e-01
  1.0333680e+00
 -2.6734167e-01
  1.6156168e-01
 -1.0648942e+00
 -2.8528500e+00
 -2.6937082e-01
  3.4235212e-01
  4.9608629e-02
  3.6118180e-01
  1.8417837e-01
  2.9314405e-01
 -1.1094974e+00
 -9.4603397e-02
  2.8570005e-01
  2.6017729e-02
 -1.8708463e+00
 -6.6315931e-01
  5.0764143e-01
 -4.5309559e-01
 -7.3547286e-01
 -3.6196515e-01
 -1.8925903e+00
  7.2418310e-02
 -3.6527070e-01
  3.2039929e-02
  3.3653340e-01
  3.1768572e-02
 -1.8233010e+00
  3.7326161e-02
  2.1878008e-02
  6.3669264e-02
  7.4829563e-02
  1.3625654e-02
 -2.2769924e-02
  1.1244982e-02
 -3.8098437e-01
 -1.6231993e-02
 -1.5605298e+00
  3.2083382e-04
  1.0825931e+00
 -1.5469426e-01
  3.0345750e-01
  1.6573697e-01
  3.4806183e-01
 -7.0003532e-02
  5.2237451e-01
 -4.3250510e-01
  1.0969535e+00
  5.7839310e-01
 -1.4517483e-01
 -7.9472035e-01
  4.3167099e-01
  1.0679885e+00
  2.5220215e-01
  8.0511451e-01
  4.9434057e-01
 -6.0284134e-02
  2.7559450e-01
 -2.2549184e-01
  1.4751942e-01
  2.5751129e-01
  2.4214879e-01
 -4.2178610e-01
 -8.0961652e-02
 -9.0020649e-02
 -7.7650114e-03
  1.9244753e-03
  1.0576390e-01
  7.5482130e-03
  8.6621176e-03
 -3.8947363e+00
 -6.5392768e-01
  2.3246327e-01
 -2.7041459e-01
  2.1090918e+00
  2.2864217e-01
 -2.3184066e+00
 -2.9590675e-01
 -4.7677791e-01
 -4.7240740e-01
 -5.3227496e-01
  2.6654693e-01
 -7.9666358e-01
 -6.2499130e-01
 -5.5373520e-01
  1.8147945e+00
 -5.5828411e-02
 -1.1806865e+00
  8.8127130e-01
  5.3147066e-01
  1.4592382e+00
  4.1967189e-01
 -4.4035401e-02
  4.9023381e-01
 -2.0141077e-01
 -3.4458452e-01
 -2.9659584e-02
  2.8064245e-01
  1.2592382e-02
  2.3396229e-02
  9.9752117e-03
  9.0678604e-03
 -7.8691371e-02
  4.9150921e-02
  1.1873778e-03
 -3.9828110e-02
  1.2567718e-02
 -1.7637877e-02
  1.5900176e-02
  5.3416304e-03
 -7.4820980e-02
 -7.4616954e-02
 -3.3478618e-02
  7.2683349e-02
  8.9344300e-02
 -1.1167605e-02
  1.4391968e-02
  1.2907432e+00
 -8.3047055e-02
  2.2991603e-02
 -3.4717146e-01
 -2.3084337e-02
 -1.3012073e-02
 -8.9512967e-02
 -1.1119106e-01
  5.1382829e-02
  5.7838396e-03
 -9.4067162e-01
 -2.0844796e+00
 -1.2225175e-01
 -1.1316393e-01
 -5.9191510e-02
  6.0993012e-02
  1.7876770e-02
  9.3641788e-02
 -1.0331735e-01
  2.8178353e-02
  7.7753119e-02
 -1.9489415e-01
  5.1238030e-02
 -2.4387355e-01
 -1.6747297e-01
 -1.7432230e+00
 -7.5728011e-01
  2.9441738e+00
 -2.5139973e-01
  1.7333801e-01
  5.5614358e-01
  3.8142595e-01
  3.9072625e-02
  1.6544096e-01
 -5.9370387e-01
 -1.9059813e-01
  1.9125340e+00
 -6.9735251e-02
 -2.3809588e-01
  5.7692367e-01
  6.8449897e-01
  3.5820675e-01
 -1.2658308e+00
 -5.9139542e-02
 -2.3273146e-01
  1.7831236e-01
 -1.8881357e-01
  9.6624249e-01
  2.1025749e-01
  1.6438884e-01
 -2.8263053e-01
 -1.2097367e-02
 -8.7988481e-02
 -4.1198927e-01
 -1.1952402e-02
  1.8501880e+00
  2.0014966e-01
 -5.1027383e-03
 -1.3775982e-01
  3.2160476e-01
  1.3196287e+00
 -1.8885449e-02
  3.3030787e-01
  5.7365060e-02
 -1.5221069e-02
  1.6344470e+00
 -1.9065592e-01
 -9.1152775e-01
  2.0666189e+00
  5.2848250e-01
  8.3112486e-02
 -2.4436723e-01
  2.3384869e+00
  1.7225697e+00
 -5.9329748e-01
 -3.6664104e-01
 -8.3112854e-01
  2.4719520e-01
  2.3116522e+00
 -2.6111418e-01
 -9.5225221e-01
  5.8919825e-02
 -1.2344521e-01
 -9.6370511e-02
  4.9831176e-01
 -5.9421096e-02
  7.7185228e-02
 -2.3202918e-02
 -2.5653662e-03
  3.7664104e-02
 -1.7345928e-02
 -4.5419354e-02
 -1.9749450e-02
 -2.0429821e+00
 -3.3779508e-01
 -1.9166476e+00
  1.8500322e+00
  1.8043970e+00
  5.1341021e-01
 -5.9378451e-01
 -1.6089535e-01
 -8.3174759e-01
 -6.4790860e-02
 -1.2213155e+00
  9.1522855e-01
  1.3963206e+00
 -1.3833863e+00
 -3.6240891e-01
  1.6431686e+00
 -3.0730658e+00
 -1.9942170e+00
 -2.8868566e+00
  6.5837866e-01
  3.4942806e-01
 -5.7882768e-01
 -1.0362759e+00
  5.2823305e-01
 -2.7509820e-01
 -6.6680473e-01
 -2.7785995e-03
  5.6146753e-01
  1.5844020e-01
  7.4806131e-02
  2.5826052e-02
 -1.1173936e-01
  5.2485120e-02
  4.3486319e-02
 -1.0262552e+00
  3.1709439e-01
 -8.1984855e-02
 -8.1012351e-03
 -7.0837629e-01
 -2.9127061e-01
  8.2093403e-02
 -6.0739332e-01
  1.8534845e-02
  2.6167354e-02
  4.2556860e-02
  1.4855830e-02
 -4.2398069e-02
 -3.2459121e-02
  2.5674441e-01
 -1.0067178e-01
  7.8694129e-01
  5.9288509e-02
 -7.0121914e-02
  9.7431585e-02
  1.6497168e-01
  2.2887554e-02
 -3.9153107e-02
 -4.9369298e-02
 -6.4446211e-02
 -3.4172811e-02
 -8.4834136e-03
 -1.5997401e-02
 -1.2428507e-01
 -3.2611912e-01
 -9.6665539e-02
  2.8423063e-02
 -2.6798362e-01
  7.0526153e-02
 -9.9128559e-03
  1.3430710e-02
 -1.7852583e+00
 -4.6725529e-01
 -2.5331903e+00
  6.4967756e+00
  1.9313189e+00
  8.5262716e-01
 -1.4164417e+00
 -5.2639341e-01
  1.1391575e+00
 -4.1956356e-01
 -1.4220563e+00
  5.8905923e-01
 -2.6073003e-01
 -1.6091583e+00
  1.1907223e-01
  2.9256120e+00
  1.3250673e+00
  1.3935027e+00
  1.1736801e+00
  1.6273674e-01
  3.8550007e+00
  8.2218081e-01
  5.1334870e-01
  1.0023881e+00
 -8.2934774e-02
  1.6315067e-01
 -1.5834536e-01
  6.4467824e-01
  5.0418693e-01
  1.2295197e-01
  6.4379042e-01
 -1.7946288e-02
 -8.9374013e-02
 -1.0248483e-02
 -3.9525181e-02
  5.7581580e-01
 -1.4202820e+00
 -1.3110095e+00
  6.4678663e-01
 -1.1426101e+00
  4.5976469e-01
 -1.4544927e-02
 -3.7416521e-01
 -3.6122400e-01
 -1.4164751e+00
  5.2951676e-01
 -1.7558908e-01
 -1.3397473e+00
 -1.5938250e+00
  2.2350971e-01
 -6.5792042e-01
  1.5513779e+00
 -6.1696982e-01
 -1.4890778e+00
 -1.6446862e+00
 -4.5444810e-01
  2.1189723e+00
 -1.0391658e-01
 -4.7779498e-01
 -2.2051787e+00
 -8.4442353e-01
 -4.4644356e-02
  9.5025212e-01
  6.6634506e-01
 -6.2409967e-01
 -9.4354975e-01
  8.1935771e-02
 -1.5292979e-02
 -1.4110610e-01
  2.0662931e-01
 -7.4831116e-01
  2.0262291e+00
  2.0366774e-01
  1.7260894e+00
 -5.7451349e-01
  1.6865030e-01
 -2.3151572e-01
 -3.9247256e-02
 -3.3294722e-01
 -4.2211764e-02
 -1.4486098e-01
  3.2751930e-01
 -8.1332937e-02
 -3.0588740e-01
 -9.5525570e-03
 -1.0817630e+00
 -2.8454039e+00
  9.6560359e-02
  1.4149277e-01
  1.5727252e-01
  8.1413269e-02
 -2.2111224e-02
  8.1781757e-01
 -9.2617667e-01
 -1.9604468e-01
 -2.1169041e-01
 -4.1097682e-02
  2.3275837e-01
 -5.9768416e-02
 -1.6639810e-02
 -1.2694486e-02
 -7.1170412e-02
  7.5337875e-01
  2.7644478e-02
 -1.5430008e-01
 -4.5030278e-01
  2.8524628e-02
 -2.9688355e-02
 -4.1848087e-01
  1.7285317e+00
 -7.8600273e-02
  1.0284224e+00
  1.5048035e+00
  2.8601602e-01
 -3.5004869e-02
  3.1109166e-01
 -6.6480690e-01
  1.9740232e+00
  4.3758890e-01
 -7.9221487e-01
 -1.5811069e+00
  5.7359630e-01
  3.6977434e-01
 -7.4653202e-03
 -4.3386501e-01
 -2.3723816e-02
 -1.6026132e-01
  1.7255767e-01
 -6.0966092e-01
 -1.4431457e-01
  3.0791795e-01
  1.4503235e-01
 -1.7986092e-01
  9.0338133e-02
 -1.0101402e+00
 -9.2019522e-01
  3.9611802e-02
 -1.0525660e-02
  6.2919036e-02
  8.0427580e-02
 -2.1545360e+00
  1.0081515e+00
  5.9468096e-01
  1.3442603e+00
  7.7978784e-01
  7.8483957e-01
 -5.9373266e-01
 -3.1905659e-02
  1.2999129e+00
  1.4225496e-01
 -8.0834424e-01
  1.2018319e+00
  4.6232992e-01
 -1.1673439e+00
  2.0339809e-01
  6.3350421e-01
 -1.5422730e-01
 -4.4722202e-01
 -2.5479422e+00
  1.5023180e+00
  5.5055344e-01
  2.7404258e-01
 -2.0187616e+00
  1.1363167e-01
 -2.1787094e-01
 -7.3041344e-01
 -1.5417993e-01
  7.7071905e-01
  1.4711598e-01
  1.7619748e-02
 -4.3430079e-02
  3.4536049e-02
 -5.9710536e-02
 -1.1612532e-03
  7.8017466e-02
  4.7227494e-02
  1.1896260e+00
  4.7472870e-01
  1.3919852e+00
 -1.8350019e-01
  1.4339201e-01
  5.1416173e-03
 -9.3327183e-04
  2.0132551e-02
  7.8414351e-02
  5.1064856e-02
  3.7727720e-01
  2.6517981e-01
 -2.0869648e-01
  1.6506998e-01
 -2.2683599e+00
 -2.4984755e-01
  3.6047655e-01
 -2.9539028e-01
  3.0530754e-01
  5.9095496e-01
 -6.7415607e-01
  1.4277518e-01
 -1.3788191e+00
 -4.3953441e-02
 -1.2038470e-01
  2.1928733e-02
  1.7367148e-01
 -2.6316928e-02
  5.0898705e-02
 -1.1941426e-02
  7.5380400e-02
 -4.3566246e-02
  1.7263869e-02
 -3.0776283e-02
  5.0239835e-02
 -8.4479558e-01
 -5.6024700e-01
 -8.1005555e-01
  1.1204921e-01
 -4.6945450e-01
 -9.2800260e-01
  1.0974690e+00
  7.3465979e-01
  4.2653464e-02
 -1.2505302e+00
 -9.9641156e-01
  1.5698425e+00
  9.2703456e-01
 -2.5275573e-01
 -1.7272031e-01
 -1.8178428e+00
  7.5968850e-01
  1.2723031e+00
 -9.0734738e-01
  8.1224903e-02
 -3.4006274e-01
  6.3148904e-01
 -2.9403308e-01
  8.0561477e-01
  5.4744041e-01
  1.0133447e-01
 -4.4690552e-01
  2.2296378e-01
 -3.6882665e-02
 -1.3737247e+00
  5.2852873e-02
 -4.1083917e-02
 -7.7332959e-02
  8.9954495e-01
 -1.7533183e-01
 -9.3137823e-02
 -2.3766398e-01
  1.2487425e+00
  2.0786827e+00
  1.7524073e-01
  1.2341394e-01
 -2.3387177e-02
  2.9788581e-01
 -4.0627055e-02
 -1.2821524e-01
  4.6020567e-01
 -1.1236122e-02
 -8.2650565e-02
  3.7709743e-02
  5.7412416e-01
  4.2427569e-03
  2.3925101e-02
  1.1068575e-01
  1.4835079e-01
  2.4080762e-01
  8.4262855e-02
  6.6536181e-02
 -6.2676120e-01
 -5.4834545e-01
 -8.1322335e-02
 -8.8388659e-02
  6.6245830e-01
 -5.3842971e-03
 -1.0427267e-01
 -1.5864007e-01
 -1.4436395e-01
  3.3393860e-02
  3.6760572e-02
  1.4711505e-02
  2.6500264e-01
 -3.6660966e-01
  1.5381900e+00
 -1.6694435e-01
  1.9685195e-01
 -1.2593253e-01
 -9.1754788e-01
 -1.6248640e-01
 -3.1060451e-01
  2.2407244e-01
  2.8128585e-01
  7.9725939e-01
  1.0581088e+00
 -1.0174186e+00
 -1.2576897e-01
  6.2557876e-01
  9.6773612e-01
 -1.2837261e+00
 -3.4445977e-01
  8.7270552e-01
  1.0773652e+00
  6.1210865e-01
 -1.0859814e+00
 -3.5100988e-01
 -2.0228638e-01
  1.7852750e+00
 -6.6106506e-02
  5.3029907e-01
  1.9007224e-01
  9.9830762e-02
 -7.2524205e-02
 -2.3391154e-03
  8.4245309e-02
  1.2223878e-02
  9.2287876e-02
 -9.8848319e-01
 -2.7473354e-01
 -3.2584760e+00
  5.6179810e-01
 -3.1256890e+00
  6.1861998e-01
 -1.7700090e-01
  3.9448178e-01
 -3.0943048e-01
 -1.5618922e-03
 -1.2117580e-01
  3.7494329e-01
  3.1805265e-01
 -1.7262836e+00
  9.2425190e-02
 -1.3617837e-01
  1.4893762e+00
 -7.5403146e-02
 -1.0452759e-01
  2.1776386e-01
 -2.1683300e-01
  8.3676584e-02
  1.1153587e-01
  1.8495721e+00
 -5.5253144e-02
  1.8383022e-01
 -5.4582894e-02
  2.2113548e-01
 -3.5890810e+00
 -3.6690056e-02
 -7.3800452e-02
 -1.8371213e-02
  2.4952614e-01
  3.1718376e-01
 -5.7510346e-01
  8.6878717e-01
  1.6406490e-01
 -9.6758133e-01
  6.9676787e-01
  1.2427485e+00
 -3.6644630e-02
  8.4823310e-02
 -1.9985130e-02
  1.7457446e-01
 -5.3384479e-02
  1.9078174e-01
 -2.3441817e-01
 -1.3840090e+00
  2.6236236e-01
  1.5470046e-01
 -1.1865542e+00
 -8.7121630e-01
 -5.1363832e-01
  4.9820608e-01
 -2.2773848e-01
  2.5153762e-02
 -2.6482010e+00
 -3.5152209e-01
 -3.4342164e-01
 -5.9323609e-01
  1.1206749e-01
  8.5481824e-03
 -1.1117594e-01
 -4.6059724e-02
 -4.4510286e-02
  1.8671647e-02
  8.6219087e-02
  3.7992049e-02
  1.8854839e-01
  1.0474034e-01
  1.6637679e+00
 -2.9791329e+00
  1.1778130e-01
  1.6792130e-02
 -2.0986085e-01
  2.7707314e-01
 -2.2569861e+00
  6.7226577e-01
 -6.2661923e-02
  2.1708794e+00
 -6.3422062e-02
 -2.7908046e+00
  3.4110346e-01
  2.8899035e-01
 -1.7493846e+00
 -1.9370500e+00
 -2.8322620e+00
  1.3157701e+00
  7.2540656e-02
 -5.5828068e-02
 -1.1403757e+00
 -5.0812930e-01
 -2.0847318e+00
 -1.7616143e+00
  8.7154615e-01
 -7.9577887e-01
 -5.9056228e-01
 -1.1855549e-01
 -7.0279872e-01
  4.3339285e-01
  6.0732897e-02
 -2.7571669e+00
 -8.2959098e-01
 -1.8674711e+00
  1.4572922e+00
 -3.6516377e-01
  2.4463871e-01
 -6.8414223e-01
  3.1005388e-02
  3.1940522e+00
  1.3044987e+00
  4.0765160e-01
 -1.7610492e+00
  2.1636996e+00
 -2.5320840e+00
  2.8222139e+00
  1.9939629e+00
  5.7564491e-01
  4.6210755e-02
 -6.7519855e-01
  2.5616455e+00
  2.4337063e+00
  1.3831439e+00
  9.6658111e-01
  3.5617564e+00
  6.5754145e-01
 -2.1189988e+00
  1.0727504e+00
 -1.1423218e+00
 -7.6098168e-01
  8.9227962e-01
 -4.3733767e-01
  3.7730116e-01
  1.1721191e+00
  2.3567417e+00
  7.1434820e-01
  1.7820789e+00
  4.0439281e-01
  1.4555407e+00
 -6.0765380e-01
 -1.6208199e+00
  4.4216073e-01
  5.7548589e-01
  1.5569109e+00
 -1.8435152e+00
 -8.1888872e-01
 -1.1486408e+00
  1.2169185e+00
 -7.6103848e-01
 -1.3468260e+00
  8.3218092e-01
 -1.9516412e+00
 -1.0512826e+00
  8.6993329e-02
 -4.8960933e-01
 -8.9904106e-01
  2.9571745e+00
  8.2632524e-01
  2.3425660e-01
  1.2893897e+00
  8.1210876e-01
  2.0882421e+00
 -4.6280697e-01
 -1.2676764e-01
 -2.2247165e-01
 -3.6837283e-01
  6.7881203e-01
 -6.4129311e-01
 -3.6760256e-02
  3.0797508e-01
 -4.1638455e-01
  2.9913542e-01
  2.9065034e+00
 -1.9740257e+00
  1.2489307e+00
  3.2194936e-01
 -2.2881129e-01
 -2.2223110e-03
 -1.7308879e-01
 -3.0458561e-01
  6.0549831e-01
  1.1258974e+00
  4.6736598e-01
  1.1679200e+00
 -3.5568509e-01
  3.0096352e-01
  3.0862695e-01
  4.8970953e-01
 -7.5580472e-01
 -2.1476815e+00
  3.7552465e-02
 -2.0644712e-01
 -6.6194052e-01
 -1.2640316e+00
  1.0647017e+00
 -1.0360910e+00
  1.0019380e+00
 -7.0817232e-01
  2.1086185e+00
 -5.1426059e-01
 -1.3069652e+00
  8.8219547e-01
 -1.9023545e+00
 -1.9085731e-01
 -9.6193492e-02
 -1.6141541e-01
 -7.1578443e-01
 -2.7123868e-01
  3.7094307e-01
 -4.7328219e-01
 -6.3108456e-01
  4.6703228e-01
  4.6395975e-01
 -4.7656682e-01
 -4.3193111e-01
  3.8712588e-01
 -7.1288645e-01
 -9.0792817e-01
  5.2976626e-01
 -2.1919696e+00
 -1.6177942e+00
 -4.0636799e-01
  3.4300247e-01
 -2.0566750e+00
 -9.9337858e-01
  1.5558470e+00
 -8.2378209e-01
 -1.5810006e+00
 -2.8821775e-01
  5.6274700e-01
  1.6344173e+01
 -3.7943010e+00
 -6.0334873e+00
 -6.9374084e-01
  2.2865057e-01
  1.8063575e+00
  1.6212255e+00
  1.8497460e+00
 -5.3424935e+00
 -2.4825802e+00
  2.6400943e+00
  1.0355492e+00
  3.8027549e-01
 -1.9739410e+00
  6.3431466e-01
 -8.4222430e-01
  1.0130171e+00
 -1.2262686e+00
  7.8683919e-01
  1.3581597e+00
 -3.3569378e-01
  5.4386135e-02
  1.5040174e+00
  6.8392760e-01
  2.7753327e+00
  3.2423427e+00
 -9.8972172e-01
 -8.3828521e-01
 -3.1811397e+00
 -2.5353301e+00
  1.2490793e+00
  3.1799543e+00
 -1.8607129e+00
 -4.7061996e+00
  1.8236018e+00
  1.4759918e-01
  2.2354315e-01
  3.5857384e+00
  1.4607525e+00
 -3.1433332e+00
 -6.3207096e-01
  2.2853632e+00
  7.8174818e-01
  5.1125970e+00
  3.4146972e+00
  1.4276223e+00
  1.0342702e+00
  1.3117540e-01
 -1.8517740e+00
 -1.0832822e+00
 -3.2997161e-01
 -5.9188730e-01
  4.1582961e+00
  2.6978610e+00
  1.1002758e+00
 -1.4212996e-01
  2.1124370e+00
 -8.3454841e-01
  2.6945837e+00
  1.9544566e+00
  2.3016423e-01
 -5.2947396e-01
  1.5275384e-01
 -8.5180688e-01
  1.8955319e+00
  1.1488830e+00
 -3.5233369e+00
  1.0257639e-01
  5.8138342e+00
  6.7785454e-01
 -5.9498310e-01
 -1.0055345e-01
  1.4979976e+00
  1.7730139e-01
 -5.9263116e-01
 -2.6432631e+00
  1.2428335e+00
  5.3708369e-01
 -2.7794874e-01
 -2.8831644e+00
 -1.7869575e+00
 -8.0714181e-02
  2.4091101e+00
  1.2415457e+00
 -3.2759476e-01
 -2.0296295e+00
  1.4726102e+00
 -1.6347879e+00
 -7.4117035e-01
  5.5991018e-01
 -5.7485212e-02
  4.1251560e-03
  4.1251560e-03
  4.1251560e-03
  4.1251560e-03
  4.1251560e-03
  5.2743582e-03
  5.2743582e-03
  5.2743582e-03
  5.2743582e-03
  5.2743582e-03
  4.1027446e-03
  4.1027446e-03
  4.1027446e-03
  4.1027446e-03
  4.1027446e-03
  2.3731452e-03
  2.3731452e-03
  2.3731452e-03
  2.3731452e-03
  2.3731452e-03
  1.4660439e-03
  1.4660439e-03
  1.4660439e-03
  1.4660439e-03
  1.4660439e-03
  7.1759237e-04
  7.1759237e-04
  7.1759237e-04
  7.1759237e-04
  7.1759237e-04
  5.9611837e-05
  5.9611837e-05
  5.9611837e-05
  5.9611837e-05
  5.9611837e-05
