0.000000000000000000e+00 0.000000000000000000e+00 0.000000000000000000e+00 0.000000000000000000e+00 0.000000000000000000e+00 0.000000000000000000e+00
-6.353375935900961480e+01 -6.353376528403027379e+01 -9.283566339687128277e+01 -5.747235864392534310e+00 -5.747236126826638092e+00 -7.662453081403155863e+01
-6.347997629088966676e+01 -6.347998120049965110e+01 -9.274281297013283165e+01 -1.069043134638138604e+01 -1.069043180915072178e+01 -1.431789911781303317e+02
-6.337769524351065087e+01 -6.337769861089945067e+01 -9.258268181074652148e+01 -1.415354770011478713e+01 -1.415354825329075084e+01 -1.931581605176338314e+02
-6.321033074614886971e+01 -6.321033224919781190e+01 -9.234819826020542166e+01 -1.568890997120281838e+01 -1.568891048177195202e+01 -2.245870228555927213e+02
-6.295907756007405709e+01 -6.295907712556785185e+01 -9.203181355765097749e+01 -1.513214264190880343e+01 -1.513214298302285243e+01 -2.387346549183602633e+02
-6.260649789150499345e+01 -6.260649570753432158e+01 -9.162765317932422704e+01 -1.260799982598761382e+01 -1.260799990471422483e+01 -2.383842715109979338e+02
-6.213998352959620064e+01 -6.213998002460265013e+01 -9.113335068916943271e+01 -8.494957728522688711e+00 -8.494957507518595463e+00 -2.266770872207843297e+02
-6.155443506661154629e+01 -6.155443085747426579e+01 -9.055108046722079962e+01 -3.361797283491809285e+00 -3.361796793777711567e+00 -2.065807557447110696e+02
-6.085366393837052357e+01 -6.085365975336993927e+01 -8.988756078458794718e+01 2.110867773955253934e+00 2.110868430628864090e+00 -1.807216914737138893e+02
-6.005029292451756362e+01 -6.005028950985101233e+01 -8.915302055509347667e+01 7.214250471146340438e+00 7.214251131113660342e+00 -1.513690582526833168e+02
-5.916420746692107002e+01 -5.916420944638187507e+01 -8.835932957365777440e+01 1.129348383754155094e+01 1.129348337964124660e+01 -1.204615021769782857e+02
-5.821983149945290847e+01 -5.821983155323107439e+01 -8.751766633745437218e+01 1.382290567850188800e+01 1.382290563879997158e+01 -8.963417850931551811e+01
-5.724255272486877999e+01 -5.724255061168682346e+01 -8.663620380422088374e+01 1.446889192644002620e+01 1.446889249268440558e+01 -6.023483174454831612e+01
-5.625476096925812897e+01 -5.625476519581854973e+01 -8.571830369837873320e+01 1.313298642121914916e+01 1.313298513192696682e+01 -3.332980702367488846e+01
-5.527197235320755198e+01 -5.527197833608865096e+01 -8.476161602371006154e+01 9.966953006922347313e+00 9.966950985565720345e+00 -9.704721165403032757e+00
-5.429969417592085534e+01 -5.429970128612171010e+01 -8.375829738643994915e+01 5.352773757573262792e+00 5.352771126391802525e+00 1.013472084611809265e+01
-5.333199653005986818e+01 -5.333200393542679052e+01 -8.269632619425149755e+01 -1.540303931564445394e-01 -1.540333798348382799e-01 2.595658008093425551e+01
-5.235260832860339519e+01 -5.235261509109620448e+01 -8.156165578753093826e+01 -5.910553877981367776e+00 -5.910556858566862637e+00 3.778681023109096770e+01
-5.133882750188178079e+01 -5.133883269034321017e+01 -8.034076181815365203e+01 -1.128598828109434926e+01 -1.128599083386556856e+01 4.588054744712911770e+01
-5.026746922142109497e+01 -5.026747202530037129e+01 -7.902305071770557277e+01 -1.575364484711462154e+01 -1.575364655054411145e+01 5.067940686410467066e+01
-4.912112104006890689e+01 -4.912112087033801799e+01 -7.760262291407515534e+01 -1.895712719601220186e+01 -1.895712769069925585e+01 5.275624104200271347e+01
-4.789274606024510206e+01 -4.789274262589938758e+01 -7.607902128399463493e+01 -2.074054563565597320e+01 -2.074054467743202679e+01 5.275172464042917397e+01
-4.658733430814574916e+01 -4.658732765942581722e+01 -7.445681089558682686e+01 -2.114272869777175501e+01 -2.114272619485353033e+01 5.130960285854562386e+01
-4.522041600116539684e+01 -4.522040653388521747e+01 -7.274408298130072126e+01 -2.036310773177991607e+01 -2.036310376242171927e+01 4.901861064454411121e+01
-4.381421428856757672e+01 -4.381420270791248583e+01 -7.095020262245321874e+01 -1.871046188214189243e+01 -1.871045669195693506e+01 4.636834871612694542e+01
-4.239269357416553419e+01 -4.239268082104606350e+01 -6.908328068900314634e+01 -1.654556142412156561e+01 -1.654555540400081881e+01 4.372384545784407095e+01
-4.097675409663121115e+01 -4.097676694856951940e+01 -6.714791472159089381e+01 -1.422660769365509204e+01 -1.422661404679499064e+01 4.131988576369283805e+01
-3.958063327005942256e+01 -3.958064513415976649e+01 -6.514369673800757710e+01 -1.206380600882754095e+01 -1.206381214482894393e+01 3.927256262314777757e+01
-3.820990379778217516e+01 -3.820991369514835867e+01 -6.306483416291342792e+01 -1.028696565042935518e+01 -1.028697102682067133e+01 3.760289455166203965e+01
-3.686151614294564638e+01 -3.686152330780761588e+01 -6.090099973439325254e+01 -9.028333248284171830e+00 -9.028337392118368498e+00 3.626625417016638409e+01
-3.552552492386814009e+01 -3.552552887914939106e+01 -5.863926271873690155e+01 -8.320903982255963172e+00 -8.320906544389735870e+00 3.518171827172647426e+01
-3.418814772013026015e+01 -3.418814831364195328e+01 -5.626671421593094635e+01 -8.110808548878642554e+00 -8.110809342415331358e+00 3.425685043581026434e+01
-3.283554019497967857e+01 -3.283553759336680855e+01 -5.377324026848449279e+01 -8.280551233147404488e+00 -8.280550249903074089e+00 3.340531646841213131e+01
-3.145758853152914369e+01 -3.145758317614758326e+01 -5.115385918446122560e+01 -8.678407348070599880e+00 -8.678404750780613242e+00 3.255663192713919329e+01
-3.005099278603680446e+01 -3.005098532063538386e+01 -4.841013822052901361e+01 -9.148554668644935717e+00 -9.148550761197633108e+00 3.165891772075108435e+01
-2.862097211794349505e+01 -2.862096330115594967e+01 -4.555042188837503403e+01 -9.556825636478116337e+00 -9.556820818382854910e+00 3.067660873695743007e+01
-2.718110550782967039e+01 -2.718109612377369544e+01 -4.258889343536331751e+01 -9.808304737883879909e+00 -9.808299451380587897e+00 2.958555431519410561e+01
-2.575115452718975462e+01 -2.575114530554955650e+01 -3.954378759453722125e+01 -9.854991078856006226e+00 -9.854985757233761134e+00 2.836789313967230797e+01
-2.435316115148825489e+01 -2.435315270532962373e+01 -3.643530563874504224e+01 -9.693850170166983915e+00 -9.693845194373130525e+00 2.700857716000614062e+01
-2.300655821837142057e+01 -2.300656543227963979e+01 -3.328388883413559540e+01 -9.357286967828112978e+00 -9.357291299610414725e+00 2.549461084973506075e+01
-2.172339999899577734e+01 -2.172340569594430448e+01 -3.010943763552693753e+01 -8.899131718754901499e+00 -8.899135206530486286e+00 2.381714095188165459e+01
-2.050473390592398459e+01 -2.050473796677973937e+01 -2.693180698987078969e+01 -8.379419423420452873e+00 -8.379421966229831042e+00 2.197565288715243526e+01
-1.933920192776597702e+01 -1.933920437457637576e+01 -2.377249665074734608e+01 -7.851055002385395554e+00 -7.851056587012130272e+00 1.998285679235408807e+01
-1.820423558704094802e+01 -1.820423654705247785e+01 -2.065698715121868290e+01 -7.350480976127235166e+00 -7.350481657520927747e+00 1.786850627234274924e+01
-1.706980605251947480e+01 -1.706980571792989210e+01 -1.761680762910938114e+01 -6.893502461431098460e+00 -6.893502339408154711e+00 1.568048673394140557e+01
-1.590406393791344541e+01 -1.590406252841859036e+01 -1.469034251369463817e+01 -6.476266137742384466e+00 -6.476265334444043731e+00 1.348208781995547589e+01
-1.467977904308941994e+01 -1.467977677678394421e+01 -1.192169986844098872e+01 -6.080398179989253471e+00 -6.080396821735257973e+00 1.134537623539633167e+01
-1.338028767737428737e+01 -1.338028475314802890e+01 -9.357608224132579977e+00 -5.680600647574386208e+00 -5.680598853329572151e+00 9.341775765308126367e+00
-1.200372051349855340e+01 -1.200371710530892599e+01 -7.043011788536389872e+00 -5.252705671935620657e+00 -5.252703548913458143e+00 7.531940300625830531e+00
-1.056459519578120343e+01 -1.056459145669785826e+01 -5.016448756115023500e+00 -4.780325687817369662e+00 -4.780323333149224752e+00 5.957360237914772760e+00
-9.092345764384587525e+00 -9.092341836589673321e+00 -3.306222571955359957e+00 -4.258754416047036528e+00 -4.258751922272032253e+00 4.635683347263893417e+00
-7.626929805138464857e+00 -7.626925831360508390e+00 -1.927901979909331542e+00 -3.695524947428272977e+00 -3.695522409005106201e+00 3.560634097471324200e+00
-6.212199484539177696e+00 -6.212203352377852816e+00 -8.831253213934971980e-01 -3.107832302585986195e+00 -3.107834784430064001e+00 2.706131765619769425e+00
-4.888187959707800623e+00 -4.888191557724657521e+00 -1.593442936794554898e-01 -2.517725259243707825e+00 -2.517727575322672440e+00 2.033204585848728652e+00
-3.683632591207892215e+00 -3.683635748094685969e+00 2.698675917216770137e-01 -1.946346558033303253e+00 -1.946348594586521319e+00 1.497833592243030143e+00
-2.610210456464656215e+00 -2.610213004846896556e+00 4.441003105833586928e-01 -1.408700746335334930e+00 -1.408702392668340631e+00 1.057937412995715087e+00
-1.659579517254883063e+00 -1.659581309643581859e+00 4.149012597489911691e-01 -9.101384076096379339e-01 -9.101395665455788153e-01 6.781693196132636547e-01
-8.039207383799508166e-01 -8.039216642356220577e-01 2.438805267818401346e-01 -4.453448502152826394e-01 -4.453454491341115040e-01 3.318455457769381445e-01
-1.828442840432182642e-15 -1.828444993222416014e-15 5.891413813814897931e-16 -1.016388209204667735e-15 -1.016389602001088872e-15 7.580344609365476959e-16
-1.828442840432182642e-15 -1.828444993222416014e-15 5.891413813814897931e-16 -1.016388209204667735e-15 -1.016389602001088872e-15 7.580344609365476959e-16
8.838698726348003704e-07 6.887704658396228504e-08 -1.236610513570347479e-07 -5.696370840884794414e-07 3.342212673141099142e-08 3.248075367090699978e-08
1.728989771752209451e-06 1.273619769227524962e-07 -2.300183492863023879e-07 -1.115234675802302864e-06 6.322556794777849422e-08 5.964232775235766002e-08
2.499758262902507445e-06 1.656536373216771356e-07 -3.049797284445347372e-07 -1.614607566075134670e-06 8.741007223950454435e-08 7.715644919367788877e-08
3.166535144735602049e-06 1.753148284016103388e-07 -3.398904013687753087e-07 -2.049105851289264022e-06 1.063374264953160731e-07 8.251595894390227119e-08
3.707836791549119224e-06 1.502562494093399435e-07 -3.322787613056212005e-07 -2.404968758393398751e-06 1.222560057587217666e-07 7.556773804135685478e-08
4.111717632493205647e-06 8.773417480474454202e-08 -2.852446916147151049e-07 -2.674235994179693457e-06 1.379281636603201760e-07 5.866074723206595800e-08
4.376252903176268268e-06 -1.098242880807107226e-08 -2.059921027088017846e-07 -2.855147159622252913e-06 1.550598243422654307e-07 3.638081620000936134e-08
4.509134850067778467e-06 -1.406053105144145375e-07 -1.040462286605876521e-07 -2.952011719705497676e-06 1.732022130236099282e-07 1.490522467588520091e-08
4.526476734178946168e-06 -2.926153895920029586e-07 1.046459437732574144e-08 -2.974578574218584753e-06 1.894936202035413164e-07 1.071977512632828546e-09
4.450973172979384298e-06 -4.567031472754831597e-07 1.282584135779579749e-07 -2.936973133989656623e-06 1.992603705672303479e-07 1.300307826627790695e-09
4.309593293613565593e-06 -6.224861150130922705e-07 2.419855837518781426e-07 -2.856299484397955462e-06 1.972273851417508480e-07 2.052142717768182942e-08
4.131001060571924223e-06 -7.810405413853248316e-07 3.469085967212882758e-07 -2.751024209139086669e-06 1.789454372357198350e-07 6.127210670897553196e-08
3.942904649721149669e-06 -9.258688348875247457e-07 4.411725542132980097e-07 -2.639271788328218937e-06 1.420301896948005655e-07 1.230642482060211725e-07
3.769544729426335842e-06 -1.053156211853800961e-06 5.257293502712327160e-07 -2.537167624112404565e-06 8.690440630566004354e-08 2.020946727160496637e-07
3.629534121635251142e-06 -1.161484910891713001e-06 6.040815777186064966e-07 -2.457366324679110141e-06 1.691876495929983398e-08 2.913049581434453539e-07
3.534249324676157354e-06 -1.251508976818873713e-06 6.821586549524565236e-07 -2.407896463818766865e-06 -6.208118420988234100e-08 3.807774491007345147e-07
3.486942885710560744e-06 -1.326444838519202541e-06 7.688969032070431734e-07 -2.391435804330884479e-06 -1.425468581739734473e-07 4.584519524659847659e-07
3.482683542771947644e-06 -1.394954298783401934e-06 8.788542697116580099e-07 -2.405101843902916447e-06 -2.161726043391796851e-07 5.111682395464473795e-07
3.509146927953393679e-06 -1.481134349796398458e-06 1.041469506028867124e-06 -2.440797818997423135e-06 -2.748565323883411347e-07 5.260355659372962422e-07
3.548181120400181019e-06 -1.666100579625362419e-06 1.341526114374548713e-06 -2.486100960130445928e-06 -3.115992933669829939e-07 4.920779578553168206e-07
1.440310010271524499e+00 2.975364090485818025e+01 -1.284902594542934473e+01 -1.336990589664879892e+01 1.239679543816354723e+01 -1.266817519906805600e+01
1.182822495056465417e+00 3.036967575968811417e+01 -1.337174900948391354e+01 -1.372479836135962117e+01 1.304520841229065731e+01 -1.297974688491783546e+01
8.018103933435276609e-01 -1.389768932215605446e+01 3.088073474786364159e+01 -1.406900967944045355e+01 1.422572155371561919e+01 -1.324782033970800477e+01
3.036872031833066088e-01 -1.444445430324980251e+01 3.094206658268852905e+01 -1.439763623387369229e+01 1.598253263081653586e+01 -1.348777266544529851e+01
-2.971847165940501023e-01 -1.502933112903770052e+01 -1.469932857162143769e+01 3.021478810197845277e+01 1.829695337680563227e+01 -1.371786252175576770e+01
-9.813127472764727743e-01 -1.566691596677209830e+01 -1.495598709024483952e+01 2.845733384941071265e+01 2.104592444673312812e+01 -1.395738843822279485e+01
-1.727699280014080685e+00 -1.636696316794009931e+01 -1.514315231939259476e+01 2.561231528233920685e+01 -1.422437564691586154e+01 2.396636976098518801e+01
-2.517741448993549458e+00 -1.713282818651099504e+01 -1.523118763234975503e+01 2.184313256394603187e+01 -1.453297118643321895e+01 2.666262088324502244e+01
-3.338782607800684143e+00 -1.796078518593600393e+01 -1.518731766731110078e+01 1.748475475091993303e+01 -1.489082430147978897e+01 2.868644193945071308e+01
-4.186661120202384012e+00 -1.884034270687856960e+01 -1.497854351550668461e+01 1.292564891953548845e+01 -1.529681547970287525e+01 2.966996661032514737e+01
-5.066652808569923394e+00 -1.975550134034835636e+01 -1.457539135856125512e+01 8.489488251432607768e+00 -1.573954126927351815e+01 2.944318601357519327e+01
-5.992375701018450407e+00 -2.068674475695229376e+01 -1.395633518289796804e+01 4.376313922280574253e+00 -1.619693513879316882e+01 2.807838497468695849e+01
-6.982562534860124792e+00 -2.161346386023250332e+01 -1.311252938585348637e+01 6.678435557974831127e-01 -1.663729600242455930e+01 2.585946752711549479e+01
-8.056118951696044306e+00 -2.251649023921594051e+01 -1.205217847899690575e+01 -2.635746329088874518e+00 -1.702181855335854621e+01 2.321124043097521650e+01
-9.226494052665442425e+00 -2.338044072034549004e+01 -1.080351895637882542e+01 -5.578248849682879928e+00 -1.730850597037685645e+01 2.062131355380719100e+01
-1.049687733383785293e+01 -2.419561927311513116e+01 -9.415175006229000942e+00 -8.221812042987473035e+00 -1.745713566105267489e+01 1.856926827704007010e+01
-1.185778465752905220e+01 -2.495926260027594878e+01 -7.952846683439251940e+00 -1.063308198311160524e+01 -1.743477504655209742e+01 1.746542828466842323e+01
-1.328797573521165098e+01 -2.567594930111517115e+01 -6.492082124329081161e+00 -1.287643311256858958e+01 -1.722122384693506447e+01 1.759848394003602223e+01
-1.475847350279952153e+01 -2.635704047780028603e+01 -5.108127626729838333e+00 -1.500990502611426081e+01 -1.681369400815156112e+01 1.909333971674387698e+01
-1.623827175443933513e+01 -2.701911371192245426e+01 -3.864994322597438359e+00 -1.708145437105893194e+01 -1.623002538367650516e+01 2.188402135133443949e+01
-1.769977636160444945e+01 -2.768151113093487581e+01 -2.806289513963154736e+00 -1.912537979961457069e+01 -1.550978032988370892e+01 2.570870788271210117e+01
-1.912239892794797314e+01 -2.836332689258567541e+01 -1.949794702730095919e+00 -2.116032919339400920e+01 -1.471268721947573965e+01 3.013296906326976909e+01
-2.049369513517029162e+01 -2.908034484240184270e+01 -1.286580441644069817e+00 -2.319034559831720799e+01 -1.391414709641603942e+01 3.460218544149861231e+01
-2.180840793028011504e+01 -2.984251449158269764e+01 -7.842635625224769758e-01 -2.520899505817484609e+01 -1.319789984132534322e+01 3.851632808790171225e+01
-2.306630419703922641e+01 -3.065245974995629652e+01 -3.932853918582447372e-01 -2.720496323051316168e+01 -1.264643469149550903e+01 4.131349723486901127e+01
-2.426972238882843413e+01 -3.150526063566567458e+01 -5.488734436188587307e-02 -2.916697335928934010e+01 -1.233022202022449676e+01 4.254649663825654926e+01
-2.542147244501966341e+01 -3.238942521904288441e+01 2.904087527697181703e-01 -3.108668405737594043e+01 -1.229719155949907794e+01 4.194004919358692973e+01
-2.652338289430516127e+01 -3.328870373918424974e+01 6.947729158122086801e-01 -3.295948420725307670e+01 -1.256396341823123031e+01 3.942269825147444351e+01
-2.757552227737058104e+01 -3.418427999612183044e+01 1.196245450554445089e+00 -3.478391017385833095e+01 -1.311012124667361256e+01 3.513363771551044579e+01
-2.857598063364206098e+01 -3.505691872286047328e+01 -3.656054079020630354e+01 1.813731233583820934e+00 -1.387638073633855917e+01 2.940848851211724124e+01
-2.952106361602476881e+01 -3.588879428926394155e+01 -3.829095663255208137e+01 2.544296286759745840e+00 -1.476699471928963447e+01 2.274901053301933729e+01
-3.040578032148981080e+01 -3.666489402664713992e+01 -3.997701633721815995e+01 3.363092302010145307e+00 -1.565628111839927428e+01 1.578073517098800416e+01
-3.122454707255798212e+01 -3.737401538474158968e+01 -4.162047227483349587e+01 4.225995482093570565e+00 -1.639882770766967113e+01 9.200716326941190459e+00
-3.197204802608057150e+01 -3.800943248554984422e+01 -4.322284033992583119e+01 5.074728332180813872e+00 -1.684270466391420484e+01 3.716092671483326448e+00
-3.264417798934791648e+01 -3.856929690219718054e+01 -4.478541264181534842e+01 5.843884422308041060e+00 -1.684483426117764182e+01 -2.623180953825453646e-02
-3.323895556034295140e+01 -3.905677947845800446e+01 -4.630931467566388449e+01 6.468977428672587848e+00 -1.628744543971653513e+01 -1.517095755039399529e+00
-3.375726226497771876e+01 -3.947988465046219630e+01 -4.779553572906903014e+01 6.894469015382675536e+00 -1.509422741502840992e+01 -4.645641257993384787e-01
-3.420326085355711854e+01 -3.985081512843773055e+01 -4.924489512152855042e+01 7.080743273087708900e+00 -1.324440726142752567e+01 3.135103510515377945e+00
-3.458438403129412109e+01 -4.018477698804293397e+01 -5.065794598598635190e+01 7.009182059431997125e+00 -1.078262552747004221e+01 8.950763533954958717e+00
-3.491085631068622774e+01 -4.049822380043523395e+01 -5.203485565912615129e+01 6.684800255887232368e+00 -7.822385421927585014e+00 1.631165444547874088e+01
-3.519479683376660972e+01 -4.080672961917781549e+01 -5.337532001263830495e+01 6.136244265977286005e+00 -4.541262835597120073e+00 2.425718737762068855e+01
-3.544902787089394991e+01 -4.112287713232382913e+01 -5.467855240141096829e+01 5.413270629318049032e+00 -1.167154574479438711e+00 3.164068746634409024e+01
-3.568576549967824718e+01 -4.145463444587946356e+01 -5.594334329119943305e+01 4.582062675652566419e+00 2.043481894619914474e+00 3.726958995078839365e+01
-3.591538741775527654e+01 -4.180459419479240069e+01 -5.716814689070987754e+01 3.718902725124497266e+00 4.832622157017156361e+00 4.005227887104955187e+01
-3.614545750911945987e+01 -4.217019014654384534e+01 -5.835114646864953869e+01 2.902810026625616935e+00 6.968818565898018846e+00 3.912099254787123215e+01
-3.638014281567307506e+01 -4.254471642299876066e+01 -5.949027864876970995e+01 2.207803631683980861e+00 8.272158973669579751e+00 3.391106774778580757e+01
-3.662009453011840776e+01 -4.291879184878506237e+01 -6.058323088444502957e+01 1.695472944590988185e+00 8.632610467318519554e+00 2.419259364992020522e+01
-3.686279106964854435e+01 -4.328189542946073232e+01 -6.162744171268484195e+01 1.408541470654081529e+00 8.019970634026337919e+00 1.006337432730674308e+01
-3.710326984826171781e+01 -4.362370751687237203e+01 -6.262012768583908695e+01 1.366080377455870742e+00 6.485383683465510529e+00 -8.082068912222119650e+00
-3.733511684017166488e+01 -4.393513665673140167e+01 -6.355834543795713643e+01 1.560945617538412877e+00 4.155638526507049235e+00 -2.959313683055078315e+01
-3.755154982272665620e+01 -4.420902377125343463e+01 -6.443908335679515176e+01 1.959851832370165692e+00 1.222022543701841268e+00 -5.360266938108391344e+01
-3.774642889955629244e+01 -4.444056847342677230e+01 -6.525936953149037834e+01 2.506246427627046192e+00 -2.074551542058669096e+00 -7.905841544491950401e+01
-3.791505665762045396e+01 -4.462752853619844018e+01 -6.601638067697577128e+01 3.125821362169353801e+00 -5.460839917478724992e+00 -1.047421627924963445e+02
-3.805468233823992819e+01 -4.477022757175571144e+01 -6.670753847216575139e+01 3.734142644151825507e+00 -8.650171395345578773e+00 -1.292734619011740733e+02
-3.816468547512867104e+01 -4.487138868477967435e+01 -6.733058327888086581e+01 4.245557445702614174e+00 -1.136251679582942131e+01 -1.510954521139665871e+02
-3.824646851878254239e+01 -4.493580441262808733e+01 -6.788361933641424173e+01 4.582330717527287156e+00 -1.334538830818620170e+01 -1.684421229145059726e+02
-3.830312317334154670e+01 -4.496985827884131481e+01 -6.836512957761802056e+01 4.682920889377655271e+00 -1.439500852895982064e+01 -1.792937543895665158e+02
-3.833894806565649560e+01 -4.498092792063944501e+01 -6.877396171833717631e+01 4.508439244422453918e+00 -1.437661980657994043e+01 -1.813498279397174429e+02
-3.835889085431790591e+01 -4.497671803918343869e+01 -6.910928978074922213e+01 4.046614264265001815e+00 -1.324197671664951947e+01 -1.721034681848810806e+02
-3.836797520097707093e+01 -4.496458578712756804e+01 -6.937055652083891744e+01 3.312932042827163137e+00 -1.104121905143068361e+01 -1.492013811517335569e+02
-3.837076042013062960e+01 -4.495092437954922815e+01 -6.955740380009059720e+01 2.348971091558731406e+00 -7.925879995359652597e+00 -1.113586186572844383e+02
-3.837087290025444020e+01 -4.494065896985383546e+01 -6.966960454362204302e+01 1.218236706526729662e+00 -4.140248359221223140e+00 -5.988727991920748650e+01
0.000000000000000000e+00 0.000000000000000000e+00 0.000000000000000000e+00 0.000000000000000000e+00 0.000000000000000000e+00 0.000000000000000000e+00
0.000000000000000000e+00 0.000000000000000000e+00 0.000000000000000000e+00 0.000000000000000000e+00 0.000000000000000000e+00 0.000000000000000000e+00
-3.422582342616516371e+01 -3.218111943529743257e+01 -5.795604114476310542e+01 -3.423532063485549948e+00 2.500468894510411211e+00 -5.095140646275292795e+01
-3.225267510880627242e+01 -3.409638951165960918e+01 -5.790375706753145124e+01 -5.763887344619636366e+00 4.109032697121680400e+00 -9.468492303762840834e+01
-3.883184087933463502e+01 -2.741661800732278209e+01 -5.781775830970877905e+01 -5.031664125466259740e+00 2.999704469944380225e+00 -1.268288327121876620e+02
-3.602183194803104982e+01 -3.007783049148761734e+01 -5.769935482083662492e+01 -1.046347206258385576e+01 8.521047873313765564e+00 -1.464086659441373399e+02
-3.899914633966352540e+01 -2.689727965558216383e+01 -5.754991241630079912e+01 -1.157056832450277994e+01 1.022888862613430661e+01 -1.546319494583802054e+02
-3.456092276662846530e+01 -3.107194965236160655e+01 -5.737065937906725566e+01 2.628582611632125143e+00 -2.887344251775382453e+00 -1.535396870551835207e+02
-3.941872477442933587e+01 -2.588591722741486123e+01 -5.716248414000648381e+01 -1.143472532350335413e+01 1.264234703606953047e+01 -1.452363139539189376e+02
-3.648401693378853139e+01 -2.842578478092359262e+01 -5.692574105594704292e+01 -1.934433145373318341e+00 4.836634808928967466e+00 -1.316067349650820972e+02
-3.139412872681466737e+01 -3.305519147505062705e+01 -5.666011397896021151e+01 -2.446703201574300213e+00 7.080139549798284193e+00 -1.142710222803045781e+02
-3.796183880597740057e+01 -2.596514845010477757e+01 -5.636457990785816463e+01 -5.876358069706693499e+00 1.207468989318688202e+01 -9.461787213948112196e+01
-3.492084836562526107e+01 -2.842792328753827746e+01 -5.603749672242778246e+01 -2.930096538535297945e+00 1.033893583355599155e+01 -7.384837936213625653e+01
-3.432107773518243476e+01 -2.840065951734388250e+01 -5.567681904738701348e+01 1.929441730720971027e+00 6.187326103126904897e+00 -5.300837378009741485e+01
-3.636256408910886506e+01 -2.569017800628134651e+01 -5.528042589194318879e+01 2.235082190845787964e-01 8.010709880211718925e+00 -3.300584323710059920e+01
-2.728176493882012821e+01 -3.406543600844788955e+01 -5.484652401753919548e+01 1.194549261209212121e+00 6.552275876312954495e+00 -1.461557998804131486e+01
-3.023928411965511032e+01 -3.036889835577603947e+01 -5.437407424226059760e+01 3.143047525803857489e+00 3.574662523685107285e+00 1.525757484766018024e+00
-2.874409870233811404e+01 -3.109194087660731753e+01 -5.386317680504762961e+01 3.997612075319099567e+00 1.283468518560708427e+00 1.493110464973844742e+01
-3.322045502895581848e+01 -2.580819986761839502e+01 -5.331534895876412605e+01 2.236700921306453704e+00 1.389171598632225058e+00 2.527796485196761722e+01
-3.005774177078680509e+01 -2.812451277179586384e+01 -5.273363482662578861e+01 -1.125756099770459207e+00 3.097235230113723592e+00 3.242346603720941545e+01
-3.186864397821331707e+01 -2.542398857883494756e+01 -5.212250475305908282e+01 -2.959858614250800990e+00 3.498951804140284505e+00 3.641519649157222460e+01
-2.954839520638268979e+01 -2.680815981323888408e+01 -5.148752798352678894e+01 2.082177057685469457e+00 -2.559125678129443138e+00 3.749258575864812570e+01
-2.697564033832622954e+01 -2.839743873888870240e+01 -5.083483599980232981e+01 5.383483625902191205e-01 -1.471810562066388384e+00 3.607336633475991050e+01
-2.975154594716860856e+01 -2.459297655974311070e+01 -5.017043004137111240e+01 -1.999295817059538738e+00 1.244364365778185100e+00 3.272104790324183199e+01
-2.752109720531365866e+01 -2.575575345001382743e+01 -4.949941957204971743e+01 -3.611426101336684180e+00 3.671064375264295521e+00 2.809292809590721518e+01
-2.829348712361924711e+01 -2.388582652737465395e+01 -4.882530214741323249e+01 8.917947713060949688e-01 5.479178830687350121e-01 2.287347055441184551e+01
-2.750429667148115342e+01 -2.355897635290799741e+01 -4.814940325925469722e+01 -5.403806360959941379e+00 8.658615438260286012e+00 1.770308604016133103e+01
-2.573771194092570980e+01 -2.420258738221639661e+01 -4.747058356484089359e+01 -2.130139464012307249e-01 5.545466474061552020e+00 1.311500534732176071e+01
-2.600951427197263044e+01 -2.281026694726132575e+01 -4.678529033784884206e+01 7.422786809922556905e-01 6.737570026418914004e+00 9.491457135271433643e+00
-2.483635359481359117e+01 -2.287007495716897054e+01 -4.608798338725829069e+01 1.049123363484649296e+01 -9.846672855138816072e-01 7.045238930412370593e+00
-2.370110384276528492e+01 -2.289703462512487420e+01 -4.537190888994247473e+01 6.855915337470095849e+00 4.389796366282390672e+00 5.826295368058258539e+00
-2.351544761118784166e+01 -2.196924566336230100e+01 -4.463013497941433627e+01 7.236826624852869649e+00 5.334570625318952430e+00 5.747718835656328018e+00
-2.252140048488974955e+01 -2.182625463888538064e+01 2.798477174432327796e+00 1.061223763914287410e+01 -4.385670928070271657e+01 6.623134911010858161e+00
-2.165987983929401395e+01 -2.150174429132540155e+01 6.313853470691513259e+00 7.435090595870071262e+00 -4.304776037973190483e+01 8.207634932425975194e+00
-2.092250814207200449e+01 -2.097425910166558438e+01 5.594945322551152955e+00 8.032459969744285999e+00 -4.220235103334468363e+01 1.023621463091980566e+01
-1.998536411133702373e+01 -2.053689682405169847e+01 2.321340277400767871e+00 1.081287149433500083e+01 -4.132290615430898839e+01 1.245591120853072198e+01
-1.937068291715428359e+01 -1.963940254908219529e+01 2.154849725966976770e+00 1.023427706760608302e+01 -4.041508371551135070e+01 1.464975531848198820e+01
-1.882076422568852081e+01 -1.851774988017940160e+01 8.236677894106579245e+00 3.287950940352654783e+00 -3.948702655387717186e+01 1.665201192204449043e+01
-1.710492633564673781e+01 -1.838975267040757799e+01 8.301210324325470680e+00 2.364717518622116099e+00 -3.854801690103710854e+01 1.835503864027544552e+01
-1.578940453214206840e+01 -1.768634711183860020e+01 1.674538086366533118e+00 8.238331302485073948e+00 -3.760663722535073816e+01 1.970862218977994118e+01
-1.511802217554169658e+01 -1.617048769387099583e+01 4.549969890878749368e+00 4.776361055886543916e+00 -3.666859861792871556e+01 2.071301834781371554e+01
-1.356487899364304539e+01 -1.538245412250673638e+01 5.175990805849982834e+00 3.744936915202798478e+00 -3.573440087890343619e+01 2.140718353815014652e+01
-1.223664636409248985e+01 -1.423429890556843880e+01 6.994964027661711159e-02 8.594858558600089182e+00 -3.479688900275360908e+01 2.185380673880759872e+01
-1.100343443638753804e+01 -1.287506338221038504e+01 -3.398187651877926374e-01 8.826104598632401377e+00 -3.383847943660148871e+01 2.212258940591280876e+01
-1.037380201619044584e+01 -1.081203000986194418e+01 2.781218731415483703e+00 5.505004862080679295e+00 -3.282714211263195381e+01 2.227251200761218897e+01
-9.234586488780363922e+00 -9.168330043013691366e+00 4.990870373432494844e+00 2.963665658259750035e+00 -3.170860138461629418e+01 2.233199730890073553e+01
-8.236798864800414677e+00 -7.296611407810115857e+00 3.285331598933513231e+00 4.103499250588157565e+00 -3.038808915488665363e+01 2.227138276928188887e+01
-6.285620154069082588e+00 -6.291284699363862032e+00 1.198251159063605131e+00 5.314671094231542270e+00 -2.868348066532907481e+01 2.195015104677001361e+01
-4.359067447746220125e+00 -5.174504347465909149e+00 1.608470907959329788e+00 3.684116179064866881e+00 -2.619789921408329292e+01 2.098716078820974573e+01
-3.207102879752292246e+00 -3.202710233880388557e+00 2.775871331503086292e+00 9.697073284280935956e-01 -2.197444727307605916e+01 1.841630422765922503e+01
-1.565992280774441525e+00 -1.656585222221428566e+00 8.011239806065491020e-01 1.141846726891464936e+00 -1.385471449949094058e+01 1.204874177941541191e+01
-2.863892768560590724e-15 -3.429188469817216091e-15 4.475545074034237255e-16 3.386784476154177820e-15 -3.027545059658792102e-14 2.673744538317731151e-14
-2.863892768560590724e-15 -3.429188469817216091e-15 4.475545074034237255e-16 3.386784476154177820e-15 -3.027545059658792102e-14 2.673744538317731151e-14
-5.135712186481763419e-01 -1.791474126954628598e+00 -1.045093640222425346e+00 -3.102468308025828847e+00 1.926552385868463224e+00 6.510319566811255676e-01
-1.006591402124339840e+00 -3.562100801772793091e+00 -2.054540206390943258e+00 -6.143106683525040523e+00 3.840230916004760964e+00 1.298642853297252042e+00
-1.460401672864712674e+00 -5.291525541621370010e+00 -2.996739302294189944e+00 -9.064116764183530961e+00 5.728645900935561919e+00 1.939917720992771155e+00
-1.860110181159915888e+00 -6.960410730883428876e+00 -3.847667499142349623e+00 -1.181515495543061611e+01 7.580323651648502192e+00 2.572882604729549882e+00
-2.196354193082855399e+00 -8.550995975386639358e+00 -4.593462136913400329e+00 -1.435570350211801305e+01 9.385039095948565446e+00 3.196806421331740200e+00
-2.466751150511727442e+00 -1.004766258043855132e+01 -5.231778011662291838e+00 -1.665620356539012548e+01 1.113401249628672396e+01 3.812325178253631819e+00
-2.676782283908702542e+00 -1.143743821746720357e+01 -5.771812432746051158e+00 -1.869801640100151374e+01 1.281994720884647521e+01 4.421367060570025487e+00
-2.839879442802012210e+00 -1.271036732048288798e+01 -6.233060724958591869e+00 -2.047245013050595830e+01 1.443690051510526118e+01 5.026882695806706103e+00
-2.976592751782059842e+00 -1.385968775705019063e+01 -6.642996573349011058e+00 -2.197915628813450084e+01 1.597999362911233945e+01 5.632410061544478097e+00
-3.112865246809469522e+00 -1.488178843923277306e+01 -7.033960320215595807e+00 -2.322418079491870202e+01 1.744497699437718552e+01 6.241524798496585369e+00
-3.277585697208230009e+00 -1.577596284782421598e+01 -7.439586751167888146e+00 -2.421788423948122926e+01 1.882766913744658055e+01 6.857241522843109394e+00
-3.499699923134065749e+00 -1.654400636638214550e+01 -7.891121733920499537e+00 -2.497285702405746477e+01 2.012327639165042470e+01 7.481438408949011354e+00
-3.805220094983567058e+00 -1.718972127807812456e+01 -8.413973902789489756e+00 -2.550185926597849928e+01 2.132556817025643170e+01 8.114375214290665994e+00
-4.214480976323092598e+00 -1.771838904896646838e+01 -9.024828489213520655e+00 -2.581570428070747170e+01 2.242581159953902770e+01 8.754364452001862418e+00
-4.739958890542208536e+00 -1.813624874250410812e+01 -9.729614157392493468e+00 -2.592083991332909321e+01 2.341122414293450404e+01 9.397637873085454174e+00
-5.384901726846341496e+00 -1.844999274531913613e+01 -1.052255369135590435e+01 -2.581607247945909833e+01 2.426239822664903301e+01 1.003842776640336609e+01
-6.142924397474593512e+00 -1.866626981422002984e+01 -1.138643716661291982e+01 -2.548720326345735998e+01 2.494847435586655493e+01 1.066925725059134500e+01
-6.998612155439249527e+00 -1.879118339751884292e+01 -1.229412773273347348e+01 -2.489673624336632685e+01 2.541722318759017440e+01 1.128140840147788460e+01
-7.929054879445623705e+00 -1.882979563400108347e+01 -1.321115292681112230e+01 -2.396169238585704164e+01 2.557307051716855284e+01 1.186551444391674259e+01
-8.906122976346743769e+00 -1.878568683658412652e+01 -1.409907270058891449e+01 -2.250149826788988960e+01 2.522503167129018209e+01 1.241220483396946150e+01
-9.899206044938420490e+00 -1.866065608992053271e+01 -1.491918704964300346e+01 -2.010904229385097253e+01 2.395765101523923946e+01 1.291272188865471904e+01
-1.087808339418089609e+01 -1.845465634757315243e+01 -1.563608997443555815e+01 -1.585044388906692348e+01 2.083050092411440346e+01 1.335942599651601803e+01
-1.181558950238463979e+01 -1.816602353286068094e+01 -1.622061318423000031e+01 -7.942108233598169420e+00 1.405482971775800571e+01 1.374611377406976231e+01
-1.268977711746146220e+01 -1.779199162271165235e+01 -1.665182244234117448e+01 4.271725299378597462e+00 2.970591351425815763e+00 1.406808922342094803e+01
-1.348535614383666292e+01 -1.732941139050386425e+01 -1.691789420858124871e+01 1.565994549281813697e+01 -7.295117421864652840e+00 1.432195038162095813e+01
-1.419428116815002738e+01 -1.677553995216542404e+01 -1.701586335968765340e+01 2.221049336497493343e+01 -1.273463160573549757e+01 1.450508062335035220e+01
-1.481545535353201615e+01 -1.612875906403114001e+01 -1.695035888239574717e+01 2.535262496572077140e+01 -1.478265416574284608e+01 1.461486157264416974e+01
-1.535359579180111211e+01 -1.538910997285340976e+01 -1.673152059543739512e+01 2.682722950471680079e+01 -1.518725745280615413e+01 1.464765032195540506e+01
-1.581735066915167742e+01 -1.455858466622811775e+01 -1.637232326144991390e+01 2.747805227445202547e+01 -1.480181462174803109e+01 1.459758502641539302e+01
-1.621675865264747785e+01 -1.364116730365214458e+01 2.767102772934790522e+01 -1.588554254688918554e+01 -1.400513373132562123e+01 1.445529995683893354e+01
-1.656007824936241590e+01 -1.264266070845986434e+01 2.756886196642724229e+01 -1.528060042367286187e+01 -1.297709483985046930e+01 1.420664846249128921e+01
-1.684985597334299356e+01 -1.157035531199731260e+01 2.724294413484612321e+01 -1.456054691929685241e+01 -1.181220263094491685e+01 1.383156289052611143e+01
-1.707777500779835833e+01 -1.043260366138746598e+01 2.671606582928991003e+01 -1.371949694163943612e+01 -1.056519193591912575e+01 1.330324972944460349e+01
-1.721717696302198064e+01 -9.238358412843812317e+00 2.597626479799945542e+01 -1.274098162184880323e+01 -9.270295768062412733e+00 1.258806644236432426e+01
-1.721086795851257278e+01 -7.996722174970382291e+00 2.497498202597081374e+01 -1.159793348002395419e+01 -7.949914719812571917e+00 1.164669903437730447e+01
-1.694939113419394161e+01 -6.716548399717785500e+00 2.361068925368321914e+01 -1.025540067470587857e+01 -6.618789441127374218e+00 1.043765712401508416e+01
-1.623122262885997813e+01 -5.406125513500164459e+00 2.169187417816456431e+01 -8.677397107305434787e+00 -5.286191140656885779e+00 8.924445942585768066e+00
-1.469639303269243591e+01 -4.072970512485380112e+00 1.887195185222706328e+01 -6.838953797906606624e+00 -3.957234120870734007e+00 7.087470558893503636e+00
-1.176382138688271972e+01 -2.723750571437020263e+00 1.458690962473268193e+01 -4.742381312527023773e+00 -2.633819133610816099e+00 4.939709564244480156e+00
-6.799312709222096629e+00 -1.364339427414384298e+00 8.222933215398471773e+00 -2.432360374733999464e+00 -1.315445829527596144e+00 2.540834864295395512e+00
-7.212719225328406701e-07 7.840578884455175815e-07 1.150276722848842072e-06 -2.811592951270205260e-07 -4.228816582696998081e-07 -2.823609998070912337e-07
-7.212719225328406701e-07 7.840578884455175815e-07 1.150276722848842072e-06 -2.811592951270205260e-07 -4.228816582696998081e-07 -2.823609998070912337e-07
-5.485917598680760969e-07 6.071158547913027269e-07 1.468130430462865842e-06 -4.106041628592210572e-07 -4.560537641660526627e-07 -3.670827760030574054e-07
-4.372634594121040679e-07 6.874343129750934565e-07 1.524136704454750280e-06 -4.856216061437848810e-07 -5.144463743440570339e-07 -4.281784875357783335e-07
-3.934102302547452259e-07 7.717747563045373311e-07 1.557790971691178147e-06 -4.880776396751796225e-07 -5.752539039592687198e-07 -4.893693219653668572e-07
-4.026403879553853872e-07 8.657573482013846307e-07 1.543358884468263582e-06 -4.128403731609401372e-07 -6.425716673741341630e-07 -5.451683669732426622e-07
-4.383780899830618212e-07 9.767636821143118428e-07 1.456774979339545806e-06 -2.671324488161866774e-07 -7.217159607958551001e-07 -5.885414164586608791e-07
-4.705139349463630973e-07 1.113333595945834889e-06 1.283741961644489740e-06 -6.816726360750111420e-08 -8.187363600779191587e-07 -6.131349290720086776e-07
-4.728109559514998301e-07 1.284187928208468534e-06 1.024405528590377759e-06 1.604220334765464199e-07 -9.396606618755941574e-07 -6.150452597401553880e-07
-4.279992444129696742e-07 1.496956587818405761e-06 6.940453286306871178e-07 3.926866294525169811e-07 -1.089540489040689902e-06 -5.937797587233645317e-07
-3.300903558689021506e-07 1.756749645565134493e-06 3.202049630451352349e-07 6.042526330166963924e-07 -1.271409195414541967e-06 -5.522807610770179271e-07
-1.840420428712070241e-07 2.064746028480975378e-06 -6.256130679844035958e-08 7.753490889855451663e-07 -1.485290821628008062e-06 -4.961209400831237306e-07
-3.380157005770051627e-09 2.416991098158147409e-06 -4.188233381352392651e-07 8.925997388934742167e-07 -1.727410571975331427e-06 -4.321700941186872176e-07
1.933414743062055168e-07 2.803596286155267928e-06 -7.179145952697005248e-07 9.495689500086443963e-07 -1.989757620353346987e-06 -3.671261126657499606e-07
3.863256828895391243e-07 3.208531053640257124e-06 -9.381275455418982601e-07 9.463599026559069246e-07 -2.260138979849228685e-06 -3.062873901319328264e-07
5.577960139087683297e-07 3.610174126232437407e-06 -1.069017976697861806e-06 8.886823479562101783e-07 -2.522828555062089360e-06 -2.528227558767647018e-07
6.942577223160651755e-07 3.982731236118521316e-06 -1.111779046266038120e-06 7.867246149667755083e-07 -2.759842601579612451e-06 -2.076301814939508186e-07
7.875926559672662263e-07 4.298505636281714814e-06 -1.077911272089962632e-06 6.539696181235658177e-07 -2.952756281230182091e-06 -1.697199903436439704e-07
8.350997134146863385e-07 4.530828903228936295e-06 -9.865441136893993043e-07 5.059004251023340244e-07 -3.084832402759713698e-06 -1.369476783246184020e-07
8.387728188794173372e-07 4.657260442191453736e-06 -8.608562119547446880e-07 3.584734626331781632e-07 -3.143111045308389626e-06 -1.068796904853312592e-07
8.041641656627504376e-07 4.662505874316128539e-06 -7.241135181426758112e-07 2.263172183676310902e-07 -3.120058042280155769e-06 -7.758427286710383873e-08
4.540462668143014397e-06 7.391336687771684982e-07 -5.959216271467750116e-07 1.208072049799132823e-07 -3.014428843896757605e-06 -4.818901397830875023e-08
4.294895798301350985e-06 6.526917417815747894e-07 -4.893128698224751428e-07 4.837015083146786041e-08 -2.831160948540184991e-06 -1.911244014412755684e-08
3.938545623069180223e-06 5.539904854087509013e-07 -4.092148993850027651e-07 9.482525781367287520e-09 -2.580320168636392781e-06 8.052324919942470167e-09
3.490765852098051585e-06 4.514972665907816265e-07 -3.526382813844508619e-07 -1.223196574539020950e-09 -2.275327495797322224e-06 3.095262276775359284e-08
2.974210476390447601e-06 3.522891835162631810e-07 -3.105859446015334521e-07 6.442245913805250371e-09 -1.930833922153978968e-06 4.708766846786748062e-08
2.411282523615493867e-06 2.614765051508302673e-07 -2.712881140284036918e-07 2.074928167758169629e-08 -1.560659291869573099e-06 5.447353638539619219e-08
1.821116256840691121e-06 1.817915334677449252e-07 -2.239820727012301716e-07 3.113281890522490463e-08 -1.176170110442019966e-06 5.221258783163047015e-08
1.217695235737445497e-06 1.134235721082176503e-07 -1.622178452147992677e-07 3.097740095462779228e-08 -7.853588079543805028e-07 4.083942848220774725e-08
6.094040852162918079e-07 5.418230690361034751e-08 -8.569406956044075087e-08 1.919512676658631201e-08 -3.927350237244735862e-07 2.236389144908791782e-08
-1.828442840432182642e-15 -1.828444993222416014e-15 5.891413813814897931e-16 -1.016388209204667735e-15 -1.016389602001088872e-15 7.580344609365476959e-16
