0.000000000000000000e+00 0.000000000000000000e+00 0.000000000000000000e+00 0.000000000000000000e+00 0.000000000000000000e+00 0.000000000000000000e+00
4.615201886917604668e+01 4.615201991807977322e+01 7.804174567424954034e+01 6.402878411042630669e-01 6.402695555632595958e-01 4.056271676351118072e-01
4.611219815429603130e+01 4.611220234717241340e+01 7.802635886904816687e+01 1.278887277250161159e+00 1.278850686470408560e+00 8.116432707764872356e-01
4.604573544230014193e+01 4.604574486170471914e+01 7.800073657036304553e+01 1.914111734617402361e+00 1.914056799852548396e+00 1.218428142280210791e+00
4.595248985846631484e+01 4.595250656731685268e+01 7.796490944327666739e+01 2.544278344257221658e+00 2.544205009011319962e+00 1.626343600156633151e+00
4.583226697884579437e+01 4.583229301203275696e+01 7.791891469251108049e+01 3.167709901059484245e+00 3.167618093037130933e+00 2.035724912960233723e+00
4.568482162678777314e+01 4.568485898286408542e+01 7.786279052592519179e+01 3.782736950662043185e+00 3.782626584371086231e+00 2.446872823311970091e+00
4.550986145922168902e+01 4.550991209157523087e+01 7.779656929944172816e+01 4.387700047078097576e+00 4.387571027085655828e+00 2.860046300383660256e+00
4.530705133643049010e+01 4.530711714426696801e+01 7.772026953383549142e+01 4.980952223832955106e+00 4.980804448674365226e+00 3.275456179506921917e+00
4.507601846781898303e+01 4.507610128663577598e+01 7.763388702648997253e+01 5.560861721302090110e+00 5.560695088039689260e+00 3.693259831688925132e+00
4.481635832365983418e+01 4.481645991533616780e+01 7.753738530933799211e+01 6.125815012641991686e+00 6.125629422067337515e+00 4.113556988006993542e+00
4.452764130152806388e+01 4.452776334394065572e+01 7.743068572661968574e+01 6.674220170102685756e+00 6.674015532570291676e+00 4.536386823932771151e+00
4.420942013365075240e+01 4.420956420984396118e+01 7.731365742190453716e+01 7.204510612477582399e+00 7.204286854351813041e+00 4.961726386954296686e+00
4.386123801897495866e+01 4.386140560586380133e+01 7.718610753314150941e+01 7.715149272836934635e+00 7.714906343525122168e+00 5.389490427789120019e+00
4.348263746047513933e+01 4.348282991714437173e+01 7.704777189650042146e+01 8.204633223333710035e+00 8.204371102867934695e+00 5.819532671394129331e+00
4.307316978431546062e+01 4.307338833993578220e+01 7.689830655464689357e+01 8.671498790570534965e+00 8.671217497688276765e+00 6.251648539261539739e+00
4.263240531247269161e+01 4.263265105392471810e+01 7.673728035282479709e+01 9.114327190560910452e+00 9.114026791220089407e+00 6.685579309524573688e+00
4.215994415424507480e+01 4.216021801354278864e+01 7.656416888691539668e+01 9.531750706471232348e+00 9.531431322718814769e+00 7.121017676549223019e+00
4.165542757438766586e+01 4.165573031601247322e+01 7.637835004193418342e+01 9.922459424851052034e+00 9.922121243945703384e+00 7.557614647313386946e+00
4.111854988612456197e+01 4.111888209443391418e+01 7.617910132777532795e+01 1.028520853669375690e+01 1.028485182036313894e+01 7.994987688306393281e+00
4.054907080590272273e+01 4.054943287277885844e+01 7.596559918222084207e+01 1.061882619817933993e+01 1.061845129187110892e+01 8.432730014231575311e+00
3.994682819302103383e+01 3.994722030596002327e+01 7.573692037008474642e+01 1.092222193211378212e+01 1.092182927407680459e+01 8.870420888754448896e+00
3.931175108118337391e+01 3.931217321206541726e+01 7.549204556296301405e+01 1.119439553471572957e+01 1.119398566472596102e+01 9.307636788176038678e+00
3.864387289038598539e+01 3.864432478517426972e+01 7.522986513741307135e+01 1.143444643339867284e+01 1.143402000092173409e+01 9.743963261470710790e+00
3.794334468635120317e+01 3.794382585600116897e+01 7.494918718172294803e+01 1.164158341953108966e+01 1.164114119109363799e+01 1.017900730483937011e+01
3.721044833108816619e+01 3.721095804396989593e+01 7.464874765381763666e+01 1.181513465593151402e+01 1.181467752145593586e+01 1.061241005599526410e+01
3.644560934236409366e+01 3.644614661851210258e+01 7.432722258654044367e+01 1.195455783232467439e+01 1.195408681016839836e+01 1.104385960301574876e+01
3.564940925241774750e+01 3.564997285993109699e+01 7.398324219256487311e+01 1.205945031359879138e+01 1.205896655403178208e+01 1.147310369492795701e+01
3.482259722780629119e+01 3.482318568172534867e+01 7.361540668058060533e+01 1.212955909612858818e+01 1.212906388298240223e+01 1.189996213641079770e+01
3.396610068389961157e+01 3.396671224787557009e+01 7.322230355806553348e+01 1.216479035758117888e+01 1.216428510781121552e+01 1.232433864722523253e+01
3.308103460040241828e+01 3.308166729145353457e+01 7.280252616461807236e+01 1.216521835667762552e+01 1.216470461759867483e+01 1.274623196835294081e+01
3.216870921999661448e+01 3.216936081661997093e+01 7.235469315413105562e+01 1.213109341278375908e+01 1.213057285676977237e+01 1.316574600142452134e+01
3.123063579251177657e+01 3.123130384636234425e+01 7.187746862442111251e+01 1.206284867263046756e+01 1.206232308911089923e+01 1.358309877592159154e+01
3.026853001395704368e+01 3.026921186525498086e+01 7.136958257955696183e+01 1.196110535479428627e+01 1.196057663943597582e+01 1.399863004987933834e+01
2.928431280544228343e+01 2.928500560219235993e+01 7.082985140312258920e+01 1.182667615380835713e+01 1.182614629483853186e+01 1.441280736438919874e+01
2.828010808364120976e+01 2.828080880466229274e+01 7.025719801992333657e+01 1.166056648693577280e+01 1.166003754864198427e+01 1.482623039005549437e+01
2.725823719404707646e+01 2.725894267571129959e+01 6.965067142892769425e+01 1.146397327962541901e+01 1.146344738315606016e+01 1.523963342458550585e+01
2.622120971264859079e+01 2.622191667912700552e+01 6.900946530119583144e+01 1.123828101209934438e+01 1.123776031378509366e+01 1.565388592472169371e+01
2.517171037209218909e+01 2.517241546879006719e+01 6.833293535263949536e+01 1.098505479055386402e+01 1.098454145806682725e+01 1.606999098251921154e+01
2.411258193558012053e+01 2.411328176533814727e+01 6.762061522215766729e+01 1.070603026260943658e+01 1.070552644937463960e+01 1.648908168522582329e+01
2.304680392549494172e+01 2.304749508702628447e+01 6.687223061032921123e+01 1.040310026763214601e+01 1.040260808599445141e+01 1.691241532935142899e+01
2.197746721290135952e+01 2.197814634083939112e+01 6.608771146175622846e+01 1.007829819714581454e+01 1.007781969087289475e+01 1.734136549246685632e+01
2.090774458644160916e+01 2.090840839229754522e+01 6.526720200464731647e+01 1.777741200032702551e+01 9.733778136521387125e+00 9.733315253280911961e+00
1.984085754144137326e+01 1.984150285470954600e+01 6.441106849363210074e+01 1.822212886148506783e+01 9.371791963222271704e+00 9.371346527709485841e+00
1.878003965797843478e+01 1.878066346659914743e+01 6.351990453544349435e+01 1.867717027602195401e+01 8.994663684940919168e+00 8.994237373340340014e+00
1.772849706515868462e+01 1.772909655454085609e+01 6.259453391139057743e+01 1.914425485869218946e+01 8.604761408092915786e+00 8.604355724538262251e+00
1.668936661221085060e+01 1.668993920204261983e+01 6.163601084488662707e+01 1.962514824898878629e+01 8.204467428010570273e+00 8.204083683657541926e+00
1.566567247939198460e+01 1.566621585752063162e+01 6.064561769622724086e+01 2.012164431068383408e+01 7.796147021378420305e+00 7.795786316625348711e+00
1.466028205738816048e+01 1.466079421012907424e+01 5.962486009984780111e+01 2.063554515062693184e+01 7.382116593872504851e+00 7.381779804159298131e+00
1.367586199777584532e+01 1.367634123611224517e+01 5.857545959109895506e+01 2.116864021037713073e+01 6.964611887215133912e+00 6.964299652706001709e+00
1.271483538503275845e+01 1.271528036628020430e+01 5.749934379981997523e+01 2.172268470403832907e+01 6.545756976647115977e+00 6.545469695963768153e+00
1.177934099962551251e+01 1.177975074427001267e+01 5.639863431643050262e+01 2.229937769099640832e+01 6.127534790234628659e+00 6.127272618260043657e+00
1.087119563046523041e+01 1.087156953400107717e+01 5.527563236271169700e+01 2.290034008275231869e+01 5.711759855122774177e+00 5.711522704754794511e+00
9.991860353559289365e+00 9.992198193286123242e+00 5.413280242374396067e+01 2.352709288844761204e+01 5.300053924074258127e+00 5.299841471673375715e+00
9.142411623660345654e+00 9.142713560507399251e+00 5.297275401952779816e+01 2.418103600386271523e+01 4.893825061142676347e+00 4.893636755303813146e+00
8.323517929983919927e+00 8.323784505531257594e+00 5.179822181455186580e+01 2.486342784363020542e+01 4.494250672134427305e+00 4.494085745320320235e+00
7.535422649630757697e+00 7.535654778573314339e+00 5.061204428094211494e+01 2.557536610626739559e+01 4.102264858543646753e+00 4.102122341053187071e+00
6.777933597847122904e+00 6.778132556214418791e+00 4.941714114580600636e+01 2.631776994664972236e+01 3.718550358325420024e+00 3.718429094035565985e+00
6.050419627746291162e+00 6.050587037224389064e+00 4.821648986594529873e+01 2.709136381107260405e+01 3.343535218699661193e+00 3.343433882015683256e+00
5.351814478615073867e+00 5.351952287345930870e+00 4.701310138324606669e+01 2.789666316654317768e+01 2.977394230299791111e+00 2.977311343772210961e+00
4.680627916253520482e+00 4.680738376489825825e+00 4.580999542173037753e+01 2.873396232894364744e+01 2.620055042839324333e+00 2.619988994955595007e+00
4.034964055238008385e+00 4.035049698230895210e+00 4.461017559247303410e+01 2.960332456481034313e+01 2.271208783561382116e+00 2.271157846290516424e+00
3.412546605285102785e+00 3.412610213764439404e+00 4.341660457528664807e+01 3.050457460930804388e+01 1.930324913445148560e+00 1.930287259198947059e+00
2.810750645062539910e+00 2.810795223655204733e+00 4.223217964625430909e+01 3.143729370921152722e+01 1.596669983716096253e+00 1.596643701485486400e+00
2.226640399282983296e+00 2.226669143192419043e+00 4.105970881776375592e+01 3.240081726496807590e+01 1.269329896820600379e+00 1.269313007344351707e+00
1.657012380558894327e+00 1.657028642808518804e+00 3.990188785264274429e+01 3.339423511085211516e+01 9.472352309373353041e-01 9.472257008584160642e-01
1.098443157660992098e+00 1.098450415188182872e+00 3.876127840624831578e+01 3.441639443741132709e+01 6.291891538719478483e-01 6.291849089268355399e-01
5.473409274978121575e-01 5.473427463681481697e-01 3.764028753987133058e+01 3.546590532638792581e+01 3.138974289283264496e-01 3.138963662948595079e-01
7.940806290676942474e-15 3.155736221717268316e-15 1.016652630501162224e-02 1.016652630500758034e-02 1.024677006725088980e-15 4.418989410208580102e-15
7.940806290676942474e-15 3.155736221717268316e-15 1.016652630501162224e-02 1.016652630500758034e-02 1.024677006725088980e-15 4.418989410208580102e-15
1.507675414755457743e-01 4.376214904273137307e+00 3.073083978947282802e+00 1.276192200412730182e+00 2.124582820299548147e-01 1.700472331256348557e+00
3.029781010217027504e-01 8.693380323703344459e+00 6.070884337475988879e+00 2.543416663608778272e+00 4.253445515563861190e-01 3.329540531764481504e+00
4.580646859089572143e-01 1.289449262138713692e+01 8.927565792277828649e+00 3.792617061764097297e+00 6.390769204683096616e-01 4.825214732899122616e+00
6.174403907774680400e-01 1.692643230150060774e+01 1.159346286924502856e+01 5.014558461681067669e+00 8.540539053035285377e-01 6.141607017716156136e+00
7.824887116682702759e-01 2.074142261907400453e+01 1.403767912614503466e+01 6.199734569073036994e+00 1.070645016773813296e+00 7.251497444715212737e+00
9.545541787151692326e-01 2.429799797840278330e+01 1.624688658983632550e+01 7.338271152028712940e+00 1.289181807077895536e+00 8.145101158316055745e+00
1.134933404319482975e+00 2.756144427429163102e+01 1.822175093234953636e+01 8.419824977006229005e+00 1.509949516269856851e+00 8.826462394930381095e+00
1.324866635950527671e+00 3.050374133475750682e+01 1.997257639396143603e+01 9.433478256227507686e+00 1.733179449427714403e+00 9.309069671839894866e+00
1.525529893566805129e+00 3.310308916672611446e+01 2.151531315445208037e+01 1.036762963510680891e+01 1.959042204700372380e+00 9.611835132082589439e+00
1.738027761304475227e+00 3.534312941156380816e+01 2.286847078737726235e+01 1.120988429806068787e+01 2.187641858659828298e+00 9.755981943363490672e+00
1.963386891827655134e+00 3.721198217022627119e+01 2.405102684221050424e+01 1.194694804701878965e+01 2.419011199944278268e+00 9.762929048270400756e+00
2.202550269887714407e+00 3.870121135283215352e+01 2.508117974700508057e+01 1.256453346753277245e+01 2.653108085173211617e+00 9.653022697979814382e+00
2.456372269506777339e+00 3.980481590814538606e+01 2.597571996184013088e+01 1.304729084042129728e+01 2.889812972808426306e+00 9.444888924001721975e+00
2.725614527084196936e+00 4.051832628582999973e+01 2.674980756881928556e+01 1.337878257833340179e+01 3.128927671315989478e+00 9.155195340189989039e+00
3.010942640903337963e+00 4.083807019408314432e+01 2.741699208665517062e+01 1.354152786600619862e+01 3.370175317973246543e+00 8.798658248863631570e+00
3.312923696239753024e+00 4.076066185503615458e+01 2.798936075729898221e+01 1.351715378145955349e+01 3.613201584304652325e+00 8.388181460643611587e+00
3.632024604756158848e+00 4.028276498224298052e+01 2.847774271911307054e+01 1.328669980506843196e+01 3.857577083783532590e+00 7.935054377771426637e+00
3.968611237287595017e+00 3.940117982677234920e+01 2.889192598098626519e+01 1.283113255859409918e+01 4.102800937475891807e+00 7.449166360357156513e+00
4.322948320604743877e+00 3.811330475942347817e+01 2.924086357358212140e+01 1.213213347045085300e+01 4.348305434106123357e+00 6.939213823177875717e+00
4.695200061383244972e+00 3.641801638905043603e+01 2.953285731338845821e+01 1.117321821652736702e+01 4.593461702964563464e+00 6.412888533135369329e+00
5.085431454449147459e+00 3.431699022828219370e+01 2.977571467620531820e+01 9.941225261772302702e+00 4.837586301511825226e+00 5.877042598255972194e+00
5.493610227425634207e+00 3.181643637356862442e+01 2.997687815975579184e+01 8.428162402418315935e+00 5.079948604798080858e+00 5.337829479043239012e+00
5.919609370149638394e+00 2.892914384906688241e+01 3.014352847302836480e+01 6.633317782723510803e+00 5.319778871207978987e+00 4.800822265345274786e+00
5.919609277636493694e+00 2.892831755724209941e+01 3.014333284652878930e+01 6.632673354660178155e+00 5.319778821988583317e+00 4.800779377833706896e+00
6.344379007098823742e+00 2.581818537835144767e+01 3.027712759684430210e+01 4.656149704010794643e+00 5.546499900566030483e+00 4.292939977015609365e+00
6.785046212975738733e+00 2.240059368586134525e+01 3.039170507660896448e+01 2.446236190617243178e+00 5.769437699885024529e+00 3.795935947284061918e+00
7.241271227527092513e+00 1.871347645379747959e+01 3.049304247387948763e+01 3.089358580560477852e-02 5.987858524542875038e+00 3.313609158732077287e+00
7.712646693719245938e+00 1.480474307748673191e+01 3.058706113495775725e+01 2.551335757060986253e+00 6.201025573929951129e+00 2.849551833807969725e+00
8.198701278180129393e+00 1.073118694623817149e+01 3.067963271344132181e+01 5.252440306816146709e+00 6.408206471938583171e+00 2.407136123045558573e+00
8.698903585510509018e+00 6.556157777767722017e+00 3.077657472277109818e+01 8.017291248347271804e+00 6.608680658062672464e+00 1.989534577371089519e+00
9.212666235525153624e+00 2.346189399051929136e+00 3.088363663704848605e+01 1.078704034153387781e+01 6.801746535326775422e+00 1.599732361829482752e+00
9.739350066759683955e+00 1.832963511954461389e+00 3.100647759686364324e+01 1.350310889761623478e+01 6.986728276430698159e+00 1.240531945522657331e+00
1.027826843155637171e+01 5.920265042140488099e+00 3.115063672924499016e+01 1.611115225599015943e+01 7.162982197027518261e+00 9.145509380349103878e-01
1.082869155017518104e+01 9.862704274952818650e+00 3.132149708239992236e+01 1.856438939286733714e+01 7.329902613994529581e+00 6.242137231785210849e-01
1.138985089360016900e+01 1.361752739644931154e+01 3.152424420316907216e+01 2.082585652994862713e+01 7.486927116704967133e+00 3.717375636470801048e-01
1.196094356699151007e+01 1.715321959444527877e+01 3.176382044276118322e+01 2.286940845127039523e+01 7.633541190441218482e+00 1.591139102448185794e-01
1.254113666801006666e+01 2.044932427290985189e+01 3.204487615736175599e+01 2.467955497504058116e+01 7.769282142970613592e+00 1.191426000091208928e-02
1.312957159649442040e+01 2.349537223581205581e+01 3.237171906593429327e+01 2.625040526025823340e+01 7.893742297688338461e+00 1.398781400481237391e-01
1.372536829416286430e+01 2.628926963480030210e+01 3.274826312750457191e+01 2.758406884276845616e+01 8.006571429372945303e+00 2.236107629232989558e-01
1.432762939512260125e+01 2.883547476814124266e+01 3.317797839244012437e+01 2.868884364318397928e+01 8.107478431255533025e+00 2.622754629278380989e-01
1.493544426998564845e+01 3.114321808224355692e+01 3.366384335348117673e+01 2.957744549266005762e+01 8.196232214543726968e+00 2.553938382146595520e-01
1.554789294829556390e+01 3.322492607608243986e+01 3.420830135880628120e+01 3.026544009974407956e+01 8.272661853547315758e+00 2.028718479513307582e-01
1.616404990575951572e+01 3.509492554723563984e+01 3.481322263797249406e+01 3.076995413944995761e+01 8.336656000925938059e+00 1.050226445989436985e-01
1.678298770445423571e+01 3.676844251134078689e+01 3.547987342065356131e+01 3.110868005160088146e+01 3.741523378973049541e-02 8.388161608144281800e+00
1.740378047572752962e+01 3.826087187444771587e+01 3.620889348940283270e+01 3.129915089052379429e+01 2.232655953022336104e-01 8.427181995822932592e+00
1.802550723695676993e+01 3.958727528929178874e+01 3.700028329747824785e+01 3.135824292261892765e+01 4.509093712375505381e-01 8.453774327188007476e+00
1.864725503465679068e+01 4.076205948706803639e+01 3.785340150314891616e+01 3.130185852779083788e+01 7.182873261865677650e-01 8.468046545148933291e+00
1.926812190765205202e+01 4.179879016451592122e+01 3.876697343137853835e+01 3.114474474420623196e+01 1.022911291592766725e+00 8.470153839596823886e+00
1.988721966516290607e+01 4.271010306924730315e+01 3.973911058733641255e+01 3.090040935064142147e+01 1.361884166458426693e+00 8.460294716269730841e+00
2.050367647569549590e+01 4.350768160057488387e+01 4.076734093450394170e+01 3.058110404312805031e+01 1.731928552241450925e+00 8.438706741950705137e+00
2.111663926359083021e+01 4.420227754890334637e+01 4.184864923793639946e+01 3.019785155290949419e+01 2.129423506611077599e+00 8.405662042851533400e+00
2.172527591098292987e+01 4.480375785902467101e+01 4.297952638706195927e+01 2.976049979581636507e+01 2.550448538663807163e+00 8.361462633811715506e+00
2.232877726375389571e+01 4.532116532929303787e+01 4.415602627788737067e+01 2.927779114691685436e+01 2.990833651836741769e+00 8.306435655449192268e+00
2.292635894084999748e+01 4.576278501156980383e+01 4.537382857371549250e+01 2.875743876066307791e+01 3.446213992118442260e+00 8.240928594697056297e+00
2.351726294706665499e+01 4.613621092784349997e+01 4.662830549260556268e+01 2.820620467769819939e+01 3.912087494525468667e+00 8.165304561323674548e+00
2.410075909010759432e+01 4.644840976863898163e+01 4.791459069740517407e+01 2.762997647538914237e+01 4.383873849071651563e+00 8.079937689150661129e+00
2.467614620339405107e+01 4.670577967344330972e+01 4.922764839058703501e+01 2.703384061809228101e+01 4.856973129369417386e+00 7.985208725853491174e+00
2.524275317674629093e+01 4.691420317300988785e+01 5.056234083370451771e+01 2.642215160434857069e+01 5.326822535497784727e+00 7.881500869563974554e+00
2.579993979768268630e+01 4.707909402367134533e+01 5.191349270574921348e+01 2.579859661839804019e+01 5.788949884158690828e+00 7.769195904108023853e+00
2.634709740669449474e+01 4.720543808072426373e+01 5.327595096694328447e+01 2.516625576948686316e+01 6.239022714997147112e+00 7.648670677730193823e+00
2.688364937044654468e+01 4.729782861257643845e+01 5.464463918297560241e+01 2.452765821634816135e+01 6.672892151388899684e+00 7.520293962705356883e+00
2.740905137744540809e+01 4.736049660092576374e+01 5.601460556762980048e+01 2.388483457822841061e+01 7.086630935914535634e+00 7.384423725448153952e+00
2.792279156128806150e+01 4.739733664102516997e+01 5.738106429923013252e+01 2.323936606521805004e+01 7.476565335858466277e+00 7.241404828732232346e+00
2.842439045717948787e+01 4.741192907534581735e+01 5.873942994180514887e+01 2.259243074572458454e+01 7.839300866426394343e+00 7.091567179556497180e+00
2.891340079796370333e+01 4.740755898097802401e+01 6.008534504300595813e+01 2.194484732599591226e+01 8.171741997195363538e+00 6.935224328171060826e+00
2.938940715646440793e+01 4.738723259763974482e+01 6.141470117993021205e+01 2.129711675829021189e+01 8.471106183344696561e+00 6.772672515927559367e+00
2.985202544147950476e+01 4.735369173702361678e+01 6.272365387770261691e+01 2.064946192920785251e+01 8.734932694491382321e+00 6.604190162066292835e+00
3.030090225528988412e+01 4.730942666067645064e+01 6.400863193434152265e+01 2.000186561368170501e+01 8.961086801184537265e+00 6.430037772410309493e+00
3.073571412106552359e+01 4.725668785613385126e+01 6.526634175241731839e+01 1.935410681703669411e+01 9.147759925871460140e+00 6.250458246307633914e+00
3.115616658904373537e+01 4.719749708203014649e+01 6.649376730859169982e+01 1.870579556992075609e+01 9.293466376942891571e+00 6.065677552145170459e+00
3.156199323082346808e+01 4.713365799402135536e+01 6.768816639276484182e+01 1.805640619035293426e+01 9.397037267881955813e+00 5.875905736433968407e+00
3.195295453156397869e+01 4.706676660582959926e+01 6.884706372606613911e+01 1.740530898455542896e+01 9.457612185487013434e+00 5.681338226910177980e+00
3.232883669029828155e+01 4.699822178450024523e+01 6.996824152789272944e+01 1.675180032405905450e+01 9.474629118237091419e+00 5.482157386366367291e+00
3.268945033894013363e+01 4.692923592684915945e+01 7.104972805257355617e+01 1.609513101087282649e+01 9.447813094089921648e+00 5.278534271071632311e+00
3.303462919090954841e+01 4.686084591571546554e+01 7.208978456106669341e+01 1.543453282507917024e+01 9.377163911373473937e+00 5.070630545683764367e+00
3.336422863059885913e+01 4.679392441058881502e+01 7.308689113645274915e+01 1.476924313964298463e+01 9.262943280974672788e+00 4.858600505520019652e+00
3.367812425513131558e+01 4.672919148790387567e+01 7.403973169689267309e+01 1.409852748492088637e+01 9.105661635745278204e+00 4.642593156932374399e+00
3.397621038007843453e+01 4.666722661211322531e+01 7.494717850835236561e+01 1.342169994961583868e+01 8.906064806005979051e+00 4.422754307313383038e+00
3.425839852091770155e+01 4.660848088975886583e+01 7.580827645304987072e+01 1.273814131493821300e+01 8.665120709500094165e+00 4.199228617908230987e+00
3.452461586208686128e+01 4.655328953525063440e+01 7.662222726895451785e+01 1.204731483364151323e+01 8.384006160734362112e+00 3.972161575081171847e+00
3.477480372549926813e+01 4.650188445883078714e+01 7.738837394092701061e+01 1.134877958450521440e+01 8.064093868439556445e+00 3.741701338921190167e+00
3.500891605032512643e+01 4.645440687407263880e+01 7.810618539502117130e+01 1.064220135483915719e+01 7.706939660608382425e+00 3.508000431999964253e+00
3.522691789569195464e+01 4.641091981385930865e+01 7.877524162360272442e+01 9.927361027811279826e+00 7.314269953687528414e+00 3.271217235631679099e+00
3.542878397776566857e+01 4.637142043969691230e+01 7.939521934968745143e+01 9.204160477026015030e+00 6.887969465328032115e+00 3.031517266037087932e+00
3.561449725238450270e+01 4.633585202895907429e+01 7.996587832353282010e+01 8.472625997048387703e+00 6.430069157867686513e+00 2.789074208281560274e+00
3.578404755405613713e+01 4.630411552748117288e+01 8.048704833236011780e+01 7.732909324796958472e+00 5.942734391648428982e+00 2.544070691633531833e+00
3.593743030169048325e+01 4.627608056048195095e+01 8.095861699443206305e+01 6.985286332337618198e+00 5.428253262603934814e+00 2.296698795964462469e+00
3.607464528094927658e+01 4.625159580223206746e+01 8.138051840095042166e+01 6.230153496109156919e+00 4.889025096580028595e+00 2.047160284872016955e+00
3.619569551250324224e+01 4.623049861370068925e+01 8.175272266283471367e+01 5.468022270612094893e+00 4.327549072934091967e+00 1.795666567241991807e+00
3.630058621480542058e+01 4.621262386718740345e+01 8.207522641388329987e+01 4.699511515799555283e+00 3.746412951535512459e+00 1.542438394861130879e+00
3.638932386938065378e+01 4.619781188707899844e+01 8.234804431682816528e+01 3.925338146614097301e+00 3.148281879870795219e+00 1.287705309345152704e+00
3.646191539568429363e+01 4.618591544582846353e+01 8.257120161387823032e+01 3.146306190184110729e+00 2.535887260130337939e+00 1.031704856952783578e+00
3.651836744195993845e+01 4.617680576421413718e+01 8.274472775852989059e+01 2.363294451059990475e+00 1.912015659576849602e+00 7.746815947229508392e-01
3.655868579755362191e+01 4.617037747436103245e+01 8.286865116039312795e+01 1.577242997512954048e+00 1.279497750885889129e+00 5.168859157127076998e-01
3.658287493243282995e+01 4.616655251174310592e+01 8.294299506794122578e+01 7.891386923543831644e-01 6.411972722826609905e-01 2.585727248516525578e-01
0.000000000000000000e+00 0.000000000000000000e+00 0.000000000000000000e+00 0.000000000000000000e+00 0.000000000000000000e+00 0.000000000000000000e+00
0.000000000000000000e+00 0.000000000000000000e+00 0.000000000000000000e+00 0.000000000000000000e+00 0.000000000000000000e+00 0.000000000000000000e+00
4.108733678146612789e+01 4.108710439743724407e+01 8.453589401987773044e+01 9.135550819101487807e-01 4.245618826713012939e-01 4.245609776736877228e-01
4.101806597016942391e+01 4.101801622475392861e+01 8.451013752009400548e+01 1.826198033342687044e+00 8.471761980208030174e-01 8.471758180374440172e-01
4.090304149813276524e+01 4.090302060381205251e+01 8.446690487355772348e+01 2.737014616186565608e+00 1.265903273203027091e+00 1.265903025082909528e+00
4.074227936862315858e+01 4.074226760162324723e+01 8.440574304943595507e+01 3.645086516854861181e+00 1.678826071470017389e+00 1.678825891490052680e+00
4.053599379598549035e+01 4.053598635458375554e+01 8.432602709957819798e+01 4.549489654106076308e+00 2.084058707925335430e+00 2.084058560025470186e+00
4.028448618659997749e+01 4.028448106711019250e+01 8.422696925996993400e+01 5.449292890665417666e+00 2.479757159194957872e+00 2.479757041071241730e+00
3.998813441525081203e+01 3.998813069142939725e+01 8.410763038158250993e+01 6.343557265426390757e+00 2.864129552672509238e+00 2.864129450693051471e+00
3.964739472596082237e+01 3.964739192254575784e+01 8.396693349642217186e+01 7.231335848319466741e+00 3.235446552726652047e+00 3.235446463355322599e+00
3.926280587685116785e+01 3.926280370373005013e+01 8.380367929119412906e+01 8.111674302259562097e+00 3.592051554647420986e+00 3.592051475131415650e+00
3.883499319313807518e+01 3.883499140733295008e+01 8.361656323262108970e+01 8.983612216336121392e+00 3.932370785674448754e+00 3.932370713069938795e+00
3.836467333617807896e+01 3.836467188029062925e+01 8.340419406570553917e+01 9.846185252032192636e+00 4.254923200743800038e+00 4.254923134557329512e+00
3.785265994175315285e+01 3.785265872190652203e+01 8.316511338899454131e+01 1.069842812020568878e+01 4.558330163484055397e+00 4.558330103604166794e+00
3.729986842264385416e+01 3.729986738869425977e+01 8.289781599930955736e+01 1.153937838127948368e+01 4.841324811273596929e+00 4.841324755193496365e+00
3.670732151039528190e+01 3.670732060080722903e+01 8.260077069207991940e+01 1.236808103497550881e+01 5.102761035691139924e+00 5.102760983827503871e+00
3.607615417065223795e+01 3.607615336430897202e+01 8.227244120174360376e+01 1.318359383933935014e+01 5.341621982573989236e+00 5.341621934010828632e+00
3.540761854203564951e+01 3.540761781712063083e+01 8.191130696911230302e+01 1.398499327200854658e+01 5.557027974741627574e+00 5.557027928721622878e+00
3.470308811974060603e+01 3.470308747204331468e+01 8.151588342811668042e+01 1.477138101984543184e+01 5.748243744069264416e+00 5.748243700368592890e+00
3.396406147695317657e+01 3.396406087379840244e+01 8.108474151202639746e+01 1.554189085623397126e+01 5.914684825953083092e+00 5.914684784450871646e+00
3.319216482004738822e+01 3.319216426473010983e+01 8.061652608786808116e+01 1.629569573842738350e+01 6.055923016761040500e+00 6.055922977638347859e+00
3.238915384080173254e+01 3.238915331028810840e+01 8.010997303612148812e+01 1.703201493006582723e+01 6.171690729241870343e+00 6.171690692356040842e+00
3.155691392908165582e+01 3.155691343114077796e+01 7.956392469944231038e+01 1.775012092589150825e+01 6.261884125192964667e+00 6.261884089390039598e+00
3.069745925402692777e+01 3.069745877793588917e+01 7.897734342764442772e+01 1.844934592607171808e+01 6.326564871626600528e+00 6.326564837495900484e+00
2.981292993437714856e+01 2.981292946773960395e+01 7.834932294478133485e+01 1.912908757540807514e+01 6.365960393014747254e+00 6.365960360015872510e+00
2.890558746189704920e+01 2.890558701427071853e+01 7.767909725599974990e+01 1.978881364671647702e+01 6.380462503995695478e+00 6.380462473612064755e+00
2.797780824402698840e+01 2.797780780749054230e+01 7.696604679466338439e+01 2.042806530601096782e+01 6.370624298884102643e+00 6.370624269424301822e+00
2.703207484028413532e+01 2.703207441135340616e+01 7.620970148139311107e+01 2.104645854743186106e+01 6.337155234177887841e+00 6.337155206684395914e+00
2.607096510879841134e+01 2.607096468631052133e+01 7.540974032279628148e+01 2.164368332496577096e+01 6.280914322981110409e+00 6.280914298295237508e+00
2.509713904357834835e+01 2.509713862421049413e+01 7.456598711454871875e+01 2.221949983171939991e+01 6.202901430798781313e+00 6.202901408058604460e+00
2.411332329544314845e+01 2.411332288300987159e+01 7.367840172555095535e+01 2.277373128022461657e+01 6.104246678885686173e+00 6.104246658185875418e+00
2.312229349778898069e+01 2.312229308528116078e+01 7.274706631975112714e+01 2.330625241143734883e+01 5.986198001566330973e+00 5.986197982909988724e+00
2.212685432804580543e+01 2.212685391773134924e+01 7.177216570991139122e+01 2.381697279555227809e+01 5.850106959530096518e+00 5.850106944138871334e+00
2.112981765211871377e+01 2.112981724572121323e+01 7.075396081950296434e+01 2.430581377060635972e+01 5.697412944488633890e+00 5.697412933036419602e+00
2.013397880079667601e+01 2.013397839725349314e+01 6.969275393632437954e+01 2.477267757605326537e+01 5.529625968166325123e+00 5.529625958967833377e+00
1.914209130243707691e+01 1.914209090227236132e+01 6.858884404850842031e+01 2.521740685182900421e+01 5.348308267412829053e+00 5.348308262158583126e+00
1.815684041237047097e+01 1.815684001616263288e+01 6.744247002437370497e+01 2.563973215260192617e+01 5.155054987702910374e+00 5.155054986879926027e+00
1.718081579118670632e+01 1.718081539607032582e+01 6.625373868208241390e+01 2.603920442146445069e+01 4.951474270036307246e+00 4.951474272586263936e+00
1.621648373799799003e+01 1.621648334797519553e+01 6.502253382348780519e+01 2.641510840711313435e+01 4.739167073578140155e+00 4.739167080853619041e+00
1.526615951967843365e+01 1.526615913377075628e+01 6.374840098167112501e+01 2.676635169593220098e+01 4.519707087801461576e+00 4.519707098405212342e+00
1.433198017243858224e+01 1.433197979273331413e+01 6.243040081848889145e+01 2.709132222997623884e+01 4.294621124246987165e+00 4.294621139267174925e+00
1.341587840203358084e+01 1.341587802780413519e+01 6.106692162121456136e+01 2.738770470751655495e+01 4.065370342897566047e+00 4.065370361577564928e+00
1.251955801291093628e+01 1.251955764648822722e+01 5.965543793461637279e+01 2.765224286277182841e+01 3.833332697713145887e+00 3.833332719996751514e+00
1.164447145246740511e+01 1.164447109415486459e+01 5.819219769640518791e+01 2.788042996522179706e+01 3.599786933351761142e+00 3.599786957244376584e+00
1.079179990289597058e+01 1.079179955343823316e+01 5.667181391061762952e+01 2.806610355694196102e+01 3.365898461204850367e+00 3.365898487665926364e+00
9.962436423263103080e+00 9.962436084873241171e+00 5.508672844636394217e+01 2.820091200963276634e+01 3.132707373805423856e+00 3.132707400739783044e+00
9.156972548723919303e+00 9.156972221199934481e+00 5.342650464349937067e+01 2.827360958632164056e+01 2.901118842645129536e+00 2.901118869046187765e+00
8.375688678795645714e+00 8.375688363622067811e+00 5.167689219318358340e+01 2.826912348693342025e+01 2.671896047910728544e+00 2.671896071019151719e+00
7.618548583712223987e+00 7.618548280516466598e+00 4.981859384106793698e+01 2.816732244306523114e+01 2.445655760366607367e+00 2.445655780453326322e+00
6.885198188765582650e+00 6.885197899544996503e+00 4.782565405482407073e+01 2.794140702615621663e+01 2.222866596088727498e+00 2.222866607860893851e+00
6.174968804201270700e+00 6.174968528493970155e+00 4.566339840672403483e+01 2.755585044562935337e+01 2.003849940997515233e+00 2.003849943625899854e+00
5.486884775322984353e+00 5.486884514667282886e+00 4.328591019252604610e+01 2.696387638610103465e+01 1.788783416880665778e+00 1.788783404974015667e+00
4.819675544099169429e+00 4.819675296234553485e+00 4.063320348210099553e+01 2.610463310757793209e+01 1.577706772083454778e+00 1.577706743759323960e+00
4.171791901739471342e+00 4.171791668045852219e+00 3.762866436637933987e+01 2.490063560118020192e+01 1.370529958662607406e+00 1.370529907316428542e+00
3.541426269677370176e+00 3.541426047619631756e+00 3.417818422490055497e+01 2.325689965110350599e+01 1.167043182473701091e+00 1.167043098204505913e+00
2.926536615348491743e+00 2.926536400536022153e+00 3.017390481524425283e+01 2.106468762821697283e+01 9.669286431194685782e-01 9.669285183930494965e-01
2.324873679647356361e+00 2.324873466845431835e+00 2.550747954671376050e+01 1.821477039890783445e+01 7.697736769816102553e-01 7.697734946900404163e-01
1.734011091881082933e+00 1.734010864894798276e+00 2.009873694978823266e+01 1.462609137873514165e+01 5.750850533312832358e-01 5.750847814669304281e-01
1.151377891255243258e+00 1.151377608202956093e+00 1.394150688820122852e+01 1.029159329251071320e+01 3.823041310813260485e-01 3.823036768580047595e-01
5.742930985420278134e-01 5.742925994100461784e-01 7.153959505938177088e+00 5.328557644725117726e+00 1.908226291796174534e-01 1.908216717436326537e-01
1.080793316219921001e-14 7.764109221589456905e-15 1.668040982746327422e-14 1.210894786530928323e-14 7.880234418146621052e-16 1.182483864268087883e-15
1.080793316219921001e-14 7.764109221589456905e-15 1.668040982746327422e-14 1.210894786530928323e-14 7.880234418146621052e-16 1.182483864268087883e-15
1.453758793221491930e+00 5.709436930575633617e+00 6.473784994232222312e-01 1.717944880581368794e-01 5.747689870665586565e-01 4.492681255674366714e-01
2.901174006069755062e+00 1.131802364032423291e+01 1.291702560670269673e+00 3.466637067268411587e-01 1.145544387370374118e+00 8.940055809289600974e-01
4.336022479429281873e+00 1.673123602722271741e+01 1.929862991255586913e+00 5.276374705091216866e-01 1.708361072479387177e+00 1.329747756838715933e+00
5.752316846375830295e+00 2.186622520757089205e+01 2.558640443603932280e+00 7.176556287674973333e-01 2.259310769991452972e+00 1.752162030983851038e+00
7.144411166861532436e+00 2.665547409379209398e+01 3.174648751181405881e+00 9.195228188332089658e-01 2.794570331599175450e+00 2.157113357281808419e+00
8.507092827212716202e+00 3.104846348727634009e+01 3.774276449020655289e+00 1.135863090703724154e+00 3.310429786204278191e+00 2.540729185022291503e+00
9.835657638332389041e+00 3.501147081853006426e+01 4.353626033825886310e+00 1.369074669742605721e+00 3.803320069377842838e+00 2.899463181298423731e+00
1.112596614572285247e+01 3.852592501627846389e+01 4.908450685621905230e+00 1.621285376266344169e+00 4.269840291309112246e+00 3.230156982920089792e+00
1.237448028291904478e+01 4.158586937864033928e+01 5.434088422168386501e+00 1.894309517058443415e+00 4.706784372216468171e+00 3.530098914425282342e+00
1.357828055752432128e+01 4.419506074460210954e+01 5.925394022923621939e+00 2.189607385614207757e+00 5.111166839187760047e+00 3.797078295041772300e+00
1.473506487461223990e+01 4.636411661031164755e+01 6.376669588606512562e+00 2.508248829729911034e+00 5.480247544129063009e+00 4.029433645141451414e+00
1.584313082094638858e+01 4.810797439016967303e+01 6.781595359911170462e+00 2.850882633441229608e+00 5.811555031779146674e+00 4.226092825457673285e+00
1.690134372907535010e+01 4.944379309379870335e+01 7.133163489724761774e+00 3.217713674832729076e+00 6.102908262592566579e+00 4.386602940693623331e+00
1.790909311320150010e+01 5.038932864076262064e+01 7.423618954648693702e+00 3.608489917214406262e+00 6.352436380663071702e+00 4.511147757978467787e+00
1.886624014022117635e+01 5.096175342568202637e+01 7.644413830977259572e+00 4.022501224572655687e+00 6.558596214413404013e+00 4.600550474120732147e+00
1.977305870510361530e+01 5.117686234908585163e+01 7.786183883309104381e+00 4.458591726554037571e+00 6.720187209590498867e+00 4.656259950442324325e+00
2.063017246235145663e+01 5.104860188946580735e+01 7.838759936880635770e+00 4.915186972615829042e+00 6.836363521349634098e+00 4.680319041212630538e+00
2.143848986793978995e+01 5.058886703349460845e+01 7.791230867836853591e+00 5.390336411991283327e+00 6.906643034857010477e+00 4.675314368815191024e+00
2.219913894817586097e+01 4.980752615735471522e+01 7.632080113422048839e+00 5.881770847772886057e+00 6.930913140417897189e+00 4.644307813768747017e+00
2.291340316575312741e+01 4.871265144094318345e+01 7.349422905238006010e+00 6.386973502881637010e+00 6.909433156592020175e+00 4.590751027285505437e+00
2.358265942309953189e+01 4.731094861631700610e+01 6.931375929181555762e+00 6.903262293392110394e+00 6.842833368467205801e+00 4.518385347461223667e+00
2.420831894492527780e+01 4.560839178996112508e+01 6.366592944954306610e+00 7.427879938241325419e+00 6.732110722231179345e+00 4.431130499326777716e+00
2.479177152426603925e+01 4.361107344403751540e+01 5.644996115105134216e+00 7.958087753397175668e+00 6.578621284444168715e+00 4.332966273490251652e+00
2.533433340190786964e+01 4.132627257746604243e+01 4.758719389746837614e+00 8.491258477107058056e+00 6.384069627644354483e+00 4.227811912964620333e+00
2.583719887597391818e+01 3.876372105858322925e+01 3.703252775192646062e+00 9.024963312900595724e+00 6.150495336197044693e+00 4.119408129767146320e+00
2.630139560178083613e+01 3.593700656343964539e+01 2.478731307515267268e+00 9.557048577317260651e+00 5.880256832019414404e+00 4.011206501785540723e+00
2.672774343522407392e+01 3.286499091897254488e+01 1.091250709454627543e+00 1.008569787186569755e+01 5.576012695587643897e+00 3.906270492564938746e+00
2.711681658871681933e+01 2.957305402769550184e+01 4.459784553374507854e-01 1.060947649413449589e+01 5.240700603166712490e+00 3.807191559638700706e+00
2.746890880000227853e+01 2.609391540089981376e+01 2.111885430437667299e+00 1.112735576324037012e+01 4.877513919939262976e+00 3.716022866983952788e+00
2.778400115468942744e+01 2.246776693221741894e+01 3.877468982668515363e+00 1.163871595039242379e+01 4.489875888244623248e+00 3.634232101889075306e+00
2.806173214795849802e+01 1.874150210379016102e+01 5.706617196328372721e+00 1.214332747279647151e+01 4.081411242166064213e+00 3.562673917932032364e+00
2.830136951583372351e+01 1.496696295859502435e+01 7.557896354172609854e+00 1.264131084549892847e+01 3.655914979540958232e+00 3.501581665729702308e+00
2.850178330963149875e+01 1.119832856539024313e+01 9.387185572292523261e+00 1.313307653778291595e+01 3.217317947971500836e+00 3.450577384544530002e+00
2.866141962839514079e+01 7.488981018779468535e+00 1.115082156406844227e+01 1.361924632759740383e+01 2.769648871382139887e+00 3.408698532167779405e+00
2.877827436513029369e+01 3.888330801965350414e+00 1.280877216604820212e+01 1.410055799842826119e+01 2.316992475709437116e+00 3.374439620629612335e+00
2.884986626765366680e+01 4.391025204418605998e-01 1.432733817231434692e+01 1.457775531098330468e+01 1.863443480342754421e+00 3.345806772362879045e+00
2.887320857107442151e+01 2.824535572170777442e+00 1.568100077698076156e+01 1.505146515591794731e+01 1.413056413623991148e+00 3.320383173482818862e+00
2.884477843732541302e+01 5.877822813296670112e+00 1.685324014710905516e+01 1.552206371070750812e+01 9.697914851745214060e-01 3.295403431280659934e+00
2.876048345375592419e+01 8.705283744565383230e+00 1.783637201591591648e+01 1.598953334309825003e+01 5.374570942285042952e-01 3.267834897905420810e+00
2.861562452003052925e+01 1.129984297029666784e+01 1.863061481625608451e+01 1.645331198353204982e+01 1.196499511477553263e-01 3.234464064721414012e+00
2.840485462056192389e+01 1.366146466095570666e+01 1.924267679360054828e+01 1.691213678574970203e+01 2.803057870237845584e-01 3.191986132788616093e+00
2.812213327464672474e+01 1.579559788447105184e+01 1.968414670504264308e+01 1.736388416472879115e+01 6.594185347766990946e-01 3.137095793535477739e+00
2.776067690457839277e+01 1.771164949424321833e+01 1.996991262805288514e+01 1.780540880510987023e+01 1.015086141760136007e+00 3.066577034441761107e+00
2.731290588517144613e+01 1.942162713477658897e+01 2.011675471648231905e+01 1.823238504342488397e+01 1.345146466025088916e+00 2.977389087048678995e+00
2.677038883674167380e+01 2.093902015903143621e+01 2.014218444704934896e+01 1.863915523459370860e+01 1.647915455120841921e+00 2.866742565074685611e+00
2.612377650308082622e+01 2.227792106383520476e+01 2.006354759458037762e+01 1.901859143336755764e+01 1.922185631821423879e+00 2.732138814281966699e+00
2.536257331312692642e+01 2.345220878725692870e+01 1.989737337745211576e+01 1.936197909751716395e+01 2.166850320639710947e+00 2.571037719476752414e+00
1.811590364130920186e-08 1.811002866873286294e-08 1.813715630677506496e+01 1.813715630677392099e+01 3.361908088408084703e-09 3.357511948080125504e-09
1.811590364130920186e-08 1.811002866873286294e-08 1.813715630677506496e+01 1.813715630677392099e+01 3.361908088408084703e-09 3.357511948080125504e-09
2.498520784355244828e+00 2.499006114108615062e+00 2.184539965134082440e+00 2.184963401038947595e+00 3.671134513392251275e-01 3.671398207373636202e-01
4.961260891666470663e+00 4.962213713659965997e+00 4.337194515206925338e+00 4.338022058154152205e+00 7.340776559815176405e-01 7.341310051783955792e-01
7.353853618632866684e+00 7.355239910932554359e+00 6.427476830213096015e+00 6.428671502776167834e+00 1.100708749071728443e+00 1.100790300322543214e+00
9.644609887677956905e+00 9.646382481284520694e+00 8.427545636306238208e+00 8.429055904740446081e+00 1.466753462216883630e+00 1.466865052126809177e+00
1.180550398545028301e+01 1.180760651392119698e+01 1.031317161278843564e+01 1.031493541995856944e+01 1.831853540578383122e+00 1.831997623056510038e+00
1.381280956943799865e+01 1.381518076867485334e+01 1.206435005184444975e+01 1.206629922989091597e+01 2.195509074324265342e+00 2.195688722968190287e+00
1.564737033932596866e+01 1.564994816261551769e+01 1.366554272625348254e+01 1.366760725560399692e+01 2.557040337686209419e+00 2.557259246090307414e+00
1.729454073355017130e+01 1.729726586477164219e+01 1.510558281062835562e+01 1.510769451013975129e+01 2.915547699032397411e+00 2.915810176900980988e+00
1.874386705784690577e+01 1.874668556923748852e+01 1.637731167847684333e+01 1.637940707532527895e+01 3.269869140975403266e+00 3.270180103129826765e+00
1.998859538499812416e+01 1.999146045024764362e+01 1.747703228329164560e+01 1.747905457597969914e+01 3.618534922831937894e+00 3.618899867165832340e+00
2.102509155966153287e+01 2.102796426659437756e+01 1.840386283205149809e+01 1.840576299381346459e+01 3.959718947735321404e+00 3.960143916823581023e+00
2.185224597597580143e+01 2.185509537121232171e+01 1.915906189262206638e+01 1.916079905116997750e+01 4.291186492349009285e+00 4.291678011670799542e+00
2.247091741567781398e+01 2.247371995677817580e+01 1.974537794940189173e+01 1.974691922275809830e+01 4.610238161886148767e+00 4.610803145393355784e+00
2.288345105779434263e+01 2.288618965577926900e+01 2.016645773475356407e+01 2.016777771123986085e+01 4.913650310916469088e+00 4.914295921896367325e+00
2.309328895889906619e+01 2.309595177820093070e+01 2.042633169323313425e+01 2.042741172907733471e+01 5.197612813141668120e+00 5.198346264953591422e+00
2.310467830234696507e+01 2.310725745773420314e+01 2.052898328125376182e+01 2.052981076329730570e+01 5.457666099243986046e+00 5.458494376632986089e+00
2.292247370086516511e+01 2.292496396035052086e+01 2.047800183831131804e+01 2.047856953045091188e+01 5.688640983079313429e+00 5.689570460664660878e+00
2.255202424516008719e+01 2.255442181965614878e+01 2.027631616161570349e+01 2.027662172675278995e+01 5.884607180079080457e+00 5.885643110936132238e+00
2.199913296143721553e+01 2.200143443844483926e+01 1.992600707536624327e+01 1.992605284125750131e+01 6.038839835942844125e+00 6.039985681208902335e+00
2.127007501004875323e+01 2.127227647040077230e+01 1.942820157772863965e+01 1.942799459381136273e+01 6.143818060212852927e+00 6.145074632570818096e+00
2.037166061605045186e+01 2.037375695894028382e+01 1.878305794753935487e+01 1.878261035667232548e+01 6.191275503220433407e+00 6.192639906479320722e+00
1.931132887059338543e+01 1.931331336145097666e+01 1.798985971624462010e+01 1.798918943433128703e+01 6.172330191285913870e+00 6.173794560195304371e+00
1.809725888893859747e+01 1.809912293574139142e+01 1.704724535150079845e+01 1.704637700164168734e+01 6.077728209298331130e+00 6.079278294650388936e+00
1.673848524431927842e+01 1.674021839937318745e+01 1.595360747524135547e+01 1.595257345398440307e+01 5.898241240400683871e+00 5.899854950793701036e+00
1.524500514138160057e+01 1.524659531660568845e+01 1.470769637881882019e+01 1.470653783658995550e+01 5.625257496470145391e+00 5.626903602642633118e+00
1.362786556364356194e+01 1.362929943755402107e+01 1.330945141417536171e+01 1.330821881675349871e+01 5.251593178584382571e+00 5.253230501651045437e+00
1.189921978433184258e+01 1.190048336843559440e+01 1.176105313373286521e+01 1.175980596279295831e+01 4.772519925243969396e+00 4.774097439893116857e+00
1.007234432179985717e+01 1.007342364367895726e+01 1.006813292285589334e+01 1.006693802428511653e+01 4.186946851917107359e+00 4.188405186190869323e+00
8.161609750176102906e+00 8.162491601328614621e+00 8.240996644678629579e+00 8.239924820259862059e+00 3.498615085044259665e+00 3.499889812820267121e+00
6.182401751352625041e+00 6.183074441266977139e+00 6.295630670412675656e+00 6.294751403943585011e+00 2.717074287407045041e+00 2.718101115626962105e+00
4.150992305029880036e+00 4.151446360392926138e+00 4.254198272049394269e+00 4.253572995596767825e+00 1.858150144038052343e+00 1.858871583441478847e+00
2.084364722961110861e+00 2.084593473421277210e+00 2.144750024623726770e+00 2.144424948779644957e+00 9.436272946282842078e-01 9.439997858412024767e-01
7.940806290676942474e-15 3.155736221717268316e-15 1.016652630501162224e-02 1.016652630500758034e-02 1.024677006725088980e-15 4.418989410208580102e-15
