0.000000000000000000e+00 0.000000000000000000e+00 0.000000000000000000e+00 0.000000000000000000e+00 0.000000000000000000e+00 0.000000000000000000e+00
-9.158733888327100958e-13 -1.481007843765159896e-08 8.756229458297583034e-09 2.574345322819941006e-14 -5.891036901956154558e-10 5.891587375947858727e-10
-8.007684499945582418e-13 -3.676760492399347319e-09 2.170992841401333295e-09 5.306909435732934009e-14 -2.936883886357900659e-10 2.937839772080531986e-10
-1.155125769502448527e-12 -1.643222070057751224e-09 9.681355294778842907e-10 7.850120150361613347e-14 -1.962341423709358370e-10 1.963855440768635026e-10
-1.310533409926316403e-12 -9.321096394981063528e-10 5.474175625973612325e-10 1.025131847761298809e-13 -1.478231758109448833e-10 1.480416409705225891e-10
-1.325598636916839836e-12 -5.956281561936746575e-10 3.484523892865884834e-10 1.161562408878685299e-13 -1.190258270821989568e-10 1.193060923920560474e-10
-1.066799061459257471e-12 -4.062420159585651901e-10 2.366096392962836644e-10 1.340233640225634602e-13 -9.919847335391451896e-11 9.950850395973379433e-11
-1.070710637184737107e-12 -2.988628462034739623e-10 1.729485725151844070e-10 1.740027885472814226e-13 -8.513834130792698656e-11 8.551659833431405934e-11
-1.047711020154539521e-12 -2.269182643467749049e-10 1.303323233390379982e-10 2.195142282089128211e-13 -7.496704354312078641e-11 7.538607916008550718e-11
-1.074828933399172917e-12 -1.772687490452050785e-10 1.012313931967222050e-10 2.026877375923308544e-13 -6.686853097643970804e-11 6.735076677854357667e-11
-1.052077547164326204e-12 -1.431627192887422295e-10 8.102913154205162288e-11 2.460945468166372823e-13 -6.078704095111225136e-11 6.132026954238678164e-11
-1.030445971629842441e-12 -1.171558511503934053e-10 6.570765454649751375e-11 2.696200200664991696e-13 -5.563736693617037532e-11 5.621769868795831855e-11
-1.089642653380085261e-12 -9.914719690800441562e-11 5.507593034851690733e-11 2.937392311444685145e-13 -5.159815124597707063e-11 5.224912817743004872e-11
-1.105797493780954610e-12 -8.313632141067261961e-11 4.564437947269615248e-11 3.198379091456001405e-13 -4.790326402206713127e-11 4.861123808867326854e-11
-1.130450743773806201e-12 -7.080249263345605804e-11 3.846172785970360034e-11 3.344544505294338084e-13 -4.500830654064522838e-11 4.577890449021640510e-11
-1.145069385922160592e-12 -6.075041152465794901e-11 3.250500450277148268e-11 3.717405931345619013e-13 -4.250645215833885231e-11 4.334379971834306146e-11
-1.074517754459204528e-12 -5.223482919479431272e-11 2.755572096371223742e-11 3.908624759155913744e-13 -4.049029318836005837e-11 4.137192788353222966e-11
-1.105612428981402403e-12 -4.577493603422308580e-11 2.378245633286632881e-11 4.159191542040213891e-13 -3.876864271180910894e-11 3.971464542024946296e-11
-1.152921177047850568e-12 -4.020282267031759154e-11 2.061037062454586847e-11 4.343906244857476467e-13 -3.729289129830112590e-11 3.829133410589398712e-11
-1.113269717852802669e-12 -3.543755312899173895e-11 1.777038433834490657e-11 4.741018034983459300e-13 -3.603266126318347574e-11 3.709171553633518434e-11
-1.120096955629781656e-12 -3.191712687754192718e-11 1.577837442976915554e-11 4.831477536500261676e-13 -3.527675787074616878e-11 3.638816281309853012e-11
-1.134678267430855715e-12 -2.788242100373377376e-11 1.345564864378730486e-11 5.129291918547292428e-13 -3.424600238057505661e-11 3.540721586218253258e-11
-1.091057327817904523e-12 -2.476172952119410916e-11 1.166361149352978908e-11 5.270797313401918260e-13 -3.361080249082915392e-11 3.482092315802011746e-11
-1.089736496625986381e-12 -2.229883700594761986e-11 1.027965623095800594e-11 5.517218184443466012e-13 -3.333050233804069090e-11 3.458420662066148230e-11
-1.116603786603822784e-12 -1.997450524589777987e-11 8.964809141211674068e-12 5.651220576950781635e-13 -3.311227804807256338e-11 3.441623873187734930e-11
-1.089879202390549688e-12 -1.815014113636339678e-11 7.936127048496588679e-12 5.845519882917653315e-13 -3.321226760542593448e-11 3.456067782300990772e-11
-1.120839779190940633e-12 -1.620118202665624762e-11 6.855245771009344563e-12 5.917924761054134549e-13 -3.316686568315597615e-11 3.456599314716004219e-11
-1.124290608691828682e-12 -1.460530287554036747e-11 5.991324470885218840e-12 6.018991939474457798e-13 -3.358372925395668385e-11 3.501266982153893696e-11
-1.122642127715222951e-12 -1.295601741954562970e-11 5.048618313115397924e-12 6.143436082837276880e-13 -3.403287605217690231e-11 3.550096483644049330e-11
-1.138611501560493381e-12 -1.162605300765757993e-11 4.351410344242181280e-12 6.116264587499730252e-13 -3.480903789757638431e-11 3.630624773430794013e-11
-1.142230946900768930e-12 -1.055719090089256089e-11 3.761782079645902459e-12 6.069338790374230660e-13 -3.602265379185791498e-11 3.755414009806257278e-11
-1.158985047369122842e-12 -9.650963592044174409e-12 3.310029263257574415e-12 5.973293269104814191e-13 -3.767125192390499599e-11 3.922876156905265202e-11
-1.172897119618483434e-12 -8.700907312120524021e-12 2.809230955928053150e-12 5.910282985192263272e-13 -3.962276273320393758e-11 4.120205291152592473e-11
-1.189054668621336394e-12 -7.996768386401168853e-12 2.441553085867124869e-12 5.753876648868766091e-13 -4.241109122236680409e-11 4.401914242105971744e-11
-1.195763609976533890e-12 -7.282904626141629042e-12 2.101104777637257309e-12 5.482665684686821378e-13 -4.618573653646027504e-11 4.780466041531552149e-11
-1.202790515624422995e-12 -6.519632738509689173e-12 1.701815369798321033e-12 5.253241811453464232e-13 -5.077433679785333594e-11 5.241113852210270330e-11
-1.236477962104136757e-12 -5.958436959470653023e-12 1.433525371109854809e-12 4.961374901574254653e-13 -5.764588087018557340e-11 5.929766342745570774e-11
-1.223951646146777221e-12 -5.458886115269919450e-12 1.217000864988827184e-12 4.491142643865588390e-13 -6.749749759736035291e-11 6.915257266770365427e-11
-1.267323596330195597e-12 -4.973586239839704863e-12 1.001875411583608428e-12 4.108694457177066491e-13 -8.267502832909798605e-11 8.434076036190332044e-11
-1.304159811486218933e-12 -4.504722493392425977e-12 7.990419316732985715e-13 3.637229134815315396e-13 -1.096946582485250178e-10 1.113632208044295540e-10
-1.329722102589329483e-12 -4.168804730785251191e-12 6.761959274884363122e-13 2.987335621411322220e-13 -1.705903333011091822e-10 1.722675478130160518e-10
-1.346209971339691420e-12 -3.769808801014981088e-12 5.435107885504720449e-13 2.330872209933618641e-13 -4.173839962823878454e-10 4.190617567413700888e-10
-1.365804899046008619e-12 -3.476573585378157378e-12 4.501776124041050499e-13 -7.545889675972835523e-10 1.555525528158681690e-13 7.562717973627337298e-10
-1.397644213376505597e-12 -3.140367342327840003e-12 3.343282934049106636e-13 -1.873805651525838682e-10 8.238259497320939197e-14 1.890623418962683062e-10
-1.436430311571714075e-12 -2.834548457230249002e-12 2.458936511718138856e-13 -1.031743701621250154e-10 6.633230193838139502e-15 1.048601776097310168e-10
-1.451117671757602906e-12 -2.650246948557304315e-12 2.525070172468089066e-13 -6.992756172577861440e-11 -9.941659924448949660e-14 7.160572329953528791e-11
-1.474561088738959594e-12 -2.324553257723754222e-12 1.425351618441407919e-13 -5.143091253369405563e-11 -1.797532605765436098e-13 5.311153628342770419e-11
-1.504077039639266875e-12 -2.102789419802883827e-12 1.309833504977992803e-13 -4.006780789705613679e-11 -2.903461533781639887e-13 4.174827938068462826e-11
-1.522970257676634796e-12 -1.915812430256374818e-12 1.402136350104508025e-13 -3.263304930040073081e-11 -4.048535971736573294e-13 3.431120094466325605e-11
-1.534503434703357622e-12 -1.727295724603427962e-12 1.640080192557866560e-13 -2.712227792164953869e-11 -5.353159676927592549e-13 2.879686548467709639e-11
-1.585077995531902742e-12 -1.468880471325798791e-12 1.348568869361708324e-13 -2.273543682658496418e-11 -6.415687944915948559e-13 2.441223148827719811e-11
-1.588806656794360029e-12 -1.277483593040878599e-12 1.413729214589395901e-13 -1.935207137308465758e-11 -7.589267125299139074e-13 2.102856887845187567e-11
-1.613381451204847094e-12 -1.111585400662277111e-12 1.902935075228570796e-13 -1.680033494870416724e-11 -9.012587656876174644e-13 1.847587522406388348e-11
-1.612656118011004088e-12 -9.298661652476784767e-13 2.433331134548957174e-13 -1.462349291796367818e-11 -1.051988103693337764e-12 1.630173595198271321e-11
-1.628574375711729643e-12 -7.465361406363425943e-13 2.824475579418087941e-13 -1.279055736766828593e-11 -1.186615307357661042e-12 1.448190232771250137e-11
-1.630970768466334914e-12 -5.936091305914958076e-13 3.658935227219244832e-13 -1.134034824445362680e-11 -1.342778741616690236e-12 1.302066456519705085e-11
-1.639453572177819381e-12 -4.240993387140705158e-13 4.135413193844469511e-13 -9.965901447737168072e-12 -1.486012192831853451e-12 1.166825895101986846e-11
-1.616401604469904471e-12 -2.913205708657114575e-13 5.397792772762608266e-13 -8.938396955593255369e-12 -1.669575008793497166e-12 1.062909903370608469e-11
-1.615882094447569705e-12 -1.284432308334862669e-13 6.310001119715592215e-13 -7.911564120260536832e-12 -1.836334723212439687e-12 9.610604270520536182e-12
-1.605620386317237949e-12 3.467801667834216858e-14 7.200423234087330653e-13 -7.040871935186537764e-12 -2.007259161846460262e-12 8.749180300783064438e-12
-1.575910206251745859e-12 1.727205461623435710e-13 8.693633253121674258e-13 -6.294962988267063177e-12 -2.212362400984049123e-12 8.001289613415209822e-12
-1.550680181271827103e-12 3.081629339866400647e-13 1.010136250123599314e-12 -5.624540007235933037e-12 -2.408356595250371034e-12 7.335918118422163475e-12
-1.493355336219123892e-12 4.240120194128972436e-13 1.188953709588130798e-12 -5.051419068455577789e-12 -2.628006000955479981e-12 6.755882960267063681e-12
-1.461318730971731426e-12 5.643180101519893938e-13 1.354341708292356025e-12 -4.503087285123928133e-12 -2.842135227964149132e-12 6.200245228349558465e-12
-1.401389727023961105e-12 6.910484920665574065e-13 1.529094778846771763e-12 -4.002990248501981397e-12 -3.064325228164619954e-12 5.702838149390793298e-12
-1.334321156481624278e-12 7.941160852565141350e-13 1.760659185860199686e-12 -3.599138386622541334e-12 -3.328827582427315181e-12 5.288066249800387303e-12
-1.260216675830619546e-12 9.009609223758551922e-13 2.016537568405567545e-12 -3.231679789332409527e-12 -3.608289013963262311e-12 4.911294059204220917e-12
-1.190102969116883930e-12 9.992342383531259290e-13 2.272854516274146177e-12 -2.875515765598519445e-12 -3.890206313894496188e-12 4.533919725815930849e-12
-5.610015407405475563e-15 -1.500185106863395877e-15 5.783191506411262428e-15 5.473430018856531597e-16 -3.342905232966168962e-16 -3.124160011852267754e-15
-5.610015407405475563e-15 -1.500185106863395877e-15 5.783191506411262428e-15 5.473430018856531597e-16 -3.342905232966168962e-16 -3.124160011852267754e-15
-1.066011744571932207e-01 3.094451232508470095e+00 -2.173001604912116136e+00 -9.024181002288804709e-01 1.502431053961281737e-01 1.202415512370976103e+00
-2.142224213812918832e-01 6.147148160126994831e+00 -4.292769748968084720e+00 -1.798495431570315217e+00 3.007891730930719598e-01 2.354340654173796121e+00
-3.238767348590231299e-01 9.117783109234300909e+00 -6.312751955541879845e+00 -2.681828565987546487e+00 4.519341676591406287e-01 3.411941944236747570e+00
-4.365630293051516175e-01 1.196879490533323498e+01 -8.197829531456291008e+00 -3.545887751093797391e+00 6.039601694379351793e-01 4.342771701991949840e+00
-5.532592908773091844e-01 1.466640026420300380e+01 -9.926155495284913144e+00 -4.383951308647231038e+00 7.571287086765254859e-01 5.127582500497441131e+00
-6.749159543230451863e-01 1.718127855122694925e+01 -1.148830565120797154e+01 -5.189037333792665407e+00 9.116744259767096681e-01 5.759455381807645047e+00
-8.024495737579439014e-01 1.948888314783404851e+01 -1.288475080644846571e+01 -5.953832224007576279e+00 1.067799159360157235e+00 6.241250033956324827e+00
-9.367368504438297050e-01 2.156940075037354632e+01 -1.412277726635295849e+01 -6.670616037002796261e+00 1.225666551204775967e+00 6.582504260983449207e+00
-1.078609074166555937e+00 2.340741637307371548e+01 -1.521366361893274366e+01 -7.331185404710486964e+00 1.385397259787373825e+00 6.796590950187468394e+00
-1.228847027494595068e+00 2.499136283155882410e+01 -1.617049821674013188e+01 -7.926775826092064214e+00 1.547064850298333072e+00 6.898517130601369729e+00
-1.388176394240076439e+00 2.631283967266831070e+01 -1.700670032026653544e+01 -8.447986770730134154e+00 1.710692429140549864e+00 6.903428265393062979e+00
-1.557263705062719161e+00 2.736588156307874797e+01 -1.773513826591959486e+01 -8.884715330703562230e+00 1.876250073238520999e+00 6.825711310643899132e+00
-1.736712844573375270e+00 2.814624497745659681e+01 -1.836768480310053420e+01 -9.226107370706674971e+00 2.043653093150390454e+00 6.678536843635156650e+00
-1.927062135717068747e+00 2.865076929715669252e+01 -1.891505982508092742e+01 -9.460539455007767273e+00 2.212761155174749472e+00 6.473690631339929169e+00
-2.128782008847465601e+00 2.887685761873024148e+01 -1.938684437827781082e+01 -9.575650415739529464e+00 2.383378273585850415e+00 6.221578655112024236e+00
-2.342273254918696423e+00 2.882211559941672618e+01 -1.979158551474358418e+01 -9.558448214397474274e+00 2.555253669842488140e+00 5.931325271037641400e+00
-2.567865854770258860e+00 2.848418385406394648e+01 -2.013694066219414225e+01 -9.395525265042110163e+00 2.728083481328352544e+00 5.610913275907638109e+00
-2.805818369687619551e+00 2.786079950457083854e+01 -2.042983104549254136e+01 -9.073422413243809714e+00 2.901513288163070747e+00 5.267335486981600035e+00
-3.056317872384689771e+00 2.695012256879996571e+01 -2.067658745508314055e+01 -8.579185904710140420e+00 3.075141413121464495e+00 4.906741181509534755e+00
-3.319480392327662788e+00 2.575135830296130734e+01 -2.088308018522369380e+01 -7.901158957669382588e+00 3.248522936986357745e+00 4.534569243159364937e+00
-3.595351844949079556e+00 2.426569106332178549e+01 -2.105482995773440891e+01 -7.030034333472158004e+00 3.421174359984466840e+00 4.155664826934874156e+00
-3.883909410785254757e+00 2.249751163414070376e+01 -2.119709939272385313e+01 -5.960160057938285405e+00 3.592578829556829501e+00 3.774379069406654796e+00
-4.185063327897549534e+00 2.045586282174844328e+01 -2.131496597222395195e+01 -4.691032161337757245e+00 3.762191845811932112e+00 3.394652723313449805e+00
4.185795862191963757e+00 -2.045540951304395350e+01 2.131455506334337713e+01 4.690008306475486499e+00 -3.761651679440495499e+00 -3.394663653046396945e+00
4.486153418337566201e+00 -1.825621395896387256e+01 2.140916223857863088e+01 3.292395029925718308e+00 -3.921967691540550138e+00 -3.035566968974201085e+00
4.797752187859628314e+00 -1.583961169787730050e+01 2.149018075149150420e+01 1.729750198769392178e+00 -4.079608521221826045e+00 -2.684132049273991072e+00
5.120351989395842907e+00 -1.323242610005512887e+01 2.156183711228925759e+01 2.184506401829880429e-02 -4.234055367489747645e+00 -2.343075506340954739e+00
5.453664778025260951e+00 -1.046853422381562382e+01 2.162831834509579920e+01 -1.804066814901499782e+00 -4.384787233636894932e+00 -2.014937425027828688e+00
5.797357270724345923e+00 -7.588095059865704428e+00 2.169377633598664801e+01 -3.714036158727185288e+00 -4.531286251551133404e+00 -1.702102275844261214e+00
6.151053714202789457e+00 -4.635903623188617040e+00 2.176232468816559162e+01 -5.669081008453823678e+00 -4.673042908012347674e+00 -1.406813391063869600e+00
6.514338767948517628e+00 -1.659006434017719522e+00 2.183802889375791523e+01 -7.627589374431367197e+00 -4.809561099041509635e+00 -1.131181601132858372e+00
6.886760476555738641e+00 1.296100928970378430e+00 2.192489056945071013e+01 -9.548139868604728520e+00 -4.940362942571798754e+00 -8.771885509572908690e-01
7.267833306809471594e+00 4.186259557719083091e+00 2.202682646952751711e+01 -1.139230501293942943e+01 -5.064993285036543114e+00 -6.466851700246970536e-01
7.657041226506660081e+00 6.973985073656590039e+00 2.214764298387928676e+01 -1.312700562828396578e+01 -5.183023843792387453e+00 -4.413857565689316420e-01
8.053840803568615314e+00 9.629045965022791975e+00 2.229100684784121356e+01 -1.472610437634462954e+01 -5.294056934471405462e+00 -2.628581520763358381e-01
8.457664305609618793e+00 1.212915789441412073e+01 2.246041283146794498e+01 -1.617111379761804812e+01 -5.397728740227685229e+00 -1.125105249149464248e-01
8.867922781737442861e+00 1.445985586405709888e+01 2.265914923315326490e+01 -1.745108067951717956e+01 -5.493712088245947811e+00 8.424654039710452111e-03
9.284009109955771777e+00 1.661373703444472838e+01 2.289026207018764580e+01 -1.856183956842341942e+01 -5.581718707634358623e+00 9.890878136801524445e-02
9.705300995085664795e+00 1.858932083120877010e+01 2.315651892953952995e+01 -1.950488213143791683e+01 -5.661500951763941636e+00 1.581166868095664757e-01
1.013116390361923358e+01 2.038975974728612783e+01 2.346037350735480942e+01 -2.028607588449575161e+01 -5.732852977064316846e+00 1.854567583753077009e-01
1.056095392334090555e+01 2.202158069392580231e+01 2.380393191604785486e+01 -2.091441227803520064e+01 -5.795611379083354109e+00 1.805907148750218183e-01
1.099402053690253744e+01 2.349357053281947927e+01 2.418892186368459463e+01 -2.140089793012408492e+01 -5.849655295106416020e+00 1.434520593983809322e-01
1.142970929980058870e+01 2.481585983968718523e+01 2.461666580226705392e+01 -2.175764322880393919e+01 -5.894905990674090823e+00 7.426222417418207322e-02
1.186736441439022016e+01 2.599921503343665208e+01 2.508805909138419210e+01 -2.199715861824944696e+01 -2.645656553229221164e-02 -5.931325954807322276e+00
1.230633119266921760e+01 2.705452195653146319e+01 2.560355412561782984e+01 -2.213184184007014466e+01 -1.578726164437766755e-01 -5.958917535539415944e+00
1.274595840157949667e+01 2.799243080575668685e+01 2.616315122546993877e+01 -2.217362621667871281e+01 -3.188410741025723971e-01 -5.977721153375214591e+00
1.318560048552096298e+01 2.882312867843505444e+01 2.676639689385335430e+01 -2.213375642874268223e+01 -5.079058391868292999e-01 -5.987813135477950688e+00
1.362461966163005300e+01 2.955620797072255357e+01 2.741238979940619203e+01 -2.202266020695213911e+01 -7.233075108375116580e-01 -5.989303217672007129e+00
1.406238788418324326e+01 3.020060350544092032e+01 2.809979457462746311e+01 -2.184988899327857936e+01 -9.629975292933413700e-01 -5.982331764710870914e+00
1.449828867521946663e+01 3.076457669347145796e+01 2.882686322573137971e+01 -2.162410604506703038e+01 -1.224658423820531361e+00 -5.967066761677802589e+00
1.493171881915522192e+01 3.125573019871920266e+01 2.959146365964181058e+01 -2.135310561032687104e+01 -1.505729801542749158e+00 -5.943700630862506884e+00
1.536208991980475957e+01 3.168104100475616036e+01 3.039111456047743687e+01 -2.104385121712246587e+01 -1.803439456756535719e+00 -5.912446929006018870e+00
1.578882981880430592e+01 3.204690333561947568e+01 3.122302561134533860e+01 -2.070252465814824205e+01 -2.114838756614743964e+00 -5.873536979457665730e+00
1.621138387499170364e+01 3.235917560766281298e+01 3.208414187286996366e+01 -2.033457995722160661e+01 -2.436841283246972800e+00 -5.827216492584235574e+00
1.662921610481791035e+01 3.262322760533074728e+01 3.297119100905909761e+01 -1.994479859913600350e+01 -2.766263595974118861e+00 -5.773742225765236213e+00
1.704181018435832939e+01 3.284398552273580663e+01 3.388073199991283957e+01 -1.953734372977234202e+01 -3.099866926545014056e+00 -5.713378731563013346e+00
1.744867031397041401e+01 3.302597352769628714e+01 3.480920399885094696e+01 -1.911581202256929046e+01 -3.434398635818050938e+00 -5.646395239240812991e+00
1.784932194709519848e+01 3.317335119759844275e+01 3.575297407617777168e+01 -1.868328257297381256e+01 -3.766632337027894462e+00 -5.573062710796178543e+00
1.824331238514570330e+01 3.328994663625677219e+01 3.670838272731348439e+01 -1.824236261396551839e+01 -4.093405719037781942e+00 -5.493651108161358820e+00
1.863021124085578251e+01 3.337928537576149779e+01 3.767178620288743929e+01 -1.779523011167917446e+01 -4.411655269751489250e+00 -5.408426903285550758e+00
1.900961077288386392e+01 3.344461534735159347e+01 3.863959492177400534e+01 -1.734367345140567096e+01 -4.718447290373678271e+00 -5.317650857545038967e+00
1.938112609488159421e+01 3.348892830687672273e+01 3.960830744236065470e+01 -1.688912849778419911e+01 -5.011004790551637278e+00 -5.221576091419041887e+00
1.974439526264472633e+01 3.351497814905017947e+01 4.057453967768685033e+01 -1.643271333519217592e+01 -5.286730048969899620e+00 -5.120446459713397402e+00
2.009907924336532048e+01 3.352529655831230571e+01 4.153504923488242895e+01 -1.597526098378926918e+01 -5.543222802411775341e+00 -5.014495241904191936e+00
2.044486177140428396e+01 3.352220643495039099e+01 4.248675492984283864e+01 -1.551735035631516091e+01 -5.778294180323842788e+00 -4.903944151499502802e+00
2.078144909538773177e+01 3.350783351145491906e+01 4.342675166887408267e+01 -1.505933567950866347e+01 -5.989976626394420300e+00 -4.789002662767946283e+00
2.110856962182278096e+01 3.348411654146642036e+01 4.435232099772136394e+01 -1.460137455799631034e+01 -6.176530141483037362e+00 -4.669867647842382397e+00
2.142597346078557763e+01 3.345281640581158911e+01 4.526093769524659649e+01 -1.414345481181635122e+01 -6.336445243918950254e+00 -4.546723312156797370e+00
2.173343187961587830e+01 3.341552443948783235e+01 4.615027283637292044e+01 -1.368542017413545153e+01 -6.468443076250349755e+00 -4.419741411487291494e+00
2.203073667088991883e+01 3.337367024173538965e+01 4.701819377054550131e+01 -1.322699489498025471e+01 -6.571473095865593805e+00 -4.289081729612688854e+00
2.231769944127865557e+01 3.332852918969964406e+01 4.786276146240727059e+01 -1.276780726105733521e+01 -6.644708775182133209e+00 -4.154892791845195887e+00
2.259415082821368514e+01 3.328122983550625236e+01 4.868222562548366739e+01 -1.230741201162631526e+01 -6.687541710190480160e+00 -4.017312786462333030e+00
2.285993965158171903e+01 3.323276132752903322e+01 4.947501805207112113e+01 -1.184531160622519685e+01 -6.699574498733054106e+00 -3.876470663431375030e+00
2.311493200792493141e+01 3.318398095977793361e+01 5.023974450743473597e+01 -1.138097628187413335e+01 -6.680612706214131613e+00 -3.732487377800092432e+00
2.335901031487500035e+01 3.313562191913985799e+01 5.097517551740732245e+01 -1.091386282505990302e+01 -6.630656190030029151e+00 -3.585477243744395803e+00
2.359207231375471991e+01 3.308830126905759528e+01 5.168023633842847175e+01 -1.044343197703454784e+01 -6.549890007723647045e+00 -3.435549364529324912e+00
2.381403003844604171e+01 3.304252818046103357e+01 5.235399636010533442e+01 -9.969164389332602738e+00 -6.438675089825766307e+00 -3.282809103556850960e+00
2.402480875877487065e+01 3.299871239659408673e+01 5.299565815405406966e+01 -9.490575049424611720e+00 -6.297538818013767248e+00 -3.127359562223027023e+00
2.422434590673194421e+01 3.295717289795157967e+01 5.360454635001589452e+01 -9.007226103505463044e+00 -6.127165613487585816e+00 -2.969303031475225119e+00
2.441258999394296225e+01 3.291814671691592764e+01 5.418009649149404083e+01 -8.518738013957369404e+00 -5.928387609765136901e+00 -2.808742385708197897e+00
2.458949952873276956e+01 3.288179783879196805e+01 5.472184399862916138e+01 -8.024799002395289094e+00 -5.702175458498538241e+00 -2.645782389925584344e+00
2.475504194117680612e+01 3.284822611665512682e+01 5.522941334543240544e+01 -7.525172744759704102e+00 -5.449629296211804252e+00 -2.480530893872080700e+00
2.490919252434660436e+01 3.281747612148436843e+01 5.570250754165762430e+01 -7.019704302052701905e+00 -5.171969883681529545e+00 -2.313099890049020058e+00
2.505193339987428658e+01 3.278954584616152346e+01 5.614089799595597441e+01 -6.508324288434633509e+00 -4.870529917539395903e+00 -2.143606416098449152e+00
2.518325251571445733e+01 3.276439518173275900e+01 5.654441482610673830e+01 -5.991051296970797857e+00 -4.546745505026777323e+00 -1.972173285907800944e+00
2.530314268377987119e+01 3.274195408632660076e+01 5.691293767349904442e+01 -5.467992621865105818e+00 -4.202147787125175782e+00 -1.798929637871394371e+00
2.541160066475178425e+01 3.272213037105105826e+01 5.724638707224405465e+01 -4.939343334126279572e+00 -3.838354691985299105e+00 -1.624011292968684073e+00
2.550862630706330592e+01 3.270481703245685168e+01 5.754471641778650337e+01 -4.405383784932637603e+00 -3.457062799183001189e+00 -1.447560919607894681e+00
2.559422174666172367e+01 3.268989906738229934e+01 5.780790457535040616e+01 -3.866475627229619683e+00 -3.060039295389294089e+00 -1.269728006445935309e+00
2.566839067355032711e+01 3.267725971291076092e+01 5.803594916467174158e+01 -3.323056461087072755e+00 -2.649114003155906172e+00 -1.090668648567768573e+00
2.573113767085237313e+01 3.266678606133331186e+01 5.822886055387081683e+01 -2.775633221922378269e+00 -2.226171466343400684e+00 -9.105451564064861447e-01
2.578246763138154307e+01 3.265837400705304816e+01 5.838665659187597612e+01 -2.224774442769868354e+00 -1.793143077962759957e+00 -7.295255005328739051e-01
2.582238525612057245e+01 3.265193248940909143e+01 5.850935810546978644e+01 -1.671101532287173175e+00 -1.351999238621677701e+00 -5.477826088868411603e-01
2.585089463886275496e+01 3.264738700206251565e+01 5.859698518323290983e+01 -1.115279219123416654e+00 -9.047415361643619258e-01 -3.654935360972321745e-01
2.586799894059196347e+01 3.264468234505758915e+01 5.864955426421257556e+01 -5.580053206664450371e-01 -4.533949393093931191e-01 -1.828385271664945966e-01
0.000000000000000000e+00 0.000000000000000000e+00 0.000000000000000000e+00 0.000000000000000000e+00 0.000000000000000000e+00 0.000000000000000000e+00
0.000000000000000000e+00 0.000000000000000000e+00 0.000000000000000000e+00 0.000000000000000000e+00 0.000000000000000000e+00 0.000000000000000000e+00
1.680137200466180047e+01 2.940284538555520299e+01 4.880760725148247303e+01 -5.274373575829108818e-01 -3.388232943190817581e-01 -1.052883421170900669e-01
1.866984733669114505e+01 2.745773801338004105e+01 4.879273911425146082e+01 -1.054348056928280375e+00 -6.095086957560245100e-01 -2.766185660938481616e-01
1.896312281584359738e+01 2.703685911674986286e+01 4.876778267989858051e+01 -1.580204223059981095e+00 -8.940130326003968841e-01 -4.299492987063138205e-01
1.900359528799414122e+01 2.681798825993462643e+01 4.873247634528312489e+01 -2.104475628206608384e+00 -1.177737888875006078e+00 -5.778173355187414817e-01
1.896586408567691251e+01 2.662677589432766467e+01 4.868645923396132957e+01 -2.626628714934258202e+00 -1.458050552231380692e+00 -7.208281343994126233e-01
1.888371388887773605e+01 2.642976326309365831e+01 4.862927645100851493e+01 -3.146125852416162605e+00 -1.731957953404479111e+00 -8.599932879439746714e-01
1.877038710860704640e+01 2.621411349325167350e+01 4.856038568339235439e+01 -3.662424893275994187e+00 -1.998777792395482145e+00 -9.940707622563228485e-01
1.863155851681198172e+01 2.597464109607227556e+01 4.847916503327335391e+01 -4.174979089947584932e+00 -2.256806289261644505e+00 -1.122908440469905011e+00
1.846972022277691750e+01 2.570943170394662047e+01 4.838492195277729024e+01 -4.683237419290025905e+00 -2.504856244548384847e+00 -1.245917254390298545e+00
1.828579017444718247e+01 2.541823877846695723e+01 4.827690313246084486e+01 -5.186645352506551454e+00 -2.741838755672493466e+00 -1.362500517139602074e+00
1.808215152157421102e+01 2.509944985133865814e+01 4.815430518253088366e+01 -5.684646094496474511e+00 -2.966619918906834297e+00 -1.472208075865939492e+00
1.785877795707547122e+01 2.475396706460070817e+01 4.801628593593054717e+01 -6.176682302881129516e+00 -3.178231104093014903e+00 -1.574536634560466553e+00
1.761652569324050077e+01 2.438192122080541324e+01 4.786197619570879880e+01 -6.662198282346453837e+00 -3.375878506578698257e+00 -1.668930467270450357e+00
1.735572165778433273e+01 2.398408960975671533e+01 4.769049174546820780e+01 -7.140642634868306082e+00 -3.558655349468772044e+00 -1.755079060481347319e+00
1.707723486570872851e+01 2.356083049210975489e+01 4.750094544067516011e+01 -7.611471331035747134e+00 -3.725897170151436733e+00 -1.832571149466960314e+00
1.678156820064732813e+01 2.311299682775311126e+01 4.729245920006414394e+01 -8.074151152217398320e+00 -3.876978789767612010e+00 -1.901106435859171606e+00
1.646943545326172398e+01 2.264136420966171670e+01 4.706417571953314649e+01 -8.528163437824686000e+00 -4.011364572047115828e+00 -1.960453253863891021e+00
1.614119827234859628e+01 2.214719814418202404e+01 4.681526973538046121e+01 -8.973008056438597890e+00 -4.128636239056381108e+00 -2.010427780713089696e+00
1.579782554016115093e+01 2.163129795385020415e+01 4.654495866870123422e+01 -9.408207504028602841e+00 -4.228478041712174118e+00 -2.050914847911086358e+00
1.543981560681384479e+01 2.109507664957031636e+01 4.625251248760490341e+01 -9.833311016748202960e+00 -4.310698896285789061e+00 -2.081850590422761549e+00
1.506818134741894077e+01 2.053957658833908795e+01 4.593726262775781777e+01 -1.024789856957121614e+01 -4.375230585583156362e+00 -2.103227680839022007e+00
1.468360089328422191e+01 1.996631784787039621e+01 4.559860981377673994e+01 -1.065158461493263253e+01 -4.422062090987346927e+00 -2.115162929489050381e+00
1.428694467494034015e+01 1.937676847138548197e+01 4.523603062319049428e+01 -1.104402139698425067e+01 -4.451353984575741940e+00 -2.117783174618701025e+00
1.387929775024751500e+01 1.877231741481837446e+01 4.484908262998022366e+01 -1.142490165629302190e+01 -4.463324649863371185e+00 -2.111337558893641830e+00
1.346151794856634076e+01 1.815470949209823104e+01 4.443740795478812800e+01 -1.179396051575988302e+01 -4.458386787963059206e+00 -2.096057617456256406e+00
1.303466547929289021e+01 1.752560652500271843e+01 4.400073503223282501e+01 -1.215097630984455002e+01 -4.436968442033098370e+00 -2.072330849867173530e+00
1.259982711847727188e+01 1.688675147394262410e+01 4.353887838043500125e+01 -1.249577008402384415e+01 -4.399648142732621281e+00 -2.040558107580893399e+00
1.215809959004268137e+01 1.623997086550628666e+01 4.305173612142303341e+01 -1.282820344736322582e+01 -4.347117138511683798e+00 -2.001181802398587450e+00
1.171066631031918348e+01 1.558708132920694567e+01 4.253928495031178869e+01 -1.314817440491323630e+01 -4.280123617495894983e+00 -1.954730038483867505e+00
1.125863119993043782e+01 1.493003657507720128e+01 4.200157218179190011e+01 -1.345561072400005109e+01 -4.199511279037176692e+00 -1.901764363607503672e+00
1.080322989323392235e+01 1.427069457680783238e+01 4.143870440874612626e+01 -1.375046029347953791e+01 -4.106184978873211655e+00 -1.842898516953109134e+00
1.034564836963358303e+01 1.361097509338370060e+01 4.085083218189799936e+01 -1.403267780965213163e+01 -4.001129308809145968e+00 -1.778762463082778078e+00
9.887059669737347178e+00 1.295279708746006797e+01 4.023812995046076679e+01 -1.430220695580095658e+01 -3.885391350134380417e+00 -1.710000672626867946e+00
9.428647085846945330e+00 1.229802793575698239e+01 3.960077027689625595e+01 -1.455895701907625828e+01 -3.760012191237400270e+00 -1.637320306474354226e+00
8.971561939735693159e+00 1.164849666438214371e+01 3.893889103335050805e+01 -1.480277258775095639e+01 -3.626094937412884800e+00 -1.561401866466641142e+00
8.516904316284948706e+00 1.100598324302246489e+01 3.825255387423583642e+01 -1.503339456459127277e+01 -3.484754305055985046e+00 -1.482927549591765759e+00
8.065774912839330568e+00 1.037213623070947932e+01 3.754169171848791109e+01 -1.525041017771311225e+01 -3.337079572005972050e+00 -1.402595894015659317e+00
7.619161212320838317e+00 9.748556059359904324e+00 3.680604221010017341e+01 -1.545318891245396919e+01 -3.184175099292048117e+00 -1.321058883945992246e+00
7.178016793468892764e+00 9.136685667571921243e+00 3.604506307869945658e+01 -1.564080024832738580e+01 -3.027088366679504983e+00 -1.238971965445287760e+00
6.743188567998820382e+00 8.537854240970787600e+00 3.525782388592195105e+01 -1.581190765658484487e+01 -2.866848091221559258e+00 -1.156934800172836120e+00
6.315456286981892653e+00 7.953210270820291861e+00 3.444286667300502813e+01 -1.596463135091071095e+01 -2.704417022050034980e+00 -1.075518550845327548e+00
5.895477254130050859e+00 7.383751542302014137e+00 3.359802532971591660e+01 -1.609636959552756608e+01 -2.540704344097295397e+00 -9.952351329941196978e-01
5.483808793393833092e+00 6.830280036230012009e+00 3.272018984817956522e+01 -1.620356472503035050e+01 -2.376525332349646913e+00 -9.165611290580065740e-01
5.080894251628590652e+00 6.293396463984045397e+00 3.180499674823527556e+01 -1.628139515933299464e+01 -2.212634953491117606e+00 -8.398899672173884001e-01
4.687038714627342451e+00 5.773508715163747418e+00 3.084642066447243991e+01 -1.632336840593927718e+01 -2.049681934372764580e+00 -7.655660991595069076e-01
4.302434332526489769e+00 5.270794725852693929e+00 2.983623445625682180e+01 -1.632078241742775759e+01 -1.888228255578385362e+00 -6.938564209483634171e-01
3.927129246127152307e+00 4.785226115948618464e+00 2.876329716524168134e+01 -1.626201463890327048e+01 -1.728721018561609091e+00 -6.249721361141746812e-01
3.561054240238556989e+00 4.316538736953775768e+00 2.761262371429031148e+01 -1.613159265241732854e+01 -1.571530113868900180e+00 -5.590277243944011820e-01
3.203991663695235026e+00 3.864265778514209604e+00 2.636419521206813599e+01 -1.590900529764582849e+01 -1.416893729211589514e+00 -4.960950116870230242e-01
2.855610128576361095e+00 3.427710024129216215e+00 2.499150208113856309e+01 -1.556724650282040301e+01 -1.264973251133832965e+00 -4.361507668178874475e-01
2.515434280063895134e+00 3.005985978859504915e+00 2.345991192020311544e+01 -1.507118375307430291e+01 -1.115810465303560983e+00 -3.791248474969043936e-01
2.182895035663942274e+00 2.597986393981439157e+00 2.172519220652710104e+01 -1.437608131844438475e+01 -9.693738291872994184e-01 -3.248620012706902038e-01
1.857288297600325100e+00 2.202445017762590940e+00 1.973300987852989152e+01 -1.342710029680435468e+01 -8.255397174188292553e-01 -2.731512577654644502e-01
1.537816369097579239e+00 1.817921085727258523e+00 1.742109353626943147e+01 -1.216146122339527302e+01 -6.840917098543299879e-01 -2.237396411865574253e-01
1.223595471179135696e+00 1.442821812606739584e+00 1.472688977826437906e+01 -1.051610077764400586e+01 -5.447689684860895776e-01 -1.762989236784313907e-01
9.136336160585019073e-01 1.075458208967725593e+00 1.160411194662868795e+01 -8.444220869620142622e+00 -4.072598961023801700e-01 -1.304489666209861787e-01
6.068312944593708957e-01 7.140812718088767053e-01 8.049197731006039191e+00 -5.941746565068215524e+00 -2.712976471557146385e-01 -8.568079762599103977e-02
3.017645568769570796e-01 3.571384123251879483e-01 4.130372196230475801e+00 -3.076389420555419640e+00 -1.369129785686019618e-01 -4.112363665551006797e-02
-5.873425315330989198e-15 3.956393892337652497e-15 1.027365803909506545e-14 -7.084315222879713840e-15 4.457928953525407193e-16 -1.102437856457778482e-15
-5.873425315330989198e-15 3.956393892337652497e-15 1.027365803909506545e-14 -7.084315222879713840e-15 4.457928953525407193e-16 -1.102437856457778482e-15
-2.916184459996150167e-10 2.913570001381276749e-10 -1.058995205929822049e-13 9.242487312981563100e-14 2.229017074492759737e-10 -2.229225377709466790e-10
-1.466535490976209663e-10 1.462341747514938848e-10 -1.651344768815664010e-13 1.426570593274823652e-13 1.115563047185819951e-10 -1.115949292714900939e-10
-9.666514659194094448e-11 9.611842445252685587e-11 -2.360886126786732979e-13 2.032598185186002683e-13 7.449115839847199315e-11 -7.459227796536255599e-11
-7.177049651657112932e-11 7.104432698735344680e-11 -3.396226371394866573e-13 2.904493558798629507e-13 5.619172811682258642e-11 -5.628373736223590031e-11
-5.787103110892809020e-11 5.698600342178212937e-11 -4.235369988744565074e-13 3.809101218342645449e-13 4.469678718939207247e-11 -4.481679019328282999e-11
-4.789730468209009437e-11 4.695792526939039442e-11 -5.076602064844229024e-13 4.491957452997314717e-13 3.722312750429072247e-11 -3.742869272524996453e-11
-4.036221253837146525e-11 3.943591334984340724e-11 -6.017884936161452156e-13 5.400749871090995965e-13 3.200635743668869645e-11 -3.223358210588233141e-11
-3.576267042876053812e-11 3.472526097489550500e-11 -6.413504301988014041e-13 6.150657386675776390e-13 2.788918706749456718e-11 -2.816714293295860754e-11
-3.164958062522829022e-11 3.055509019267722058e-11 -7.540440280299904396e-13 7.283619618182984250e-13 2.505660830912455061e-11 -2.535954872602810855e-11
-2.828795992234647014e-11 2.729093782906723212e-11 -8.083906181027537943e-13 7.990662754873202681e-13 2.249994905676509131e-11 -2.286937884171434444e-11
-2.573307811683748206e-11 2.470347322042231483e-11 -8.726439858640227279e-13 9.127153967441827198e-13 2.034836001804543897e-11 -2.075800062835359676e-11
-2.331978808510519181e-11 2.230671467984687717e-11 -9.774868166763095895e-13 1.019888194965888430e-12 1.879439654391270396e-11 -1.926301342297580209e-11
-2.152841697587596522e-11 2.057774404836889337e-11 -1.008864246560902732e-12 1.117703449922683196e-12 1.729823596017884729e-11 -1.780341505193134844e-11
-2.001171654533422425e-11 1.909026972810699564e-11 -1.071395730797054817e-12 1.227913551613614497e-12 1.615448028749210686e-11 -1.674731444248561283e-11
-1.832159135445258769e-11 1.755698727294966032e-11 -1.110573123258350994e-12 1.297241746673273885e-12 1.511649618626921410e-11 -1.573895789830687257e-11
-1.711564714684631338e-11 1.640290401804274685e-11 -1.203899793801705485e-12 1.465880834459343531e-12 1.415393707119494303e-11 -1.483840073062101930e-11
-1.610425748843459661e-11 1.546614542176055037e-11 -1.191325804556649140e-12 1.512077663964385565e-12 1.343089987947496874e-11 -1.418960921513020666e-11
-1.532889939996956062e-11 1.470799791672884369e-11 -1.245326785865203807e-12 1.655122543428983214e-12 1.267422255206875241e-11 -1.348932150494034366e-11
-1.449534282509056731e-11 1.398894279071970760e-11 -1.243649457560962471e-12 1.722072185659169326e-12 1.210822961267322747e-11 -1.299489489245435846e-11
-1.382272156036967467e-11 1.339143461453999608e-11 -1.317395205831639754e-12 1.885198701730118268e-12 1.156396717373832988e-11 -1.252481895280909944e-11
-1.300399014647051715e-11 1.268047121827447221e-11 -1.285452093253982779e-12 1.925142834893133874e-12 1.112825549859175642e-11 -1.210911448131559592e-11
-1.243308490529712547e-11 1.218494817776576830e-11 -1.334284594614768733e-12 2.050296138473717647e-12 1.073314291341165089e-11 -1.177644890303567261e-11
-1.196934796035669559e-11 1.182893943553726031e-11 -1.334962686121810809e-12 2.161391746778534343e-12 1.033568097452913915e-11 -1.144780867899742211e-11
-1.153770981635466207e-11 1.143947336354970578e-11 -1.319460938076372877e-12 2.261069295809559741e-12 1.000855262797441557e-11 -1.116436566276054688e-11
-1.114102680659035434e-11 1.108143049358496621e-11 -1.322063799185561418e-12 2.366209361556715124e-12 9.724352155505911146e-12 -1.092748596487290533e-11
-1.070808231186171896e-11 1.078344907788968795e-11 -1.321341517922357300e-12 2.450301997147809873e-12 9.499512110562247210e-12 -1.074111772850750235e-11
-1.035669867533312612e-11 1.043319463512106667e-11 -1.292533821125445554e-12 2.542742028338697332e-12 9.303419269133914532e-12 -1.056171309015524411e-11
-1.011745302934679252e-11 1.025743632396627734e-11 -1.210481347735411602e-12 2.612229696210856761e-12 9.136593785782910891e-12 -1.044599528914636955e-11
-9.845083652022922672e-12 1.002122766211462791e-11 -1.159153978467808948e-12 2.703786840545599776e-12 8.982854538680081017e-12 -1.033253850917270260e-11
-9.490559061943968391e-12 9.749443614613921621e-12 -1.102189593712932716e-12 2.754665263717538883e-12 8.877561577267251663e-12 -1.023573197974026430e-11
-9.277547469975046952e-12 9.501890325105865589e-12 -1.054377496657875253e-12 2.844992355583592849e-12 8.776819445242235076e-12 -1.014551124310076799e-11
-9.084271762668723269e-12 9.330502588119249455e-12 -9.279138860637255227e-13 2.885673159371283814e-12 8.677259327869990113e-12 -1.007947620382602579e-11
-8.972202720774882636e-12 9.160259462127114088e-12 -8.111454005426154389e-13 2.991911449441991906e-12 8.609968357062391504e-12 -1.003938797540225508e-11
-8.740278129420668189e-12 8.985901550737944057e-12 -6.832019901605862457e-13 2.999278297505796753e-12 8.570169382054948387e-12 -1.001563973116141208e-11
-8.628484401260987690e-12 8.839326754042621689e-12 -6.063501220486590631e-13 3.088112914251604546e-12 8.615311170106464365e-12 -1.007235751452694862e-11
-8.498709091965240219e-12 8.645400694030943427e-12 -4.453256189949577214e-13 3.145300122590599791e-12 8.551849417957365916e-12 -1.003364643388401885e-11
-8.269696356741971232e-12 8.493444694687724224e-12 -3.682342989468819960e-13 3.149775484827190977e-12 8.561532346630734952e-12 -1.004392691337153962e-11
-8.244427959958389295e-12 8.397338978051420061e-12 -2.220395294559031985e-13 3.199545904870333716e-12 8.609195319967176110e-12 -1.011256204235667691e-11
-8.213788550981240833e-12 8.260900745639740855e-12 -6.075656021428473637e-14 3.275696155192984618e-12 8.645389960056406445e-12 -1.018524611879824307e-11
-8.156132384462072236e-12 8.155337912167055633e-12 9.915884429854102409e-14 3.301144570599365237e-12 8.676211569859998976e-12 -1.025157871019727447e-11
-8.079629613162074225e-12 8.041038465128637973e-12 2.007752166278049996e-13 3.373965448460836004e-12 8.713565981477799301e-12 -1.031190649652930346e-11
-7.962452713542305142e-12 7.997948990998699831e-12 2.782057768463144009e-13 3.348790670531336371e-12 8.770866042834042173e-12 -1.038218650309350949e-11
-7.980158434754405897e-12 7.924721025789833861e-12 3.979448262939501172e-13 3.424769921606979963e-12 8.853951053937408849e-12 -1.051240303982026187e-11
-7.963848364918941574e-12 7.866911380716484498e-12 5.635320816695543601e-13 3.418615201865829346e-12 8.889549122479890989e-12 -1.059000946629868249e-11
-7.990961980330161268e-12 7.777754283146326399e-12 7.035066472649541466e-13 3.468211779911021013e-12 9.001438407845379523e-12 -1.074628948318646874e-11
-7.976169075899607991e-12 7.781244981700524970e-12 7.720261657154172437e-13 3.473711838224403824e-12 9.093018443602428709e-12 -1.087935465730023357e-11
-7.936401559198725893e-12 7.735656196103023297e-12 8.114560469345253969e-13 3.525924507297290588e-12 9.156635508132054885e-12 -1.097718893794309274e-11
-1.538084005437002360e-12 1.240546463512458142e-12 4.897847270949905837e-12 -3.928490903897717425e-13 -1.253644637122579609e-12 -6.345337309067753357e-13
-1.538084005437002360e-12 1.240546463512458142e-12 4.897847270949905837e-12 -3.928490903897717425e-13 -1.253644637122579609e-12 -6.345337309067753357e-13
2.498520784355244828e+00 2.499006114108615062e+00 -2.184539965099895564e+00 -2.184963401004766936e+00 3.671134513392251275e-01 3.671398207373636202e-01
4.961260891666470663e+00 4.962213713659965997e+00 -4.337194515205868406e+00 -4.338022058153096161e+00 7.340776559815176405e-01 7.341310051783955792e-01
7.353853618632866684e+00 7.355239910932554359e+00 -6.427476830212961900e+00 -6.428671502776033719e+00 1.100708749071728443e+00 1.100790300322543214e+00
9.644609887677956905e+00 9.646382481284520694e+00 -8.427545636306206234e+00 -8.429055904740412331e+00 1.466753462216883630e+00 1.466865052126809177e+00
1.180550398545028301e+01 1.180760651392119698e+01 -1.031317161278842498e+01 -1.031493541995855878e+01 1.831853540578383122e+00 1.831997623056510038e+00
1.381280956943799865e+01 1.381518076867485334e+01 -1.206435005184444442e+01 -1.206629922989091241e+01 2.195509074324265342e+00 2.195688722968190287e+00
1.564737033932596866e+01 1.564994816261551769e+01 -1.366554272625348077e+01 -1.366760725560399514e+01 2.557040337686209419e+00 2.557259246090307414e+00
1.729454073355017130e+01 1.729726586477164219e+01 -1.510558281062835562e+01 -1.510769451013975129e+01 2.915547699032397411e+00 2.915810176900980988e+00
1.874386705784690577e+01 1.874668556923748852e+01 -1.637731167847684333e+01 -1.637940707532527895e+01 3.269869140975403266e+00 3.270180103129826765e+00
1.998859538499812416e+01 1.999146045024764362e+01 -1.747703228329164560e+01 -1.747905457597969914e+01 3.618534922831937894e+00 3.618899867165832340e+00
2.102509155966153287e+01 2.102796426659437756e+01 -1.840386283205149809e+01 -1.840576299381346459e+01 3.959718947735321404e+00 3.960143916823581023e+00
2.185224597597580143e+01 2.185509537121232171e+01 -1.915906189262206638e+01 -1.916079905116997750e+01 4.291186492349009285e+00 4.291678011670799542e+00
2.247091741567781398e+01 2.247371995677817580e+01 -1.974537794940189173e+01 -1.974691922275809830e+01 4.610238161886148767e+00 4.610803145393355784e+00
2.288345105779434263e+01 2.288618965577926900e+01 -2.016645773475356407e+01 -2.016777771123986085e+01 4.913650310916469088e+00 4.914295921896367325e+00
2.309328895889906619e+01 2.309595177820093070e+01 -2.042633169323313425e+01 -2.042741172907733471e+01 5.197612813141668120e+00 5.198346264953591422e+00
2.310467830234696507e+01 2.310725745773420314e+01 -2.052898328125376182e+01 -2.052981076329730570e+01 5.457666099243986046e+00 5.458494376632986089e+00
2.292247370086516511e+01 2.292496396035052086e+01 -2.047800183831131804e+01 -2.047856953045091188e+01 5.688640983079313429e+00 5.689570460664660878e+00
2.255202424516008719e+01 2.255442181965614878e+01 -2.027631616161570349e+01 -2.027662172675278995e+01 5.884607180079080457e+00 5.885643110936132238e+00
2.199913296143721553e+01 2.200143443844483926e+01 -1.992600707536624327e+01 -1.992605284125750131e+01 6.038839835942844125e+00 6.039985681208902335e+00
2.127007501004875323e+01 2.127227647040077230e+01 -1.942820157772863965e+01 -1.942799459381136273e+01 6.143818060212852927e+00 6.145074632570818096e+00
2.037166061605045186e+01 2.037375695894028382e+01 -1.878305794753935487e+01 -1.878261035667232548e+01 6.191275503220433407e+00 6.192639906479320722e+00
1.931132887059338543e+01 1.931331336145097666e+01 -1.798985971624462010e+01 -1.798918943433128703e+01 6.172330191285913870e+00 6.173794560195304371e+00
1.809725888893859747e+01 1.809912293574139142e+01 -1.704724535150079845e+01 -1.704637700164168734e+01 6.077728209298331130e+00 6.079278294650388936e+00
1.673848524431927842e+01 1.674021839937318745e+01 -1.595360747524135547e+01 -1.595257345398440307e+01 5.898241240400683871e+00 5.899854950793701036e+00
1.524500514138160057e+01 1.524659531660568845e+01 -1.470769637881882019e+01 -1.470653783658995550e+01 5.625257496470145391e+00 5.626903602642633118e+00
1.362786556364356194e+01 1.362929943755402107e+01 -1.330945141417536171e+01 -1.330821881675349871e+01 5.251593178584382571e+00 5.253230501651045437e+00
1.189921978433184080e+01 1.190048336843559262e+01 -1.176105313373286521e+01 -1.175980596279295654e+01 4.772519925243969396e+00 4.774097439893116857e+00
1.007234432179985539e+01 1.007342364367895549e+01 -1.006813292285589156e+01 -1.006693802428511475e+01 4.186946851917107359e+00 4.188405186190869323e+00
8.161609750176099354e+00 8.162491601328611068e+00 -8.240996644678626026e+00 -8.239924820259858507e+00 3.498615085044259665e+00 3.499889812820267121e+00
6.182401751352617048e+00 6.183074441266969146e+00 -6.295630670412669438e+00 -6.294751403943578794e+00 2.717074287407044153e+00 2.718101115626961661e+00
4.150992305029851615e+00 4.151446360392897716e+00 -4.254198272049372065e+00 -4.253572995596745621e+00 1.858150144038050122e+00 1.858871583441476627e+00
2.084364722960887040e+00 2.084593473421053389e+00 -2.144750024623562457e+00 -2.144424948779480200e+00 9.436272946282663332e-01 9.439997858411846021e-01
-5.610015407405475563e-15 -1.500185106863395877e-15 5.783191506411262428e-15 5.473430018856531597e-16 -3.342905232966168962e-16 -3.124160011852267754e-15
