0.000000000000000000e+00 0.000000000000000000e+00 0.000000000000000000e+00 0.000000000000000000e+00 0.000000000000000000e+00 0.000000000000000000e+00
4.615201886917604668e+01 4.615201991807977322e+01 7.804174567424954034e+01 -6.402878411042630669e-01 -6.402695555632595958e-01 -4.056271676351118072e-01
4.611219815429603130e+01 4.611220234717241340e+01 7.802635886904816687e+01 -1.278887277250161159e+00 -1.278850686470408560e+00 -8.116432707764872356e-01
4.604573544230014193e+01 4.604574486170471914e+01 7.800073657036304553e+01 -1.914111734617402361e+00 -1.914056799852548396e+00 -1.218428142280210791e+00
4.595248985846631484e+01 4.595250656731685268e+01 7.796490944327666739e+01 -2.544278344257221658e+00 -2.544205009011319962e+00 -1.626343600156633151e+00
4.583226697884579437e+01 4.583229301203275696e+01 7.791891469251108049e+01 -3.167709901059484245e+00 -3.167618093037130933e+00 -2.035724912960233723e+00
4.568482162678777314e+01 4.568485898286408542e+01 7.786279052592519179e+01 -3.782736950662043185e+00 -3.782626584371086231e+00 -2.446872823311970091e+00
4.550986145922168902e+01 4.550991209157523087e+01 7.779656929944172816e+01 -4.387700047078097576e+00 -4.387571027085655828e+00 -2.860046300383660256e+00
4.530705133643049010e+01 4.530711714426696801e+01 7.772026953383549142e+01 -4.980952223832955106e+00 -4.980804448674365226e+00 -3.275456179506921917e+00
4.507601846781898303e+01 4.507610128663577598e+01 7.763388702648997253e+01 -5.560861721302090110e+00 -5.560695088039689260e+00 -3.693259831688925132e+00
4.481635832365983418e+01 4.481645991533616780e+01 7.753738530933799211e+01 -6.125815012641991686e+00 -6.125629422067337515e+00 -4.113556988006993542e+00
4.452764130152806388e+01 4.452776334394065572e+01 7.743068572661968574e+01 -6.674220170102685756e+00 -6.674015532570291676e+00 -4.536386823932771151e+00
4.420942013365075240e+01 4.420956420984396118e+01 7.731365742190453716e+01 -7.204510612477582399e+00 -7.204286854351813041e+00 -4.961726386954296686e+00
4.386123801897495866e+01 4.386140560586380133e+01 7.718610753314150941e+01 -7.715149272836934635e+00 -7.714906343525122168e+00 -5.389490427789120019e+00
4.348263746047513933e+01 4.348282991714437173e+01 7.704777189650042146e+01 -8.204633223333710035e+00 -8.204371102867934695e+00 -5.819532671394129331e+00
4.307316978431546062e+01 4.307338833993578220e+01 7.689830655464689357e+01 -8.671498790570534965e+00 -8.671217497688276765e+00 -6.251648539261539739e+00
4.263240531247269161e+01 4.263265105392471810e+01 7.673728035282479709e+01 -9.114327190560910452e+00 -9.114026791220089407e+00 -6.685579309524573688e+00
4.215994415424507480e+01 4.216021801354278864e+01 7.656416888691539668e+01 -9.531750706471232348e+00 -9.531431322718814769e+00 -7.121017676549223019e+00
4.165542757438766586e+01 4.165573031601247322e+01 7.637835004193418342e+01 -9.922459424851052034e+00 -9.922121243945703384e+00 -7.557614647313386946e+00
4.111854988612456197e+01 4.111888209443391418e+01 7.617910132777532795e+01 -1.028520853669375690e+01 -1.028485182036313894e+01 -7.994987688306393281e+00
4.054907080590272273e+01 4.054943287277885844e+01 7.596559918222084207e+01 -1.061882619817933993e+01 -1.061845129187110892e+01 -8.432730014231575311e+00
3.994682819302103383e+01 3.994722030596002327e+01 7.573692037008474642e+01 -1.092222193211378212e+01 -1.092182927407680459e+01 -8.870420888754448896e+00
3.931175108118337391e+01 3.931217321206541726e+01 7.549204556296301405e+01 -1.119439553471572957e+01 -1.119398566472596102e+01 -9.307636788176038678e+00
3.864387289038598539e+01 3.864432478517426972e+01 7.522986513741307135e+01 -1.143444643339867284e+01 -1.143402000092173409e+01 -9.743963261470710790e+00
3.794334468635120317e+01 3.794382585600116897e+01 7.494918718172294803e+01 -1.164158341953108966e+01 -1.164114119109363799e+01 -1.017900730483937011e+01
3.721044833108816619e+01 3.721095804396989593e+01 7.464874765381763666e+01 -1.181513465593151402e+01 -1.181467752145593586e+01 -1.061241005599526410e+01
3.644560934236409366e+01 3.644614661851210258e+01 7.432722258654044367e+01 -1.195455783232467439e+01 -1.195408681016839836e+01 -1.104385960301574876e+01
3.564940925241774750e+01 3.564997285993109699e+01 7.398324219256487311e+01 -1.205945031359879138e+01 -1.205896655403178208e+01 -1.147310369492795701e+01
3.482259722780629119e+01 3.482318568172534867e+01 7.361540668058060533e+01 -1.212955909612858818e+01 -1.212906388298240223e+01 -1.189996213641079770e+01
3.396610068389961157e+01 3.396671224787557009e+01 7.322230355806553348e+01 -1.216479035758117888e+01 -1.216428510781121552e+01 -1.232433864722523253e+01
3.308103460040241828e+01 3.308166729145353457e+01 7.280252616461807236e+01 -1.216521835667762552e+01 -1.216470461759867483e+01 -1.274623196835294081e+01
3.216870921999661448e+01 3.216936081661997093e+01 7.235469315413105562e+01 -1.213109341278375908e+01 -1.213057285676977237e+01 -1.316574600142452134e+01
3.123063579251177657e+01 3.123130384636234425e+01 7.187746862442111251e+01 -1.206284867263046756e+01 -1.206232308911089923e+01 -1.358309877592159154e+01
3.026853001395704368e+01 3.026921186525498086e+01 7.136958257955696183e+01 -1.196110535479428627e+01 -1.196057663943597582e+01 -1.399863004987933834e+01
2.928431280544228343e+01 2.928500560219235993e+01 7.082985140312258920e+01 -1.182667615380835713e+01 -1.182614629483853186e+01 -1.441280736438919874e+01
2.828010808364120976e+01 2.828080880466229274e+01 7.025719801992333657e+01 -1.166056648693577280e+01 -1.166003754864198427e+01 -1.482623039005549437e+01
2.725823719404707646e+01 2.725894267571129959e+01 6.965067142892769425e+01 -1.146397327962541901e+01 -1.146344738315606016e+01 -1.523963342458550585e+01
2.622120971264859079e+01 2.622191667912700552e+01 6.900946530119583144e+01 -1.123828101209934438e+01 -1.123776031378509366e+01 -1.565388592472169371e+01
2.517171037209218909e+01 2.517241546879006719e+01 6.833293535263949536e+01 -1.098505479055386402e+01 -1.098454145806682725e+01 -1.606999098251921154e+01
2.411258193558012053e+01 2.411328176533814727e+01 6.762061522215766729e+01 -1.070603026260943658e+01 -1.070552644937463960e+01 -1.648908168522582329e+01
2.304680392549494172e+01 2.304749508702628447e+01 6.687223061032921123e+01 -1.040310026763214601e+01 -1.040260808599445141e+01 -1.691241532935142899e+01
2.197746721290135952e+01 2.197814634083939112e+01 6.608771146175622846e+01 -1.007829819714581454e+01 -1.007781969087289475e+01 -1.734136549246685632e+01
2.090774458644160916e+01 2.090840839229754522e+01 6.526720200464731647e+01 -1.777741200032702551e+01 -9.733778136521387125e+00 -9.733315253280911961e+00
1.984085754144137326e+01 1.984150285470954600e+01 6.441106849363210074e+01 -1.822212886148506783e+01 -9.371791963222271704e+00 -9.371346527709485841e+00
1.878003965797843478e+01 1.878066346659914743e+01 6.351990453544349435e+01 -1.867717027602195401e+01 -8.994663684940919168e+00 -8.994237373340340014e+00
1.772849706515868462e+01 1.772909655454085609e+01 6.259453391139057743e+01 -1.914425485869218946e+01 -8.604761408092915786e+00 -8.604355724538262251e+00
1.668936661221085060e+01 1.668993920204261983e+01 6.163601084488662707e+01 -1.962514824898878629e+01 -8.204467428010570273e+00 -8.204083683657541926e+00
1.566567247939198460e+01 1.566621585752063162e+01 6.064561769622724086e+01 -2.012164431068383408e+01 -7.796147021378420305e+00 -7.795786316625348711e+00
1.466028205738816048e+01 1.466079421012907424e+01 5.962486009984780111e+01 -2.063554515062693184e+01 -7.382116593872504851e+00 -7.381779804159298131e+00
1.367586199777584532e+01 1.367634123611224517e+01 5.857545959109895506e+01 -2.116864021037713073e+01 -6.964611887215133912e+00 -6.964299652706001709e+00
1.271483538503275845e+01 1.271528036628020430e+01 5.749934379981997523e+01 -2.172268470403832907e+01 -6.545756976647115977e+00 -6.545469695963768153e+00
1.177934099962551251e+01 1.177975074427001267e+01 5.639863431643050262e+01 -2.229937769099640832e+01 -6.127534790234628659e+00 -6.127272618260043657e+00
1.087119563046523041e+01 1.087156953400107717e+01 5.527563236271169700e+01 -2.290034008275231869e+01 -5.711759855122774177e+00 -5.711522704754794511e+00
9.991860353559289365e+00 9.992198193286123242e+00 5.413280242374396067e+01 -2.352709288844761204e+01 -5.300053924074258127e+00 -5.299841471673375715e+00
9.142411623660345654e+00 9.142713560507399251e+00 5.297275401952779816e+01 -2.418103600386271523e+01 -4.893825061142676347e+00 -4.893636755303813146e+00
8.323517929983919927e+00 8.323784505531257594e+00 5.179822181455186580e+01 -2.486342784363020542e+01 -4.494250672134427305e+00 -4.494085745320320235e+00
7.535422649630757697e+00 7.535654778573314339e+00 5.061204428094211494e+01 -2.557536610626739559e+01 -4.102264858543646753e+00 -4.102122341053187071e+00
6.777933597847122904e+00 6.778132556214418791e+00 4.941714114580600636e+01 -2.631776994664972236e+01 -3.718550358325420024e+00 -3.718429094035565985e+00
6.050419627746291162e+00 6.050587037224389064e+00 4.821648986594529873e+01 -2.709136381107260405e+01 -3.343535218699661193e+00 -3.343433882015683256e+00
5.351814478615073867e+00 5.351952287345930870e+00 4.701310138324606669e+01 -2.789666316654317768e+01 -2.977394230299791111e+00 -2.977311343772210961e+00
4.680627916253520482e+00 4.680738376489825825e+00 4.580999542173037753e+01 -2.873396232894364744e+01 -2.620055042839324333e+00 -2.619988994955595007e+00
4.034964055238008385e+00 4.035049698230895210e+00 4.461017559247303410e+01 -2.960332456481034313e+01 -2.271208783561382116e+00 -2.271157846290516424e+00
3.412546605285102785e+00 3.412610213764439404e+00 4.341660457528664807e+01 -3.050457460930804388e+01 -1.930324913445148560e+00 -1.930287259198947059e+00
2.810750645062539910e+00 2.810795223655204733e+00 4.223217964625430909e+01 -3.143729370921152722e+01 -1.596669983716096253e+00 -1.596643701485486400e+00
2.226640399282983296e+00 2.226669143192419043e+00 4.105970881776375592e+01 -3.240081726496807590e+01 -1.269329896820600379e+00 -1.269313007344351707e+00
1.657012380558894327e+00 1.657028642808518804e+00 3.990188785264274429e+01 -3.339423511085211516e+01 -9.472352309373353041e-01 -9.472257008584160642e-01
1.098443157660992098e+00 1.098450415188182872e+00 3.876127840624831578e+01 -3.441639443741132709e+01 -6.291891538719478483e-01 -6.291849089268355399e-01
5.473409274978121575e-01 5.473427463681481697e-01 3.764028753987133058e+01 -3.546590532638792581e+01 -3.138974289283264496e-01 -3.138963662948595079e-01
-9.474536199977103134e-16 2.360773629205704669e-15 1.016652630501162224e-02 -1.016652630500758034e-02 -9.185583027366801533e-16 3.652719022655416839e-16
-9.474536199977103134e-16 2.360773629205704669e-15 1.016652630501162224e-02 -1.016652630500758034e-02 -9.185583027366801533e-16 3.652719022655416839e-16
-2.181799979283893446e-14 -1.554811370127260060e-13 2.126610041405303833e-11 -2.104584223076958880e-11 2.416001412012311787e-14 -2.100397568234823318e-13
-4.809190921753160401e-14 -2.873353348132966201e-13 7.415449203183530820e-12 -6.994625238661717546e-12 4.913049698565639465e-14 -4.257068835262841959e-13
-6.433679205701581528e-14 -4.449231033075920024e-13 9.941483518829086600e-12 -9.295380093420514912e-12 6.918063038656074011e-14 -6.161500972100459228e-13
-9.417674242926522690e-14 -5.828024774253441598e-13 7.631684846356780355e-12 -6.800457549601836212e-12 9.575802126182261588e-14 -7.923777034291112448e-13
-1.190717287550319328e-13 -7.332976226878954457e-13 6.860018302336575521e-12 -5.866060266418008723e-12 1.190102004799134692e-13 -9.456033923030879074e-13
-1.593958189187745737e-13 -8.964165297035594382e-13 4.633631404970743495e-12 -3.531501058374945458e-12 1.483554750265094362e-13 -1.068052778304277833e-12
-1.812780148742432743e-13 -1.050717760020130407e-12 4.918039361206890874e-12 -3.628982571225558733e-12 1.720730963196206054e-13 -1.218046019429318008e-12
-1.854747140882523694e-13 -1.181179288796941061e-12 6.479076811230842077e-12 -5.021903251634513834e-12 1.828674268772144159e-13 -1.322448140034570880e-12
-2.006222277815474619e-13 -1.315811434126681778e-12 6.646495112000570326e-12 -5.058518823550433292e-12 2.018942285382456089e-13 -1.421527664987479894e-12
-2.245951155329919894e-13 -1.479630963640413047e-12 7.092546137287879767e-12 -5.394355257224394060e-12 2.236964308285205604e-13 -1.471623443378750913e-12
-2.578650485319330471e-13 -1.637080876512403853e-12 7.249758992377940032e-12 -5.416231693348688361e-12 2.452231711749729637e-13 -1.550810850903431295e-12
-2.694316186928108100e-13 -1.773308843031950665e-12 7.382758958645771872e-12 -5.411644028729229542e-12 2.677702155393981685e-13 -1.615490329085814411e-12
-2.908384408161394668e-13 -1.945584423656413122e-12 7.847374883112560833e-12 -5.764191730944800937e-12 2.814621000008161692e-13 -1.648078675156655430e-12
-3.254633880623286746e-13 -2.121243871734726112e-12 7.571277388054272940e-12 -5.322606142024240801e-12 3.009017019073278715e-13 -1.727094536696586753e-12
-3.657912577969873025e-13 -2.277183846016963385e-12 8.013108138658677794e-12 -5.676833203811999637e-12 3.252977389081502330e-13 -1.740103531247946029e-12
-3.505667218127933982e-13 -2.437742558546672355e-12 8.564924607401484541e-12 -6.023734711026247801e-12 3.251446579060757446e-13 -1.785636739096343459e-12
-3.728345796984674697e-13 -2.592668562172566205e-12 8.739825897786967114e-12 -6.047673064096845484e-12 3.391558074572048678e-13 -1.822509315969221826e-12
-4.083369096902564725e-13 -2.743164504575438051e-12 8.960214100368012765e-12 -6.136464468886117903e-12 3.561507934618354534e-13 -1.853118446225112401e-12
-4.360163039450061743e-13 -2.977830785290532825e-12 8.925486490901500126e-12 -5.912502952426402845e-12 3.657487266950651378e-13 -1.881012105329746305e-12
-4.514636063518859308e-13 -3.159366948358386518e-12 9.043137791798697005e-12 -5.868283197557022168e-12 3.849929871224585584e-13 -1.899224073316718543e-12
-4.743378325156212101e-13 -3.310031157100791049e-12 9.393730105056035529e-12 -5.985873097935704534e-12 3.852517397436118896e-13 -1.943140691990463583e-12
-4.840963276862242331e-13 -3.478936802602319383e-12 9.358739577322945224e-12 -5.776446703798054513e-12 3.906382840613806188e-13 -1.977962273021712631e-12
-5.392175330566150524e-13 -3.620688501461102608e-12 9.414540379820245784e-12 -5.637582278616296714e-12 4.165861104815662875e-13 -2.014940548855529999e-12
4.185795862191165284e+00 -2.045540951304354493e+01 2.131455506334402727e+01 4.690008306475591304e+00 -3.761651679440925822e+00 -3.394663653047099938e+00
4.486153418336740195e+00 -1.825621395896348531e+01 2.140916223857929523e+01 3.292395029925820449e+00 -3.921967691540953371e+00 -3.035566968974916957e+00
4.797752187858868922e+00 -1.583961169787693279e+01 2.149018075149213658e+01 1.729750198769408609e+00 -4.079608521222209738e+00 -2.684132049274690957e+00
5.120351989395041770e+00 -1.323242610005484110e+01 2.156183711228995037e+01 2.184506401832441227e-02 -4.234055367490136668e+00 -2.343075506341650627e+00
5.453664778024506887e+00 -1.046853422381530407e+01 2.162831834509645290e+01 -1.804066814901575277e+00 -4.384787233637247539e+00 -2.014937425028526352e+00
5.797357270723622058e+00 -7.588095059865435310e+00 2.169377633598734789e+01 -3.714036158727310077e+00 -4.531286251551454036e+00 -1.702102275844959545e+00
6.151053714202117106e+00 -4.635903623188347922e+00 2.176232468816627375e+01 -5.669081008454010195e+00 -4.673042908012634555e+00 -1.406813391064549057e+00
6.514338767947840836e+00 -1.659006434017500364e+00 2.183802889375865419e+01 -7.627589374431546609e+00 -4.809561099041825827e+00 -1.131181601133539383e+00
6.886760476555114252e+00 1.296100928970639554e+00 2.192489056945138515e+01 -9.548139868604962999e+00 -4.940362942572092742e+00 -8.771885509579326889e-01
7.267833306808788585e+00 4.186259557719318458e+00 2.202682646952821699e+01 -1.139230501293973852e+01 -5.064993285036801574e+00 -6.466851700253092305e-01
7.657041226506017040e+00 6.973985073656789879e+00 2.214764298388000796e+01 -1.312700562828425355e+01 -5.183023843792677887e+00 -4.413857565695377128e-01
8.053840803568057538e+00 9.629045965023006914e+00 2.229100684784190989e+01 -1.472610437634500258e+01 -5.294056934471650600e+00 -2.628581520768965007e-01
8.457664305608998845e+00 1.212915789441431436e+01 2.246041283146868750e+01 -1.617111379761842116e+01 -5.397728740227947242e+00 -1.125105249154913639e-01
8.867922781736920612e+00 1.445985586405734580e+01 2.265914923315396123e+01 -1.745108067951760233e+01 -5.493712088246196501e+00 8.424654039218708312e-03
9.284009109955206895e+00 1.661373703444495220e+01 2.289026207018832437e+01 -1.856183956842381022e+01 -5.581718707634647281e+00 9.890878136756454941e-02
9.705300995085131888e+00 1.858932083120899748e+01 2.315651892954018365e+01 -1.950488213143836091e+01 -5.661500951764215195e+00 1.581166868091577471e-01
1.013116390361857455e+01 2.038975974728639429e+01 2.346037350735550930e+01 -2.028607588449618504e+01 -5.732852977064601951e+00 1.854567583749228143e-01
1.056095392334033001e+01 2.202158069392605100e+01 2.380393191604859737e+01 -2.091441227803562342e+01 -5.795611379083649872e+00 1.805907148746697388e-01
1.099402053690205605e+01 2.349357053281980257e+01 2.418892186368522346e+01 -2.140089793012450770e+01 -5.849655295106744646e+00 1.434520593980833925e-01
1.142970929980006822e+01 2.481585983968746945e+01 2.461666580226770407e+01 -2.175764322880434776e+01 -5.894905990674421226e+00 7.426222417393359143e-02
1.186736441438985601e+01 2.599921503343695051e+01 2.508805909138476764e+01 -2.199715861824986973e+01 -2.645656553250474996e-02 -5.931325954807633138e+00
1.230633119266872733e+01 2.705452195653180425e+01 2.560355412561851551e+01 -2.213184184007054256e+01 -1.578726164439448743e-01 -5.958917535539741905e+00
1.274595840157914317e+01 2.799243080575705278e+01 2.616315122547050009e+01 -2.217362621667910005e+01 -3.188410741026963535e-01 -5.977721153375552099e+00
1.318560048552064679e+01 2.882312867843545590e+01 2.676639689385394405e+01 -2.213375642874304106e+01 -5.079058391869220035e-01 -5.987813135478302407e+00
1.362461966162962845e+01 2.955620797072299411e+01 2.741238979940677467e+01 -2.202266020695248727e+01 -7.233075108375587314e-01 -5.989303217672366841e+00
1.406238788418306207e+01 3.020060350544137151e+01 2.809979457462794628e+01 -2.184988899327892398e+01 -9.629975292933434794e-01 -5.982331764711219968e+00
1.449828867521928721e+01 3.076457669347190915e+01 2.882686322573194104e+01 -2.162410604506735012e+01 -1.224658423820528030e+00 -5.967066761678157860e+00
1.493171881915513488e+01 3.125573019871968583e+01 2.959146365964232928e+01 -2.135310561032716237e+01 -1.505729801542710522e+00 -5.943700630862867484e+00
1.536208991980479688e+01 3.168104100475667906e+01 3.039111456047789872e+01 -2.104385121712276430e+01 -1.803439456756461334e+00 -5.912446929006370588e+00
1.578882981880446046e+01 3.204690333562003701e+01 3.122302561134575427e+01 -2.070252465814850495e+01 -2.114838756614627613e+00 -5.873536979458032548e+00
1.621138387499203048e+01 3.235917560766340273e+01 3.208414187287035446e+01 -2.033457995722184819e+01 -2.436841283246854672e+00 -5.827216492584591734e+00
1.662921610481801693e+01 3.262322760533132282e+01 3.297119100905957367e+01 -1.994479859913622377e+01 -2.766263595973979861e+00 -5.773742225765598590e+00
1.704181018435848571e+01 3.284398552273638927e+01 3.388073199991329432e+01 -1.953734372977255163e+01 -3.099866926544858625e+00 -5.713378731563378388e+00
1.744867031397081192e+01 3.302597352769687689e+01 3.480920399885130934e+01 -1.911581202256946810e+01 -3.434398635817872858e+00 -5.646395239241176256e+00
1.784932194709593389e+01 3.317335119759902540e+01 3.575297407617809853e+01 -1.868328257297396888e+01 -3.766632337027710609e+00 -5.573062710796535590e+00
1.824331238514652043e+01 3.328994663625736905e+01 3.670838272731378993e+01 -1.824236261396565340e+01 -4.093405719037596313e+00 -5.493651108161708763e+00
1.863021124085657476e+01 3.337928537576212307e+01 3.767178620288775903e+01 -1.779523011167929880e+01 -4.411655269751284969e+00 -5.408426903285901588e+00
1.900961077288455670e+01 3.344461534735224006e+01 3.863959492177433930e+01 -1.734367345140577754e+01 -4.718447290373482872e+00 -5.317650857545383580e+00
1.938112609488266358e+01 3.348892830687736222e+01 3.960830744236088918e+01 -1.688912849778428438e+01 -5.011004790551438326e+00 -5.221576091419393606e+00
1.974439526264585965e+01 3.351497814905085448e+01 4.057453967768702086e+01 -1.643271333519225763e+01 -5.286730048969698004e+00 -5.120446459713745568e+00
2.009907924336629392e+01 3.352529655831302335e+01 4.153504923488267053e+01 -1.597526098378933490e+01 -5.543222802411586159e+00 -5.014495241904524114e+00
2.044486177140505490e+01 3.352220643495115837e+01 4.248675492984320101e+01 -1.551735035631520532e+01 -5.778294180323643836e+00 -4.903944151499848303e+00
2.078144909538912799e+01 3.350783351145563671e+01 4.342675166887413951e+01 -1.505933567950867946e+01 -5.989976626394236447e+00 -4.789002662768319318e+00
2.110856962182421626e+01 3.348411654146714511e+01 4.435232099772144920e+01 -1.460137455799632988e+01 -6.176530141482837521e+00 -4.669867647842737668e+00
2.142597346078687792e+01 3.345281640581233518e+01 4.526093769524678834e+01 -1.414345481181636721e+01 -6.336445243918755743e+00 -4.546723312157146424e+00
2.173343187961723899e+01 3.341552443948859974e+01 4.615027283637304123e+01 -1.368542017413541423e+01 -6.468443076250167678e+00 -4.419741411487716043e+00
2.203073667089122623e+01 3.337367024173622099e+01 4.701819377054562210e+01 -1.322699489498023695e+01 -6.571473095865393077e+00 -4.289081729613048566e+00
2.231769944127971073e+01 3.332852918970040434e+01 4.786276146240751217e+01 -1.276780726105729258e+01 -6.644708775181942251e+00 -4.154892791845592015e+00
2.259415082821493925e+01 3.328122983550704816e+01 4.868222562548383081e+01 -1.230741201162625309e+01 -6.687541710190302524e+00 -4.017312786462753138e+00
2.285993965158303709e+01 3.323276132752985745e+01 4.947501805207119929e+01 -1.184531160622512758e+01 -6.699574498732880024e+00 -3.876470663431780928e+00
2.311493200792597591e+01 3.318398095977885021e+01 5.023974450743494202e+01 -1.138097628187400012e+01 -6.680612706213951313e+00 -3.732487377800589368e+00
2.335901031487543023e+01 3.313562191914081723e+01 5.097517551740774167e+01 -1.091386282505978045e+01 -6.630656190029875496e+00 -3.585477243744870979e+00
2.359207231375490466e+01 3.308830126905854740e+01 5.168023633842896203e+01 -1.044343197703435244e+01 -6.549890007723470298e+00 -3.435549364529862260e+00
2.381403003844695476e+01 3.304252818046202123e+01 5.235399636010541968e+01 -9.969164389332354048e+00 -6.438675089825586895e+00 -3.282809103557435826e+00
2.402480875877358457e+01 3.299871239659506017e+01 5.299565815405519942e+01 -9.490575049424393228e+00 -6.297538818013595829e+00 -3.127359562223582135e+00
2.422434590673224264e+01 3.295717289795263127e+01 5.360454635001619295e+01 -9.007226103505209025e+00 -6.127165613487423279e+00 -2.969303031475821975e+00
2.441258999394156248e+01 3.291814671691700056e+01 5.418009649149502138e+01 -8.518738013957026567e+00 -5.928387609764981470e+00 -2.808742385708870692e+00
2.458949952873072320e+01 3.288179783879318308e+01 5.472184399863041904e+01 -8.024799002394882308e+00 -5.702175458498400573e+00 -2.645782389926331302e+00
2.475504194117412027e+01 3.284822611665633474e+01 5.522941334543388336e+01 -7.525172744759160537e+00 -5.449629296211668361e+00 -2.480530893872945342e+00
2.490919252434445141e+01 3.281747612148566162e+01 5.570250754165889617e+01 -7.019704302052118372e+00 -5.171969883681403424e+00 -2.313099890049925111e+00
2.505193339986853118e+01 3.278954584616280243e+01 5.614089799595880947e+01 -6.508324288433972704e+00 -4.870529917539263565e+00 -2.143606416099406609e+00
2.518325251570703571e+01 3.276439518173405929e+01 5.654441482611008496e+01 -5.991051296969899020e+00 -4.546745505026651202e+00 -1.972173285908984441e+00
2.530314268377009412e+01 3.274195408632789395e+01 5.691293767350344268e+01 -5.467992621864126157e+00 -4.202147787125056766e+00 -1.798929637872646703e+00
2.541160066473673140e+01 3.272213037105245803e+01 5.724638707225069822e+01 -4.939343334124996154e+00 -3.838354691985187195e+00 -1.624011292970216624e+00
2.550862630705372780e+01 3.270481703245824434e+01 5.754471641779081637e+01 -4.405383784931085955e+00 -3.457062799182906598e+00 -1.447560919609680585e+00
2.559422174664733873e+01 3.268989906738378437e+01 5.780790457535674420e+01 -3.866475627228131540e+00 -3.060039295389212821e+00 -1.269728006447628843e+00
2.566839067352131210e+01 3.267725971291225306e+01 5.803594916468450293e+01 -3.323056461085199587e+00 -2.649114003155832453e+00 -1.090668648569830035e+00
2.573113767081274617e+01 3.266678606133480400e+01 5.822886055388824644e+01 -2.775633221919746596e+00 -2.226171466343341176e+00 -9.105451564092706951e-01
2.578246763129554608e+01 3.265837400705457583e+01 5.838665659191381252e+01 -2.224774442766923155e+00 -1.793143077962712661e+00 -7.295255005359465583e-01
2.582238525602324586e+01 3.265193248941064752e+01 5.850935810551268190e+01 -1.671101532282944335e+00 -1.351999238621641952e+00 -5.477826088911733615e-01
2.585089463857423198e+01 3.264738700206410016e+01 5.859698518335997619e+01 -1.115279219117396581e+00 -9.047415361643343923e-01 -3.654935361033154750e-01
2.586799893945326545e+01 3.264468234505918787e+01 5.864955426471463795e+01 -5.580053206544930422e-01 -4.533949393093802405e-01 -1.828385271784791211e-01
0.000000000000000000e+00 0.000000000000000000e+00 0.000000000000000000e+00 0.000000000000000000e+00 0.000000000000000000e+00 0.000000000000000000e+00
0.000000000000000000e+00 0.000000000000000000e+00 0.000000000000000000e+00 0.000000000000000000e+00 0.000000000000000000e+00 0.000000000000000000e+00
2.995286426118625300e+01 1.625301302580874108e+01 4.880682116811789939e+01 -5.274412726919932570e-01 -8.660945497426555950e-02 -3.574982645348840360e-01
3.062763762688619096e+01 1.550161257979720730e+01 4.879195064414830085e+01 -1.054355926601223015e+00 -1.509764551833971125e-01 -7.351429224018170006e-01
3.056449806007421088e+01 1.543715692319577748e+01 4.876699026366581791e+01 -1.580216126120948195e+00 -2.241525230640810107e-01 -1.099797855665876067e+00
3.044217843884950625e+01 1.538108948749831484e+01 4.873167846788814472e+01 -2.104491682655469820e+00 -2.964806810625155165e-01 -1.459058370630803347e+00
3.028128910548723951e+01 1.531304957281636092e+01 4.868565444267537856e+01 -2.626649077653151920e+00 -3.671075881030941845e-01 -1.811750502673627361e+00
3.008423567620326722e+01 1.523095730612955379e+01 4.862846337222196524e+01 -3.146150718759773923e+00 -4.355100631679005851e-01 -2.156415904482571921e+00
2.985183389928610254e+01 1.513440226062035876e+01 4.855956303857212930e+01 -3.662454496529546688e+00 -5.012639112326311430e-01 -2.491554385081231171e+00
2.958461318080173541e+01 1.502334406237362785e+01 4.847833165396063038e+01 -4.175013700633472880e+00 -5.639595527523719731e-01 -2.815719574720459306e+00
2.928308127363977675e+01 1.489785241693521733e+01 4.838407679453070642e+01 -4.683277344299850320e+00 -6.232166308906206265e-01 -3.127515509874525090e+00
2.894778992914951843e+01 1.475804666973177426e+01 4.827604528764428693e+01 -5.186690934031870093e+00 -6.786794973731979930e-01 -3.425612196662211506e+00
2.857936367186626825e+01 1.460407263834194680e+01 4.815343389185374434e+01 -5.684697708727568077e+00 -7.300190554398948706e-01 -3.708754622946063062e+00
2.817849516833755530e+01 1.443611312844769579e+01 4.801540059868652577e+01 -6.176740358440882872e+00 -7.769359014558422372e-01 -3.975770214726646490e+00
2.774596251739530928e+01 1.425437667334696812e+01 4.786107637868543918e+01 -6.662263218422276090e+00 -8.191625986111709112e-01 -4.225576828198930102e+00
2.728262996267689999e+01 1.405910284788596165e+01 4.768957719048016486e+01 -7.140714919002951966e+00 -8.564656748836591005e-01 -4.457190597164718326e+00
2.678945376197028594e+01 1.385056225837596067e+01 4.750001607073587451e+01 -7.611551456535002202e+00 -8.886485914218552606e-01 -4.669732288408935617e+00
2.626748447239948803e+01 1.362905977111132927e+01 4.729151512419716852e+01 -8.074239635131302606e+00 -9.155535584563208040e-01 -4.862434173853015018e+00
2.571787088180511915e+01 1.339493555732673080e+01 4.706321723624661502e+01 -8.528260813456785883e+00 -9.370635753788568723e-01 -5.034645916693760270e+00
2.514186217803691648e+01 1.314856715950109312e+01 4.681429733482418243e+01 -8.973114875337548924e+00 -9.531041771531865159e-01 -5.185839852491636037e+00
2.454081044588721738e+01 1.289037027681341918e+01 4.654397303354515714e+01 -9.408324327416488941e+00 -9.636448189653882279e-01 -5.315615587700991185e+00
2.391617094577354763e+01 1.262080059733506232e+01 4.625151449266587633e+01 -9.833438411340820196e+00 -9.686999724298345216e-01 -5.423703690681069389e+00
2.326950265044108335e+01 1.234035398045902987e+01 4.593625333840920888e+01 -1.024803710174827742e+01 -9.683298063907147535e-01 -5.509968447844357797e+00
2.260246666359306644e+01 1.204956714831877918e+01 4.559759048316277585e+01 -1.065173484421931782e+01 -9.626404368303036474e-01 -5.574409547556770761e+00
2.191682397281156014e+01 1.174901722480594835e+01 4.523500268826685300e+01 -1.104418386881128811e+01 -9.517837830675104360e-01 -5.617162507900483881e+00
2.121443146283408154e+01 1.143932100158107801e+01 4.484804770638857008e+01 -1.142507689400918380e+01 -9.359568182001467562e-01 -5.638497925112328168e+00
2.049723632161371256e+01 1.112113362523372295e+01 4.443636783056554407e+01 -1.179414901188059872e+01 -9.154003879890303397e-01 -5.638819250468159794e+00
1.976726895479685453e+01 1.079514644470119222e+01 4.399969166034332346e+01 -1.215117851653208270e+01 -8.903973560233318096e-01 -5.618659242919855856e+00
1.902663400972013008e+01 1.046208430785444143e+01 4.353783387010170003e+01 -1.249598640280757067e+01 -8.612702784143516643e-01 -5.578674828545714171e+00
1.827749964478748268e+01 1.012270210368085621e+01 4.305069272822787951e+01 -1.282843421812632201e+01 -8.283784342495581487e-01 -5.519640509787900662e+00
1.752208498576366580e+01 9.777780589615060691e+00 4.253824506502174785e+01 -1.314841989419038271e+01 -7.921142774109187767e-01 -5.442440268152225258e+00
1.676264578497331925e+01 9.428121523659633851e+00 4.200053831786146930e+01 -1.345587111265218461e+01 -7.528993505025305399e-01 -5.348057973296286960e+00
1.600145836947562117e+01 9.074542110053739563e+00 4.143767918844539366e+01 -1.375073566383553469e+01 -7.111796493600494040e-01 -5.237566411244799269e+00
1.524080197539071513e+01 8.717868818547408694e+00 4.084981832100971388e+01 -1.403296813223242978e+01 -6.674205154726324807e-01 -5.112115004854993927e+00
1.448293963907054938e+01 8.358930627756476994e+00 4.023713024149573414e+01 -1.430251207576409733e+01 -6.221010915553175646e-01 -4.972916391022462967e+00
1.373009784298037061e+01 7.998551779464741607e+00 3.959978757078147993e+01 -1.455927664255575671e+01 -5.757084148355351427e-01 -4.821232027262781550e+00
1.298444517170042189e+01 7.637544134322056699e+00 3.893792821955355521e+01 -1.480310626827482956e+01 -5.287312706944838903e-01 -4.658356996001796979e+00
1.224807026757346939e+01 7.276699241913950900e+00 3.825161385930472591e+01 -1.503374168979871506e+01 -4.816538474507784384e-01 -4.485604294970467976e+00
1.152295940590552981e+01 6.916780257885864813e+00 3.754077740300123622e+01 -1.525076995660046997e+01 -4.349493249632340741e-01 -4.304288841137934085e+00
1.081097407312889835e+01 6.558513818986821953e+00 3.680515646404236918e+01 -1.545356036339226868e+01 -3.890735232536690069e-01 -4.115711444263688179e+00
1.011382889514995753e+01 6.202582054713815296e+00 3.604420871529485026e+01 -1.564118218809428740e+01 -3.444586797028970082e-01 -3.921143076084920409e+00
9.433070349640347629e+00 5.849614847966211784e+00 3.525700363397829307e+01 -1.581229869064049076e+01 -3.015075215255496044e-01 -3.721809664698336295e+00
8.770056639035530566e+00 5.500182522050893752e+00 3.444208314783085711e+01 -1.596502986511702105e+01 -2.605876970542691518e-01 -3.518877737730544908e+00
8.125939151684416828e+00 5.154789075800501941e+00 3.359728100267549422e+01 -1.609677374945724893e+01 -2.220267065107471016e-01 -3.313441141013663938e+00
7.501645880662336729e+00 4.813866128588054849e+00 3.271948701493815292e+01 -1.620397244693257477e+01 -1.861073982161361717e-01 -3.106509104596606452e+00
6.897867184552479713e+00 4.477767691610521794e+00 3.180433749571057334e+01 -1.628180414270939735e+01 -1.530641517776777649e-01 -2.898995833980102965e+00
6.315044226330297938e+00 4.146765887252709781e+00 3.084580683644443155e+01 -1.632377610753246344e+01 -1.230797735673870991e-01 -2.691711855056865055e+00
5.753360383591433092e+00 3.821047727330488364e+00 2.983566761749070295e+01 -1.632118605623356089e+01 -9.628320538296611386e-02 -2.485357214490593325e+00
5.212735898252486066e+00 3.500713022227540439e+00 2.876277856385317122e+01 -1.626241119559290027e+01 -7.274805021588130749e-02 -2.280516679379362976e+00
4.692825954237127561e+00 3.185773500053506346e+00 2.761215424195247792e+01 -1.613197886832729822e+01 -5.249198150708778154e-02 -2.077656960944745723e+00
4.193022338882233413e+00 2.876153168149862882e+00 2.636377536160434332e+01 -1.590937767234276023e+01 -3.547697973820566897e-02 -1.877126052885480290e+00
3.712458758690534211e+00 2.571689949377046425e+00 2.499113190125433093e+01 -1.556760128936834242e+01 -2.161047495050717054e-02 -1.679154585295418167e+00
3.250019831139335569e+00 2.272138585822986556e+00 2.345959096799619559e+01 -1.507151695094397681e+01 -1.074727777057944873e-02 -1.483859239086392723e+00
2.804353702001018522e+00 1.977174784208687308e+00 2.172491950080829781e+01 -1.437638866633873391e+01 -2.692357696208653919e-03 -1.291248041815632686e+00
2.373888154080215251e+00 1.686400570104155117e+00 1.973278386233993587e+01 -1.342737727299142314e+01 2.795662250258530452e-03 -1.101227512462485070e+00
1.956850034641740121e+00 1.399350767765435322e+00 1.742091206730244579e+01 -1.216170307145262797e+01 6.000316706518106502e-03 -9.136114763243262660e-01
1.551287735761426090e+00 1.115500530154520442e+00 1.472675018239957190e+01 -1.051630259202565654e+01 7.242412311451063879e-03 -7.281313140890904867e-01
1.155096280798698416e+00 8.342739449517970751e-01 1.160401118813021348e+01 -8.444377793858508952e+00 6.874544900311953255e-03 -5.444474846628151177e-01
7.660439702139720808e-01 5.550542698761632421e-01 8.049132754665782485e+00 -5.941854157211082565e+00 5.274041527451148008e-03 -3.621610618267284698e-01
3.817848293011412153e-01 2.772109978378837769e-01 4.130340446447577918e+00 -3.076444190254658206e+00 2.818555239343747444e-03 -1.808092136326279742e-01
9.072708788423280913e-15 3.721749158898131249e-15 8.072686323315774577e-15 -6.553770380404296664e-15 -6.494614738603882028e-16 3.536100845675433215e-16
9.072708788423280913e-15 3.721749158898131249e-15 8.072686323315774577e-15 -6.553770380404296664e-15 -6.494614738603882028e-16 3.536100845675433215e-16
1.027962701051942096e+00 4.037181570211807013e+00 -4.577657269365569825e-01 -1.214770474762843222e-01 -4.064230482949375278e-01 -3.176805382353269369e-01
2.051439813172487359e+00 8.003051265625108712e+00 -9.133716399259693697e-01 -2.451282578176572635e-01 -8.100222044222935569e-01 -6.321574087311133683e-01
3.066030898633711033e+00 1.183077045243079617e+01 -1.364619207877758367e+00 -3.730960334048928906e-01 -1.207993699040627700e+00 -9.402736561531466197e-01
4.067502249644820544e+00 1.546175612318788950e+01 -1.809232008290490024e+00 -5.074591616578723041e-01 -1.597573966250520172e+00 -1.238965653864795291e+00
5.051861583704281067e+00 1.884826648743258559e+01 -2.244815659845780242e+00 -6.502008206523245404e-01 -1.976059631962389762e+00 -1.525309482736538769e+00
6.015423026331983003e+00 2.195457907725122126e+01 -2.668816471175178062e+00 -8.031764939356246247e-01 -2.340827350455588540e+00 -1.796566835899670256e+00
6.954860213516651513e+00 2.475684843507677613e+01 -3.078478491268579642e+00 -9.680819829251430253e-01 -2.689353412070543126e+00 -2.050230077306779641e+00
7.867246108912830493e+00 2.724194283047674503e+01 -3.470798764922976787e+00 -1.146421883795866403e+00 -3.019233024560373568e+00 -2.284065906928328893e+00
8.750078921729446790e+00 2.940565023915859655e+01 -3.842480772882577167e+00 -1.339479105177478591e+00 -3.328199147170446626e+00 -2.496156880656763999e+00
9.601294259095398687e+00 3.125062714744531789e+01 -4.189886294811500100e+00 -1.548286230503112870e+00 -3.614140731759826419e+00 -2.684939811126723086e+00
1.041926429407726928e+01 3.278438125886235355e+01 -4.508986307489667666e+00 -1.773599756404303118e+00 -3.875120201029812250e+00 -2.849239854826393969e+00
1.120278523873083465e+01 3.401747492042616017e+01 -4.795312066256418149e+00 -2.015878442472201382e+00 -4.109389972205765851e+00 -2.988298894809978901e+00
1.195105476200710903e+01 3.496204138419895457e+01 -5.043908274896634403e+00 -2.275267159389784410e+00 -4.315407817435181315e+00 -3.101796685741798232e+00
1.266364118525855353e+01 3.563063598131085286e+01 -5.249291303777044781e+00 -2.551587690304359501e+00 -4.491850841820088647e+00 -3.189863170605118814e+00
1.334044633865588203e+01 3.603540142844745020e+01 -5.405416858080197784e+00 -2.844337893225209690e+00 -4.637627858273730475e+00 -3.253080437445416528e+00
1.398166389518954844e+01 3.618750640688062248e+01 -5.505663423453254879e+00 -3.152700444387154022e+00 -4.751889946742579696e+00 -3.292472985928427853e+00
1.458773484518731145e+01 3.609681256612566358e+01 -5.542840307461658789e+00 -3.475562039134929559e+00 -4.834039004601092593e+00 -3.309485332161010263e+00
1.515930156402959916e+01 3.577173093192096331e+01 -5.509232180437337867e+00 -3.811543429794177928e+00 -4.883734125181005581e+00 -3.305946494370911370e+00
1.569716168676746193e+01 3.521923949998456038e+01 -5.396695602759639776e+00 -4.159040051843863495e+00 -4.900895681403547144e+00 -3.284021549036117094e+00
1.620222275857495120e+01 3.444504616346055315e+01 -5.196826774101497293e+00 -4.516272275144557646e+00 -4.885707039180790190e+00 -3.246151182135072588e+00
1.667545839649575257e+01 3.345389259095937717e+01 -4.901222922477412425e+00 -4.881343579965063739e+00 -4.838613877372420546e+00 -3.194980919205956837e+00
1.711786648709243508e+01 3.225000311368791017e+01 -4.501861044431603176e+00 -5.252304274167920006e+00 -4.760321143388275722e+00 -3.133282424398526000e+00
1.753042976244491058e+01 3.083768576709718801e+01 -3.991615032762567239e+00 -5.627217815702626247e+00 -4.651787721088812333e+00 -3.063869834639445067e+00
1.791407894533860556e+01 2.922208758068373768e+01 -3.364922750253945161e+00 -6.004226449967922541e+00 -4.514218925274817273e+00 -2.989514473240291181e+00
1.826965853207517299e+01 2.741009002454192967e+01 -2.618595149786732357e+00 -6.381612758509461081e+00 -4.349056959881812290e+00 -2.912861423034945219e+00
1.859789518469769121e+01 2.541130103654771588e+01 -1.752727716283630111e+00 -6.757853857147797072e+00 -4.157969481040327153e+00 -2.836351318153586654e+00
1.889936862886953861e+01 2.323905794243395206e+01 -7.716307766302689108e-01 -7.131665358192357473e+00 -3.942836389033415045e+00 -2.762150354442901801e+00
1.917448489408189616e+01 2.091130704337379242e+01 3.153543900318587223e-01 -7.502032773839068192e+00 -3.705734934668947211e+00 -2.692090969097875597e+00
1.942345168428482083e+01 1.845118452767852446e+01 1.493328508951057287e+00 -7.868228716859613669e+00 -3.448923168122410399e+00 -2.627624968289641760e+00
1.964625562498409650e+01 1.588711035588405274e+01 2.741784611484782364e+00 -8.229814972823515262e+00 -3.174821687265582337e+00 -2.569790163652430515e+00
1.984264109367041584e+01 1.325224322720617209e+01 4.035187717158724929e+00 -8.586629202180121823e+00 -2.885993566148730594e+00 -2.519190886526809781e+00
2.001209030152081425e+01 1.058324100178454863e+01 5.344239763539534671e+00 -8.938756621936025937e+00 -2.585122273477265420e+00 -2.475992140716371637e+00
2.015380425415877141e+01 7.918414066536438867e+00 6.637742574423316277e+00 -9.286487477704714166e+00 -2.274987338246518220e+00 -2.439926667620548884e+00
2.026668417768038211e+01 5.295509262550175400e+00 7.884821543752477346e+00 -9.630261432890387496e+00 -1.958437498463012183e+00 -2.410313847116347663e+00
2.034931295443989541e+01 2.749465077559865023e+00 9.057169657284322994e+00 -9.970600179198841673e+00 -1.638361091535790015e+00 -2.386089138451283009e+00
2.039993607419259902e+01 3.104923698338869498e-01 1.013095797799416786e+01 -1.030802963487023938e+01 -1.317653521312081244e+00 -2.365842657276821637e+00
2.041644157523031922e+01 -1.997248256791529508e+00 1.108814198519200644e+01 -1.064299307853800691e+01 -9.991817722770667265e-01 -2.347865458106078052e+00
2.039633843486702247e+01 -4.156248369902575845e+00 1.191704039298308260e+01 -1.097575650784587964e+01 -6.857461355089007338e-01 -2.330202113002064035e+00
2.033673288036583671e+01 -6.155565167943427340e+00 1.261221960421642585e+01 -1.130630745490766031e+01 -3.800395559315410954e-01 -2.310708216104374824e+00
2.023430214601415855e+01 -7.990195590649045165e+00 1.317383407424489405e+01 -1.163424847652727223e+01 -8.460529183187395774e-02 -2.287111473665264239e+00
2.008526532083122973e+01 -9.660114302712537793e+00 1.360662724893073161e+01 -1.195868660555113649e+01 1.982061228025454591e-01 -2.257075039943684303e+00
1.988535113995011017e+01 -1.116917437701734883e+01 1.391879361700013540e+01 -1.227812024060946428e+01 4.662793175713663141e-01 -2.218261708834667889e+00
1.962976288957439408e+01 -1.252402746339324935e+01 1.412086063899113419e+01 -1.259032530788235604e+01 7.177742943156011357e-01 -2.168397416076531137e+00
1.931314096533679248e+01 -1.373316424869552321e+01 1.422469367548100827e+01 -1.289224310139831786e+01 9.511621878008734710e-01 -2.105332013671704416e+00
1.892952348148932273e+01 -1.480612314587775735e+01 1.424267521040498963e+01 -1.317987306195469799e+01 1.165252193118198276e+00 -2.027093107663927807e+00
1.847229951557199357e+01 -1.575286905501433665e+01 1.418707055876554968e+01 -1.344817497112793170e+01 1.359190494929977122e+00 -1.931913882694844986e+00
1.793404757813384620e+01 -1.658321586734897934e+01 1.406956764295343554e+01 -1.369098671700166037e+01 1.532194555479312381e+00 -1.817998206070529754e+00
1.231318118142019896e-08 -1.231209747460241453e-08 1.359393143375262625e+00 -1.359393143371856016e+00 -3.137275177246487154e-09 3.133917211938808009e-09
1.231318118142019896e-08 -1.231209747460241453e-08 1.359393143375262625e+00 -1.359393143371856016e+00 -3.137275177246487154e-09 3.133917211938808009e-09
1.144950563443832595e-08 -1.144845512105649509e-08 8.390363246449011147e-07 -8.390329962073931370e-07 -2.767076808338366181e-09 2.763744727207745539e-09
1.050458139851142993e-08 -1.050361569667546107e-08 1.928481922190651822e-07 -1.928448770784724223e-07 -2.398061958858594910e-09 2.394749862862775345e-09
9.600056070090058570e-09 -9.599164272595188560e-09 7.983820297321747845e-08 -7.983488291760632486e-08 -2.052915498065930745e-09 2.049614750540884906e-09
8.774748818931105462e-09 -8.773923614967856493e-09 3.774324708185539645e-08 -3.773995443347798245e-08 -1.720327209885021040e-09 1.717036413599557324e-09
8.052305434595497010e-09 -8.051557656425775916e-09 1.917427450990886934e-08 -1.917098097432380157e-08 -1.407885569785307856e-09 1.404605377124794500e-09
7.320612956954979799e-09 -7.319963432325836460e-09 7.338692329826844065e-09 -7.335405317165177431e-09 -1.106477561871106303e-09 1.103204059289557906e-09
6.639082117118087158e-09 -6.638500871756990482e-09 1.535051094351175664e-09 -1.531731601921115327e-09 -8.114529797898237085e-10 8.081723267259813439e-10
6.076805958001731427e-09 -6.076258672380353179e-09 6.055690101207556963e-10 -6.022229299104309580e-10 -5.326662014021283280e-10 5.293760156831446011e-10
5.557027478469420287e-09 -5.556516844445068170e-09 -2.611224229342444796e-09 2.614588393903346433e-09 -2.643650823243077706e-10 2.610675370740409136e-10
5.074291908024616482e-09 -5.073830913040620976e-09 -5.203045867962136899e-09 5.206453946458809569e-09 -3.929805649919833462e-12 6.072857203480517356e-13
4.594596643335529471e-09 -4.594176647778677311e-09 -6.527749930924068094e-09 6.531209855088086986e-09 2.471078319634926187e-10 -2.504576386008930262e-10
4.183339496259894585e-09 -4.182943696791677809e-09 -8.016687079817434387e-09 8.020185259049218928e-09 4.881040771002113232e-10 -4.914744898442476849e-10
3.749779413473583174e-09 -3.749449906107867400e-09 -9.840463038925403514e-09 9.844004455220571036e-09 7.172773362561293331e-10 -7.206630846761714691e-10
3.456752215044629830e-09 -3.456449891885456584e-09 -1.149249699792188991e-08 1.149607710616920625e-08 9.465886744453337581e-10 -9.499964413458072329e-10
3.102759008767978254e-09 -3.102473076529605522e-09 -1.364635327991500953e-08 1.364996029439514698e-08 1.154437589402866602e-09 -1.157875082043927663e-09
2.786283465087418563e-09 -2.786027067842685377e-09 -1.457321970564673332e-08 1.457689168286557134e-08 1.351175589683617769e-09 -1.354646399956361012e-09
2.515859136052706453e-09 -2.515609195413150653e-09 -1.615558070949672451e-08 1.615928366793997045e-08 1.534929170334712448e-09 -1.538427059848826916e-09
2.286869276488136551e-09 -2.286625387353103446e-09 -1.781190262649756593e-08 1.781564899465568810e-08 1.714269566110726692e-09 -1.717793102472774215e-09
2.024896101463205064e-09 -2.024701670445986466e-09 -2.039569775716664806e-08 2.039945418692453313e-08 1.850264390567896395e-09 -1.853788005942411805e-09
1.793784303763199993e-09 -1.793578563873924540e-09 -2.235604009351831498e-08 2.235982168751594944e-08 1.983239480694614195e-09 -1.986786337457239924e-09
1.598790253510760379e-09 -1.598598410926206323e-09 -2.633473608905859499e-08 2.633848583918949802e-08 2.086918771919562947e-09 -2.090446593792853336e-09
1.418077355455313950e-09 -1.417891931291128296e-09 -2.896282761274713181e-08 2.896655715717004873e-08 2.151287707374580286e-09 -2.154792642152858245e-09
1.248710796037444597e-09 -1.248546170516980122e-09 -3.253662733550670539e-08 3.254028284224264120e-08 2.185029542898731899e-09 -2.188469279910279121e-09
1.095061797710698138e-09 -1.094905800722423566e-09 -3.728748799133385208e-08 3.729105108379447395e-08 2.177216175901008215e-09 -2.180568907143093477e-09
9.455703029476138230e-10 -9.454262513416134951e-10 -4.383661119067843471e-08 4.384001093236528044e-08 2.127681778872291340e-09 -2.130891299223242116e-09
7.943425605869033578e-10 -7.942112031240173213e-10 -5.027892452172252441e-08 5.028213772485334866e-08 2.025537624408705330e-09 -2.028558608047305835e-09
6.684896695772737037e-10 -6.683793893099993239e-10 -6.053957389751041760e-08 6.054250435733891668e-08 1.877191833355530421e-09 -1.879962995539120333e-09
5.475765419292487267e-10 -5.474741657768215639e-10 -7.310517993488570169e-08 7.310777194142558260e-08 1.670070367246311809e-09 -1.672526787345300292e-09
4.289810983897061918e-10 -4.288916129939877141e-10 -9.301680004458010583e-08 9.301899223813996942e-08 1.417976438441262054e-09 -1.420057054635762978e-09
3.241457512296021216e-10 -3.240768760342161839e-10 -1.278685295233889411e-07 1.278702478040124504e-07 1.115857951555490476e-09 -1.117493253194311622e-09
2.137715578770076876e-10 -2.137388988294087015e-10 -1.992881535216184565e-07 1.992893359870303704e-07 7.656521324503876459e-10 -7.667729105642046626e-10
1.064985790647115488e-10 -1.064682725174920424e-10 -3.572863589053595985e-07 3.572869670019051370e-07 3.925252092728776372e-10 -3.931031577676070632e-10
-9.474536199977103134e-16 2.360773629205704669e-15 1.016652630501162224e-02 -1.016652630500758034e-02 -9.185583027366801533e-16 3.652719022655416839e-16
