0.000000000000000000e+00 0.000000000000000000e+00 0.000000000000000000e+00 0.000000000000000000e+00 0.000000000000000000e+00 0.000000000000000000e+00
9.333577488252258902e-09 -1.997918615230229609e-12 -5.521602986026034831e-09 1.025114104711453165e-10 -6.482561572325906880e-14 -1.024981365151031177e-10
2.352909308868618260e-09 -1.985432977296331790e-12 -1.392555414251390320e-09 5.127149448868009899e-11 -1.262684087496265837e-13 -5.124836037557671792e-11
1.045056178511352055e-09 -1.970719200622884218e-12 -6.189577964246263901e-10 3.408833194958975429e-11 -1.883103725520607054e-13 -3.405471536461061178e-11
5.868925103620525502e-10 -1.945422805190549463e-12 -3.479556482270291037e-10 2.571619918479519508e-11 -2.477285806895138316e-13 -2.567098117997410401e-11
3.753685037472979071e-10 -1.905270904436254174e-12 -2.228209515709975801e-10 2.074932652407007856e-11 -3.068021407379605792e-13 -2.069297470768143819e-11
2.603298302974873256e-10 -1.861755785879712646e-12 -1.547508962808062424e-10 1.742780536995130837e-11 -3.633581134901123726e-13 -1.736125898536892475e-11
1.902335451808238239e-10 -1.798112742169087069e-12 -1.132922941463203631e-10 1.516967667197129691e-11 -4.151623329088268623e-13 -1.509254738625745401e-11
1.445742401099004987e-10 -1.721643390085937099e-12 -8.625473971509636152e-11 1.346252847582440616e-11 -4.675064200390942879e-13 -1.337484534106084516e-11
1.153495609711657049e-10 -1.670339628342737946e-12 -6.892931771317054263e-11 1.207175691318025678e-11 -5.130526231320525221e-13 -1.197434811433461944e-11
9.252172718464200515e-11 -1.602354816255553951e-12 -5.540886424197816506e-11 1.109904937625277361e-11 -5.550615814411659265e-13 -1.099328458961189914e-11
7.626801513223394245e-11 -1.531069752096655178e-12 -4.574973773851603427e-11 1.023137480327436880e-11 -5.938021091321791320e-13 -1.011768674676001959e-11
6.449675860237606977e-11 -1.443101300138571456e-12 -3.877059291135100731e-11 9.567676966500384529e-12 -6.267031852810073968e-13 -9.443857540284753112e-12
5.480466915739378913e-11 -1.358306832415745358e-12 -3.299718286054702758e-11 9.020675359799336118e-12 -6.558822684469022477e-13 -8.887641757528894622e-12
4.768633466673829160e-11 -1.255567013188225339e-12 -2.874498950979376069e-11 8.468018473387025299e-12 -6.803285453600320966e-13 -8.327306353643465137e-12
4.157126212625805359e-11 -1.176626575200402525e-12 -2.509436378557725894e-11 8.138394380397507100e-12 -6.990210337293341113e-13 -7.989132576675312744e-12
3.626824758637613266e-11 -1.078332540776773166e-12 -2.191185828943890542e-11 7.889574543295389001e-12 -7.119979053464587610e-13 -7.734953468082123203e-12
3.201740873144739371e-11 -9.882494527367549661e-13 -1.937149937644868451e-11 7.704232443890799809e-12 -7.184442754703144392e-13 -7.540618638566876647e-12
2.908316449847156654e-11 -9.006082789504752110e-13 -1.758582951362427913e-11 7.428287668499082469e-12 -7.232175243615769213e-13 -7.254359750697991456e-12
2.563493123565785263e-11 -8.016815400062450252e-13 -1.551182717150453399e-11 7.382066406245769598e-12 -7.206229509095821192e-13 -7.198413053631773602e-12
2.348038391197099134e-11 -7.058820524410412788e-13 -1.419320177526081146e-11 7.325702299904801014e-12 -7.130407286125586256e-13 -7.135995531132729308e-12
2.108041952961595750e-11 -6.139227074267575402e-13 -1.273444150206738695e-11 7.385283871303735785e-12 -6.985292281074721034e-13 -7.185266487784308327e-12
1.936317056596241578e-11 -5.095700939999057551e-13 -1.167369714515975931e-11 7.348969152432675427e-12 -6.799684343123983053e-13 -7.142611744481183629e-12
1.759149559743322443e-11 -4.207457798214443779e-13 -1.058935145841355889e-11 7.517815489436844807e-12 -6.572848055819366963e-13 -7.301017248972686060e-12
1.639593603361437384e-11 -3.578684981083160035e-13 -9.847627071730936622e-12 7.518267242033577062e-12 -6.275920864430119607e-13 -7.288611168728358855e-12
1.491650804288231834e-11 -2.481156619579835193e-13 -8.947674665682865230e-12 7.783017099306697875e-12 -5.927320462546811936e-13 -7.544168011722712572e-12
1.403909868860362966e-11 -1.892452968499988523e-13 -8.404504932252441729e-12 7.937651499440643613e-12 -5.528634441237553779e-13 -7.682830894128821055e-12
1.297045685096473357e-11 -1.039234655021956063e-13 -7.723101556438039367e-12 8.357774465524110918e-12 -5.119644270500392152e-13 -8.098562581748245711e-12
1.209211296768767770e-11 -3.295782868180986660e-14 -7.193310512124023859e-12 8.692494717759395023e-12 -4.642233723883421517e-13 -8.416060992184357485e-12
1.130980820966219336e-11 2.161748055943479011e-14 -6.701663434231088350e-12 9.266993309420710078e-12 -4.097897178893382151e-13 -8.978256516695164981e-12
1.056505373471746321e-11 8.301415650233064596e-14 -6.255396877232817348e-12 9.762395038221773696e-12 -3.562914510373427689e-13 -9.452885134135616274e-12
9.969101663342322048e-12 1.430379353315018331e-13 -5.879854877203538288e-12 1.045780918212276802e-11 -2.994805886951737367e-13 -1.014030330014362792e-11
9.227245845815050856e-12 1.833793168767341224e-13 -5.448861387873897210e-12 1.128745730521147667e-11 -2.353527043243449900e-13 -1.095159348613010750e-11
8.700846968474103858e-12 2.379186833779778697e-13 -5.133538121449784919e-12 1.253264500066781694e-11 -1.665795807522249759e-13 -1.218090840530514823e-11
8.154564979215100744e-12 2.836099569686355383e-13 -4.819582858908305428e-12 1.401378893313260955e-11 -9.622618420008952275e-14 -1.364699786539355643e-11
7.677541337967343297e-12 3.195518026475081914e-13 -4.546472682567268814e-12 1.592773650946965629e-11 -2.728469772614180735e-14 -1.554112539853315897e-11
7.264345048017980145e-12 3.423574406475441089e-13 -4.316387163153239965e-12 1.851222116325903345e-11 4.868143285444990734e-14 -1.810695584323691138e-11
6.783129866372206040e-12 3.630775320270144535e-13 -4.055495533541865326e-12 2.221099747759651825e-11 1.265323838809711302e-13 -2.178840949580265229e-11
6.381454455048406245e-12 3.902760510976777816e-13 -3.844437074369006245e-12 2.808530912859873560e-11 2.044885171941039622e-13 -2.764688990888735844e-11
6.048757471704595969e-12 4.023032365315489782e-13 -3.683413436376522644e-12 3.850629667164309440e-11 2.881180783519747345e-13 -3.804950325738593087e-11
5.708317834332130110e-12 4.185811476164707114e-13 -3.535775225211123892e-12 6.097331166716162054e-11 3.719735104859490370e-13 -6.049584948663463162e-11
5.344141124182286455e-12 4.319506154032206237e-13 -3.359789393378343892e-12 1.525984440339206882e-10 4.561215787326319958e-13 -1.521078884893437662e-10
5.024629202414823855e-12 4.347742016540744841e-13 -3.224961948635400323e-12 2.868964694393082916e-10 -2.863871699998399282e-10 5.462163214298847079e-13
4.741948155262743329e-12 4.341075162568514679e-13 -3.113289765856192257e-12 7.337986398823323481e-11 -7.286010093491728186e-11 6.320943169670052776e-13
4.456123364311725997e-12 4.456075295687692841e-13 -3.010508717057895156e-12 4.231302370557723730e-11 -4.178142147894360694e-11 7.222831415395162475e-13
4.154233076688727104e-12 4.460726073339257078e-13 -2.920354722350231994e-12 2.954581629972042194e-11 -2.900353268914704185e-11 8.136817893591103828e-13
3.898093686245830322e-12 4.473367209989680373e-13 -2.851143613074575054e-12 2.289889674194419569e-11 -2.234630609833453898e-11 9.080866940626587526e-13
3.639824018192436880e-12 4.326189832770491525e-13 -2.791302008776858429e-12 1.855961107663950846e-11 -1.799617350352538929e-11 1.004730403549345302e-12
3.371687691137863213e-12 4.348882924790012463e-13 -2.733375984872586313e-12 1.574595250799633579e-11 -1.517679363624163582e-11 1.101206682395869324e-12
3.146027959754532324e-12 4.299227262683933771e-13 -2.700908349953254911e-12 1.361576122820331391e-11 -1.304338442751270231e-11 1.194244810420129797e-12
2.897258099595947544e-12 4.191911270522180828e-13 -2.661571556998832540e-12 1.192925921351083849e-11 -1.135685002583441202e-11 1.295901403066588915e-12
2.700862718138654981e-12 4.103153545288824193e-13 -2.649372183826035808e-12 1.072004017925495339e-11 -1.014881231202147356e-11 1.393628021343046690e-12
2.490472357224753124e-12 3.985151948111012258e-13 -2.650437654728531947e-12 9.691836470581474620e-12 -9.114948333351479505e-12 1.489451000782707792e-12
2.281929871249852374e-12 3.896074297711704231e-13 -2.648797919175291592e-12 8.843115533989553155e-12 -8.274281940770196823e-12 1.591378696755331831e-12
2.071071227064141855e-12 3.768457142143805432e-13 -2.662165324201075080e-12 8.181556628410488887e-12 -7.618082439230281281e-12 1.701711989077433188e-12
1.893958109504994542e-12 3.573502388036121822e-13 -2.688321774707090634e-12 7.581042995536012278e-12 -7.022712765432512439e-12 1.807369765536401775e-12
1.730051582805964485e-12 3.408541082643886627e-13 -2.732759415094686074e-12 7.043112037494852972e-12 -6.494721196221899306e-12 1.908112532755731331e-12
1.533418637410161000e-12 3.227676185829165699e-13 -2.764457247381955735e-12 6.610830029844811013e-12 -6.071975977229131230e-12 2.017829487212800915e-12
1.381942133170426499e-12 2.959332654089990286e-13 -2.824674826304904758e-12 6.220999443939149842e-12 -5.688698255671553352e-12 2.129884320290272175e-12
1.236480003555478140e-12 2.684485732648225803e-13 -2.886755130935457228e-12 5.853390598295263461e-12 -5.329835395411494651e-12 2.235226755922643176e-12
1.075481764377325765e-12 2.446212328805630467e-13 -2.944615946751743031e-12 5.539267242592445458e-12 -5.033465335329141316e-12 2.348784146956020569e-12
9.477296756247350803e-13 2.047296753371354636e-13 -3.029791660096989337e-12 5.258726157954318564e-12 -4.765758731893249204e-12 2.466245419655467420e-12
8.069060584100139338e-13 1.660907350490809084e-13 -3.118557450576401235e-12 4.998785088922387086e-12 -4.509153580151796441e-12 2.582084560298901115e-12
6.875309872643782934e-13 1.205156441576869105e-13 -3.210174848285883271e-12 4.757769998951706327e-12 -4.281705547733890441e-12 2.702389595959754570e-12
5.768044250214984723e-13 6.353718118947794855e-14 -3.316865912339837805e-12 4.542894193911713042e-12 -4.076928828095249878e-12 2.828865130898515749e-12
4.645937799682891987e-13 1.168560024996130673e-14 -3.435627445803568678e-12 4.352173581312484317e-12 -3.886391265020247554e-12 2.959956477083727160e-12
3.676212830225714488e-13 -5.181295585047245676e-14 -3.553370342973180702e-12 4.164940303035128821e-12 -3.708870997924344036e-12 3.092556693783515165e-12
2.708196139721384249e-13 -1.170389554903369976e-13 -3.685051192777815209e-12 3.991782908217929363e-12 -3.538327221981408669e-12 3.229960906475438645e-12
-5.539536380662275494e-15 -1.461117249864146583e-15 4.014221726946433487e-15 2.353163717826826140e-15 -3.073490826709452927e-16 -3.103815082329184904e-15
-5.539536380662275494e-15 -1.461117249864146583e-15 4.014221726946433487e-15 2.353163717826826140e-15 -3.073490826709452927e-16 -3.103815082329184904e-15
-1.066163269247607931e-01 3.094451236973876807e+00 -2.172995436422228366e+00 -9.023902175741846943e-01 1.502182774633224749e-01 1.202415520931946258e+00
-2.142533170717627888e-01 6.147148196521681207e+00 -4.292757216679714105e+00 -1.798438908426837513e+00 3.007388582951814326e-01 2.354340722318459811e+00
-3.239245546326021685e-01 9.117783235851192103e+00 -6.312732666860797259e+00 -2.681741918946958236e+00 4.518570773790069883e-01 3.411942172391658978e+00
-4.366295427560321629e-01 1.196879521803896296e+01 -8.197802893077286157e+00 -3.545768833731292258e+00 6.038544418125192381e-01 4.342772237227999099e+00
-5.533468541034695098e-01 1.466640090660352591e+01 -9.926120709120613839e+00 -4.383797400698333568e+00 7.569919883594646848e-01 5.127583533332604304e+00
-6.750275066268073276e-01 1.718127972834429329e+01 -1.148826171043410405e+01 -5.188845251999978814e+00 9.115039619884628408e-01 5.759457143183593253e+00
-8.025886329969450506e-01 1.948888514345940948e+01 -1.288469649220759727e+01 -5.953598448987547975e+00 1.067591914990609014e+00 6.241252792730025867e+00
-9.369075066811248798e-01 2.156940394836117747e+01 -1.412271114544263817e+01 -6.670336850384565253e+00 1.225419319733594525e+00 6.582508322007961432e+00
-1.078815981199533924e+00 2.340742128295596913e+01 -1.521358404269358822e+01 -7.330857031241632349e+00 1.385106780133189330e+00 6.796596652896721658e+00
-1.229095391775082646e+00 2.499137011898160665e+01 -1.617040332136249958e+01 -7.926394576274261361e+00 1.546727917486467874e+00 6.898524847968142915e+00
-1.388471960637045255e+00 2.631285019525042657e+01 -1.700658802880155207e+01 -8.447549180663864732e+00 1.710305995527426903e+00 6.903438403153468350e+00
-1.557612738865721935e+00 2.736589641236207271e+01 -1.773500629236686521e+01 -8.884218297020407107e+00 1.875811337604053719e+00 6.825724306728294444e+00
-1.737122109091854050e+00 2.814626552760318035e+01 -1.836753065901591242e+01 -9.225548279573059673e+00 2.043159575918806592e+00 6.678553167785532096e+00
-1.927538864806098040e+00 2.865079726091554235e+01 -1.891488082919030589e+01 -9.459916305050413143e+00 2.212210759054527465e+00 6.473710784916030470e+00
-2.129333873683814105e+00 2.887689511087442185e+01 -1.938663766959475510e+01 -9.574961935243909039e+00 2.382769329766313060e+00 6.221603171092680462e+00
-2.342908324369402440e+00 2.882216520725773989e+01 -1.979134806966974125e+01 -9.557693973145825694e+00 2.554584970514417464e+00 5.931354714214573498e+00
-2.568592548743209747e+00 2.848424871367514299e+01 -2.013666931603311738e+01 -9.394705780595840494e+00 2.727354299726245657e+00 5.610948243250235556e+00
-2.806645404936092714e+00 2.786088337988868702e+01 -2.042952251873299119e+01 -9.072539250235207575e+00 2.900723387564933642e+00 5.267376608128660820e+00
-3.057254200350585371e+00 2.695022992872883094e+01 -2.067623838470480280e+01 -8.578241763744872017e+00 3.074291046336075528e+00 4.906789119318388792e+00
-3.320535128765454758e+00 2.575149438897967613e+01 -2.088268716115049273e+01 -7.900157747778196793e+00 3.247612837835759159e+00 4.534624694218058139e+00
-3.596534191262751978e+00 2.426586193703905892e+01 -2.105438956440386633e+01 -7.028981218889581939e+00 3.420205728192345696e+00 4.155728521919069607e+00
-3.885228567238903974e+00 2.249772419123863898e+01 -2.119660825556367101e+01 -5.959061466816294228e+00 3.591553310311577540e+00 3.774451773141096478e+00
-4.186528399121458577e+00 2.045612475660563589e+01 -2.131442080862641575e+01 -4.689895741686670227e+00 3.761111505108170050e+00 3.394735234379186561e+00
5.326333348376868175e-13 9.954388426870754032e-12 -2.291880045549140076e-11 1.895813973087621643e-11 -4.537976053692135263e-13 -3.344825650188105949e-12
5.504767133856576104e-13 1.050245206689088707e-11 -2.283061060433503118e-11 1.837824190171754859e-11 -4.610527671264236083e-13 -3.355955376403804992e-12
6.182569661543065310e-13 1.106199059808434557e-11 -2.261646466660834701e-11 1.766799897121171763e-11 -4.677400941789609394e-13 -3.385452220755255186e-12
6.258915719202199511e-13 1.166003726252425168e-11 -2.241176763855376972e-11 1.694081972015985518e-11 -4.631632681487824583e-13 -3.415302713313236226e-12
6.846816324842675740e-13 1.216610992546215415e-11 -2.216080429582084757e-11 1.621446160958996536e-11 -4.621267652926667813e-13 -3.440514437365266077e-12
7.061322186432554415e-13 1.274966227369262582e-11 -2.186331999464597633e-11 1.539480442758668579e-11 -4.451938127074850330e-13 -3.455891516648560576e-12
7.321856998832716838e-13 1.319593424039750011e-11 -2.156228000818153892e-11 1.467941968700000919e-11 -4.449005935608987491e-13 -3.487590703511036455e-12
7.534973017599543106e-13 1.373140967185575499e-11 -2.125657729757511796e-11 1.393760450552560130e-11 -4.327855148614826617e-13 -3.540619039821451049e-12
7.694781880763965888e-13 1.418994860137896757e-11 -2.089319406160383713e-11 1.314265789197113502e-11 -4.225235489755157386e-13 -3.550334942535359290e-12
7.639063136774917183e-13 1.464072313682670248e-11 -2.050714861949278005e-11 1.241951532521119410e-11 -3.993113725200923065e-13 -3.618105750234125424e-12
7.968414047094485776e-13 1.497209817482674256e-11 -2.009136573701524531e-11 1.173842962953588233e-11 -3.970581520992322960e-13 -3.646729146404628434e-12
7.946647909143289439e-13 1.527303473810696670e-11 -1.968031730523104410e-11 1.105891034540509851e-11 -3.724475544899113159e-13 -3.680034411680060191e-12
7.981164104029013431e-13 1.557684918338853930e-11 -1.925632098455405224e-11 1.045494675008152832e-11 -3.650243186949701867e-13 -3.730991956210205824e-12
8.049277766592389979e-13 1.572190074048172187e-11 -1.881209462043698489e-11 9.904423027336031607e-12 -3.430701891910191279e-13 -3.782746442508650276e-12
8.360155653806423157e-13 1.585799709142400590e-11 -1.835380531639107764e-11 9.426444740511150564e-12 -3.372866105423795727e-13 -3.859645981673712687e-12
8.062306414601659095e-13 1.605622724099440608e-11 -1.796646031429499520e-11 8.908388953089975557e-12 -3.122939449765415643e-13 -3.879811768511805321e-12
7.979165000498065277e-13 1.616649959272683311e-11 -1.761059501042227099e-11 8.527070469889403331e-12 -2.980826341243398227e-13 -3.941947590106274051e-12
7.857148448673676889e-13 1.623458326264868323e-11 -1.719131075460476888e-11 8.167827553416699149e-12 -2.787857346971175580e-13 -4.018177778169620476e-12
7.925539621994615705e-13 1.632901245261281830e-11 -1.686056453830425906e-11 7.863425255801908463e-12 -2.668361234986255734e-13 -4.097887678221313018e-12
7.630256208437100753e-13 1.643539620717078536e-11 -1.655508023420417590e-11 7.551621148860787659e-12 -2.424699107890155516e-13 -4.139918615583859379e-12
7.568429330122439846e-13 1.646388701255657456e-11 -1.621171824799160195e-11 7.315171128833304060e-12 -4.231171706236658087e-12 -2.325013073282110116e-13
7.475891778996660636e-13 1.654404389671946963e-11 -1.596719440173510510e-11 7.107446066914158584e-12 -4.303433503656262275e-12 -2.236504738829282850e-13
7.361781327783191057e-13 1.654845730850356372e-11 -1.565672425954225052e-11 6.943926620394850410e-12 -4.411505192610577188e-12 -2.113054835131186748e-13
7.163238595773792765e-13 1.667023458498742028e-11 -1.545896959753400060e-11 6.787868798076804216e-12 -4.500102604457527754e-12 -2.001737935463852949e-13
7.086053315896164868e-13 1.674889642586972771e-11 -1.526220392376222678e-11 6.652987286808466059e-12 -4.580346022194463163e-12 -1.908496105266282394e-13
6.777745801460209124e-13 1.683531297973572834e-11 -1.508538467347119449e-11 6.541475950272454832e-12 -4.673256465006229422e-12 -1.818986156859601122e-13
6.755881520131401069e-13 1.703609081259421137e-11 -1.501776691316371709e-11 6.490237112949114613e-12 -4.804061295508624927e-12 -1.785666966803190766e-13
6.584964710004421475e-13 1.707994608099909457e-11 -1.481701093044070234e-11 6.436416863217382846e-12 -4.926547782458734610e-12 -1.735441027960793402e-13
6.392198677315578032e-13 1.730281323790515059e-11 -1.478147440267477670e-11 6.377051059970951804e-12 -5.027678983838965717e-12 -1.738927430358350569e-13
6.339079141117763461e-13 1.742822438859597830e-11 -1.470361854521566315e-11 6.374049443234536998e-12 -5.164142215632060734e-12 -1.743164241513994178e-13
6.143365791451610106e-13 1.762049148275482452e-11 -1.463710323593253732e-11 6.419579337949196652e-12 -5.358847386590603408e-12 -1.756332536551571037e-13
6.173079268498131751e-13 1.777828307390030600e-11 -1.459826331284504774e-11 6.438799321733533234e-12 -5.506560339007285551e-12 -1.822555511421790868e-13
6.127709655273026947e-13 1.808618865193557126e-11 -1.467524688413022402e-11 6.483083420916972919e-12 -5.669579201972753164e-12 -1.893868182181536835e-13
6.045112175211160793e-13 1.836126812965733008e-11 -1.473681125705801390e-11 6.537378624271533147e-12 -5.833286026824575653e-12 -1.980963125008104703e-13
6.010103912540314801e-13 1.873122044669566355e-11 -1.488339147939124509e-11 6.646404608745228755e-12 -6.040842251851727027e-12 -2.075784817003511909e-13
5.735821139685196042e-13 1.904535462015311023e-11 -1.496964402003329248e-11 6.751950219521023659e-12 -6.255312959881834041e-12 -2.094844406476173320e-13
5.637305995533770005e-13 1.950837130559047023e-11 -1.518871117950516619e-11 6.883466759621215680e-12 -6.473771743949410493e-12 -2.203111606246287389e-13
5.484988671735414663e-13 1.991559506143633666e-11 -1.531794276744667864e-11 7.052891712709876915e-12 -6.743073627056208168e-12 -2.255459854606752229e-13
5.599894854880206130e-13 2.052550165027951463e-11 -1.563562714675406054e-11 7.262920170525837435e-12 -7.026468508019108093e-12 -2.376401748481236368e-13
5.380386723112340103e-13 2.097390228509019894e-11 -1.583393837248812526e-11 7.500731656208314253e-12 -7.343590035569613123e-12 -2.459234447917416861e-13
5.220510637396563550e-13 2.160418371558774998e-11 -1.618480342814825165e-11 7.695022754673532529e-12 -7.610789625240180768e-12 -2.548674228819737305e-13
5.288580130006615610e-13 2.232451863203514555e-11 -1.658936926756364913e-11 8.006753129072672793e-12 -7.988392118026178860e-12 -2.665012901623639148e-13
4.804746861138694069e-13 2.311596551168181370e-11 -1.700678881293901015e-11 8.386588606171355152e-12 -8.437803120972449156e-12 -2.748679617488004041e-13
4.856027723642400279e-13 2.395356015483024410e-11 -1.751265570992857232e-11 8.671688007919520319e-12 -8.779542205786874813e-12 -2.845199014566177787e-13
4.992914193567868577e-13 2.512085854886598953e-11 -1.820366354786206692e-11 9.084865639494751447e-12 -9.249932099209173276e-12 -2.974633035654786897e-13
4.606026317742848645e-13 2.613773447342220922e-11 -1.875382243144071455e-11 9.553124888199214787e-12 -9.765679172550359520e-12 -2.988126978904868935e-13
4.666043972481716127e-13 2.750503207729611077e-11 -1.960702051786018296e-11 1.003057807832988821e-11 -1.029241507694060920e-11 -3.090873438692785256e-13
4.429999526464743029e-13 2.904721267356287073e-11 -2.050453156642982055e-11 1.062931861713305658e-11 -1.092912495501775213e-11 -3.134380808964367614e-13
4.220258726467056014e-13 3.072396108614674797e-11 -2.150340760841529549e-11 1.123646881683747482e-11 -1.157817558979533828e-11 -3.118969677400105847e-13
4.056482567777769719e-13 3.276437341431760097e-11 -2.269727335931031946e-11 1.207492373746907215e-11 -1.244503017919974868e-11 -3.165965981490689658e-13
3.512519569930228725e-13 3.486609488621443018e-11 -2.393073192969571375e-11 1.276842636904343876e-11 -1.316844279898632326e-11 -3.105089671685228755e-13
2.951634845286988501e-13 3.747627850115512852e-11 -2.544149387795494632e-11 1.355680959192393159e-11 -1.399102101530086513e-11 -3.078727862841781121e-13
3.027325990876066576e-13 4.052586787783799978e-11 -2.726200395602653079e-11 1.447462152679431554e-11 -1.492644896312697249e-11 -3.090855818509480504e-13
2.590654034494721448e-13 4.435678655116908135e-11 -2.942621056971241233e-11 1.573023062293118258e-11 -1.620225577389267381e-11 -3.010498012876015394e-13
3.002065490152683074e-13 4.830110494297267123e-11 -3.174151743419870518e-11 1.701598637531470709e-11 -1.749231414526322028e-11 -3.032309434185565449e-13
2.708696650842311237e-13 5.362790185517039136e-11 -3.478321234478660020e-11 1.830614251880419227e-11 -1.879163545463872173e-11 -2.943881330951390964e-13
2.473407762808137279e-13 5.949726698198977761e-11 -3.812092850511401461e-11 1.999113923898077521e-11 -2.047669363555960689e-11 -2.866869427276517320e-13
1.912408494983236543e-13 6.667502352984053653e-11 -4.221582766131673321e-11 2.163041093840856324e-11 -2.211426374674631017e-11 -2.732355284076923554e-13
1.551978578607553010e-13 7.507390538770137981e-11 -4.694252536266557674e-11 2.348679093090575863e-11 -2.396953338908308141e-11 -2.601255461851298317e-13
1.669042039399760418e-13 8.670531520406716994e-11 -5.351734381422851265e-11 2.577599318441040259e-11 -2.624188096885234099e-11 -2.483439633241538559e-13
1.229425180975627501e-13 1.011879469989404066e-10 -6.166701445819298398e-11 2.863669816215916998e-11 -2.909036550403870368e-11 -2.382955067769791637e-13
9.281875189717092060e-14 1.190112335724384188e-10 -7.164302094593458657e-11 3.167417212167534396e-11 -3.209968682146963868e-11 -2.196338174614539506e-13
3.663631899400251366e-14 1.429884441876843297e-10 -8.503616970866326306e-11 3.540107199981864093e-11 -3.581000538633435607e-11 -2.004925376683762262e-13
2.202548360369354857e-14 1.748528994331428612e-10 -1.028984424445401545e-10 3.965565463376646983e-11 -4.002942970313554447e-11 -1.854153273217771165e-13
7.993099473825798127e-14 2.198320340142756153e-10 -1.279369677122875133e-10 4.515122860275261035e-11 -4.549750462610051311e-11 -1.672999990278946623e-13
4.094443394450781023e-14 2.863379336132993448e-10 -1.650237109274925197e-10 5.232563601712494220e-11 -5.263432223640830043e-11 -1.486150126360533893e-13
1.959934669508158544e-14 3.884607764184951811e-10 -2.218779817765220086e-10 6.204046693696800164e-11 -6.231342712688543151e-11 -1.294166388458749296e-13
-2.652435717137597208e-14 5.557273104131817966e-10 -3.150063840048460502e-10 7.426710308210062968e-11 -7.449751725254392394e-11 -1.072567335547839917e-13
5.575767589558907557e-15 8.649684856918552448e-10 -4.870930043150789087e-10 9.332738120104725225e-11 -9.351330543242091485e-11 -8.700226623132624467e-14
-5.327133958639660017e-14 1.543294233258578738e-09 -8.645228453928299194e-10 1.266697552684238646e-10 -1.268123762893216456e-10 -6.523983903623907612e-14
-6.966546889626681968e-14 3.465767490777981877e-09 -1.934244843662128526e-09 1.907088336834877579e-10 -1.908047954363318650e-10 -4.379528738859402092e-14
-8.992027832951803967e-14 1.388190890726978161e-08 -7.729883922575422987e-09 3.805233885015826383e-10 -3.805714211195907973e-10 -2.185989196309883334e-14
0.000000000000000000e+00 0.000000000000000000e+00 0.000000000000000000e+00 0.000000000000000000e+00 0.000000000000000000e+00 0.000000000000000000e+00
0.000000000000000000e+00 0.000000000000000000e+00 0.000000000000000000e+00 0.000000000000000000e+00 0.000000000000000000e+00 0.000000000000000000e+00
2.255457969250451455e+01 2.365295750179949508e+01 4.880603507342501501e+01 -5.274451870771650341e-01 -2.407288303324414402e-01 -2.033749729736140377e-01
1.989639036996316079e+01 2.623452468844507735e+01 4.879116216829428510e+01 -1.054363794843664826e+00 -5.686939161544005694e-01 -3.174175785965734353e-01
1.947486162222784500e+01 2.652846640395033972e+01 4.876619784264872237e+01 -1.580228027023187876e+00 -8.677600135122536251e-01 -4.561784147992442029e-01
1.928912818606142920e+01 2.653582410986808426e+01 4.873088058599181949e+01 -2.104507734192358370e+00 -1.159090009064180915e+00 -5.964328728394989731e-01
1.914435484997352432e+01 2.645168251723735864e+01 4.868484964695918649e+01 -2.626669436675442171e+00 -1.443128997690197535e+00 -7.357085009265271758e-01
1.900483993250217551e+01 2.631206887042603881e+01 4.862765028898450481e+01 -3.146175580583939979e+00 -1.720420937182847387e+00 -8.714797612844051855e-01
1.885713325653286176e+01 2.613083845136790373e+01 4.855874038922369351e+01 -3.662484094396421419e+00 -1.989185743568065545e+00 -1.003602299786574559e+00
1.869576419227332309e+01 2.591395067089777271e+01 4.847749826999976364e+01 -4.175048305015578443e+00 -2.248752852396013857e+00 -1.130890679109145980e+00
1.851859906518447474e+01 2.566411637872927187e+01 4.838323163148493222e+01 -4.683317262034208284e+00 -2.498025339417768720e+00 -1.252665450429845784e+00
1.832517482113065554e+01 2.538246941301184023e+01 4.827518743784668942e+01 -5.186736507251684891e+00 -2.735919292260548197e+00 -1.368324831274939202e+00
1.811363929898394076e+01 2.507163193764080233e+01 4.815256259598675115e+01 -5.684749313562541317e+00 -2.961521548067431731e+00 -1.477197823286537037e+00
1.788463934760375196e+01 2.473183221325200165e+01 4.801451525602368520e+01 -6.176798403452269604e+00 -3.173892174181925707e+00 -1.578752330019945971e+00
1.763802060405974359e+01 2.436421085221021698e+01 4.786017655598887188e+01 -6.662328142736437364e+00 -3.372068041144766326e+00 -1.672601850308097937e+00
1.737424762470848094e+01 2.396940671760925667e+01 4.768866262954153257e+01 -7.140787190103799809e+00 -3.555363390542671809e+00 -1.758214756529636436e+00
1.709333543289158186e+01 2.354863123865300878e+01 4.749908669454807608e+01 -7.611631567673730281e+00 -3.723025565738052656e+00 -1.835267888521447954e+00
1.679576372296243036e+01 2.310275972430627078e+01 4.729057104176523296e+01 -8.074328102309534572e+00 -3.874449258585156208e+00 -1.903440995952677017e+00
1.648190335501721293e+01 2.263290984899650837e+01 4.706225874605971171e+01 -8.528358171937757248e+00 -4.009136099841821732e+00 -1.962465075297018524e+00
1.615258358788409154e+01 2.213987865941258804e+01 4.681332492701601922e+01 -8.973221675639866390e+00 -4.126675638259346357e+00 -2.012148419540968458e+00
1.580813513045913510e+01 2.162510280981868149e+01 4.654298739077058400e+01 -9.408441130744417791e+00 -4.226767760189254375e+00 -2.052360183178434827e+00
1.544947079492519215e+01 2.108958002399306153e+01 4.625051648972996077e+01 -9.833565784406518517e+00 -4.309206637698518527e+00 -2.083051222837097427e+00
1.507710098161709489e+01 2.053485433377200664e+01 4.593524404067555622e+01 -1.024817561094376472e+01 -4.373887002012814662e+00 -2.104251262389611021e+00
1.469198319426450183e+01 1.996216567807816844e+01 4.559657114376932441e+01 -1.065188504909969680e+01 -4.420872462278399695e+00 -2.116002509654170805e+00
1.429499318195246182e+01 1.937297605702208969e+01 4.523397474416660913e+01 -1.104434631485603902e+01 -4.450281683188586079e+00 -2.118473764395607972e+00
1.388689951666928479e+01 1.876899023761450991e+01 4.484701277322457713e+01 -1.142525210463571206e+01 -4.462400662119179628e+00 -2.111846641705026340e+00
1.346880068290752774e+01 1.815171176115610763e+01 4.443532769638058255e+01 -1.179433747969345170e+01 -4.457542297737457027e+00 -2.096452600711788516e+00
1.304168869749532256e+01 1.752287008880637131e+01 4.399864827811195767e+01 -1.215138069380320829e+01 -4.436219117092532471e+00 -2.072594816708566157e+00
1.260661637985507078e+01 1.688424165509048791e+01 4.353678934906297826e+01 -1.249620269119641414e+01 -4.398999256683128856e+00 -2.040684735441976816e+00
1.216470341874812178e+01 1.623762961550978545e+01 4.304964932398535638e+01 -1.282866495766579362e+01 -4.346532861250885560e+00 -2.001206114959805937e+00
1.171704709688375523e+01 1.558493640790114476e+01 4.253720516836996524e+01 -1.314866535158318683e+01 -4.279593941855063477e+00 -1.954661522672766605e+00
1.126487400681266493e+01 1.492799282970097963e+01 4.199950444228888813e+01 -1.345613146894368306e+01 -4.199025374918462283e+00 -1.901613659545538404e+00
1.080931248407756051e+01 1.426876399990384847e+01 4.143665395626224779e+01 -1.375101100155335665e+01 -4.105754481645802478e+00 -1.842654173162763920e+00
1.035155587197461102e+01 1.360916224855391476e+01 4.084880444804555566e+01 -1.403325842210722740e+01 -4.000753475252047942e+00 -1.778425822629320141e+00
9.892806116012900830e+00 1.295107765680180734e+01 4.023613052031469550e+01 -1.430281716317289664e+01 -3.885033801140729270e+00 -1.709609169841665111e+00
9.434229527819047334e+00 1.229639469248692407e+01 3.959880485236996606e+01 -1.455959623385528268e+01 -3.759690075805464105e+00 -1.636858338518058842e+00
8.976976868906426432e+00 1.164694313666403858e+01 3.893696539344451679e+01 -1.480343991721722574e+01 -3.625806210279184594e+00 -1.560873546111662069e+00
8.522179699966434541e+00 1.100447175792117349e+01 3.825067383211693794e+01 -1.503408878424427364e+01 -3.484479078924311413e+00 -1.482355376988905515e+00
8.070875194798778907e+00 1.037069298797727335e+01 3.753986307538885114e+01 -1.525112970575936977e+01 -3.336828369290464114e+00 -1.401972521268690652e+00
7.624096568844655586e+00 9.747161942908739718e+00 3.680427070606905460e+01 -1.545393178583798921e+01 -3.183928845008037634e+00 -1.320407129668246471e+00
7.182770750586500164e+00 9.135348687699011094e+00 3.604335434026665297e+01 -1.564156410079148074e+01 -3.026855602621208341e+00 -1.238287598077450147e+00
6.747768891514978939e+00 8.536558694656068980e+00 3.525618337078639541e+01 -1.581268969921711331e+01 -2.866620180846060517e+00 -1.156231319719545292e+00
6.319845826756546714e+00 7.951965937803453954e+00 3.444129961186673228e+01 -1.596542835557994167e+01 -2.704193446177014515e+00 -1.074801868201587851e+00
5.899675945040191216e+00 7.382551713883798605e+00 3.359653666538461891e+01 -1.609717788149827911e+01 -2.540470732563396172e+00 -9.945255012512104198e-01
5.487813348027041904e+00 6.829121841371704527e+00 3.271878417206320933e+01 -1.620438014889160527e+01 -2.376292034277521115e+00 -9.158545239447534181e-01
5.084690884960552104e+00 6.292288152354958974e+00 3.180367823424084150e+01 -1.628221310814807055e+01 -2.212390882715985274e+00 -8.392041802704436337e-01
4.690632235121430682e+00 5.772440562887831028e+00 3.084519300022331834e+01 -1.632418379322147928e+01 -2.049425743079055007e+00 -7.649094910509733891e-01
4.305817454900231489e+00 5.269769709190339491e+00 2.983510077133657390e+01 -1.632158968116398512e+01 -1.887949175702979820e+00 -6.932469962544849373e-01
3.930308240032347911e+00 4.784234239437930469e+00 2.876225995592210793e+01 -1.626280774039823385e+01 -1.728428031301121326e+00 -6.244082803888643118e-01
3.564018989834123463e+00 4.315586942077887400e+00 2.761168476394274762e+01 -1.613236507427379252e+01 -1.571201322901602637e+00 -5.585387294890636900e-01
3.206749260148799685e+00 3.863344312151903548e+00 2.636335550634695224e+01 -1.590975003889533390e+01 -1.416533843600383147e+00 -4.956834852275701087e-01
2.858154176433663984e+00 3.426823087358434439e+00 2.499076171744241748e+01 -1.556795606945947164e+01 -1.264563867029096844e+00 -4.358422388846391327e-01
2.517783515369838465e+00 3.005113059911059370e+00 2.345927001269322432e+01 -1.507185014388516819e+01 -1.115352034210529864e+00 -3.789256891424093165e-01
2.185043992409748892e+00 2.597131550567557845e+00 2.172464679276696131e+01 -1.437669601064877867e+01 -9.688444137675132906e-01 -3.248005564750074403e-01
1.859256635076364850e+00 2.201587498066776227e+00 1.973255784451826500e+01 -1.342765424673305041e+01 -8.249037210456543479e-01 -2.732690052742972608e-01
1.539634800150206262e+00 1.817029349923894310e+00 1.742073059728803841e+01 -1.216194491798207267e+01 -6.833253468098907657e-01 -2.240656220217042971e-01
1.225299192076423349e+00 1.441860056015521918e+00 1.472661058594499472e+01 -1.051650440556741017e+01 -5.438067967691295745e-01 -1.769031149528989821e-01
9.153254418290283079e-01 1.074323184666376108e+00 1.160391042936134554e+01 -8.444534717719584194e+00 -4.059740585605648988e-01 -1.314629583826476267e-01
6.087720954798682138e-01 7.125118184389762632e-01 8.049067778239660242e+00 -5.941961749236100765e+00 -2.693069248563575990e-01 -8.748867100293740429e-02
3.049443545326842586e-01 3.541443305443652267e-01 4.130308696653153255e+00 -3.076498959938317235e+00 -1.328915642652237772e-01 -4.505313730264502714e-02
1.579697000840626435e-17 -5.547695248631166848e-15 1.036917344985708818e-14 -7.313493695121936369e-15 2.119984136066153618e-17 2.405385000271328547e-16
1.579697000840626435e-17 -5.547695248631166848e-15 1.036917344985708818e-14 -7.313493695121936369e-15 2.119984136066153618e-17 2.405385000271328547e-16
-1.027962700741035684e+00 -4.037181570522069052e+00 4.577657269365068005e-01 1.214770474764755859e-01 4.064230484460357173e-01 3.176805380840806992e-01
-2.051439813015643931e+00 -8.003051265780728230e+00 9.133716399259818042e-01 2.451282578179706517e-01 8.100222044972681390e-01 6.321574086558595651e-01
-3.066030898529793713e+00 -1.183077045253291359e+01 1.364619207877802332e+00 3.730960334053409766e-01 1.207993699089967787e+00 9.402736561033659957e-01
-4.067502249567111150e+00 -1.546175612326331006e+01 1.809232008290503568e+00 5.074591616585134579e-01 1.597573966286992775e+00 1.238965653827753810e+00
-5.051861583641087172e+00 -1.884826648749287870e+01 2.244815659845773137e+00 6.502008206531380008e-01 1.976059631990641607e+00 1.525309482707554620e+00
-6.015423026279116847e+00 -2.195457907730082425e+01 2.668816471175198046e+00 8.031764939366032863e-01 2.340827350478366764e+00 1.796566835875995194e+00
-6.954860213471538266e+00 -2.475684843511828248e+01 3.078478491268576089e+00 9.680819829263159759e-01 2.689353412089383166e+00 2.050230077286891106e+00
-7.867246108872338439e+00 -2.724194283051316035e+01 3.470798764923038515e+00 1.146421883797164032e+00 3.019233024576059687e+00 2.284065906911420196e+00
-8.750078921693120293e+00 -2.940565023919057097e+01 3.842480772882567841e+00 1.339479105178999818e+00 3.328199147183815931e+00 2.496156880642010023e+00
-9.601294259062406411e+00 -3.125062714747376802e+01 4.189886294811560496e+00 1.548286230504795302e+00 3.614140731771127157e+00 2.684939811113860042e+00
-1.041926429404676924e+01 -3.278438125888806809e+01 4.508986307489727174e+00 1.773599756406181172e+00 3.875120201039355727e+00 2.849239854815103890e+00
-1.120278523870273446e+01 -3.401747492044932386e+01 4.795312066256411043e+00 2.015878442474310805e+00 4.109389972213906006e+00 2.988298894799895855e+00
-1.195105476198071059e+01 -3.496204138422034191e+01 5.043908274896719668e+00 2.275267159392032390e+00 4.315407817442048710e+00 3.101796685732825409e+00
-1.266364118523360283e+01 -3.563063598133067700e+01 5.249291303777115836e+00 2.551587690306821088e+00 4.491850841825884899e+00 3.189863170597011077e+00
-1.334044633863258689e+01 -3.603540142846561167e+01 5.405416858080311471e+00 2.844337893227823155e+00 4.637627858278545290e+00 3.253080437438095274e+00
-1.398166389516737240e+01 -3.618750640689759734e+01 5.505663423453292182e+00 3.152700444390040158e+00 4.751889946746508997e+00 3.292472985921782946e+00
-1.458773484516606800e+01 -3.609681256614168632e+01 5.542840307461802674e+00 3.475562039137930270e+00 4.834039004604249179e+00 3.309485332154932902e+00
-1.515930156400903428e+01 -3.577173093193627551e+01 5.509232180437440007e+00 3.811543429797422000e+00 4.883734125183452512e+00 3.305946494365338939e+00
-1.569716168674764667e+01 -3.521923949999916914e+01 5.396695602759811194e+00 4.159040051847248343e+00 4.900895681405343041e+00 3.284021549030983422e+00
-1.620222275855573102e+01 -3.444504616347458636e+01 5.196826774101563906e+00 4.516272275148248028e+00 4.885707039181990119e+00 3.246151182130307511e+00
-1.667545839647727490e+01 -3.345389259097274248e+01 4.901222922477557198e+00 4.881343579968854485e+00 4.838613877373072469e+00 3.194980919201575009e+00
-1.711786648707442637e+01 -3.225000311370083494e+01 4.501861044431641368e+00 5.252304274171989640e+00 4.760321143388389409e+00 3.133282424394468357e+00
-1.753042976242722162e+01 -3.083768576710978948e+01 3.991615032762546367e+00 5.627217815706893944e+00 4.651787721088441963e+00 3.063869834635678302e+00
-1.791407894532121503e+01 -2.922208758069606205e+01 3.364922750253851458e+00 6.004226449972391855e+00 4.514218925273984162e+00 2.989514473236814407e+00
-1.826965853205803114e+01 -2.741009002455402310e+01 2.618595149786509868e+00 6.381612758514180861e+00 4.349056959880516438e+00 2.912861423031740227e+00
-1.859789518468084069e+01 -2.541130103655956418e+01 1.752727716283255521e+00 6.757853857152765542e+00 4.157969481038578330e+00 2.836351318150663658e+00
-1.889936862885280533e+01 -2.323905794244563339e+01 7.716307766297272330e-01 7.131665358197572857e+00 3.942836389031191491e+00 2.762150354440264799e+00
-1.917448489406515932e+01 -2.091130704338547019e+01 -3.153543900325678218e-01 7.502032773844492297e+00 3.705734934666277347e+00 2.692090969095550790e+00
-1.942345168426805913e+01 -1.845118452769017026e+01 -1.493328508952033840e+00 7.868228716865341532e+00 3.448923168119253813e+00 2.627624968287615825e+00
-1.964625562496742717e+01 -1.588711035589556886e+01 -2.741784611486039136e+00 8.229814972829517572e+00 3.174821687261911052e+00 2.569790163650779835e+00
-1.984264109365357598e+01 -1.325224322721776815e+01 -4.035187717160386711e+00 8.586629202186449206e+00 2.885993566144537947e+00 2.519190886525561890e+00
-2.001209030150371149e+01 -1.058324100179627969e+01 -5.344239763541538402e+00 8.938756621942657077e+00 2.585122273472513665e+00 2.475992140715546963e+00
-2.015380425414121746e+01 -7.918414066548487895e+00 -6.637742574425812059e+00 9.286487477711775185e+00 2.274987338241153623e+00 2.439926667620207823e+00
-2.026668417766245867e+01 -5.295509262562427821e+00 -7.884821543755482054e+00 9.630261432897830431e+00 1.958437498456946368e+00 2.410313847116587915e+00
-2.034931295442133958e+01 -2.749465077572586846e+00 -9.057169657288048015e+00 9.970600179206828173e+00 1.638361091528910185e+00 2.386089138452236913e+00
-2.039993607417328292e+01 -3.104923698472015214e-01 -1.013095797799853237e+01 1.030802963487876589e+01 1.317653521304364084e+00 2.365842657278512728e+00
-2.041644157521021796e+01 1.997248256777633957e+00 -1.108814198519722716e+01 1.064299307854722620e+01 9.991817722682674319e-01 2.347865458108741699e+00
-2.039633843484558540e+01 4.156248369887555860e+00 -1.191704039298927675e+01 1.097575650785592849e+01 6.857461354988537705e-01 2.330202113005879205e+00
-2.033673288034278670e+01 6.155565167926979164e+00 -1.261221960422380484e+01 1.130630745491869860e+01 3.800395559200442919e-01 2.310708216109570223e+00
-2.023430214598910482e+01 7.990195590630780664e+00 -1.317383407425358754e+01 1.163424847653952376e+01 8.460529181855988567e-02 2.287111473672167605e+00
-2.008526532080351856e+01 9.660114302691781063e+00 -1.360662724894118725e+01 1.195868660556501339e+01 -1.982061228181550006e-01 2.257075039952823214e+00
-1.988535113991898839e+01 1.116917437699338223e+01 -1.391879361701284168e+01 1.227812024062541418e+01 -4.662793175900359910e-01 2.218261708846791969e+00
-1.962976288953791837e+01 1.252402746336407979e+01 -1.412086063900699529e+01 1.259032530790134530e+01 -7.177742943385615471e-01 2.168397416092873176e+00
-1.931314096529258961e+01 1.373316424865884144e+01 -1.422469367550121433e+01 1.289224310142152241e+01 -9.511621878300469124e-01 2.105332013694185544e+00
-1.892952348143205299e+01 1.480612314582813838e+01 -1.424267521043262086e+01 1.317987306198519448e+01 -1.165252193157927829e+00 2.027093107696928076e+00
-1.847229951548849769e+01 1.575286905493865852e+01 -1.418707055880810941e+01 1.344817497117322880e+01 -1.359190494990577314e+00 1.931913882748659050e+00
-1.793404757797217641e+01 1.658321586719524632e+01 -1.406956764304070084e+01 1.369098671709149251e+01 -1.532194555601856578e+00 1.817998206186286048e+00
1.328802210899037796e-08 -1.328101624949158104e-08 -1.808614080389000023e+01 1.808614080388910850e+01 -1.208275169616528042e-09 1.204760966989481603e-09
1.328802210899037796e-08 -1.328101624949158104e-08 -1.808614080389000023e+01 1.808614080388910850e+01 -1.208275169616528042e-09 1.204760966989481603e-09
1.446143027494493361e-08 -1.445468544569316756e-08 -1.219269314417339005e-05 1.219269251167079822e-05 -1.357105967349493616e-09 1.353507368729021357e-09
1.583486074479283547e-08 -1.582836895782093860e-08 -3.021649328114991717e-06 3.021648961917633618e-06 -1.514132189954779956e-09 1.510464569254635679e-09
1.725847630362179977e-08 -1.725220633124939377e-08 -1.310312966675735566e-06 1.310312880594630791e-06 -1.679146871789105072e-09 1.675358583412379942e-09
1.863698929039637845e-08 -1.863105631090741825e-08 -7.448861300188852734e-07 7.448863292729005883e-07 -1.848351232680848557e-09 1.844533415405966236e-09
2.009676599548010919e-08 -2.009112718662674792e-08 -4.775111564418046596e-07 4.775116375568620661e-07 -2.031299318007338527e-09 2.027397553023732149e-09
2.173267437819433674e-08 -2.172727561928030136e-08 -3.305478033530374856e-07 3.305485660988779590e-07 -2.223115115461216394e-09 2.219107361190234348e-09
2.338857902831240713e-08 -2.338343464075567640e-08 -2.466313927379204386e-07 2.466324292264822128e-07 -2.434554983725373210e-09 2.430460362216847197e-09
2.512412392939257462e-08 -2.511925431572977717e-08 -1.944463978044206822e-07 1.944476964096311991e-07 -2.667031084596552392e-09 2.662893412267260891e-09
2.715194209208965554e-08 -2.714728760573587603e-08 -1.574277968202969079e-07 1.574293590552379881e-07 -2.919852251062892239e-09 2.915597680776839380e-09
2.911084852003672791e-08 -2.910640101751798947e-08 -1.322888142876422124e-07 1.322906185761925416e-07 -3.198228924956170694e-09 3.193914723423472379e-09
3.123938416906261069e-08 -3.123516853563692326e-08 -1.149344300847023552e-07 1.149364484366876389e-07 -3.507455700574786382e-09 3.503061066923635591e-09
3.358424184752917511e-08 -3.358021118076268542e-08 -1.021055895953056668e-07 1.021078184141271846e-07 -3.856264284184627432e-09 3.851807928302489561e-09
3.630676732469657145e-08 -3.630288279521462111e-08 -9.161452169716971041e-08 9.161697287377664615e-08 -4.228514376800451723e-09 4.223945832497624620e-09
3.916501792451142394e-08 -3.916129721522753268e-08 -8.500156149112463650e-08 8.500419752126531779e-08 -4.682068240575852290e-09 4.677444588098187597e-09
4.219484633656646919e-08 -4.219131816674775223e-08 -8.023339177925383743e-08 8.023618635857917350e-08 -5.172985994437269842e-09 5.168305533231234294e-09
4.572121454732762196e-08 -4.571776577638012325e-08 -7.635260511109836867e-08 7.635557997006830152e-08 -5.714158020283736509e-09 5.709386687845868045e-09
4.969237373251211648e-08 -4.968903069795260620e-08 -7.411552921863606376e-08 7.411867552587373736e-08 -6.374428926103749638e-09 6.369575816999635006e-09
5.409286162065290220e-08 -5.408967965560535756e-08 -7.323123935415365613e-08 7.323452913227149283e-08 -7.139409623425458957e-09 7.134530000859273330e-09
5.902657738503958898e-08 -5.902358518998942031e-08 -7.351869758724081943e-08 7.352210639583420827e-08 -8.045585831990315214e-09 8.040687076416837730e-09
6.488061740708170256e-08 -6.487770869446764248e-08 -7.431349461498945299e-08 7.431705014192485602e-08 -9.058357618675498842e-09 9.053393745245847937e-09
7.179275278114112939e-08 -7.178996817914770592e-08 -7.660561598811802155e-08 7.660928643786174402e-08 -1.031265083995523461e-08 1.030767691059068617e-08
7.928593659364339064e-08 -7.928333145371119204e-08 -8.057319832543175886e-08 8.057684900796037825e-08 -1.184065658781584101e-08 1.183579987054697530e-08
8.884226682982398514e-08 -8.883986487752334386e-08 -8.544878931001380917e-08 8.545251098868216139e-08 -1.366291374366317724e-08 1.365810718526956272e-08
1.001694104977467554e-07 -1.001671496875449522e-07 -9.194446556165465518e-08 9.194818164549950190e-08 -1.586907992474589419e-08 1.586436034586144056e-08
1.144982692911102226e-07 -1.144961252737144867e-07 -1.010218497945399178e-07 1.010254986883281026e-07 -1.868820091481038548e-08 1.868365118759098890e-08
1.320957389947830446e-07 -1.320938847883430609e-07 -1.135178722115347227e-07 1.135213192077434929e-07 -2.228996648006633093e-08 2.228570283421738126e-08
1.564699177449212867e-07 -1.564682777711228281e-07 -1.306236449585833197e-07 1.306268996656900488e-07 -2.712017447255211078e-08 2.711622081170116492e-08
1.895922547015232115e-07 -1.895908578936529301e-07 -1.549664095362442909e-07 1.549693436028167418e-07 -3.374751596062294383e-08 3.374400969873388995e-08
2.382602560865290937e-07 -2.382591066996978959e-07 -1.923270179874373480e-07 1.923295103121578180e-07 -4.343782099781544986e-08 4.343484489605683335e-08
3.193246901393072698e-07 -3.193238328900440169e-07 -2.550166350568789366e-07 2.550185939380691844e-07 -5.937905149216011457e-08 5.937674768195112770e-08
4.829912210088164429e-07 -4.829906590093521643e-07 -3.811404689828450856e-07 3.811418685257116176e-07 -9.099740369867262208e-08 9.099575610994804431e-08
9.663491154840318293e-07 -9.663488251799277381e-07 -7.605699079814336442e-07 7.605706104160685954e-07 -1.838589447080467131e-07 1.838581257687707635e-07
-5.539536380662275494e-15 -1.461117249864146583e-15 4.014221726946433487e-15 2.353163717826826140e-15 -3.073490826709452927e-16 -3.103815082329184904e-15
