0.000000000000000000e+00 0.000000000000000000e+00 0.000000000000000000e+00 0.000000000000000000e+00 0.000000000000000000e+00 0.000000000000000000e+00 0.000000000000000000e+00 0.000000000000000000e+00 0.000000000000000000e+00 0.000000000000000000e+00 0.000000000000000000e+00 0.000000000000000000e+00 0.000000000000000000e+00 0.000000000000000000e+00 0.000000000000000000e+00
9.817783047486576820e+00 9.657691256032421734e+00 2.453234972565324412e+01 3.975538408430971393e-01 3.976387937528880201e-01 6.945649713197588060e-01 3.831964043573693468e-02 2.696026899468583274e-02 3.841890649690914150e-02 1.944356176475301595e-02 1.973998699096230630e-02 2.560328248000051765e+00 2.373608962543029277e-01 2.373616138442208034e-01 3.600042283217157468e+00
9.758686092449940119e+00 9.607035614602013496e+00 2.430200870662513424e+01 8.036437323621525852e-01 8.038128811287849063e-01 1.385042476863385108e+00 5.077370716577406934e-02 9.695252469561206621e-02 9.706374703944752047e-02 3.519128705773534593e-02 3.568498988363384000e-02 4.971056101514140124e+00 4.652242950640309571e-01 4.652219127031221313e-01 7.149800175918056055e+00
9.664318768011446181e+00 9.525952632946367515e+00 2.390656608976014041e+01 1.219821223432924873e+00 1.220268897500593086e+00 2.076749414344519984e+00 6.847322281372394959e-02 1.889512668130479967e-01 1.887306506865471245e-01 4.381916736944512641e-02 4.434769409807681056e-02 7.108339374442766534e+00 6.743575976916460490e-01 6.743460185346099589e-01 1.059275722000281839e+01
9.540598997513228596e+00 9.419308958642631069e+00 2.333056202174231331e+01 1.638440464373543293e+00 1.639518704794490134e+00 2.785007439500025050e+00 7.750782221223240231e-02 3.171501428175491077e-01 3.160813139218424661e-01 4.242544756896312469e-02 4.282152364950320839e-02 8.896174205674006075e+00 8.560822775273743135e-01 8.560556716220453222e-01 1.386288827730149364e+01
9.395266427546902221e+00 9.293595756056474144e+00 2.255718661265742853e+01 2.045876949425918134e+00 2.047767120143004327e+00 3.525673162611396183e+00 7.648186718678283424e-02 4.765307800323015375e-01 4.743072796035482375e-01 2.883924472302892839e-02 2.899287769217514035e-02 1.031850558842115362e+01 1.002599549146078406e+00 1.002555043981190330e+00 1.688625231936990900e+01
9.237344595976546557e+00 9.156555527654257176e+00 2.157485634242416950e+01 2.427729525822892143e+00 2.430226325542163224e+00 4.285763785947338533e+00 8.200598279409287983e-02 6.589557859966724829e-01 6.557454806606112241e-01 2.179194881949555237e-03 2.381843804631349204e-03 1.141634419844960036e+01 1.107345028836859147e+00 1.107284658611293882e+00 1.958749302721056651e+01
9.076470168449722209e+00 9.016653976939243975e+00 2.038618927563186034e+01 2.775101907284001523e+00 2.772488846657938488e+00 4.013993489599988057e-02 8.566292146043281708e-01 8.530042652942492198e-01 5.099018222875276507e+00 3.936358930602232298e-02 3.973350647693301568e-02 1.227111606659714482e+01 1.165344554533930488e+00 1.165275859655556800e+00 2.189923445285356252e+01
8.922120142331509740e+00 8.882399737737648238e+00 1.901704101921189860e+01 3.075035309459055899e+00 3.072836229042315459e+00 1.525187300497553994e-02 1.063166848545480825e+00 1.059865580256449169e+00 5.883938516326242762e+00 9.384156823350779664e-02 9.426813388264068672e-02 1.298087062368966826e+01 1.173529479857122970e+00 1.173464599556963250e+00 2.377115061533864093e+01
8.782787741176452556e+00 8.761549735719848186e+00 1.752125483176124732e+01 3.326891668827984816e+00 3.325502042748131881e+00 7.464511055803785267e-02 1.273258547646030969e+00 1.270990119220643644e+00 6.558092839957200937e+00 1.605936142577988335e-01 1.609225037080117826e-01 1.363670396830812592e+01 1.130966922498094052e+00 1.130920473170574647e+00 2.517581281725061615e+01
8.665179028868921662e+00 8.660278999786275023e+00 1.597658074343860868e+01 3.531003100390283755e+00 3.530639139979085517e+00 1.467512983620673783e-01 1.482091657043900224e+00 1.481445056757079604e+00 7.043018098660624560e+00 2.378831626125864351e-01 2.379806798895791609e-01 1.430423284405407713e+01 1.038969243539172416e+00 1.038955573351082240e+00 2.611000124750290752e+01
8.582428676217222829e+00 8.573519310146105354e+00 1.447076888273415740e+01 3.691128053559590505e+00 3.690390040065356647e+00 2.303136567079853703e-01 1.686480819309086332e+00 1.685062122788951067e+00 7.261063555221960897e+00 3.234659919626238223e-01 3.236770200430350575e-01 1.501236186200014799e+01 9.010948236089184604e-01 9.010643370358705218e-01 2.659197476420087369e+01
8.528960001621101128e+00 8.509063587509746895e+00 1.308294019736211311e+01 3.811890350297215679e+00 3.810055036389877969e+00 3.230913522484037403e-01 1.881581715760422435e+00 1.877811148352115378e+00 7.167399674695460021e+00 4.153382066825994090e-01 4.158722302646862823e-01 1.575041501064792016e+01 7.229097078563465617e-01 7.228287736112684048e-01 2.665629114519238385e+01
8.497723557527530502e+00 8.469891757554952605e+00 1.186880994663499500e+01 3.899198665620240867e+00 3.896315523283499616e+00 4.222270075377554388e-01 2.062674568446849044e+00 2.056447351738388996e+00 6.763676718184787440e+00 5.116675229057375818e-01 5.124951595055426967e-01 1.647407182152153382e+01 5.117353164585219938e-01 5.116039558078384619e-01 2.634791489680961263e+01
8.483600887921426192e+00 8.451034145694851674e+00 1.085549541356706982e+01 3.959992654215994445e+00 3.956157373860139881e+00 5.243977452525205862e-01 2.226369022408459575e+00 2.217803231480488524e+00 6.094433335718095535e+00 6.107636910590041879e-01 6.118435379090128023e-01 1.711882851404966388e+01 2.763024630326275100e-01 2.761272893532237815e-01 2.571687336123964585e+01
8.479001706889427226e+00 8.444920967898077890e+00 1.004532498058043721e+01 4.001242289682128472e+00 3.996629245154035281e+00 6.259471515104150230e-01 2.370133589013265318e+00 2.359616024690096125e+00 5.230007266213097417e+00 7.112485702418387401e-01 7.125540856030090353e-01 1.761693307770120498e+01 2.632565574533425948e-02 2.611924978755151422e-02 2.481408709401204860e+01
8.474626706150838018e+00 8.442092237316042969e+00 9.423991047673457189e+00 4.029409346018471894e+00 4.024315023524992263e+00 7.230228501963534837e-01 2.492348478442790949e+00 2.480570371969581966e+00 4.245867164702009866e+00 8.120634140275841961e-01 8.135872841650896303e-01 1.791215702443746594e+01 2.279608595732849352e-01 2.281806098444464359e-01 2.368849872300058124e+01
8.460355853715615382e+00 8.432057553965710994e+00 8.968534962792892529e+00 4.050042361863631868e+00 4.044914105895033529e+00 8.117211040381916431e-01 2.592210245224476850e+00 2.580180548502943871e+00 3.207157951935105000e+00 9.124039884561994107e-01 9.141284440110328813e-01 1.796821311579190805e+01 4.761639500640256206e-01 4.763761608930236480e-01 2.238533675283557400e+01
8.426106989157288396e+00 8.404169725398665136e+00 8.652939853999813025e+00 4.067509236414119655e+00 4.062935841902953094e+00 8.882357169458409141e-01 2.669491130263352385e+00 2.658520730069263482e+00 2.161730992153022335e+00 1.011578866175781410e+00 1.013409814287975941e+00 1.777011195330760174e+01 7.082030576475153438e-01 7.083850380500283928e-01 2.094523825934904337e+01
8.362525728477310238e+00 8.348374887983593950e+00 8.451131826015028992e+00 4.084835441125797217e+00 4.081484964686625361e+00 9.490074419492898761e-01 2.724175598648939101e+00 2.715832386426096701e+00 1.140121410941836722e+00 1.108789368701868838e+00 1.110461413070825465e+00 1.732061497047144982e+01 9.146435934072887353e-01 9.147730037984201923e-01 1.940394774213507390e+01
8.261398669852821897e+00 8.255716978738631084e+00 4.103581375259794939e+00 4.102084607265940264e+00 8.338131576856364191e+00 9.908695823443208761e-01 2.756006260235446259e+00 2.752047856799561654e+00 1.591706127186040265e-01 1.202832456062867150e+00 1.203797932043223273e+00 1.663473585730580950e+01 1.087043419347571094e+00 1.087100428586005751e+00 1.779235271834506804e+01
8.118490547028702764e+00 8.115705864387511070e+00 4.124451383454537989e+00 4.123659625959305686e+00 8.290224407404881646e+00 1.011185016407028181e+00 2.766267203745733649e+00 2.763970580956563339e+00 7.734522223611962621e-01 1.291045165542665130e+00 1.291727513400709348e+00 1.573447256902404945e+01 1.218227147079587791e+00 1.218257568477654651e+00 1.613667683505461170e+01
7.929933132610528013e+00 7.919224312860345449e+00 4.146094089588770792e+00 4.142953103087874567e+00 8.284790439269242412e+00 1.007969386631423880e+00 2.756210288290565025e+00 2.745749957670848840e+00 1.655295491656511020e+00 1.368502506700133514e+00 1.372261036643360521e+00 1.464478527687389153e+01 1.302582214332045796e+00 1.302708006883492642e+00 1.445871232213568724e+01
7.683302374098355259e+00 7.665540658969812071e+00 4.161534845168245234e+00 4.156527973424129385e+00 8.300146180063187273e+00 9.799945680860900898e-01 2.717638796083887254e+00 2.697138743432379915e+00 2.486181790885852116e+00 1.430631466487950476e+00 1.439428500315777626e+00 1.339098362433842837e+01 1.336392605940266431e+00 1.336612609395662732e+00 1.277602861779301158e+01
7.370058271123663296e+00 7.346198972598359411e+00 4.160814812551920205e+00 4.155103616012825185e+00 8.315495686023007593e+00 9.268647598769160778e-01 2.643712741795250398e+00 2.611435526365389670e+00 3.266161727352459909e+00 1.469464873208878641e+00 1.485736972177281734e+00 1.199727741850901275e+01 1.317860789321461334e+00 1.318163398725302304e+00 1.110213969423236513e+01
6.976611976819625305e+00 6.947452067462377201e+00 4.126692486598289911e+00 4.122184653570870161e+00 8.310850534389414790e+00 8.490427605532661071e-01 2.524243134061873839e+00 2.478844628885644941e+00 3.994008113149037698e+00 1.473977778725497956e+00 1.500343431815166051e+00 1.048613936693549142e+01 1.247278112337719458e+00 1.247641049348568787e+00 9.446646739621769484e+00
6.478654414537695416e+00 6.444665443924868065e+00 4.029528785794855850e+00 4.028817702506961140e+00 8.265960806126205540e+00 7.473114439933548070e-01 2.344911799365372307e+00 2.286076917602497538e+00 4.665658194258678115e+00 1.429621913723736260e+00 1.468124915641707773e+00 8.878167225302401988e+00 1.127060366344326159e+00 1.127451946066359234e+00 7.815393740611904505e+00
5.831625217073820977e+00 5.793068182755894746e+00 3.818504208346169992e+00 3.824489280550121606e+00 6.253439622774497053e-01 8.160567566781773863e+00 2.086955254028275419e+00 2.016744713869725647e+00 5.271191870841299476e+00 1.318638331336185354e+00 1.369210008089900343e+00 7.192216236618801162e+00 9.616941693230373067e-01 9.620762275564641586e-01 6.210680651367447958e+00
4.957148907950688077e+00 4.915039541068551010e+00 3.409314574720331503e+00 3.423954912695405195e+00 4.862179107924639032e-01 7.961432945907469971e+00 5.784981897885026036e+00 1.728900059519175469e+00 1.653929286938043974e+00 1.122549722065458555e+00 1.180593352965163767e+00 5.445655235569216934e+00 7.575877357632375686e-01 7.579200400943704174e-01 4.631573566868392611e+00
3.736273255382904335e+00 3.695220239196284062e+00 2.679602095169433262e+00 2.700806477661791938e+00 3.323133876683506682e-01 7.575284136310860283e+00 6.118745283837938587e+00 1.253662461801857031e+00 1.187044636647692553e+00 8.289774403793739310e-01 8.831751462822399201e-01 3.654665081509175462e+00 5.228263411286384610e-01 5.230719183949210649e-01 3.074336911443146914e+00
2.058893492035917649e+00 2.030955605098110350e+00 1.519611265687528467e+00 1.537145627930216474e+00 1.686430745499687411e-01 6.484573708730358987e+00 5.754363611950362056e+00 6.640154910921181042e-01 6.236567654515793313e-01 4.434572610137365589e-01 4.772466045529624168e-01 1.834542731303852037e+00 2.668402526095642879e-01 2.669707414903531584e-01 1.532993606727573788e+00
2.642608256950367474e-14 3.329822172351362575e-15 1.983317291333891438e-14 3.645239290971918223e-16 3.188188615714717147e-15 2.248485320332514923e-14 1.700679665262548921e-14 1.773458174155734950e-14 7.072077699889023197e-16 9.617627201662398692e-15 3.036011280127990680e-15 1.402840014858483413e-15 2.911015762815233641e-15 7.229132947890179135e-16 2.235533132315831832e-15
2.642608256950367474e-14 3.329822172351362575e-15 1.983317291333891438e-14 3.645239290971918223e-16 3.188188615714717147e-15 2.248485320332514923e-14 1.700679665262548921e-14 1.773458174155734950e-14 7.072077699889023197e-16 9.617627201662398692e-15 3.036011280127990680e-15 1.402840014858483413e-15 2.911015762815233641e-15 7.229132947890179135e-16 2.235533132315831832e-15
2.330426321495173980e-01 1.950796527641680767e+00 3.783893457610670308e-01 3.528554050776698536e-02 1.249470786435981529e+00 1.907274945346333572e+00 2.830390553649029695e+00 1.849300235592889474e-01 2.962324437953903988e+00 4.131076918098667422e-02 3.478796905686645680e+00 1.723313605727683495e-01 3.216924791440570891e-02 2.605952760236641907e+00 2.748695956355600711e-01
4.829353042805308305e-01 3.768086622558932675e+00 7.539531881224031951e-01 7.208476896232014763e-02 2.617658408907163281e+00 2.721876066679009387e+00 4.731771579848310871e+00 3.653539850297641278e-01 4.957020982110993401e+00 9.204314673052550744e-02 6.076953971264378751e+00 3.356305528973409502e-01 6.576691814308924244e-02 5.138669123518288195e+00 5.556143701276299307e-01
7.645734541914025462e-01 5.331154527633537477e+00 1.128328059069212852e+00 1.118001867660695647e-01 4.083683391353936543e+00 2.540015598167474131e+00 5.634247455383468051e+00 5.369169914874016847e-01 6.068762040389429124e+00 1.606286463369627771e-01 7.772022533282688883e+00 4.816246304631653929e-01 1.020645931978473031e-01 7.528255700444396403e+00 8.483660920705416997e-01
1.089145124851295998e+00 6.541100304568326251e+00 1.511540286567869762e+00 1.556214330366109400e-01 5.456578568277854480e+00 1.908641085856268349e+00 5.836278802956278433e+00 6.955598790322463643e-01 6.668643855486554806e+00 2.536360266863058044e-01 8.908211805815330564e+00 6.034345262396060283e-01 1.420391663637028956e-01 9.711118821782946497e+00 1.159646778727763339e+00
1.462767956163385064e+00 7.324597214505811138e+00 1.924982488767266631e+00 2.044415900987062162e-01 6.534465001765743963e+00 5.577234480791313231e+00 1.243924650644599783e+00 8.376508547032639473e-01 6.994190934475346566e+00 3.751167918438984006e-01 9.768079254313239090e+00 6.959905835111622752e-01 1.862698700334772528e-01 1.163229882881367772e+01 1.496260224399407646e+00
1.885673258793541862e+00 7.633983991565943761e+00 2.402968160913019791e+00 2.587979262533709468e-01 7.238890665878379593e+00 4.989176922528240077e+00 7.121389694914185275e-01 9.600985633769079097e-01 5.262391346654988755e-01 7.166150350114094181e+00 1.052236448673934710e+01 7.561843170596279640e-01 2.348804833988076823e-01 1.324717175834163285e+01 1.864835294500828855e+00
2.352043091373322792e+00 2.991647376156688409e+00 7.447821518076633396e+00 3.188406921852795506e-01 7.577595604369702365e+00 4.139855044000507078e+00 3.241980059255709090e-01 1.060441994775439323e+00 7.052416821535827385e-01 7.245413488831482063e+00 1.126775972535642190e+01 7.827663945825987790e-01 2.875300585416633026e-01 1.452269962277237347e+01 2.270947723088869719e+00
2.850533114797727752e+00 3.742176360893228804e+00 3.843301780352182395e-01 6.777332441239231287e+00 7.572749006304667851e+00 3.072918150052906139e+00 4.407196271581943076e-02 1.136914172981810411e+00 9.076973655746121139e-01 7.264090745593852816e+00 1.205518979637515287e+01 7.760464076542655798e-01 3.434485132246172800e-01 1.543847643343176657e+01 2.717812389059099054e+00
3.365424444763761347e+00 4.693098040220300859e+00 4.546586439392600321e-01 5.682646288021975245e+00 7.244014415876554480e+00 1.842973572194745335e+00 1.639718775646582527e-01 1.188478488622462859e+00 1.127040733976213627e+00 7.239842590050566074e+00 1.290356375199334593e+01 7.374784975311020618e-01 4.015077093945670916e-01 1.598772661114454507e+01 3.204645235285073834e+00
3.878255229151227113e+00 5.840869168427910374e+00 5.288904752712145774e-01 4.293370758788035424e+00 6.632750338427805481e+00 5.469471206314225897e-01 3.250590263659809964e-01 1.214838630100981032e+00 1.355283837889129872e+00 7.182451643725242363e+00 1.380642971134118824e+01 6.692264720251285270e-01 4.603151101088074904e-01 1.617820080626752599e+01 3.724940212877930978e+00
7.115350133064741733e+00 4.369706732358560330e+00 6.058115975813154197e-01 2.808454713716120210e+00 5.829350438047612215e+00 6.677853823474640960e-01 4.548867423351831141e-01 1.216424981565052965e+00 1.583829153903591136e+00 7.096981700788452585e+00 1.473705439214833390e+01 5.737948560495556016e-01 5.183161771255268002e-01 1.603266402422344683e+01 4.265064313868504264e+00
8.393145313838072497e+00 4.821478883176061991e+00 6.839784232143192311e-01 1.445928031706013250e+00 4.963393857610454596e+00 1.645106829002964011e+00 5.623285548848058202e-01 1.194361630799370744e+00 1.804283429196000377e+00 6.985450903612728801e+00 1.565458353165355376e+01 4.537920166849022663e-01 5.738931285838938523e-01 1.558848760855652493e+01 4.803682657514763754e+00
9.552140726569355422e+00 5.217898539470798625e+00 7.617578322579867667e-01 3.618244329256432579e-01 4.152174526471695160e+00 2.292136526501062921e+00 6.516281969795605367e-01 1.150418364897595636e+00 2.009182491316647834e+00 6.847871237863203397e+00 1.651146576713530933e+01 3.118619909187820838e-01 6.254508253954030872e-01 1.489584330341506302e+01 5.312502413156208192e+00
1.051863548010673099e+01 8.373529965661059560e-01 5.547059040657867257e+00 3.934553387597515273e-01 3.456593058194896706e+00 2.613962512645461089e+00 7.240132380987435168e-01 1.086951037363431682e+00 2.192551525101561261e+00 6.683024206421538160e+00 1.726071744067564850e+01 1.507872331297545609e-01 6.714844554975821778e-01 1.401421905223720010e+01 5.758601981630322442e+00
1.127161015279838807e+01 9.088148091172232323e-01 5.801377480640153905e+00 2.880195617016261700e+00 8.511965436381315753e-01 2.685207427997736485e+00 7.789799539216336610e-01 1.006831642466498922e+00 2.350245189725521655e+00 6.489116130079494837e+00 1.786134368078828416e+01 2.627774349133319559e-02 7.106274383232200620e-01 1.300740910667398609e+01 6.108199813867059014e+00
1.182066850064651042e+01 9.740443148422751607e-01 5.977554037313329793e+00 2.394809339870294540e+00 1.078209856099404451e+00 2.599303951891900333e+00 8.153697717808837675e-01 9.133669164478744884e-01 2.480034567297575432e+00 6.264347654238726193e+00 1.828108762848118829e+01 2.154575538820663050e-01 7.416809524381042795e-01 1.193763495712185829e+01 6.331240589512352912e+00
1.218516530810019738e+01 1.030796497379472099e+00 6.076003313440447862e+00 1.964957825977327932e+00 1.141371790892356852e+00 2.434710058047611536e+00 8.322273985608769076e-01 8.102021900566244161e-01 2.581431193876614572e+00 6.007383333675138104e+00 1.849679705685716158e+01 4.118950009900121945e-01 7.636284456323181313e-01 1.085981207712843322e+01 6.405840058004181437e+00
1.238355087987139491e+01 1.076698641670478462e+00 1.561566965590173828e+00 6.099885857952910939e+00 1.094561594455291775e+00 2.243806877333881733e+00 8.293797967220410960e-01 7.012064796182633231e-01 2.655260865319934993e+00 5.717692825608903462e+00 1.849334153784179691e+01 6.094680657983245764e-01 7.756394911420851912e-01 9.817013947460404566e+00 6.321603793692815110e+00
1.243012401227955799e+01 1.109296210590813958e+00 1.167287933232681318e+00 9.773113596217618548e-01 6.053894055704899912e+00 2.054873863611426987e+00 8.077022546078219678e-01 5.903360694715228396e-01 2.703020664807710194e+00 5.395741212945780241e+00 1.826203904281614498e+01 8.007340641476339282e-01 7.770676470455788465e-01 8.837877015413265980e+00 6.081139848351409860e+00
1.233497444997142267e+01 1.126135432128686720e+00 7.772537241299383171e-01 8.179204644968848248e-01 5.942944984174934220e+00 1.878628654841264956e+00 7.691001813211368887e-01 4.814771649451733970e-01 2.726071471917881794e+00 5.043022665042563801e+00 1.779922960408048027e+01 9.770498365823814257e-01 7.674467902705691680e-01 7.936184942577726886e+00 5.699575416850501064e+00
1.210460511627270286e+01 1.124885197607399689e+00 3.975206528970711140e-01 6.372019968949271806e-01 5.770914437783535078e+00 1.715082076575124903e+00 7.162874849772153940e-01 3.782729355030781671e-01 2.724735833944005314e+00 4.661951670635924749e+00 1.710527230097911655e+01 1.128917509406972552e+00 7.464898390050899168e-01 7.112383563115181495e+00 5.202350867776591947e+00
1.174211166880259682e+01 1.103492822837423892e+00 4.236129506506757653e-02 4.514722839727376424e-01 5.539525116527888038e+00 1.559139986954410695e+00 6.524611299763769523e-01 2.839452152885346692e-01 2.697390276901014516e+00 4.255644131187883872e+00 1.618399379567194529e+01 1.246542718707228881e+00 7.140928197998331894e-01 6.356466357658202782e+00 4.621848884799812929e+00
1.124646186140965654e+01 1.060360519969368198e+00 2.700638350618566608e-01 2.744339869912315599e-01 5.247493818848779412e+00 1.404558153793534547e+00 5.809585281807316814e-01 2.011248955904961500e-01 2.639668386887448204e+00 3.827633338453698020e+00 1.504249814264187357e+01 1.320569576671692724e+00 6.703458035078032617e-01 5.651572039854551477e+00 3.993489879142638532e+00
1.061068696874142248e+01 9.945237289540053149e-01 5.198004316879587527e-01 1.181064911241378884e-01 4.890065087107966946e+00 1.246310347891422143e+00 5.049547914722519737e-01 1.317065373171243392e-01 2.543938088838705092e+00 3.381571490732755425e+00 1.369121618505877080e+01 1.342934499943077675e+00 6.155503361680906282e-01 4.977696900937322866e+00 3.351847758010751743e+00
9.819017813407924677e+00 9.058098383309864943e-01 6.905141158727782225e-01 1.593079850712640980e-02 4.459129578072873024e+00 1.081616962384649216e+00 4.272258589340121593e-01 7.674152105917136923e-02 2.399298761872505015e+00 2.920965128626863638e+00 1.214408148452631764e+01 1.307761750512787868e+00 5.502408209820622842e-01 4.315062026325907851e+00 2.727200999194447473e+00
8.843557153680126959e+00 7.949565746632168972e-01 7.713623620186991214e-01 9.900033871127868201e-02 3.944247680039014270e+00 9.099698607835861042e-01 3.499807077801663224e-01 3.638047699943616070e-02 2.192465414896916709e+00 2.448982612765529421e+00 1.041873634706538709e+01 1.212206014462498427e+00 4.752052623706247148e-01 3.646825542082305027e+00 2.142799565695001629e+00
7.642578233334483606e+00 6.636730520978092462e-01 7.591462123125033434e-01 1.465317531503498028e-01 3.335017964015190461e+00 7.325240778405236464e-01 2.747550857082400877e-01 9.870725229139669377e-03 1.910016771277830205e+00 1.968354503667915978e+00 8.536680991103098748e+00 1.057132541600377840e+00 3.914993791648250787e-01 2.960962012532586840e+00 1.613026988128320793e+00
6.165631020871884971e+00 5.146323240302329571e-01 6.591220682752036986e-01 1.535461373375505423e-01 2.625151763724724141e+00 5.512194774797681829e-01 2.023601219622681580e-01 4.391030401905506898e-03 1.542391915858195350e+00 1.481366284909643838e+00 6.523280345485120257e+00 8.475183254909687269e-01 3.004478110037948624e-01 2.251238993053835014e+00 1.142565879514653604e+00
4.374204512592454464e+00 3.513913238779854398e-01 4.847499074276745978e-01 1.248356059509881794e-01 1.817965542065007156e+00 3.679503350169992526e-01 1.328878179979790519e-01 8.754319962432949298e-03 1.089356323847105790e+00 9.899225254077921310e-01 4.407545887576005406e+00 5.924675209212436622e-01 2.036272508963318240e-01 1.517308783581415632e+00 7.266147220042783461e-01
2.282806464565187099e+00 1.782414501570223631e-01 2.565124044449157981e-01 6.951816298786615833e-02 9.315166455941255030e-01 1.840197506679727979e-01 6.578413929816169514e-02 6.168223078389255612e-03 5.651606054773776755e-01 4.956490238055311082e-01 2.221628290710681242e+00 3.047702938767761771e-01 1.028287762921411552e-01 7.640060152322091236e-01 3.521329913442762249e-01
6.100239778874455569e-15 2.789828276707931517e-16 1.160210817765362577e-15 5.360715669350461847e-16 2.697682564030714396e-15 5.801716472671944242e-15 6.860491338315379780e-16 5.329573816926987261e-15 2.292358864178677712e-15 3.845506275635234606e-16 6.776090591702368066e-15 2.877536158598013715e-14 7.465443796154520994e-16 3.273682721855013402e-15 2.723348143119102916e-14
6.100239778874455569e-15 2.789828276707931517e-16 1.160210817765362577e-15 5.360715669350461847e-16 2.697682564030714396e-15 5.801716472671944242e-15 6.860491338315379780e-16 5.329573816926987261e-15 2.292358864178677712e-15 3.845506275635234606e-16 6.776090591702368066e-15 2.877536158598013715e-14 7.465443796154520994e-16 3.273682721855013402e-15 2.723348143119102916e-14
2.271273922744607265e+00 1.761124832795432360e-01 2.645392202307560447e-01 7.007738547929052986e-02 9.233557370394708252e-01 3.913155079657020807e-01 1.472143826408888467e-01 1.857455172885115746e-01 7.398030584460205672e-01 4.935691148075307955e-01 1.142056334598705147e+00 7.688858373600121476e-01 1.028083447452932120e-01 7.611774274402601792e-01 3.502685486752063482e-01
4.332758206313606308e+00 3.380162063588570409e-01 5.138878504194523966e-01 1.244962213255933342e-01 1.774564478381499111e+00 7.656635311202817373e-01 2.877557847336503216e-01 3.665138359949070557e-01 1.421525607893576959e+00 9.841096826846682522e-01 2.278524331074943454e+00 1.539376282445128252e+00 2.056293505349285067e-01 1.511025185899025569e+00 7.196713128669987025e-01
6.060380511350698107e+00 4.705947224900800530e-01 7.336242503201685361e-01 1.492713468040938740e-01 2.498218086825827022e+00 1.106936344912138326e+00 4.154337282449806490e-01 5.375743493446885068e-01 2.004401492147546815e+00 1.468763738860780155e+00 3.403698418669384829e+00 2.312675502762824742e+00 3.081845003220325951e-01 2.238873281715640484e+00 1.126186747839924118e+00
7.430712365569394962e+00 5.568916034924811242e-01 9.107692551856488850e-01 1.336745154440790173e-01 3.061807479889908201e+00 1.400672415606707188e+00 5.249520073570143053e-01 6.946761519118603845e-01 2.471777481437178459e+00 1.945005529119628429e+00 4.511655130011061665e+00 3.089214252001046379e+00 4.096478936482517708e-01 2.935314214150132717e+00 1.585592350195363043e+00
8.481291047265717253e+00 5.771904490467765214e-01 1.034291667915297142e+00 7.167180062498516857e-02 3.450753159651623214e+00 1.634718907568741386e+00 6.122094833466078523e-01 8.342546730764967000e-01 2.826842766281361552e+00 2.410785732910324164e+00 5.596184582538574759e+00 3.868327664156480328e+00 5.084566477840449794e-01 3.592699171466923858e+00 2.110624340672378807e+00
9.267412115527669414e+00 5.083186253054073900e-01 1.095400018887145333e+00 3.849520240195694609e-02 3.659065460350132248e+00 1.799758209968273848e+00 6.744893844417340079e-01 9.535998609676673565e-01 3.083865025172376484e+00 2.864650581654034411e+00 6.650767319167750991e+00 4.648000154085221602e+00 6.022132043136722013e-01 4.205489877254696474e+00 2.710407711712921497e+00
9.838004985780184342e+00 3.237750073048735744e-01 1.087586522555966217e+00 1.887515954079479474e-01 3.681910479955435633e+00 1.889729051167040152e+00 7.105607170234364833e-01 1.050975569796970932e+00 3.260627001729784258e+00 3.305828961127476262e+00 7.668605544302619315e+00 5.424686137343454284e+00 6.876961379275984276e-01 4.770442385524042095e+00 3.390187098392624332e+00
1.022756283673004596e+01 4.059128260212625273e-03 1.006383954566389516e+00 3.696268818874228756e-01 3.513219593421055276e+00 1.902206180227851151e+00 7.207135697709102784e-01 1.125682113878988311e+00 3.373928349382222081e+00 3.734281472717683403e+00 8.642711687959490519e+00 6.193209029314775904e+00 7.609858090096366379e-01 5.286612992324633886e+00 4.151354684449930055e+00
1.045585307536083874e+01 4.975184967245661616e-01 8.487944935180739003e-01 5.646649117484661140e-01 3.149803438660386590e+00 1.838814331522259149e+00 7.067301803081433853e-01 1.178056989506314434e+00 3.437647441391626479e+00 4.150706601845738142e+00 9.566049639799889093e+00 6.946737392997631488e+00 8.177002867698290878e-01 5.755189477916046847e+00 4.991742974745069894e+00
1.053010869335488842e+01 1.162256730730023335e+00 6.123849991105924095e-01 7.549616349388700298e-01 2.602179418548326684e+00 1.705731098319516414e+00 6.717724449278040799e-01 1.209412494637972291e+00 3.462316111887548065e+00 4.556500428985577500e+00 1.043171583165766769e+01 7.676836584242948902e+00 8.533262771947677239e-01 6.179163445762014817e+00 5.906129949471503160e+00
1.044750914873153036e+01 1.973510219565697055e+00 2.941527557921007063e-01 9.213945626038537728e-01 1.907962955204883349e+00 1.514269129429158589e+00 1.221913239275348007e+00 6.201582245131265214e-01 3.455409052247425006e+00 4.953666698103107002e+00 1.123313974369493096e+01 8.373596667055482001e+00 8.636201325600973977e-01 6.562871884463617356e+00 6.886891810451681195e+00
1.019750940808148165e+01 2.871726574469584126e+00 1.105184762896046363e-01 1.047476455905044235e+00 1.136421866046423812e+00 1.281414699783888000e+00 1.218401039563371535e+00 5.570085825629351728e-01 3.421898350578471248e+00 5.344671561190918574e+00 1.196427744661539627e+01 9.025842593590626350e+00 8.450461115966046988e-01 6.911447769001104469e+00 7.924733154685083214e+00
9.764488894466765601e+00 3.777785344149247937e+00 6.081170497738457303e-01 1.121963866211478145e+00 3.733663742514611861e-01 1.030049702700792214e+00 1.202179003305709815e+00 4.877722822792769919e-01 3.364861491515688918e+00 5.732229478735289874e+00 1.261976835680025566e+01 9.621440764464738393e+00 7.952135073449176916e-01 7.230229165114786305e+00 9.009424733202633817e+00
9.131769526485651767e+00 4.621522253896101162e+00 1.205409013137719754e+00 1.140536511998482938e+00 3.072381478178238257e-01 7.884537043501252951e-01 1.176770248539353636e+00 4.176630879812717745e-01 3.286056727862742388e+00 6.118991604790283922e+00 1.319502515986447300e+01 1.014772714046796054e+01 7.132715499958760530e-01 7.524182037967713121e+00 1.013048390920994635e+01
8.288280436343043789e+00 5.362157173294218815e+00 1.904594280214175317e+00 1.105935074458470613e+00 8.635436412610941748e-01 5.886837481444984199e-01 1.145669167275434219e+00 3.510686638599586074e-01 3.186435888170708441e+00 6.507085680436449415e+00 1.368623039218364923e+01 1.059209494792224859e+01 6.002214755207666563e-01 7.797392050136551234e+00 1.127774159503254658e+01
7.238302367645804480e+00 5.989202733848468796e+00 2.694803912749477171e+00 1.026276383505517531e+00 1.286526666157548737e+00 4.636773494760823011e-01 1.112104078481195524e+00 2.909982744419771783e-01 3.066585815858729802e+00 6.897431864137418600e+00 1.409022085820079084e+01 1.094279055411573687e+01 4.591090189600211535e-01 8.052674033535813791e+00 1.244175093325407566e+01
6.011729098638769919e+00 6.511304693320452586e+00 3.542468763771789764e+00 9.118286737341854131e-01 1.588552941513846628e+00 4.434035256872633779e-01 1.078829319688559885e+00 2.386264145185554297e-01 2.927095512644575237e+00 7.288745437959103235e+00 1.440425305545130108e+01 1.118996484304817862e+01 2.950678489972686780e-01 8.291334632115519909e+00 1.361400638667532093e+01
4.667893089837177101e+00 6.944605911788122476e+00 4.387476038926666710e+00 7.711577552842987515e-01 1.791374334202292751e+00 5.508519424962459166e-01 1.047962343966513998e+00 1.929643955950957335e-01 2.768846450594262709e+00 7.676161409547742842e+00 1.462565882468302725e+01 1.132699848875171789e+01 1.151949087860737742e-01 8.513105216385127960e+00 1.478695631395624233e+01
3.285591269433799422e+00 7.305638099624372828e+00 5.139626622024962899e+00 6.205689274036102487e-01 1.918555896362401425e+00 7.987084271034166072e-01 1.020877476350338542e+00 1.506621902029269544e-01 2.593222863305702841e+00 8.049519574916503828e+00 1.475141983896218001e+01 1.135204372841820586e+01 7.174858148045473727e-02 8.716241069005423725e+00 1.595380670545588231e+01
1.940944373465001815e+00 7.608379192400414048e+00 4.122923333265760548e-01 5.768724194018073348e+00 1.991977213948908032e+00 1.187000840776208710e+00 9.981630704629209649e-01 1.059230391665194476e-01 2.402239063069316227e+00 8.391582244060529661e+00 1.477771145046041390e+01 1.126959234744619387e+01 2.557997246604061803e-01 8.897762204731785474e+00 1.710812785073072106e+01
7.863691296357416149e+00 6.863373137319496164e-01 1.672445149577483914e-01 6.189922039684239152e+00 2.030640819912610695e+00 1.701050067413605094e+00 9.796434193125324041e-01 5.051926023827799095e-02 2.198582741278138020e+00 8.676852431129239207e+00 1.469949062091025382e+01 1.109171105323823703e+01 4.263989095026796128e-01 9.053794234074340253e+00 1.824328881244010248e+01
8.079766111140886053e+00 4.589089435695933306e-01 1.596134528110870754e-01 6.401778119958049018e+00 2.050442938811666060e+00 2.308097939503736207e+00 9.644614540573441808e-01 2.613346839766647958e-02 1.985576926295289146e+00 8.872165916280883025e+00 1.451023074361177478e+01 1.083845613764265892e+01 5.730919725035769074e-01 9.179957053160947567e+00 1.935175642917817740e+01
8.262847248581740800e+00 1.497815177843339285e+00 6.234493839337191812e-01 6.420098061878691809e+00 2.064213851337436623e+00 2.950623890417908513e+00 9.512134801896248160e-01 1.364204679239611473e-01 8.940588408115251795e+00 1.767068403376733432e+00 1.420194235937061045e+01 1.053700762589068418e+01 6.862812027200834164e-01 9.271746468949267239e+00 2.042430617119239855e+01
8.417915260645221665e+00 2.451961090844898106e+00 1.305162186205842012e+00 6.275845694787204998e+00 2.081759884906993818e+00 3.535973447343198295e+00 9.381232946778834680e-01 2.941272804290114840e-01 8.849738990382821413e+00 1.547256098440773719e+00 1.376566882238447853e+01 1.021933887054319534e+01 7.579624257489946393e-01 9.324859542222313280e+00 2.144920186223814440e+01
8.549226492348921624e+00 3.346239406674852646e+00 2.312525105111590484e+00 2.109850804549346481e+00 6.006057482650889234e+00 3.928427195951173179e+00 9.232402121917756554e-01 5.127434160096282501e-01 8.583582193241456437e+00 1.330478070339183416e+00 1.319270958687234163e+01 9.918713678363957342e+00 7.823856376876749952e-01 9.335427595222832053e+00 2.241141077323819175e+01
8.660683061303769747e+00 4.204909101772654090e+00 3.760252639220456050e+00 2.152185734738597311e+00 5.647666953344093521e+00 3.963862168573700995e+00 9.046439275679630798e-01 8.031422884080968716e-01 8.152883097378087029e+00 1.120979244370209127e+00 1.247687288615326651e+01 9.665756643127409120e+00 7.565802315729893701e-01 9.300139494804973594e+00 2.329193098773029291e+01
8.756043132569972798e+00 5.048429650166617932e+00 5.705135936017074805e+00 2.209400344732518562e+00 5.234174058900181947e+00 3.517171059504878627e+00 8.806388361863065617e-01 1.169895042857413303e+00 7.596771739113016508e+00 9.226830835754198379e-01 1.161799666088551142e+01 9.484998861529225778e+00 6.806961587941985359e-01 9.216259055420461976e+00 2.406732054547493860e+01
8.838991883136804617e+00 5.892195676255841619e+00 8.050605012272482597e+00 2.279179213859288566e+00 4.793952384932350874e+00 2.611486750032635307e+00 8.499214698363654064e-01 1.606562545072805603e+00 6.971427574006495931e+00 7.389887932812453375e-01 1.062659609275267769e+01 9.392549277447377776e+00 5.581274489932622762e-01 9.081560639013268599e+00 2.470953365946797220e+01
8.913099075282898909e+00 6.746013380624592770e+00 1.052962297909718892e+01 2.356523407480175525e+00 1.454411134212548529e+00 4.349485894094012650e+00 8.117070633232195132e-01 2.091125107360550128e+00 6.331574287319674532e+00 5.726116915594863244e-01 9.528558828862056629e+00 9.395029125144763071e+00 3.954024827326662050e-01 8.894222502902316307e+00 2.518618768483252168e+01
8.981694172237670415e+00 7.613837530399380604e+00 1.284333266067862844e+01 2.434199843385446815e+00 3.122873253418568806e-01 3.916877288165743209e+00 7.658048223626819917e-01 2.584045665447027851e+00 5.716229478332182978e+00 4.254787537043607237e-01 8.367430511420364425e+00 9.489416650962136046e+00 2.018442037080581675e-01 8.652724847475573355e+00 2.546140116939971421e+01
9.047694687668524693e+00 8.493674273079404813e+00 1.481384548705346837e+01 2.503369363065472530e+00 6.413180834350920012e-01 3.505855137850778291e+00 7.126359683926515309e-01 3.032019367523657305e+00 5.145042953314131751e+00 2.986849287680499176e-01 7.201111191570230829e+00 9.663196428674371674e+00 1.097977115530599825e-02 8.355796725669693004e+00 2.549734702626633975e+01
9.113426019765608288e+00 9.377789104679267851e+00 1.640326960440544113e+01 2.554358485758449593e+00 1.351878279715424958e+00 3.120124669391801220e+00 6.531937285154518769e-01 3.378413066280323118e+00 4.622674765155668553e+00 1.925094972561662010e-01 6.091568630768427361e+00 9.894246668237055786e+00 2.299735952765912528e-01 8.002442791267855071e+00 2.525663443050879309e+01
9.180469198111467222e+00 1.025344337809613116e+01 1.765069189106741021e+01 2.577510916560284748e+00 1.830760886767759832e+00 2.757026675120171966e+00 5.889496734990276039e-01 3.576506512832718254e+00 4.145342999834934261e+00 1.064863726788718018e-01 5.090676664806887963e+00 1.015017538654390528e+01 4.413669664915587654e-01 7.592059440793889280e+00 2.470553731985380708e+01
9.249565783577056166e+00 1.110430341274014232e+01 1.861754975281891333e+01 2.564034946528819248e+00 2.108467989560650402e+00 2.405426767688188860e+00 5.217156977694183961e-01 3.597077048224458284e+00 3.705770329970540899e+00 3.952143429805661523e-02 4.228877089501442477e+00 1.038726012811477162e+01 6.316149668963185748e-01 7.124624721366124902e+00 2.381789473174195493e+01
9.320597492976913756e+00 1.191244457530065759e+01 1.936256940743102106e+01 2.506756875401881413e+00 2.214730652273841915e+00 2.034961463461554931e+00 4.534750039248761078e-01 3.418699855569958590e+00 3.295658566547785551e+00 1.009066869220326748e-02 3.511869097885123026e+00 1.054969398880283649e+01 7.883114674844556857e-01 6.600923543734769972e+00 2.257921230512747002e+01
9.392644440432558639e+00 1.266060735734157916e+01 1.993462488019040890e+01 2.400700746578065203e+00 2.174394279320886803e+00 1.540921599996995406e+00 2.965569538786566817e+00 3.861982801831322365e-01 2.906322686842810477e+00 4.403131807199530540e-02 2.925184680080255006e+00 1.057039078017741929e+01 9.010318396030776444e-01 6.022755649098558095e+00 2.099015499624983860e+01
9.464113244288729021e+00 1.333420314137786455e+01 2.037249565651898209e+01 2.243439570298442209e+00 2.009155861023068645e+00 4.473548038188905340e-01 1.800039270075226128e+00 3.216625361422941753e-01 2.528495698949776660e+00 6.461641362997878890e-02 2.442574829347530674e+00 1.037493065883774435e+01 9.620487225729783543e-01 5.393073278245088531e+00 1.906839515622457526e+01
9.532917114857060170e+00 1.392261752969784361e+01 2.070637892731766883e+01 2.035197934922124752e+00 1.741160745511839192e+00 1.477146934569429249e+00 2.707562303896697276e-01 2.612896589488824528e-01 2.152453002288906347e+00 7.396396130260328439e-02 2.034106938468172032e+00 9.889958138088900341e+00 9.668665865372854107e-01 4.716010024500264741e+00 1.684788803342582852e+01
9.596685577523656363e+00 1.441959450665657272e+01 2.095940121039735260e+01 1.778723391018092626e+00 1.397815488857855781e+00 1.910750793879060883e+00 8.927475044568302653e-01 2.060197753096167650e-01 1.769980588540376543e+00 7.417199464954334076e-02 1.671961036191357719e+00 9.056060331707884714e+00 9.145356181613687463e-01 3.996788777160706463e+00 1.437523524063282920e+01
9.652981471367748867e+00 1.482277309515095354e+01 2.114875480278701048e+01 1.478976683155852401e+00 1.017444155607697631e+00 1.660588982256309354e+00 8.492335980749828872e-01 1.562313338490886327e-01 1.379465571882829478e+00 6.719642338798421932e-02 1.333716625048662285e+00 7.842739452521717780e+00 8.077235745098287900e-01 3.241527527293255773e+00 1.170375579925065246e+01
9.699506103342434571e+00 1.513265218844228599e+01 2.128656574691471803e+01 1.142712237484190929e+00 6.513524376177397546e-01 1.273479140005213672e+00 6.720288213933810484e-01 1.117159674956614557e-01 9.917060750245902945e-01 5.480525535979293567e-02 1.003679030497946378e+00 6.260341707192083938e+00 6.525443308505942674e-01 2.456987428200943846e+00 8.886799074972199008e+00
9.734278367228112572e+00 1.535132209970260675e+01 2.138071477307235213e+01 7.780255046128066176e-01 3.518260964024139681e-01 8.539237905384527982e-01 4.581906975391946690e-01 7.171172487184840350e-02 6.272204385119151127e-01 3.856867875829281256e-02 6.728504228550510335e-01 4.362930414332415907e+00 4.581610294636676572e-01 1.650319343356252189e+00 5.972207313011448804e+00
9.755778800294651276e+00 1.548125237854531022e+01 2.143575685501440375e+01 3.939303580846661990e-01 1.433128476208659074e-01 4.273215531442402515e-01 2.313942225812709863e-01 3.499213062443630451e-02 2.996288001706620130e-01 1.987985408758942071e-02 3.379823824924189646e-01 2.239723977911375563e+00 2.361972695653958565e-01 8.288591101528922644e-01 2.999447785668821531e+00
0.000000000000000000e+00 0.000000000000000000e+00 0.000000000000000000e+00 0.000000000000000000e+00 0.000000000000000000e+00 0.000000000000000000e+00 0.000000000000000000e+00 0.000000000000000000e+00 0.000000000000000000e+00 0.000000000000000000e+00 0.000000000000000000e+00 0.000000000000000000e+00 0.000000000000000000e+00 0.000000000000000000e+00 0.000000000000000000e+00
0.000000000000000000e+00 0.000000000000000000e+00 0.000000000000000000e+00 0.000000000000000000e+00 0.000000000000000000e+00 0.000000000000000000e+00 0.000000000000000000e+00 0.000000000000000000e+00 0.000000000000000000e+00 0.000000000000000000e+00 0.000000000000000000e+00 0.000000000000000000e+00 0.000000000000000000e+00 0.000000000000000000e+00 0.000000000000000000e+00
1.513678895386934187e+01 1.482824922749461116e+01 2.004673266438834389e+01 4.148600044544982768e-01 4.120616023559105501e-01 4.098258825468106825e-01 3.171504867600046795e-01 2.421657161773123901e-01 2.443062266209195810e-01 2.717247415091562646e-01 2.804698479460231431e-01 2.132274029619222855e+00 6.882353068479614144e-01 6.897265529632503611e-01 2.797930750461398830e+00
1.504893036616028823e+01 1.474199851486203272e+01 2.003632593440946508e+01 8.811052976549177407e-01 7.904810755840530057e-01 7.865810141861425686e-01 6.312105498232131184e-01 5.002004755623726817e-01 5.048539563343591441e-01 5.401615580632741498e-01 5.578660326734785624e-01 4.163473867026169728e+00 1.367050309227301197e+00 1.369773605526572346e+00 5.575519547604084636e+00
1.490165203603018362e+01 1.459756937902375640e+01 2.001850768896134980e+01 1.425802233810452124e+00 1.074504070349008300e+00 1.069899717343742562e+00 9.393126655401027314e-01 7.853936141271128379e-01 7.929872809895174290e-01 8.029597236918737391e-01 8.299584033669554772e-01 5.993272241206586415e+00 2.027323442754631166e+00 2.030805611959098478e+00 8.307916730997765953e+00
1.469381126863808795e+01 1.439405562904459401e+01 1.999189934459017692e+01 2.042949361672377950e+00 1.187900522834996586e+00 1.183824199030657720e+00 1.239008402824786303e+00 1.101357342592017785e+00 1.111955339743792681e+00 1.059569125004879320e+00 1.096144698568824349e+00 7.532080628747346296e+00 2.660520399871154851e+00 2.664155731585875486e+00 1.096254217504440298e+01
1.442408275767973969e+01 1.413043388919585830e+01 1.995348519806465859e+01 2.701597246433511845e+00 1.126885488002036251e+00 1.125184703811874298e+00 1.528388645879146468e+00 1.443948860921122179e+00 1.457090910998670497e+00 1.311962769808345364e+00 1.358120614939379633e+00 8.717719755955529948e+00 3.258956412493328791e+00 3.262108419871432297e+00 1.349818978690596971e+01
1.409126759658827055e+01 1.380585364730264608e+01 1.989790594452563610e+01 3.360238485808781927e+00 9.990342974451941194e-01 1.002586158545651918e+00 1.805932711385022982e+00 1.804631480256875697e+00 1.819641941772222493e+00 1.565160523245825219e+00 1.620386159420311056e+00 9.527887115850370847e+00 3.816009750955714708e+00 3.818113954873603166e+00 1.586696997628051520e+01
1.369472115382000510e+01 1.342004732236763864e+01 1.981671134226008135e+01 3.977402294541811933e+00 9.139723569762185917e-01 9.252477169909902877e-01 2.068237557402746063e+00 2.175499852912892607e+00 2.191981037243289965e+00 1.827502391294950401e+00 1.890543021220513209e+00 9.981049511884751979e+00 4.326264734195782502e+00 4.326914093021768437e+00 1.801881192069349424e+01
1.323488938148762273e+01 1.297384502873878276e+01 1.969725220412281885e+01 4.515347964949673276e+00 9.745160394914945678e-01 1.045618094114684871e+00 2.204981637333734756e+00 2.553000280481383832e+00 2.570945303640303603e+00 2.110618909102017771e+00 2.179336692295953615e+00 1.012690144572015249e+01 4.785578316920912734e+00 4.784577654177664563e+00 1.990742770335402767e+01
1.271390641590449100e+01 1.246973659486308428e+01 1.952045983577344046e+01 4.938176769227369256e+00 2.543281064701437888e+00 9.542866918270335175e-01 9.745031066220787297e-01 2.938480211373909246e+00 2.957832205274595339e+00 2.429037649636438090e+00 2.500387466544198745e+00 1.003228292909873964e+01 5.191096832975389930e+00 5.188479791441096722e+00 2.149615586235009346e+01
1.213615873562043035e+01 1.191237437934967325e+01 1.925583389209849017e+01 5.205418509510264968e+00 2.814050940272616597e+00 9.032495709491442648e-01 9.350175549059075442e-01 3.335755750799951791e+00 3.355803236451930793e+00 2.799348694841086171e+00 2.869532320000466541e+00 9.768059149835849553e+00 5.541289063861307262e+00 5.537298799402525340e+00 2.276221480410544729e+01
1.150867540189895699e+01 1.130887069804770739e+01 1.884948777049526214e+01 5.258537217480898640e+00 3.055594247289163956e+00 8.429560841743958255e-01 8.728354849648640723e-01 3.747132871444166735e+00 3.766270551863349247e+00 3.238829917514280510e+00 3.303664365312323437e+00 9.399848832777713881e+00 5.836083733331356882e+00 5.831124894605795639e+00 2.369854394658123908e+01
1.084118040976223440e+01 1.066873480488137105e+01 1.819393736817520235e+01 4.989576676116315390e+00 3.294118956251467445e+00 7.143382678877795433e-01 7.393229110448987784e-01 4.169695341846366254e+00 4.185786616794286985e+00 3.763424641146105643e+00 3.818927441232686348e+00 8.983076907097469643e+00 6.077169254922546671e+00 6.071742547083315067e+00 2.431323717268696072e+01
1.014566399065644653e+01 1.000333473448637456e+01 1.704787206129557120e+01 4.160197967675172137e+00 3.535022518266893510e+00 5.021979140854559986e-01 5.208694707818152247e-01 4.593639350999589865e+00 4.604794008703667174e+00 4.385033129369968918e+00 4.428163930009728411e+00 8.561450780143330164e+00 6.268409206837905145e+00 6.263040705807222608e+00 2.462719274417255377e+01
9.435407407149398296e+00 9.324862234583903842e+00 1.483772764149227363e+01 2.202826006979867302e+00 3.782074257856749000e+00 2.419261416801299913e-01 2.527239468691074853e-01 5.003720559115387267e+00 5.009067428809171219e+00 5.108320089515338225e+00 5.137724282531229036e+00 8.167531664427745142e+00 6.416176213194530575e+00 6.411352140706413572e+00 2.467083525956306289e+01
8.723522562818379456e+00 8.644905471916462858e+00 1.049891633483221476e+01 1.939191573077970299e+00 4.038358645857143436e+00 3.571967800143113769e-01 3.548203259981811408e-01 5.383330058224984782e+00 5.383450563863170224e+00 5.927676029401965252e+00 5.944177469068049113e+00 7.824222968869198880e+00 6.529305568727954423e+00 6.525420487580142037e+00 2.448066581021575416e+01
8.021212450768665292e+00 7.972856969876787048e+00 4.245878757352469002e+00 8.039367589977448603e+00 4.306061662279938140e+00 8.346556772621677167e-01 8.330180218998337605e-01 5.719225748283029986e+00 5.716143466724142641e+00 6.825410690358134858e+00 6.831971763065729952e+00 7.546375455290016632e+00 6.618433378942519596e+00 6.615756675005101783e+00 2.409613770667921884e+01
7.336073451104812015e+00 7.314460499266878912e+00 4.439890877088339960e-01 1.259737869293818058e+01 4.575442363744966379e+00 1.406940729198363549e+00 1.406478214253770842e+00 6.004662147660578597e+00 6.001429847098332715e+00 7.772300714790439713e+00 7.773302491630868616e+00 7.342088851195114785e+00 6.694734945174127816e+00 6.693397486723049461e+00 2.355709049996290716e+01
6.708610410873325769e+00 6.708610410873369290e+00 2.523490758092620467e+00 4.885135676519517745e+00 1.459057943010525271e+01 2.267236026742682764e+00 2.267236026742692090e+00 6.240155247538261563e+00 6.240155247538259786e+00 8.777662707226646432e+00 8.777662707226630445e+00 7.213577145192381579e+00 8.098338525305575075e+00 8.098338525305573299e+00 2.290178334208122735e+01
6.037868893936840564e+00 6.022508951885131800e+00 3.192291956459641256e+00 5.194444834632673036e+00 1.515488135063340636e+01 2.646814985045801372e+00 2.641871870343334816e+00 6.435414400428223658e+00 6.429245367976205827e+00 9.663627905747096847e+00 9.661191798064388436e+00 7.157650377061328228e+00 6.848411483467476302e+00 6.847187116899206671e+00 2.216546354939678309e+01
5.406853711823912612e+00 5.382883674420669173e+00 3.229267699153430815e+00 5.516121381023594950e+00 3.242177474014667382e+00 3.248942035400595341e+00 1.509624153225764154e+01 6.593950357168867349e+00 6.579707452338735330e+00 1.053231090095865241e+01 1.052592962528768439e+01 7.165974409591417071e+00 6.938062303958976607e+00 6.935806978585133287e+00 2.137936798335909572e+01
4.764710833648162946e+00 4.738735729026284815e+00 2.967749838049782873e+00 5.847698804138317108e+00 3.780591091958307892e+00 3.788220712175591309e+00 1.472114414878042687e+01 6.719659309231220234e+00 6.696697738729032956e+00 1.130534472885050867e+01 1.129547425667299620e+01 7.225326572312035012e+00 7.038663435603567997e+00 7.035616860536235251e+00 2.057005686636875197e+01
4.095058442110468100e+00 4.072967577160132358e+00 2.556064117327240037e+00 6.185764592897487368e+00 4.222828853425659723e+00 4.233328838616119860e+00 1.417132834890735005e+01 6.814834119651225208e+00 6.783658131576346229e+00 1.196117468302649200e+01 1.194961309196636989e+01 7.318077954068813895e+00 7.148712147533405670e+00 7.145128963374254738e+00 1.975900056494845813e+01
3.379242173921924053e+00 3.365725251715478095e+00 2.069005939969556174e+00 6.526144171621226064e+00 4.539283165515485052e+00 4.553981852204629810e+00 1.352151062885852184e+01 6.879935134450486878e+00 6.841896288497800072e+00 1.248844808392253469e+01 1.247743490465318317e+01 7.423096054561959534e+00 7.264585096072559978e+00 7.260709703643019708e+00 1.896236636842840539e+01
2.598016800915598612e+00 2.596138347913216293e+00 1.548757048282304316e+00 6.864079339235229504e+00 4.702310360509387444e+00 4.722193351184921006e+00 1.281648315445450415e+01 6.914346842341113408e+00 6.871305886123802331e+00 1.288430240558962403e+01 1.287573183121650011e+01 7.517165793395447437e+00 7.381317889178654390e+00 7.377366776243058588e+00 1.819097733825923058e+01
1.734685180842829411e+00 1.745542693670472545e+00 1.020607873636402374e+00 7.194437902722430778e+00 4.689656125837161404e+00 4.714851384925182742e+00 1.208795365194591120e+01 6.917212051490666092e+00 6.871253281053451012e+00 1.315188541136603995e+01 1.314685586529634698e+01 7.576880401288492273e+00 7.493306146132032275e+00 7.489457419525582971e+00 1.745043554753727122e+01
7.819633702203147019e-01 8.048995128721437853e-01 4.996803209424260372e-01 7.511932088659217577e+00 4.488863172032547588e+00 4.518072746073848123e+00 1.136028140976493361e+01 6.888086631559684037e+00 6.841308924500505206e+00 1.329793931764480064e+01 1.329666408772883734e+01 7.580793377441147562e+00 7.594864761066534520e+00 7.591253843786267552e+00 1.674141575896296885e+01
2.954482043447837492e-01 2.772732583912660420e-01 6.046671679579244431e-03 7.811312546037200377e+00 4.103494521136455297e+00 4.133786629750444419e+00 1.065239924444821185e+01 6.827341645748499666e+00 6.781715843278385947e+00 1.333089788998414882e+01 1.333287401080265155e+01 7.511506772173921043e+00 7.680638228748694729e+00 7.677358497332019027e+00 1.606014164831435309e+01
1.387986113216645334e+00 1.359601948926477233e+00 4.912047131646968823e-01 8.087348253584638158e+00 3.559167783266573348e+00 3.586507189401327178e+00 9.978392523711274720e+00 6.736332613416662340e+00 6.693605365215318237e+00 1.325962757810963666e+01 1.326392244492654982e+01 7.357350036341713029e+00 7.745880782362380756e+00 7.742987927507527068e+00 1.539905425914411907e+01
2.514811779894473798e+00 2.488576095940375765e+00 9.395334819844799457e-01 8.319123334520442725e+00 2.905015051545266402e+00 2.925592469203979196e+00 9.347774159795006810e+00 6.617382626161132819e+00 6.579009021656554879e+00 1.309276037578570140e+01 1.309830009773468085e+01 7.113388391053333315e+00 7.786630718041028132e+00 7.784149597336939230e+00 1.474767138482219941e+01
3.599716833675297156e+00 3.579348542101455255e+00 8.553778741439851174e+00 1.401857758674219356e+00 2.206305907358331986e+00 2.218286895733968755e+00 8.765859347186575334e+00 6.473623666437427815e+00 6.440716596756773882e+00 1.283849129556714530e+01 1.284428372213215397e+01 6.781652832177279322e+00 7.799799693783000976e+00 7.797732394830596547e+00 1.409361825409837188e+01
4.580285685341432433e+00 4.566719441491551734e+00 8.738692590914066471e+00 1.828958020251856054e+00 1.529000907877582138e+00 1.534077184938178684e+00 8.234319221032988523e+00 6.308730947370612796e+00 6.282020904505273506e+00 1.250469737849163998e+01 1.250996826311705945e+01 6.370643050502804883e+00 7.783192382251336028e+00 7.781526224345729048e+00 1.342378720861115582e+01
5.410432220705979844e+00 5.402613014420857951e+00 8.885932788383462011e+00 2.234653456011252093e+00 9.246794378351362864e-01 9.269487825330275932e-01 7.751841957241945025e+00 6.126575604642592765e+00 6.106379250389712965e+00 1.209924012539653937e+01 1.210349037886436285e+01 5.894267511635153944e+00 7.735468082990423433e+00 7.734182454052281663e+00 1.272556151238289956e+01
6.068193150025737559e+00 6.064270946078731406e+00 8.995095256401006267e+00 2.618097584864809146e+00 4.236193607943252726e-01 4.254968500254562858e-01 7.314794274528463980e+00 5.930809842806355370e+00 5.917007730254465692e+00 1.163032187869744938e+01 1.163332659323767970e+01 5.370431310959559390e+00 7.656054554576054549e+00 7.655125834057091794e+00 1.198802117287914726e+01
6.554704090870991706e+00 6.553001262778812119e+00 9.065637781997729405e+00 2.975989534769005296e+00 3.438079199127029584e-02 3.607497314991577053e-02 6.917807351817147676e+00 5.724381979265494635e+00 5.716402909430566837e+00 1.110677827634815529e+01 1.110854938827138305e+01 4.819471734944038133e+00 7.545024855435454647e+00 7.544429152309430897e+00 1.120304106251679777e+01
6.887727847090014066e+00 6.887154087352584497e+00 9.097621106921048195e+00 3.303559235009217332e+00 2.508387594638820661e-01 2.498886282007217463e-01 6.554265099107036363e+00 5.508981089378569784e+00 5.505779759904582349e+00 1.053821058770368069e+01 1.053894077494104664e+01 4.262597594800203282e+00 7.402949371487239638e+00 7.402663289115782419e+00 1.036619594939441313e+01
7.502034559688646631e+00 7.502034559688658177e+00 9.091587132717652509e+00 3.594968963258733829e+00 4.494971129812153632e-01 4.494971129812233013e-01 6.216718014398463055e+00 5.324863018428630745e+00 5.324863018428606765e+00 1.094507979559741351e+01 1.094507979559736377e+01 3.720434831541647558e+00 8.848419517878706841e+00 8.848419517878722829e+00 9.477402644080948235e+00
7.205187591464158103e+00 7.204959079630030239e+00 9.048340178695392311e+00 3.843799512606684843e+00 5.758467058222450641e-01 5.749117046405305409e-01 5.897265694460431362e+00 5.053291682345653513e+00 5.052247514862481026e+00 9.307128972130307432e+00 9.307491887353908311e+00 3.211733829610512014e+00 7.029736974658121085e+00 7.029475882484533145e+00 8.541253095259556005e+00
7.248883715218762624e+00 7.249017971888688017e+00 8.968677586266487367e+00 4.043578916283566471e+00 6.509560954784334719e-01 6.492851903694721871e-01 5.587934056867696953e+00 4.824258386272841648e+00 4.824237815028215692e+00 8.666153916269470514e+00 8.666511523435508124e+00 2.752261939256451573e+00 6.800792051254815895e+00 6.800297627379850773e+00 7.567019180620489394e+00
7.249105813276146115e+00 7.250914777469108508e+00 8.853083452727309677e+00 4.188298440770808817e+00 6.876916974708869867e-01 6.855492469333264172e-01 5.280944899954048033e+00 4.621615292862089497e+00 4.621348044568142299e+00 8.021747240050608241e+00 8.021776905260146862e+00 2.353891020574356840e+00 6.544955012705567121e+00 6.544258667755627812e+00 6.568335409657166224e+00
7.220837625438428553e+00 7.226701713873572963e+00 8.701398864314557002e+00 4.272880091134042324e+00 6.975986518478840548e-01 6.952361792328156653e-01 4.966808251290614429e+00 4.440991348619043322e+00 4.426056679683816775e+00 7.382380811658817876e+00 7.381840766459478509e+00 2.023893630322548098e+00 6.263128002241706405e+00 6.262265064808889115e+00 5.562586332238542930e+00
7.168973622548613811e+00 7.182414998422727237e+00 8.512485799531100739e+00 4.293577209587004617e+00 6.892721391834240041e-01 6.868901861309110179e-01 4.218417042902847136e+00 4.316432561160109316e+00 4.623945342316956975e+00 6.754795721382485851e+00 6.753547403936845939e+00 1.764478511809642658e+00 5.956025660293041923e+00 5.955035083305302734e+00 4.570039611600814844e+00
7.089797283303907349e+00 7.115238169316204342e+00 8.283906540220245418e+00 4.248297194327437687e+00 6.686586361393749289e-01 6.663968557341478638e-01 3.982865171660639358e+00 4.013505166689665948e+00 4.322788390478097931e+00 6.143762413387761079e+00 6.141778838931934104e+00 1.572618224551941557e+00 5.624180563175777081e+00 5.623104225465405115e+00 3.612773849452323827e+00
6.974261073174482739e+00 7.016569235329160215e+00 8.011646231157975251e+00 4.136832498356783461e+00 6.394787673365279757e-01 6.374225942658565680e-01 3.745031037326870038e+00 3.767339576155327663e+00 3.978508221944323076e+00 5.552057334372520359e+00 5.549417447854116503e+00 1.440237348409636908e+00 5.267987817135528772e+00 5.266869552947984978e+00 2.713454103026823105e+00
6.810783154420326113e+00 6.874739767907523280e+00 7.689914557443067622e+00 3.960977584270369167e+00 6.037274578511412360e-01 6.019222293270285462e-01 3.490554700493969875e+00 3.508578358280058929e+00 3.621050839757361306e+00 4.980640023017307350e+00 4.977510369395103496e+00 1.354825597508174218e+00 4.887782822604282984e+00 4.886667202028443846e+00 1.894010043169255697e+00
6.586410284659021563e+00 6.676144498611813027e+00 7.311074804238670843e+00 3.724503159107907191e+00 5.622604818558982753e-01 5.607265380519345088e-01 3.218704510619788017e+00 3.233574332148065444e+00 3.253188362426685298e+00 4.428980638969181705e+00 4.425587227019081027e+00 1.300506639989438051e+00 4.483943395007580435e+00 4.482874160937702079e+00 1.174274292007919884e+00
6.286919322209077343e+00 6.405239878832168721e+00 6.865765295573027061e+00 3.432962559401903757e+00 5.154811380069421745e-01 5.142259735612130234e-01 2.928463902291414733e+00 2.940715002040278137e+00 2.878616841186638187e+00 3.895469136587148107e+00 3.892063642239152799e+00 1.259529472862586985e+00 4.057005287978141084e+00 4.056023309287470902e+00 5.706434833100277881e-01
5.896983292899559359e+00 6.044476062819661877e+00 6.343297994342818491e+00 3.093323066688455469e+00 4.640887256594747323e-01 4.631143804611171921e-01 2.619071521129097135e+00 2.629064110318547698e+00 2.501548711877549458e+00 3.377835355901170900e+00 3.374660398108755288e+00 1.214065862661283024e+00 3.607778867672782663e+00 3.606919540972353566e+00 9.483353276387819497e-02
5.401163160124252016e+00 5.574945412992095228e+00 5.732440030833377165e+00 2.713445930666916528e+00 4.097011602954768739e-01 4.090058440402780660e-01 2.290339879202210049e+00 2.298364790081676823e+00 2.126020277604002029e+00 2.873521553249045013e+00 2.870779499714702254e+00 1.148116939427640482e+00 3.137454369702701307e+00 3.136744588721930516e+00 2.471986663653286398e-01
4.786009358097412125e+00 4.978194610045751922e+00 5.022711882071002165e+00 2.301475508309893225e+00 3.547899925578516522e-01 3.543621249770269599e-01 1.942830832288725329e+00 1.949135736388989848e+00 1.755281195021102914e+00 2.379969503251637253e+00 2.377798272610817332e+00 1.049281082965041634e+00 2.647683929533384717e+00 2.647138985122973409e+00 4.560462015082543674e-01
4.043209438901368635e+00 4.239550541812134199e+00 4.206392806363166592e+00 1.865228676294077514e+00 3.008669044211344512e-01 3.006711231329722289e-01 1.577938360063513068e+00 1.582731575250609923e+00 1.391384495235220342e+00 1.894806643935389001e+00 1.893264652509253354e+00 9.101323521308707365e-01 2.140630440736131401e+00 2.140251426366055920e+00 5.393194565413529373e-01
3.173353406932325260e+00 3.353197100192183200e+00 3.281489180423518448e+00 1.411689055764358436e+00 2.449035665239892856e-01 2.448703675472762575e-01 1.197895209792879889e+00 1.201344263233840026e+00 1.035021480472038569e+00 1.415934728646170093e+00 1.414995898972679189e+00 7.290058266684362742e-01 1.618976198429634694e+00 1.618748585162899323e+00 5.116375708188862781e-01
2.189389843423567239e+00 2.328424473611216072e+00 2.255684776726071483e+00 9.466995953087723459e-01 1.786130538842426452e-01 1.786537127926455248e-01 8.057095259517488284e-01 8.079397914149906157e-01 6.855827398054824551e-01 9.415378771676936598e-01 9.410967057243836420e-01 5.100700237044422103e-01 1.085888056722320583e+00 1.085782008679206712e+00 3.941267754268201751e-01
1.118362438406667270e+00 1.194474550068902019e+00 1.150104370599755566e+00 4.749119983162354286e-01 9.568582088749416625e-02 9.572581000923878480e-02 4.050372625733067999e-01 4.061317716116850662e-01 3.413857990094421035e-01 4.700345878313270664e-01 4.699205772095873535e-01 2.626670209184392424e-01 5.449401815906742552e-01 5.449129034666378990e-01 2.133908147653953702e-01
6.013314914330230851e-15 4.465471261790690721e-15 6.031036203264006042e-15 4.449295835278632672e-16 1.644458403375735785e-15 2.367587174354021918e-15 2.131661033208736128e-15 9.055561811575614406e-16 1.233041661855244765e-15 7.402953905719480006e-15 3.808451804386223873e-15 3.593952723769799281e-15 1.050144158858693971e-15 2.266377797229611576e-15 3.920055704591914391e-15
6.013314914330230851e-15 4.465471261790690721e-15 6.031036203264006042e-15 4.449295835278632672e-16 1.644458403375735785e-15 2.367587174354021918e-15 2.131661033208736128e-15 9.055561811575614406e-16 1.233041661855244765e-15 7.402953905719480006e-15 3.808451804386223873e-15 3.593952723769799281e-15 1.050144158858693971e-15 2.266377797229611576e-15 3.920055704591914391e-15
1.005356991792562216e+00 1.030959762793699941e+00 1.599280987200880411e+00 4.276108894380888925e-01 1.655228205377547723e-01 2.787468256679056719e-02 4.746002081917600757e-01 3.694376930662046643e-01 3.076543111986139722e-01 9.041880611060065798e-01 6.975790433163521209e-01 3.967975981020461784e-01 8.356675137358315908e-01 2.577320353611702863e-01 2.144116153083361342e-01
1.983125515636690261e+00 2.029425399766143112e+00 3.124493894774842850e+00 8.435062773946745418e-01 3.343582174806379870e-01 6.072370489226411316e-02 9.518283334510074800e-01 7.351883910868807215e-01 6.096045703150733130e-01 1.803216199318331991e+00 1.380019676421116559e+00 7.868581170459529872e-01 1.661331005881738765e+00 5.183668469793288880e-01 3.988157381556664549e-01
2.909188753156727092e+00 2.967620413183234440e+00 4.516643894437135209e+00 1.236965141738447738e+00 5.095225639055027678e-01 1.031132999788313964e-01 1.433763415946105013e+00 1.093695560982103965e+00 9.005623159100437647e-01 2.692104793940973018e+00 2.033879659828365050e+00 1.163996220520896907e+00 2.467416548490136918e+00 7.843982141438348155e-01 5.251631627436217364e-01
3.765407959861521103e+00 3.825761319394698212e+00 5.740103933613467824e+00 1.599089568786341564e+00 6.934746642905722513e-01 1.588351807359102696e-01 1.921437283837808874e+00 1.441650587395774785e+00 1.176034573852710929e+00 3.566221558168055861e+00 2.648871745705679182e+00 1.523032871737506788e+00 3.245174294296801598e+00 1.057576138105260855e+00 5.691375700054942532e-01
4.540599002937415918e+00 4.593142154975651259e+00 6.782281810022617208e+00 1.923334393170058165e+00 8.879145854389033365e-01 2.306198659712928312e-01 2.414442587881509006e+00 1.776089268309950731e+00 1.432638855760704599e+00 4.421421808987938462e+00 3.218887285853398783e+00 1.860078948572085444e+00 3.987004913128541883e+00 1.338704630716692767e+00 5.115934565906927745e-01
5.229949126227086964e+00 5.267149483242206109e+00 7.647655386666647459e+00 2.205661550421251782e+00 1.093652202442862098e+00 3.199531958537740195e-01 2.910708338869593348e+00 2.094466384565005335e+00 1.668333560883861866e+00 5.254148812499503940e+00 3.742455827227705090e+00 2.172613094593220051e+00 4.686695201646591258e+00 1.627603950052894488e+00 3.395587459616211667e-01
5.833199144298519379e+00 5.850832693876390600e+00 8.350422669049315516e+00 2.444309921262604046e+00 1.310538097033130622e+00 4.269987482902861675e-01 3.406500828431631600e+00 2.394712738702664989e+00 1.882552493302790397e+00 6.061482620572924418e+00 4.222595850178390009e+00 2.459361330879473950e+00 5.339549562061021604e+00 1.923239971220644273e+00 4.688424197210993433e-02
6.351922758779756428e+00 6.349605333284927156e+00 8.908505549435774995e+00 2.639234284157533139e+00 1.537437385576823079e+00 5.506118045840524555e-01 3.896687887421189878e+00 2.675281068371070603e+00 2.076237739747100797e+00 6.841128696987700764e+00 4.666096889722838092e+00 2.720020620066567751e+00 5.942414301350828154e+00 2.223998514207024879e+00 3.664366527565145470e-01
6.785850299306344979e+00 6.767142369099305554e+00 9.339724031970000340e+00 2.791314486371956338e+00 1.772224262331723033e+00 6.884214994232099594e-01 4.375264885728907593e+00 2.935186017946790127e+00 2.251768886739640152e+00 7.591341423353509477e+00 5.082348859698886834e+00 2.954889113164774983e+00 6.493601249270425591e+00 2.528065671372494716e+00 8.929606227403434904e-01
7.127283487601472345e+00 7.099576953390736911e+00 9.659836862785038392e+00 2.901462305056211388e+00 2.011782862423041607e+00 8.369572616716733915e-01 4.836087503041517799e+00 3.174039713188343104e+00 2.412790655532605300e+00 8.310781879252958859e+00 5.481891750934415164e+00 3.164471212317641502e+00 6.992725448917344266e+00 2.833866684781209067e+00 1.520236075774549001e+00
7.350749223860376880e+00 7.325309123664355937e+00 9.881817685539164842e+00 2.969758256880679959e+00 2.252015917202530915e+00 9.918020567336264248e-01 5.273703558802025348e+00 3.392079351578347612e+00 2.563946824330435525e+00 8.998313840853509049e+00 5.874889789550095998e+00 3.349118754352373717e+00 7.440478182107349348e+00 3.140513696345690331e+00 2.230691594634743424e+00
7.392195440922863625e+00 7.385345656618145682e+00 1.001581083205492817e+01 2.994737597073871882e+00 2.487880640372761132e+00 1.147764970840453813e+00 5.684142221562400010e+00 3.590177820142233411e+00 2.710535623236047797e+00 9.652746473731635746e+00 6.269732198115751665e+00 3.508755065841502319e+00 7.838360868372207690e+00 3.448214241820742210e+00 3.002875283502177250e+00
7.126799819774628730e+00 7.164772265881059532e+00 1.006939182228640206e+01 2.972920258912168379e+00 2.713483844244575671e+00 1.299074920617782070e+00 6.065517500789275651e+00 3.769824386177867304e+00 2.858109393829765921e+00 1.027253633161649127e+01 6.671927026317041154e+00 3.642710638634841125e+00 8.188406963468910504e+00 3.758595888721857570e+00 3.812524921568633207e+00
6.549991514640637114e+00 6.675432337695832885e+00 1.004791588850811124e+01 2.898650605518271917e+00 2.922269066189619569e+00 1.439601483609455057e+00 6.418336662766393808e+00 3.933061814104882092e+00 3.012047584693920310e+00 1.085546455122187126e+01 7.083392913739228192e+00 3.749680930403648027e+00 8.492917622865373772e+00 4.074907104521760637e+00 4.633651716923573360e+00
6.443791134406366083e+00 6.672362444257365688e+00 9.954843994898423531e+00 2.764285667929464285e+00 3.107314840537815037e+00 1.563105290958080484e+00 6.745462898315595091e+00 4.082370081559408170e+00 3.177135629658518923e+00 1.139830714187141325e+01 7.502181839150517284e+00 3.827800403124679729e+00 8.754232691651406384e+00 4.402060090198176567e+00 5.439596936247353298e+00
6.976579441133352155e+00 7.276372369072086066e+00 9.791998000703548755e+00 2.560748581083259534e+00 3.261737761064570584e+00 1.663508797247766902e+00 7.051746428766080044e+00 4.220495134353710043e+00 3.357181970609277144e+00 1.189651680731046390e+01 7.922602478101537393e+00 3.874813693583183394e+00 8.974552078732324745e+00 4.746487893313886985e+00 6.204041452595545181e+00
7.290321489731939053e+00 7.684203912583281060e+00 9.559730118329941462e+00 2.278447097971433966e+00 3.379164100374893565e+00 1.735160845387041961e+00 7.343389363356711108e+00 4.350232198442220088e+00 3.554701320041481427e+00 1.234393397279201920e+01 8.335673552260644215e+00 3.888315626418104465e+00 9.155814717640128109e+00 5.115795594606585617e+00 6.901963309695322124e+00
7.266571144229095225e+00 7.814741438189034106e+00 9.257009296248872587e+00 1.908540723541781725e+00 3.454209558062269370e+00 1.773049492958106432e+00 7.627132895657284806e+00 4.474184215864502434e+00 3.770685077732319979e+00 1.273254332120184529e+01 8.729825847611145662e+00 3.866027151362873671e+00 9.299634301780574930e+00 5.518194065456206054e+00 7.510549157509257334e+00
7.039561532753514150e+00 7.809839579014790090e+00 8.881437343144659380e+00 1.444514642935994742e+00 3.482897400577645186e+00 1.772901819471434326e+00 7.909346635769474609e+00 4.594523837904215036e+00 4.004471271386292663e+00 1.305229163502199086e+01 9.091787018575768542e+00 3.806074310890281254e+00 9.407283995982901104e+00 5.961716119069906838e+00 8.010069811333401901e+00
6.720546309675971663e+00 7.771278519313231214e+00 8.429216332525736988e+00 8.839764222182873166e-01 3.462955422464181421e+00 1.731100622446124948e+00 8.195065775661113605e+00 4.712789710689026634e+00 4.253718316347836925e+00 1.329098571998422429e+01 9.407613282652885545e+00 3.707241564505868059e+00 9.479717290339038982e+00 6.453231839616546672e+00 8.384725135763357429e+00
6.376496001565207017e+00 7.743410691465179241e+00 7.895098490391969648e+00 2.308125314213896884e-01 3.393957474795767926e+00 1.644347713822364110e+00 8.486978748371953429e+00 4.829743732805694023e+00 4.514480588986564236e+00 1.343429996868003684e+01 9.663859584226319299e+00 3.569178153445479840e+00 9.517609566484235728e+00 6.997306568156344220e+00 8.623445767325263134e+00
6.039697320934353186e+00 7.727829467320701973e+00 7.272345975613794700e+00 3.277287718642373893e+00 5.062379345156301502e-01 1.509012152805567331e+00 8.784338573910659420e+00 4.945306563865011107e+00 4.781379642843733180e+00 1.346594814747984792e+01 9.848885634376381759e+00 3.392545160080636002e+00 9.521404837832742274e+00 7.594984235780605886e+00 8.720607649168130138e+00
5.722355380108110623e+00 7.702353682798018575e+00 6.552542742649171359e+00 3.115718230861631799e+00 1.305496008106438843e+00 1.320121986849736695e+00 9.081777665265715171e+00 5.058576300736520537e+00 5.047862359084806627e+00 1.336812121338627257e+01 9.954263170214023404e+00 3.179099802930607677e+00 9.491354220969519417e+00 8.242627789537966265e+00 8.676573936651827523e+00
5.428930870404332865e+00 7.635176011480336200e+00 5.721636656500516338e+00 2.908890915527198473e+00 2.142311628051909445e+00 1.070007001804017754e+00 9.368061398215361990e+00 5.167922812863150916e+00 5.306535466389060041e+00 1.312236788954641220e+01 9.976174505371245615e+00 2.931720799503166663e+00 9.427536527830858049e+00 8.930995204385213881e+00 8.497939785578227045e+00
5.162534802245733800e+00 7.491567797604841594e+00 1.178999945176780972e+00 3.257908332353172121e+00 2.985546205447008106e+00 7.467384392101416024e-01 9.624912102254970847e+00 5.271140239943611583e+00 5.549563788983120638e+00 1.271118851265996419e+01 9.916590142100135452e+00 2.654383303051295773e+00 9.329856382698430650e+00 9.644752108409251790e+00 8.197339371108874673e+00
4.926079434351439801e+00 7.235717569505962565e+00 2.437421734359221936e+00 3.743901951349170698e+00 3.802833137216689696e+00 3.329762941497148576e-01 9.826137116340728284e+00 5.365634021668486575e+00 5.769116736186305161e+00 1.212067680891860633e+01 9.783928412388073426e+00 2.352093603799584098e+00 9.198020853423917842e+00 1.036259576004480820e+01 7.792703616722998383e+00
4.720774616930883738e+00 6.831845603691506952e+00 2.187887595829793863e+00 2.586151511515465629e+00 4.563921887366545249e+00 1.974860885539312938e-01 9.937352903797805226e+00 5.448616520242458350e+00 5.957843742342676663e+00 1.134445508708742167e+01 9.592896437103654250e+00 2.030792749280474929e+00 9.031501076184413890e+00 1.105807700766888679e+01 7.305942689457765482e+00
4.544390200944925517e+00 6.249324863749632364e+00 1.947814977323677033e+00 1.325656939380909449e+00 5.013578775894185213e+00 1.231512684482053199e+00 9.916589773649262085e+00 5.517285242591048799e+00 1.038870123241942878e+01 6.109354435650743653e+00 9.363337531820016935e+00 1.697235240912615462e+00 8.829490043702826085e+00 1.170107017158275120e+01 6.761155502202150558e+00
4.390657071032007863e+00 5.476752718631503036e+00 1.745708885139748201e+00 4.096611089604790604e-03 1.653537788716338941e+00 5.840081620644482108e+00 9.716045118693859450e+00 5.568956957179754141e+00 9.277106395950795559e+00 6.218672500810756176e+00 9.118152178435270372e+00 1.358845023245541128e+00 8.590870937942920449e+00 1.225969784966806664e+01 6.182597766798440198e+00
4.250027274894798701e+00 4.544597134842248032e+00 1.612811268378448348e+00 1.349087533788607685e+00 2.562678072228984139e+00 6.324964826926978922e+00 9.285368029321443117e+00 5.601126203704799522e+00 8.053394405696609581e+00 6.282621624306487185e+00 8.880624212176854826e+00 1.023547138790030342e+00 8.314211559446604838e+00 1.270242313437325166e+01 5.592717738188585308e+00
4.111264420843745881e+00 3.539112556037564250e+00 1.583616225740655414e+00 2.646031017621715442e+00 3.494386567048789249e+00 6.702156781262798901e+00 8.577216960462873629e+00 5.611406126300832575e+00 6.778619633450191806e+00 6.300085141482897555e+00 8.671641091200912754e+00 6.995705539285781427e-01 7.997799202096803839e+00 1.300001314523458262e+01 5.010559275766770959e+00
3.963156487613549661e+00 1.689716856213276053e+00 2.579453310659259202e+00 3.819672777063206404e+00 4.330622370990981906e+00 6.971997488365053286e+00 7.556243723841329363e+00 5.597297574981167756e+00 5.522149780092331817e+00 6.272058472882358515e+00 8.507266203759208167e+00 3.952164170208408156e-01 7.639726717902321163e+00 1.312715338523089592e+01 4.450738587396802615e+00
3.795858108910176831e+00 1.948023079617014819e+00 1.763533391027277242e+00 4.801290862590609443e+00 4.975418280299603424e+00 7.137048575653770044e+00 6.212253575020276308e+00 5.555733848693825472e+00 4.348826129370383597e+00 6.201395372456293131e+00 8.396924036896798782e+00 1.185876115984045437e-01 7.238034825415427420e+00 1.306361341584599245e+01 3.923063491268919734e+00
3.601686888807946296e+00 2.345691616382089340e+00 1.132145052631749138e+00 5.539161544152976902e+00 5.389451183620281860e+00 7.201172478759040096e+00 4.575586590955372124e+00 5.482385116448166507e+00 3.307555637156503803e+00 6.092159793098060661e+00 8.342192789304682776e+00 1.227373578864717624e-01 6.790908559357379914e+00 1.279497889866704341e+01 3.432733744864632897e+00
3.375426708308424395e+00 2.829546755844714934e+00 6.004553432245447020e+00 6.763366854067262013e-01 5.581732704650579358e+00 7.168728815646854713e+00 2.727533365199975801e+00 5.370784232454944629e+00 2.425772096560457669e+00 5.948556506645712005e+00 8.335955265401919334e+00 3.220223783865459599e-01 6.296917977851200554e+00 1.231303552298275683e+01 2.980974864518187051e+00
3.310487719535581963e+00 3.114285227780380083e+00 6.191277156367758217e+00 3.640258480712883493e-01 5.581926449291755077e+00 7.043719523518159775e+00 7.955528474043276344e-01 5.211409529485854897e+00 5.773489626555833532e+00 1.710511285410880822e+00 8.361455962879478676e+00 4.738071943811735243e-01 5.755285776660430841e+00 1.161590636680713295e+01 2.565926178607733199e+00
3.686263149898076907e+00 6.110845832160060276e+00 2.817652615200648469e+00 1.600526755151486236e-01 5.418950749476429074e+00 6.828414690596661174e+00 1.070118572916064936e+00 4.990845868767013194e+00 5.566735968465218676e+00 1.153616112323507803e+00 8.390568126670920890e+00 5.742697307360367098e-01 5.166158234810974470e+00 1.070801888659238266e+01 2.183615405280714850e+00
3.870710950650168680e+00 5.785585309761661854e+00 2.486769313109829405e+00 3.472433772831900328e-02 5.110848601422681270e+00 6.520704032400631789e+00 2.724540654297536335e+00 4.691039072328874404e+00 5.322282064502500631e+00 7.378637121074178573e-01 8.380090267563351958e+00 6.216176598259703923e-01 4.530851772316809800e+00 9.599935063318024930e+00 1.828887197090025341e+00
3.811038925200146643e+00 5.240972038446578551e+00 2.124369456367365849e+00 3.505569620274421455e-02 4.661598151479371843e+00 6.108784172042085459e+00 4.042802123950834492e+00 4.288701876995682838e+00 5.023383903990628951e+00 4.419357843720874701e-01 8.263807818137637540e+00 6.164121935728833490e-01 3.852046045163324273e+00 8.308041485288406136e+00 1.496194743103239189e+00
3.487043095735653075e+00 4.498895952574322621e+00 1.734337864528525897e+00 6.549104114823439682e-02 4.061696827401424237e+00 5.560613869713126434e+00 4.905613555487896349e+00 3.755609949601103281e+00 4.632411994187678239e+00 2.435701977488821390e-01 7.935923062178395604e+00 5.617892589974082806e-01 3.133896467193076685e+00 6.854080278384991232e+00 1.180201596630592320e+00
2.903179874212490574e+00 3.576149140413584782e+00 1.321402327170494218e+00 6.911203836086901586e-02 3.293162277340759836e+00 4.804666499514796740e+00 5.157619827264418255e+00 3.062229395774919372e+00 4.071627484056230983e+00 1.210597873088335719e-01 7.219358224163257454e+00 4.635265733166188951e-01 2.382044609279215575e+00 5.264510106827158253e+00 8.761717655877921951e-01
2.086744069670217971e+00 2.492119446303192376e+00 8.908736127546449390e-01 5.496659563219451899e-02 2.342584537617611762e+00 3.706150506212421814e+00 4.553068598671773159e+00 2.189014535309634191e+00 3.198994958281521583e+00 5.341037309465241495e-02 5.824656278987242253e+00 3.299126853606730858e-01 1.603513964799858860e+00 3.569710764390965352e+00 5.801499246917580788e-01
1.092036270136971687e+00 1.281427085806836175e+00 4.484381087065765215e-01 3.002990620051958215e-02 1.223943768366704044e+00 2.095048951223999367e+00 2.797572771067156960e+00 1.147465218525456576e+00 1.835716098216963577e+00 1.960422433536701189e-02 3.402112452068377646e+00 1.713931813478216937e-01 8.064904105053807282e-01 1.803069734213604836e+00 2.889519219887544677e-01
2.642608256950367474e-14 3.329822172351362575e-15 1.983317291333891438e-14 3.645239290971918223e-16 3.188188615714717147e-15 2.248485320332514923e-14 1.700679665262548921e-14 1.773458174155734950e-14 7.072077699889023197e-16 9.617627201662398692e-15 3.036011280127990680e-15 1.402840014858483413e-15 2.911015762815233641e-15 7.229132947890179135e-16 2.235533132315831832e-15
6.013314914330230851e-15 4.465471261790690721e-15 6.031036203264006042e-15 4.449295835278632672e-16 1.644458403375735785e-15 2.367587174354021918e-15 2.131661033208736128e-15 9.055561811575614406e-16 1.233041661855244765e-15 7.402953905719480006e-15 3.808451804386223873e-15 3.593952723769799281e-15 1.050144158858693971e-15 2.266377797229611576e-15 3.920055704591914391e-15
1.037840460715465096e-01 1.606730412973287114e+00 1.606730412973272903e+00 2.921909400224383946e-01 1.646065682935658470e-01 1.646065682935660968e-01 4.757790949427295191e-01 4.757790949427381788e-01 2.029048467974634284e-01 2.006466247794066682e+00 3.983005669811527372e-01 3.983005669811371385e-01 1.131566531411353660e+00 3.414813523070982931e-02 2.169263311488958956e-01
1.984355269839749580e-01 3.163826088215883292e+00 3.163826088215864640e+00 5.870130746168842339e-01 3.280881492514261533e-01 3.280881492514220454e-01 9.511384052297335856e-01 9.511384052297348068e-01 3.986545307847665920e-01 3.989302653658356679e+00 7.901207781511084827e-01 7.901207781511052630e-01 2.256511851197458007e+00 6.566813377465405277e-02 4.118075785341370754e-01
2.753617734776966364e-01 4.628803561405659295e+00 4.628803561405613998e+00 8.865846614250770807e-01 4.893031356443058866e-01 4.893031356443076074e-01 1.425463297528673845e+00 1.425463297528683171e+00 5.805341747100981609e-01 5.925794490809373372e+00 1.169154750280594790e+00 1.169154750280579691e+00 3.368134285701368746e+00 9.205296746106855776e-02 5.640295095598875097e-01
3.269916410435049769e-01 5.971053726976670362e+00 5.971053726976638387e+00 1.192078302462172168e+00 6.470782823823310048e-01 6.470782823823197916e-01 1.897808194069607435e+00 1.897808194069608767e+00 7.426590654361036048e-01 7.794878493698943700e+00 1.529468139258538972e+00 1.529468139258530979e+00 4.459694327423802562e+00 1.110325069053033492e-01 6.557480644087532173e-01
3.471528233305663513e-01 7.173052670123811758e+00 7.173052670123801100e+00 1.503429612511856917e+00 8.001918692283167545e-01 8.001918692283213064e-01 2.366863172875880217e+00 2.366863172875878885e+00 8.802740968948112865e-01 9.577594036405416844e+00 1.865724760510009794e+00 1.865724760510004465e+00 5.524621402702758033e+00 1.206789401076122925e-01 6.730375018345650107e-01
3.313192420540810867e-01 8.228609302831005223e+00 8.228609302830999894e+00 1.819215987171713955e+00 9.473453129298066155e-01 9.473453129298092801e-01 2.831026796153507163e+00 2.831026796153513381e+00 9.899405983340319182e-01 1.125725187208769817e+01 2.173426104490006949e+00 2.173426104490005617e+00 6.556809531176585715e+00 1.194972763313843778e-01 6.067443032077669551e-01
2.767254139652905454e-01 9.139591895818325540e+00 9.139591895818318434e+00 2.136697881385224651e+00 1.087110714830412883e+00 1.087110714830400005e+00 3.288562884992818791e+00 3.288562884992817903e+00 1.069608720125740486e+00 1.281941806831574482e+01 2.449126635497323345e+00 2.449126635497318460e+00 7.550841069504709679e+00 1.064971119533268951e-01 4.529599487955253134e-01
1.823635330281226929e-01 9.912523181874801637e+00 9.912523181874755451e+00 2.451985359693196198e+00 1.217844724189094174e+00 1.217844724189097727e+00 3.737793819373008919e+00 3.737793819373008031e+00 1.118590867496571883e+00 1.425185181022744985e+01 2.690579562494150867e+00 2.690579562494145538e+00 8.501967244500463039e+00 8.124271524481307960e-02 2.130666792461796688e-01
4.889076271955471176e-02 1.055586976600915783e+01 1.055586976600911875e+01 2.760277731217906538e+00 1.337565498832259836e+00 1.337565498832269828e+00 4.177278415721559668e+00 4.177278415721552562e+00 1.137461616660525587e+00 1.554451158058810201e+01 2.896775094181597066e+00 2.896775094181588184e+00 9.405742500896002056e+00 4.387947183410521867e-02 1.066330214871995391e-01
1.215216549576135646e-01 1.107826294206554429e+01 1.107826294206553719e+01 3.056126726479512890e+00 1.443791434589467571e+00 1.443791434589474232e+00 4.605932392706436396e+00 4.605932392706428402e+00 1.127910454972404386e+00 1.668967205503429341e+01 3.067853033842685928e+00 3.067853033842681931e+00 1.025732554410383024e+01 4.864235427563037666e-03 4.956277306700079821e-01
3.253678262241171404e-01 1.148750545614989527e+01 1.148750545614988816e+01 3.333690599276202704e+00 1.533330135166630415e+00 1.533330135166636632e+00 5.023069666486919438e+00 5.023069666486920326e+00 1.092567196400312968e+00 1.768210707707468288e+01 3.204896857758977813e+00 3.204896857758968043e+00 1.105057782964514601e+01 6.369961271876639630e-02 9.401471543264701136e-01
5.579910561983730810e-01 1.179004011617662684e+01 1.179004011617659309e+01 3.586969396429589452e+00 1.601970748924332666e+00 1.601970748924326893e+00 5.428365639541921084e+00 5.428365639541913978e+00 1.034810354208389960e+00 1.851922551285208485e+01 3.309639223301483746e+00 3.309639223301477085e+00 1.177717110175550275e+01 1.308234340349710145e-01 1.424196818368759887e+00
8.137547677058423190e-01 1.199049102208324946e+01 1.199049102208322637e+01 3.810030180581888359e+00 1.643962539395423361e+00 1.643962539395433353e+00 5.821762078364819182e+00 5.821762078364828952e+00 9.585613060202771152e-01 1.920101803155905529e+01 3.384123163451600913e+00 3.384123163451590699e+00 1.242593857151933534e+01 2.039854515541083546e-01 1.930560449386723665e+00
1.086189469270852248e+00 1.209082696686955316e+01 1.209082696686952119e+01 3.997237103083037812e+00 1.651029945434861812e+00 1.651029945434857149e+00 6.203342424257975551e+00 6.203342424257971999e+00 8.680655514753382596e-01 1.972968911910875178e+01 3.430366542002991181e+00 3.430366542002990737e+00 1.298266856574866068e+01 2.805745001543527573e-01 2.441655309704346521e+00
1.368109873599050230e+00 1.208852483512491105e+01 1.208852483512486842e+01 4.143492295793322455e+00 1.610418595957999299e+00 1.610418595957999521e+00 6.573205219632384910e+00 6.573205219632390239e+00 2.010890128030357715e+01 7.676673653325292168e-01 3.450070844998004649e+00 3.450070844997996655e+00 1.343045923646470996e+01 3.577199073392719475e-01 2.940176586651228607e+00
1.651700080063822851e+00 1.197264674804841178e+01 1.197264674804842599e+01 4.244473754677717814e+00 1.500932943008942422e+00 1.500932943008953746e+00 6.931354117870184517e+00 6.931354117870182741e+00 2.034263122409028668e+01 6.615928298909143912e-01 3.444402887833230231e+00 3.444402887833222238e+00 1.375065017375579401e+01 4.324043002011181969e-01 3.409512749260737330e+00
1.928567651179948106e+00 1.171564576087767406e+01 1.171564576087768117e+01 4.296835266025373024e+00 1.284785408952254349e+00 1.284785408952262342e+00 7.277610562644481362e+00 7.277610562644476921e+00 2.043371401799495501e+01 5.537635468010239093e-01 3.413864226197429463e+00 3.413864226197425911e+00 1.392424405122154596e+01 5.015835148198933835e-01 3.833960461417470711e+00
2.189770207893650955e+00 1.125656173155650208e+01 1.125656173155649675e+01 4.298322255459773977e+00 8.909044076377794497e-01 8.909044076377835575e-01 2.038221837267612813e+01 7.611545195814628073e+00 7.611545195814638731e+00 4.476643600387607558e-01 3.358251761219100295e+00 3.358251761219110065e+00 1.393364671719557535e+01 5.623090604613403265e-01 4.198804363362250491e+00
2.425821944983476364e+00 1.046982611111205941e+01 1.046982611111207717e+01 4.247764682671325787e+00 1.839125215055404106e-01 1.839125215055310569e-01 2.018384872428179833e+01 7.932420323674824303e+00 7.932420323674833185e+00 3.462806280612998333e-01 3.276705927575743083e+00 3.276705927575743971e+00 1.376449844182195115e+01 6.118484715360232862e-01 4.490348134299303240e+00
2.626693722510072604e+00 9.133099517594999384e+00 9.133099517595006489e+00 4.144935568847071927e+00 1.067839744455659989e+00 1.067839744455651774e+00 1.982860822644744303e+01 8.239138854168249537e+00 8.239138854168249537e+00 2.521050659897809409e-01 3.167839387270515505e+00 3.167839387270520835e+00 1.340734672456368415e+01 6.477988972274443258e-01 4.695986323742554980e+00
2.781831090938809758e+00 3.990304910034003782e+00 7.029434154253134004e+00 7.029434154253205946e+00 3.089761070402978760e+00 3.089761070402910814e+00 1.929998554670930488e+01 8.530201222293687380e+00 8.530201222293696262e+00 1.671955084692891280e-01 3.029937260223928064e+00 3.029937260223926287e+00 1.285892208515893564e+01 6.681894374734448361e-01 4.804392603831867170e+00
2.880232077161509530e+00 3.784760099782125131e+00 4.430478405840084122e+00 4.430478405840165834e+00 5.617523594485886562e+00 5.617523594485796856e+00 1.857495167522205648e+01 8.803673092190553717e+00 8.803673092190560823e+00 9.324964180499331623e-02 2.861217297262530046e+00 2.861217297262531822e+00 1.212282066707085626e+01 6.715680420508787218e-01 4.805872948315509596e+00
2.910652664204618656e+00 3.529389340194479363e+00 2.213795279749122269e+00 2.213795279749351863e+00 7.779244161975634952e+00 7.779244161975411131e+00 1.762506896987765259e+01 9.057151391537290763e+00 9.057151391537297869e+00 3.165694426121939270e-02 2.660133656962265558e+00 2.660133656962264226e+00 1.120946891833271231e+01 6.570692542745557585e-01 4.692896322413399268e+00
2.862041634015038305e+00 3.225420848261691287e+00 8.298524609034330091e-01 8.298524609034766408e-01 9.127904703566281697e+00 9.127904703566235511e+00 1.641900728423735245e+01 9.287665477360517841e+00 9.287665477360537380e+00 1.650492343271339063e-02 2.425701239655179808e+00 2.425701239655176256e+00 1.013534255459922306e+01 6.244597066121700957e-01 4.460775089503884239e+00
2.724338601592114717e+00 2.874373630969209614e+00 1.008777359084718772e-01 1.008777359085091668e-01 9.841623164718010131e+00 9.841623164717972827e+00 1.492669100321529463e+01 9.491317504988005638e+00 9.491317504988009190e+00 5.054315357654127344e-02 2.157810464654630334e+00 2.157810464654630334e+00 8.921526995185132591e+00 5.741590600240126241e-01 4.108426464370691811e+00
2.489773583586581740e+00 2.478412400031012375e+00 2.391737394724352539e-01 2.391737394724164079e-01 1.018192502455451276e+01 1.018192502455447368e+01 1.312509659453791855e+01 9.662091029184393776e+00 9.662091029184409763e+00 7.028102231723711013e-02 1.857497346281559381e+00 1.857497346281561157e+00 7.591824924015369902e+00 5.072350095538366022e-01 3.639109419104697096e+00
2.154732977408459149e+00 2.040827456976570531e+00 3.591052833584789106e-01 3.591052833584703619e-01 1.030422242330023153e+01 1.030422242330024041e+01 1.100530069228092067e+01 9.787959973400290892e+00 9.787959973400308655e+00 7.621211482813054772e-02 1.527133025693462542e+00 1.527133025693462098e+00 6.170715820274303098e+00 4.253720301069134901e-01 3.061004558919720786e+00
1.722041207529331874e+00 1.566503279213876665e+00 3.516824394543218713e-01 3.516824394543037746e-01 8.579713276016635248e+00 1.026440611548636284e+01 1.026440611548631843e+01 9.836650524007747975e+00 9.836650524007744423e+00 6.962833534303651539e-02 1.170501959471882403e+00 1.170501959471883069e+00 4.681524631704073514e+00 3.308146685157132838e-01 2.387495643791875288e+00
1.203128652890154360e+00 1.062218475252225902e+00 2.692377696252609698e-01 2.692377696252533648e-01 5.887659605124897055e+00 9.986757445282881562e+00 9.986757445282860246e+00 9.687645307706317155e+00 9.687645307706322484e+00 5.267230023206148637e-02 7.927488312004943305e-01 7.927488312004943305e-01 3.145137959191886434e+00 2.262873471342327358e-01 1.637028985395620362e+00
6.191469162150649019e-01 5.366467067130789026e-01 1.442976339354857807e-01 1.442976339354831716e-01 2.997011432459810720e+00 8.759377537317933005e+00 8.759377537318036033e+00 8.606589934354454741e+00 8.606589934354541782e+00 2.827941005963285556e-02 4.001896439060090294e-01 4.001896439060087518e-01 1.579506026143946418e+00 1.148937655607474989e-01 8.324758373865386307e-01
6.100239778874455569e-15 2.789828276707931517e-16 1.160210817765362577e-15 5.360715669350461847e-16 2.697682564030714396e-15 5.801716472671944242e-15 6.860491338315379780e-16 5.329573816926987261e-15 2.292358864178677712e-15 3.845506275635234606e-16 6.776090591702368066e-15 2.877536158598013715e-14 7.465443796154520994e-16 3.273682721855013402e-15 2.723348143119102916e-14
