0.000000000000000000e+00 0.000000000000000000e+00 0.000000000000000000e+00 0.000000000000000000e+00 0.000000000000000000e+00 0.000000000000000000e+00 0.000000000000000000e+00 0.000000000000000000e+00 0.000000000000000000e+00 0.000000000000000000e+00 0.000000000000000000e+00 0.000000000000000000e+00 0.000000000000000000e+00 0.000000000000000000e+00 0.000000000000000000e+00
9.817775737784003809e+00 9.657689811153195691e+00 2.453234426071882979e+01 -3.975492934173121551e-01 -3.976345180124557510e-01 6.945645890977498738e-01 3.831927143648185957e-02 2.695744478706507685e-02 3.841885502929845431e-02 1.943271400886059999e-02 1.972762487569222623e-02 2.560328179770941848e+00 2.373601412316785897e-01 2.373608637132557098e-01 3.600042259925152255e+00
9.758679531374285787e+00 9.607034329878034740e+00 2.430200334900381165e+01 -8.036358617072730803e-01 -8.038058417605977723e-01 1.385041863519705041e+00 5.076730058345853280e-02 9.695190236239156767e-02 9.706368377497207045e-02 3.517089722347088721e-02 3.566105225075730245e-02 4.971055978517123997e+00 4.652229380826651273e-01 4.652205637222986412e-01 7.149800134927691175e+00
9.664313316601763404e+00 9.525951586174031149e+00 2.390656095638714973e+01 -1.219811956512453666e+00 -1.220261201397052631e+00 2.076748747365264158e+00 6.846100805411238499e-02 1.889503528056920567e-01 1.887305927278421780e-01 4.379118302515913608e-02 4.431309933674910245e-02 7.108339217480263983e+00 6.743559003409899111e-01 6.743443295395809001e-01 1.059275717050289778e+01
9.540594841269884441e+00 9.419308188473786814e+00 2.333055728402221263e+01 -1.638431698195345732e+00 -1.639512026664271760e+00 2.785006748416883227e+00 7.748303690631952456e-02 3.171488950565832243e-01 3.160812565160218135e-01 4.239090020898568512e-02 4.277539247352001722e-02 8.896174035919562684e+00 8.560805370505520928e-01 8.560539373381331751e-01 1.386288822899124007e+01
9.395263561899184879e+00 9.293595256220010370e+00 2.255718248882962484e+01 -2.045869981231773327e+00 -2.047762247747165976e+00 3.525672020471250168e+00 7.641415695854274215e-02 4.765293545200899872e-01 4.743072186971338811e-01 2.879268355051767259e-02 2.892355231156842552e-02 1.031850542410360028e+01 1.002598022561004054e+00 1.002553520146806765e+00 1.688625227961644271e+01
9.237342851800512733e+00 9.156555251945649232e+00 2.157485305922396890e+01 -2.427724842788661519e+00 -2.430223284229771963e+00 4.285755110778409538e+00 8.149344916932116378e-02 6.589544825525779359e-01 6.557454207270507762e-01 1.680690974123401826e-03 1.532848670339260946e-03 1.141634405506881222e+01 1.107343877979078517e+00 1.107283507358400643e+00 1.958749299950475020e+01
9.076469270257730315e+00 9.016653855473025558e+00 2.038618699747941676e+01 -2.775100307112057241e+00 -2.772486246308451197e+00 3.971601657460754192e-02 8.566282821334553210e-01 8.530042159419666259e-01 5.099014343188807530e+00 -3.935014997180936308e-02 -3.970553853027589813e-02 1.227111595737937577e+01 1.165343825691503188e+00 1.165275128722524256e+00 2.189923443688076432e+01
8.922119783018821693e+00 8.882399699725192832e+00 1.901703976038329813e+01 -3.075034644727088651e+00 -3.072835117354085543e+00 -1.518425167768550250e-02 1.063166355049761647e+00 1.059865549290276432e+00 5.883938251806044129e+00 -9.383937216506973988e-02 -9.426213543212783041e-02 1.298087055713790683e+01 1.173529117900970364e+00 1.173464235518200782e+00 2.377115060823933490e+01
8.782787652044509841e+00 8.761549729321609803e+00 1.752125439109857652e+01 -3.326891491990859873e+00 -3.325501746774313983e+00 -7.464365320799565273e-02 1.273258388817071429e+00 1.270990107273765934e+00 6.558092808374396121e+00 -1.605933337088521207e-01 -1.609213907374412444e-01 1.363670394258929264e+01 1.130966808091990350e+00 1.130920357739104043e+00 2.517581281528253356e+01
8.665179024971392252e+00 8.660278999629950292e+00 1.597658071569276039e+01 -3.531003091701669483e+00 -3.530639125838544778e+00 -1.467512794369573714e-01 1.482091647963408754e+00 1.481445055938743538e+00 7.043018097728530158e+00 -2.378831562217632034e-01 -2.379806367649986432e-01 1.430423284227266656e+01 1.038969236869631718e+00 1.038955566598635860e+00 2.611000124740488815e+01
8.582428675928905903e+00 8.573519300233837015e+00 1.447076877884956225e+01 -3.691128012931121471e+00 -3.690390013671635216e+00 -2.303136357763221898e-01 1.686480815970873071e+00 1.685062091592212541e+00 7.261063553237178780e+00 -3.234658810400529716e-01 -3.236770127077558401e-01 1.501236185470996176e+01 9.010947989551986170e-01 9.010643127716316814e-01 2.659197476390747639e+01
8.528959998599422221e+00 8.509063552344196424e+00 1.308293963875414079e+01 -3.811890178580429112e+00 -3.810054915595291192e+00 -3.230913124048468421e-01 1.881581695961804357e+00 1.877810990133496949e+00 7.167399666799979308e+00 -4.153377550030177834e-01 -4.158722232778838124e-01 1.575041496809123842e+01 7.229095679069381664e-01 7.228286363596003739e-01 2.665629114390605281e+01
8.497723542454256318e+00 8.469891713050962778e+00 1.186880882759892941e+01 -3.899198385300310044e+00 -3.896315306157678293e+00 -4.222269763452615177e-01 2.062674523839727936e+00 2.056447041062859693e+00 6.763676700424218424e+00 -5.116667727025793200e-01 -5.124951594534867816e-01 1.647407172941813513e+01 5.117349779426462186e-01 5.116036248920244889e-01 2.634791489465370873e+01
8.483600846924414185e+00 8.451034110762572382e+00 1.085549392426527682e+01 -3.959992335372602756e+00 -3.956157100265210058e+00 -5.243977283977188097e-01 2.226368954040435000e+00 2.217802807963326739e+00 6.094433298352455175e+00 -6.107627914037784267e-01 -6.118435229345410287e-01 1.711882838180196842e+01 2.763017394010000016e-01 2.761265836941362295e-01 2.571687335876807268e+01
8.479001633089882972e+00 8.444920949185116044e+00 1.004532347310515128e+01 -4.001241997427823271e+00 -3.996628969131094777e+00 -6.259471448185635056e-01 2.370133507262515149e+00 2.359615565342932708e+00 5.230007198209589703e+00 -7.112476867804103930e-01 -7.125540356339600256e-01 1.761693293288234585e+01 2.631886743872616577e-02 2.611259395898406568e-02 2.481408709179092398e+01
8.474626609165479607e+00 8.442092230347650883e+00 9.423989837825407889e+00 -4.029409119291345931e+00 -4.024314792050688538e+00 -7.230228484211003170e-01 2.492348398927559661e+00 2.480569959582454409e+00 4.245867063634841898e+00 -8.120626812112423654e-01 -8.135872039851482773e-01 1.791215689783603793e+01 -2.279602929802133360e-01 -2.281800592870541766e-01 2.368849872137050028e+01
8.460355757577096014e+00 8.432057551467146084e+00 8.968534193523323594e+00 -4.050042212721287171e+00 -4.044913945354483786e+00 -8.117211038354729125e-01 2.592210182426052167e+00 2.580180243489614167e+00 3.207157829888025447e+00 -9.124034808107807093e-01 -9.141283596879564710e-01 1.796821302719655833e+01 -4.761637914055678600e-01 -4.763760063083396501e-01 2.238533675186118899e+01
8.426106918964221038e+00 8.404169723444281814e+00 8.652939483086470318e+00 -4.067509157038666778e+00 -4.062935754018207390e+00 -8.882357169429924149e-01 2.669491091780382241e+00 2.658520553006680665e+00 2.161730871959016032e+00 -1.011578587735438850e+00 -1.013409752953340792e+00 1.777011190567488086e+01 -7.082030092810743804e-01 -7.083849906658146178e-01 2.094523825889609014e+01
8.362525695213539834e+00 8.348374886454507759e+00 8.451131708004524512e+00 -4.084835411615767242e+00 -4.081484931663964311e+00 -9.490074418974475678e-01 2.724175582754938318e+00 2.715832316552432069e+00 1.140121314167833244e+00 -1.108789264299220756e+00 -1.110461385057087469e+00 1.732061495331753065e+01 -9.146435819451966820e-01 -9.147729924649147248e-01 1.940394774199294758e+01
8.261398664104905976e+00 8.255716978345917667e+00 -4.103581371032811731e+00 -4.102084602513607514e+00 8.338131563054311357e+00 -9.908695823218878207e-01 2.756006257774866075e+00 2.752047846399609199e+00 1.591705068752499175e-01 -1.202832441242873029e+00 -1.203797927468057694e+00 1.663473585499769314e+01 -1.087043418236786740e+00 -1.087100427472855513e+00 1.779235271832833476e+01
8.118490546903213811e+00 8.115705862997222297e+00 -4.124451382452084758e+00 -4.123659625077652713e+00 8.290224405140907749e+00 -1.011185016397993852e+00 2.766267201525115293e+00 2.763970580412468792e+00 -7.734522177672839005e-01 -1.291045164509843080e+00 -1.291727510374016008e+00 1.573447256858093368e+01 -1.218227146912381098e+00 -1.218257568313691808e+00 1.613667683505179795e+01
7.929933130484459802e+00 7.919224293564662176e+00 -4.146094076908175552e+00 -4.142953092242549928e+00 8.284790418026352299e+00 -1.007969386446972315e+00 2.756210260596361206e+00 2.745749950665447248e+00 -1.655295466023231743e+00 -1.368502493436414280e+00 -1.372261000439530809e+00 1.464478527191863222e+01 -1.302582212785295734e+00 -1.302708005397877900e+00 1.445871232210806312e+01
7.683302368252637571e+00 7.665540613228006173e+00 -4.161534816623118971e+00 -4.156527950201938992e+00 8.300146146289842264e+00 -9.799945674454767497e-01 2.717638736335163507e+00 2.697138727867284036e+00 -2.486181756567718004e+00 -1.430631437570419218e+00 -1.439428425174882564e+00 1.339098361476295018e+01 -1.336392603351148622e+00 -1.336612606964597605e+00 1.277602861774614951e+01
7.370058261981995429e+00 7.346198908836755415e+00 -4.160814773395349775e+00 -4.155103586377776992e+00 8.315495654876690068e+00 -9.268647584264312345e-01 2.643712665315312460e+00 2.611435505894798670e+00 -3.266161696959353655e+00 -1.469464836300386601e+00 -1.485736879324844661e+00 1.199727740753377425e+01 -1.317860786651277705e+00 -1.318163396274981025e+00 1.110213969418512114e+01
6.976611966804608933e+00 6.947452003827418565e+00 -4.126692447041250489e+00 -4.122184626209716818e+00 8.310850514226959973e+00 -8.490427573721350818e-01 2.524243063554103550e+00 2.478844609548612965e+00 -3.994008092837359136e+00 -1.473977745115082616e+00 -1.500343348846325586e+00 1.048613935787346030e+01 -1.247278110292544540e+00 -1.247641047511992340e+00 9.446646739587308161e+00
6.478654406445739866e+00 6.444665396413603808e+00 -4.029528755302200338e+00 -4.028817683432762031e+00 8.265960795988108956e+00 -7.473114279026059625e-01 2.344911750577240994e+00 2.286076903940729821e+00 -4.665658183872065656e+00 -1.429621890898514991e+00 -1.468124859750804534e+00 8.878167219680976885e+00 -1.127060365139367359e+00 -1.127451945004829259e+00 7.815393740592873506e+00
5.831625212349321963e+00 5.793068156872667629e+00 -3.818504190998899706e+00 -3.824489270755891290e+00 -6.253439546911206959e-01 8.160567562633472605e+00 2.086955229375459631e+00 2.016744706852773295e+00 -5.271191866945522442e+00 -1.318638320061453539e+00 -1.369209980466185250e+00 7.192216234064781055e+00 -9.616941687938808103e-01 -9.620762270976535024e-01 6.210680651359656856e+00
4.957148906145893541e+00 4.915039531768851333e+00 -3.409314568188945405e+00 -3.423954909343309705e+00 -4.862179105567741577e-01 7.961432945216156298e+00 -5.784981896925339484e+00 1.728900051308728480e+00 1.653929284575069492e+00 -1.122549718400119634e+00 -1.180593343922940353e+00 5.445655234798782551e+00 -7.575877356070019886e-01 -7.579200399605662275e-01 4.631573566866239666e+00
3.736273255037303009e+00 3.695220237505414840e+00 -2.679602093930240514e+00 -2.700806477074010115e+00 -3.323133876548410304e-01 7.575284136248316536e+00 -6.118745283718276973e+00 1.253662460415416957e+00 1.187044636246316509e+00 -8.289774397741316303e-01 -8.831751447741320593e-01 3.654665081389536940e+00 -5.228263411046832898e-01 -5.230719183745832224e-01 3.074336911442834275e+00
2.058893492022037641e+00 2.030955605032658262e+00 -1.519611265638076025e+00 -1.537145627907963163e+00 -1.686430745496919625e-01 6.484573708729239883e+00 -5.754363611946996748e+00 6.640154910415683176e-01 6.236567654369150615e-01 -4.434572609920273134e-01 -4.772466044983845745e-01 1.834542731299734442e+00 -2.668402526087452209e-01 -2.669707414896613784e-01 1.532993606727563352e+00
2.636741330110215310e-14 -3.059275863930934755e-15 -1.928290638293278749e-14 3.645239290971918223e-16 -2.048033432635989014e-16 -1.597574335528178321e-14 1.689433846957746815e-14 7.476079837884583317e-15 7.072077699889023197e-16 -8.857165942295658061e-15 1.080790995156224066e-16 1.401853733164624394e-15 -4.549673284359221925e-16 -6.623035367190332140e-16 1.745245751701347837e-15
2.636741330110215310e-14 -3.059275863930934755e-15 -1.928290638293278749e-14 3.645239290971918223e-16 -2.048033432635989014e-16 -1.597574335528178321e-14 1.689433846957746815e-14 7.476079837884583317e-15 7.072077699889023197e-16 -8.857165942295658061e-15 1.080790995156224066e-16 1.401853733164624394e-15 -4.549673284359221925e-16 -6.623035367190332140e-16 1.745245751701347837e-15
-1.862631162166154700e-15 1.892700064249045559e-05 -1.476223740461750865e-05 3.227950295293672670e-15 1.918551650153191973e-05 -5.191108422570119031e-07 -3.528415569304753482e-05 5.637924037870703466e-16 -1.059982888170375032e-05 -4.131549560738855834e-16 1.925444920369926775e-05 2.133537206433320518e-06 -3.244340029667475479e-16 1.363003075779353479e-06 -1.832768685683803412e-07
-5.580195383268777175e-15 1.458679031415355612e-04 -1.112960565025040369e-04 6.919138624386519545e-15 1.509160128117022909e-04 -2.569550763780929122e-05 -2.438260104939510514e-04 5.707818315046611063e-16 -6.406382320960642520e-05 -9.109214504595003880e-16 1.200998385498260425e-04 1.598769365991460439e-05 -4.103337844720149156e-16 1.015812941265206942e-05 -1.383113488156477639e-06
5.594519019629979485e-15 4.617646966619224649e-04 -3.396272167786544951e-04 -5.805966636558772354e-15 4.781466359011677541e-04 -1.410606539538255069e-04 -6.810980999802046607e-04 9.958806984327278554e-17 -1.486569083865899824e-04 7.013100428610802169e-16 2.885113989189883130e-04 4.827845874538671720e-05 -6.177140080659891627e-16 3.041658503726229234e-05 -4.226023151967988069e-06
1.718080488943433402e-14 9.961362044813683661e-04 -6.959759622968510803e-04 -1.608408741950088641e-14 9.904349681486531495e-04 -3.707682102062672129e-04 -1.308815390352660417e-03 -8.411564363930436115e-15 -2.280968951810263714e-04 7.828651318834096395e-15 4.594373483870416944e-04 9.743315618556904921e-05 1.215934181809852076e-16 6.074369877475555170e-05 -8.670557188205322232e-06
-2.406670877381024823e-14 1.706897515661270600e-03 -1.116639314463890907e-03 2.217902199551264290e-14 1.564711961448433117e-03 -2.031998030727657101e-03 -6.518289590795182985e-04 -7.017350995183666290e-16 -2.729419860779592100e-04 1.071548305379991081e-15 5.718410924681302824e-04 1.531764679330501486e-04 -3.173982201508891383e-16 9.442782135403451839e-05 -1.392512575199118166e-05
-1.424291045993372036e-15 2.465200205259211394e-03 -1.489143217299680700e-03 3.023637671089617268e-15 2.030329485718529621e-03 -2.705339094887102697e-03 -8.863399161664961686e-04 -1.489711783767092029e-15 2.955053031626598067e-15 -2.710624391801498491e-04 5.895798350049320747e-04 1.991992980793893251e-04 -3.389597960243935483e-16 1.215378004457388916e-04 -1.859461878853880929e-05
-7.062643107830032337e-15 -1.678291217110459326e-03 3.048992144146148945e-03 6.555100230385108008e-15 2.230427449534103188e-03 -3.131999866033319171e-03 -9.937396119263470443e-04 1.919882513243672005e-14 -1.900934452433590824e-14 -2.272343894303875005e-04 5.076319061693191931e-04 2.181403276081178208e-04 -3.535603428891718148e-16 1.321222712479193687e-04 -2.102788631454168095e-05
7.672994963332789770e-15 -1.564058536555519314e-03 -8.208996316658082033e-15 3.157607593985018064e-03 2.047395549952236993e-03 -3.074729503490282456e-03 -9.233223291534988029e-04 -8.221128693419741340e-19 2.941729608045689650e-15 -1.574856280573328805e-04 3.517919472868693415e-04 1.973860655266753642e-04 -7.549288393763424532e-17 1.193397031536743010e-04 -1.978088893178930636e-05
-8.233657234680898141e-15 -1.088756746630947358e-03 6.842637438742732384e-15 2.472148168302145625e-03 1.425867014124524183e-03 -2.303701684875374307e-03 -6.533830614962577409e-04 -1.520912974098305907e-15 5.054731743046622310e-16 -8.169721549968297263e-05 1.720584507921319199e-04 1.339236959046444958e-04 -2.850827995797493692e-16 8.154099541739551920e-05 -1.407117738904017825e-05
-2.095233727428278392e-15 -3.035085036775672326e-04 4.102069601846078967e-15 7.842899389998483342e-04 4.055821434698953952e-04 -7.034661530595491151e-04 -1.912420601546052786e-04 1.691430897965181051e-14 -1.773479854840342721e-14 -1.705017667613872994e-05 2.940199169281957026e-05 3.670967741084210515e-05 6.461970956395726363e-17 2.280609146408789196e-05 -4.090395170393510221e-06
6.186678805069316259e-04 3.498285697971457079e-14 -3.120012660760655482e-14 -1.840682839394799063e-03 -8.644556037168801745e-04 1.591926225223348019e-03 4.264051663600679546e-04 -3.118855075335455269e-15 2.741107671137577371e-15 2.611280464957083702e-05 -2.204203278459516469e-05 -7.433552974937782695e-05 2.387406042834891766e-16 -4.804031699407322370e-05 8.930033782463781019e-06
1.442932006447156896e-03 -1.553302183254019974e-14 1.337830122574437808e-14 -4.999178502691339031e-03 -2.172754772801772493e-03 4.160904930489539577e-03 1.135556611695834415e-03 -7.119754650436715493e-15 6.038276112491725919e-15 4.549005848830640171e-05 4.765962472324837144e-05 -1.727014141061721626e-04 1.099382064346914137e-16 -1.195128673110195972e-04 2.294015672476664900e-05
1.983016827183860242e-03 -6.298077780564840089e-14 6.173931945127941727e-14 -8.089387362617802071e-03 -3.335711457257985266e-03 6.450966663245222450e-03 1.850928589652936019e-03 8.624491362744754350e-15 -7.768544870812624278e-15 4.545245179680606687e-05 2.335304240448278924e-04 -2.321027860392821471e-04 2.066056109290068228e-16 -1.800251340041768939e-04 3.553260230637153046e-05
2.171782797467128063e-03 -1.733637999182878930e-11 1.733790149115321482e-11 -1.055007560733913635e-02 -4.248679990317835546e-03 8.017281858776332398e-03 2.476120354787568305e-03 1.241847286108837670e-14 -1.274671541749668305e-14 3.406795664426205466e-05 4.957333955714720002e-04 -2.340878306028531088e-04 2.922843886652545831e-16 -2.202808813597024768e-04 4.451438100670385573e-05
2.049830911590395065e-03 -8.505732232985437015e-14 8.401579695161522027e-14 -4.862917799029036967e-03 -1.200375696303359642e-02 8.648052301191477831e-03 2.916836669642552688e-03 -5.077708398007728353e-15 5.400395770115955379e-15 1.973182819719456878e-05 7.700008068453002754e-04 -1.744584007858569243e-04 -1.379880546238933614e-16 -2.349770956776204049e-04 4.841765675031898478e-05
1.714167206042820774e-03 9.368092208481703020e-15 -9.623720532318738320e-15 -5.135818889043477185e-03 -1.226772428663634555e-02 8.344707604890420558e-03 3.095004615989325244e-03 2.499181377443246688e-14 -2.549144093713206123e-14 8.501314338819669921e-06 9.841140495938814278e-04 -6.668227151472197022e-05 2.104914560743842573e-16 -2.235189753349501435e-04 4.679882647788830561e-05
1.273548697090162501e-03 -3.577085479965952702e-14 3.733301993833245470e-14 -5.003272107528283601e-03 -1.131465699101469151e-02 7.246281304644969223e-03 2.961077808061829148e-03 3.495200646589749296e-14 -3.551524827067061550e-14 2.824308555349398565e-06 1.074824291169610172e-03 5.889121181558279651e-05 -5.021438907874933166e-17 -1.897075491941371665e-04 4.025514012456368567e-05
8.227179016009381583e-04 -6.346428822591329463e-15 -4.384793054929383635e-03 5.220999041773077308e-15 -9.239965233570585773e-03 5.562945906419271801e-03 2.502119899355862050e-03 1.816991490642326458e-14 -1.986081436848129463e-14 1.792151609513554889e-06 1.000879113018359953e-03 1.602421550317571547e-04 2.508484699588104382e-17 -1.405969042141438474e-04 3.019000665282924842e-05
4.304475606544440206e-04 -5.729243856023693046e-15 -3.211204466690003971e-03 -6.242532812990958697e-03 6.959354710690647438e-15 3.531696681605221884e-03 1.744331799387074120e-03 7.790471893696887188e-15 -1.100700261580891011e-14 2.526053582214815829e-06 7.501068474300452487e-04 1.924927631424581346e-04 8.435400543318540038e-17 -8.487139044146241285e-05 1.843348845761527176e-05
1.357795392686312577e-04 3.540018191125345791e-15 -1.461258463012229903e-03 -2.607527407664773575e-03 -5.541194921825631132e-15 1.387070498927533415e-03 7.500719076496087335e-04 -1.162826775198376699e-14 1.578593820409168329e-14 1.988256767182086741e-06 3.404567187025425148e-04 1.185932176482299723e-04 2.215922936396326635e-16 -3.113503831924474238e-05 6.843573647621273061e-06
-5.026429866208140625e-05 1.699734375203995252e-16 8.050261308792645929e-04 1.317447951025791340e-03 2.072488278805714527e-16 -6.599308899565216498e-04 -3.894590080482575214e-04 -1.799066916347809431e-14 2.183700397922769070e-14 -1.525974683503424125e-06 -1.839773999287547897e-04 -8.039975683417000169e-05 2.097589837426401162e-16 1.355113236755764916e-05 -3.018100173295113107e-06
-1.388770413004921658e-04 -4.915590770876447864e-15 3.426717124328842491e-03 5.154758798485394727e-03 2.773149528534872892e-15 -2.437170712569667989e-03 -1.564197646913242836e-03 2.253178692536411749e-15 -3.832088177417696019e-15 -7.734316389564759064e-06 -7.604684748613524262e-04 -3.978228461558950125e-04 3.756453313413138572e-16 4.466092500171499742e-05 -1.009491107974876925e-05
-1.550582685886436950e-04 -2.755715207519825074e-15 6.143634963460738521e-03 8.534569300041474835e-03 1.335611357073997929e-15 -3.820792149273985906e-03 -2.656328729841640583e-03 1.256467995583088164e-15 1.265141568536629640e-16 -1.469073875526876598e-05 -1.317148390265622309e-03 -7.986680572343433406e-04 1.333249834295250896e-16 6.062409127242945504e-05 -1.392877538635830322e-05
-1.285564661743220387e-04 2.532159121261692567e-15 8.622400695465581508e-03 1.113267827440225614e-02 -1.870057203998169498e-15 -4.738182325980519125e-03 -3.551512414046495598e-03 1.578006759958715329e-15 -2.327063192611327412e-15 -1.983536477286136683e-05 -1.783024210936268476e-03 -1.222779517410180249e-03 1.983175295539425327e-16 6.268162058707859783e-05 -1.465543973031967301e-05
-8.615642347709024729e-05 -6.190324967862305147e-15 1.050406719284189237e-02 1.270290557936855358e-02 7.807812383365053156e-15 -5.164886051275479131e-03 -4.149770296737566484e-03 1.060027284452548366e-15 -2.242782404488325185e-15 -2.125229941011847956e-05 -2.097244693267426383e-03 -1.594030802123684500e-03 2.611382701037915684e-16 5.425845792014285260e-05 -1.291534779217540398e-05
-4.673364065360324847e-05 -3.702068191326958069e-15 1.146489503208789930e-02 1.309999949277575008e-02 -2.574500678396202097e-16 -5.117056741101788479e-03 -4.375854767479678102e-03 -2.222509149726811210e-15 4.872622475985386895e-15 -1.856106888283702995e-05 -2.216589750512277905e-03 -1.834235455474004465e-03 5.272511382143793513e-16 3.999498246910473877e-05 -9.687671058885265744e-06
-1.958097758417558931e-05 4.515963153047176748e-15 1.127811025213446353e-02 1.229108691491721458e-02 -3.390726495148197004e-15 -4.641744236331386483e-03 -4.188753131704792826e-03 2.585820303396090831e-14 -2.668160298643935618e-14 -1.304475571049588917e-05 -2.120460329310768551e-03 -1.879295716754005767e-03 2.860929843176482695e-16 2.462382989781078244e-05 -6.060551220715334274e-06
-5.658767231124292094e-06 -4.367641959808058557e-16 9.863611294288055290e-03 1.035563216110764982e-02 -5.072325497869635519e-15 -3.807276582577060441e-03 -3.589361935351408420e-03 -6.805082152394722310e-15 1.084066715706393309e-14 -6.968972805511918792e-06 -1.812989383903827441e-03 -1.694176832996523033e-03 3.361328554957794360e-16 1.191024914283910692e-05 -2.971487630829768371e-06
-8.615887524521564579e-07 1.842182052791822836e-15 7.314549654014093800e-03 7.475227064828617388e-03 1.749732823138803804e-15 -2.695306708283965944e-03 -2.624593708831484979e-03 -7.025231542032975498e-15 4.246096538388627693e-15 -2.432662111144925122e-06 -1.322239803850406388e-03 -1.283038639881721194e-03 -2.625497909382064098e-16 3.879315710349445018e-06 -9.779109039610715802e-07
-2.892917199916882815e-08 2.427255250984648973e-16 3.893914055684326563e-03 3.915179837655971030e-03 1.230646504082838193e-15 -1.395124890428241097e-03 -1.385799456008297154e-03 -2.312467659362087069e-14 2.206235805308022670e-14 -3.349325104264767957e-07 -6.967599906095878768e-04 -6.915392615167425270e-04 -3.958737836062700564e-17 5.127043274985788440e-07 -1.300831536676105241e-07
-6.087166654223010345e-15 -1.747601566536215206e-16 2.171792095308819645e-17 4.377100891746719292e-16 2.387909506354855859e-15 1.108889523735433334e-16 2.851361752568387467e-16 2.284588155092789407e-17 -2.204703665508730720e-15 -2.979894252485808357e-17 6.770195378816383127e-15 -3.727851938105669818e-16 9.820305335274500938e-17 1.698324395681839698e-16 4.648718295788727829e-16
-6.087166654223010345e-15 -1.747601566536215206e-16 2.171792095308819645e-17 4.377100891746719292e-16 2.387909506354855859e-15 1.108889523735433334e-16 2.851361752568387467e-16 2.284588155092789407e-17 -2.204703665508730720e-15 -2.979894252485808357e-17 6.770195378816383127e-15 -3.727851938105669818e-16 9.820305335274500938e-17 1.698324395681839698e-16 4.648718295788727829e-16
-1.604892021560184512e+00 -1.245303311771022159e-01 1.870543039637670990e-01 4.954610638550940860e-02 6.529110969288798305e-01 2.767015325179636442e-01 -1.040942825920766895e-01 1.313428614310555576e-01 -5.231206998388335805e-01 3.488798611883637268e-01 8.076112396089432099e-01 5.436309563367301978e-01 7.269647774203960577e-02 5.396641992877473371e-01 2.465384809427389190e-01
-3.061766563595563539e+00 -2.390135515313007164e-01 3.633587777387122242e-01 8.802054443941333128e-02 1.254806399967318242e+00 5.414082127249566501e-01 -2.034713512330612595e-01 2.591714617814621091e-01 -1.005177265777106310e+00 6.956419135532615483e-01 1.611588250419090373e+00 1.088090560717747790e+00 1.454019084727472821e-01 1.071027138035552939e+00 5.068345210381516308e-01
-4.283080222738111509e+00 -3.327607174527038580e-01 5.187095125466983925e-01 1.055337035768867948e-01 1.766505839244811416e+00 7.827325416779870038e-01 -2.937554128170206669e-01 3.801434616264286470e-01 -1.417345787629214593e+00 1.038281856427533123e+00 2.408140553035390319e+00 1.633993905427291615e+00 2.179193520213885127e-01 1.586324041296931719e+00 7.937746730546504370e-01
-5.252283211672616581e+00 -3.937818161336419376e-01 6.439270706854666182e-01 9.449190653467967604e-02 2.165021208426772148e+00 9.904500089971050025e-01 -3.712033618196524110e-01 4.912517129138878058e-01 -1.747848565909364327e+00 1.375018104089550164e+00 3.193193828275274981e+00 2.181533393381531738e+00 2.896648104148183966e-01 2.078802874699478664e+00 1.118596982806229212e+00
-5.995813399671534150e+00 -4.081352274511115263e-01 7.312160256437676420e-01 5.055966284237763814e-02 2.440042966960833226e+00 1.155967294501566212e+00 -4.329173143957113501e-01 5.899702865168241495e-01 -1.998935080323636315e+00 1.704392169492201292e+00 3.962313751303689457e+00 2.730279546427561765e+00 3.595331598808721441e-01 2.543091972759683905e+00 1.490283501614517725e+00
-6.552611218450982378e+00 -3.594353875921904584e-01 7.743723482732769448e-01 -2.663625950747386395e-02 2.587336631293540634e+00 1.272694491772319969e+00 -4.769779663157566740e-01 6.743749092263363609e-01 -2.180687059561737584e+00 2.025355290765981309e+00 4.710694045993517598e+00 3.278999016785081100e+00 4.258290692852128578e-01 2.975430017120400006e+00 1.915170569467559369e+00
-6.957108282924266085e+00 -2.289430982133593695e-01 7.688134266738564371e-01 -1.331851664895778720e-01 2.603486024868162385e+00 1.336342938252968793e+00 -5.025154875445020375e-01 7.432300840653153218e-01 -2.305672948093516084e+00 2.337335924749284644e+00 5.433210368496069087e+00 3.825498731466487445e+00 4.862746420200480535e-01 3.373749971737158848e+00 2.396792127958548679e+00
-7.233545706280183119e+00 2.856252653024401577e-03 7.114020639483166208e-01 -2.610736196828837841e-01 2.484202197978055526e+00 1.345193914471441543e+00 -5.097335140879404314e-01 7.960363884512084987e-01 -2.385769514205995812e+00 2.640282584075707817e+00 6.124531882813341710e+00 4.366506026153801123e+00 5.380982667196722025e-01 3.737625250240978581e+00 2.935942452738133923e+00
-7.395778767247342067e+00 3.517995559581789111e-01 6.000353880000585116e-01 -3.989509524215969494e-01 2.227231380285444651e+00 1.300391806857630117e+00 -4.998878549330451060e-01 8.330334227357925059e-01 -2.430792670634095654e+00 2.934676913468222015e+00 6.779275652022348275e+00 4.897594493577423158e+00 5.782014433089606165e-01 4.068096860239281298e+00 3.530923857570297031e+00
-7.448826242443753465e+00 8.218411487032878382e-01 4.329957309455779724e-01 -5.334800615769378362e-01 1.840010279877272170e+00 1.206300338886803436e+00 -4.752066195053934461e-01 8.551566472152607457e-01 -2.448196775716734663e+00 3.221512737012236727e+00 7.392185429692269771e+00 5.413164314126198029e+00 6.033927889070270778e-01 4.367405299578438260e+00 4.177933091613118322e+00
-7.390618717523142145e+00 1.395484758279915249e+00 2.081390025427525825e-01 -6.511562620188998673e-01 1.349134850105366823e+00 1.070914893430719994e+00 8.639497562087605775e-01 -4.387325330511276378e-01 -2.443277891794251477e+00 3.502237206248395296e+00 7.958315276834449392e+00 5.906484857345691175e+00 6.106715982366518469e-01 4.638652945633598534e+00 4.871535899742587716e+00
-7.213637385092948051e+00 2.030620305870900033e+00 -7.784790757246710935e-02 -7.403361512432971026e-01 8.035812750559987450e-01 9.062436625516048228e-01 8.614379738959112576e-01 -3.940749490238182329e-01 -2.419563421444897333e+00 3.778648614412176698e+00 8.473198482732994918e+00 6.369807571810623514e+00 5.975377414728587633e-01 4.885423899638511536e+00 5.605180182860686422e+00
-6.906781343930263439e+00 2.671300667545634333e+00 -4.296385185464037804e-01 -7.930828601301187497e-01 2.640227635656298144e-01 7.284644276179113032e-01 8.499712643674747214e-01 -3.450759224121179858e-01 -2.379238998085688284e+00 4.052740137240395946e+00 8.932982620957117703e+00 6.794559958990406656e+00 5.623007573613710841e-01 5.111389877282307204e+00 6.371702207022629239e+00
-6.458210735881444897e+00 3.267911516900232627e+00 -8.521142469929295915e-01 -8.063524007739653054e-01 -2.172419967112121375e-01 5.575720410754217982e-01 8.320494212381459587e-01 -2.954151242402481281e-01 -2.323552485267923906e+00 4.326468437604971129e+00 9.334511891952129048e+00 7.171637670832446965e+00 5.043590848383553427e-01 5.319932490909951461e+00 7.163785877664652801e+00
-5.860074415046227614e+00 3.791616506062505110e+00 -1.346924813081533445e+00 -7.820905508386498672e-01 -6.106231304650703295e-01 4.162330531189140093e-01 8.101428840180922020e-01 -2.481946386749845634e-01 -2.253174651851347132e+00 4.601411076235766728e+00 9.675338484627447500e+00 7.491821066026379761e+00 4.244207198601789299e-01 5.513812833670621139e+00 7.974341434711338827e+00
-5.115429681681484375e+00 4.235000072187342646e+00 -1.906427388810903123e+00 -7.260450770009816424e-01 -9.097391435632504741e-01 3.277396414896362464e-01 7.865236105802446698e-01 -2.055505160254320896e-01 -2.168510867615572657e+00 4.878260689905635772e+00 9.953646369461520038e+00 7.746351747452042247e+00 3.246393203131491823e-01 5.694917057526419413e+00 8.796776755983831464e+00
-4.245532452383008248e+00 4.604176180663635876e+00 -2.506818075104193078e+00 -6.455030561881155426e-01 -1.123331136395948393e+00 3.132938304834218535e-01 7.631193213933071817e-01 -1.683307174433607278e-01 -2.069962011592553441e+00 5.156096495877656949e+00 1.016807505850484183e+01 7.927706050706324170e+00 2.086449133990413707e-01 5.864100527277429364e+00 9.625141768058641745e+00
-3.292557009724181416e+00 4.910559707398923557e+00 -3.105298743663631011e+00 -5.466635680391045415e-01 -1.266775650778326101e+00 3.891759517752179653e-01 7.414020549107623870e-01 -1.358612310612776208e-01 -1.958132671498397315e+00 5.431393298314173279e+00 1.031743933500007415e+01 8.030583121128429980e+00 8.145573619796350751e-02 6.021143041934003293e+00 1.045413432396774844e+01
-2.312511788929942913e+00 5.165839361730214740e+00 -3.635010489654900923e+00 -4.438838648881498483e-01 -1.356730487797569440e+00 5.643897045004110380e-01 7.223185647089657158e-01 -1.058012660909544433e-01 -1.833983857556315877e+00 5.696803579198761014e+00 1.040035612950179278e+01 8.053069212070463223e+00 -5.073297115822271441e-02 6.164814625249856128e+00 1.127896433859793746e+01
-1.359505218247693215e+00 5.379896622016540064e+00 -2.915052583700736832e-01 -4.086322976135247309e+00 -1.408661868248976878e+00 8.389920253490431579e-01 7.062661058916415158e-01 -7.407529509470460460e-02 -1.698927312623624841e+00 5.939913701218485720e+00 1.041481363933475635e+01 7.997838270714473730e+00 -1.808767523890680573e-01 6.293037519859004725e+00 1.209508187928987510e+01
5.560408849558807987e+00 -4.707033494876494140e-01 -1.192323053958860846e-01 -4.384079238412097013e+00 -1.436003127845221439e+00 1.202634122539988359e+00 6.931131012011412240e-01 -3.487425723223056689e-02 -1.554859703226803003e+00 6.142451277780703656e+00 1.035775036416107042e+01 7.873118118338865656e+00 -3.015086413135806831e-01 6.403117727938253623e+00 1.289778405514416448e+01
5.713165715066959471e+00 3.392175549140881152e-01 1.113223108815594165e-01 -4.533838932463706506e+00 -1.449993718849529101e+00 1.632161206698935274e+00 6.822605028700996499e-01 1.925465039265765801e-02 -1.404137666272181395e+00 6.280769243323849338e+00 1.022474889379016005e+01 7.693050259813149161e+00 -4.052364681902006494e-01 6.492011020616438088e+00 1.368172459774191196e+01
5.842582001262662139e+00 1.073984216420135862e+00 4.389297547388678611e-01 -4.546415207837883443e+00 -1.459708282598374041e+00 2.086874776786550978e+00 6.727367161748164515e-01 9.716214353979114871e-02 6.328671922848415399e+00 -1.249498595526928657e+00 1.000998376836712112e+01 7.477091712834560866e+00 -4.852735968574079517e-01 6.556585421320216156e+00 1.444035864672081360e+01
5.952183946424976391e+00 1.747807925754589098e+00 9.206704214113460294e-01 -4.443731320234016735e+00 -1.472085990707365566e+00 2.501198579210163864e+00 6.633169060690758956e-01 2.085649964287472347e-01 6.263346509971557730e+00 -1.093936542528914035e+00 9.706588967415903824e+00 7.248317580747590583e+00 -5.359601636275236336e-01 6.593845412086560387e+00 1.516536327478755553e+01
6.044991305083440736e+00 2.378535918752589851e+00 1.632798446877133935e+00 -1.491920358139562586e+00 -4.252075996195153529e+00 2.779085562734464165e+00 6.526563814213036663e-01 3.630334240261564038e-01 6.073692505419490573e+00 -9.405467981186919069e-01 9.307628149030147569e+00 7.030844527729638749e+00 -5.532302344921036230e-01 6.601092092248096677e+00 1.584608186055863044e+01
6.123778333899875470e+00 2.983431463054296628e+00 2.656500668558223754e+00 -1.521833241901675571e+00 -3.997683726015062167e+00 2.804414610410508768e+00 6.394274211353035975e-01 5.682672745738289732e-01 5.767640241602840945e+00 -7.923557125962098491e-01 8.807852408089244634e+00 6.846935695773234798e+00 -5.349832172245270190e-01 6.576006797733128018e+00 1.646904811224124643e+01
6.191219794094101836e+00 3.577097745513533766e+00 4.032030272484428579e+00 -1.562277934581205230e+00 -3.704374580796951921e+00 2.488707646591348688e+00 6.224491917761028059e-01 8.274988160821745709e-01 5.373144211720115138e+00 -6.521534285299624978e-01 8.206364757749330607e+00 6.714460530596752186e+00 -4.813251167098172023e-01 6.516661014457279855e+00 1.701765425660363817e+01
6.249936550523936596e+00 4.170610266770633956e+00 5.691187259052203018e+00 -1.611617191534463700e+00 -3.392490521143902704e+00 1.848524288694272322e+00 6.008011528594329187e-01 1.136166967727764154e+00 4.930088824787707935e+00 -5.223461622524731007e-01 7.510042084479963798e+00 6.645190196198713650e+00 -3.946558848321026769e-01 6.421470034059237442e+00 1.747203844456318222e+01
6.302459881944208142e+00 4.771167966233295310e+00 7.445155877797492217e+00 -1.666312091677069507e+00 1.026928693841203000e+00 -3.074202181705164350e+00 5.739114886744277610e-01 1.478690674137637329e+00 4.477179098927619449e+00 -4.048416397918554455e-01 6.736920886154820209e+00 6.644026804969342948e+00 -2.795918259483001767e-01 6.289118856296852300e+00 1.780927858189535584e+01
6.351137699347312093e+00 5.381921762184679991e+00 9.082479459279038991e+00 -1.721240757681217204e+00 2.211547825778500120e-01 -2.769757134134749332e+00 5.416136769859676292e-01 1.827105817657264319e+00 4.041908366404109110e+00 -3.009767879123081413e-01 5.917802899169608999e+00 6.708904822051986905e+00 -1.427253077203645137e-01 6.118493904977309050e+00 1.800399073937020233e+01
6.398009505976023803e+00 6.001906224471637685e+00 1.047707447011334025e+01 -1.770144616772272084e+00 -4.532419171867753116e-01 -2.478822081930652566e+00 5.041663841059166318e-01 2.143723269291617939e+00 3.638040461270962922e+00 -2.114915180393908689e-01 5.093847725259198711e+00 6.830921628036350945e+00 7.763364370369028010e-03 5.908651717561259176e+00 1.802943230049459800e+01
6.444678617986451918e+00 6.626165330423206434e+00 1.160170188388944901e+01 -1.806176958093537399e+00 -9.558850820212850818e-01 -2.205814361286948966e+00 4.622345026841344073e-01 2.388514948188956044e+00 3.268762742686650125e+00 -1.365471737420623777e-01 4.309196992962009531e+00 6.994286492137756106e+00 1.626160030693473146e-01 5.658845858985880106e+00 1.785918822305522369e+01
6.492208314636489064e+00 7.246225162674609699e+00 1.248346279784887791e+01 -1.822507856156008410e+00 -1.294732526111924686e+00 -1.948918836608207750e+00 4.168322481339604146e-01 2.528476782777839826e+00 2.931339577128659890e+00 -7.578360610609589931e-02 3.600863670190165067e+00 7.175879778376841323e+00 3.120936467474269560e-01 5.368617585009405779e+00 1.746945133458314814e+01
6.541062588848920001e+00 7.851015783421622984e+00 1.316526398961801192e+01 -1.812925317238217149e+00 -1.491339221104086343e+00 -1.700256096953353779e+00 3.692325813043860205e-01 2.542987085482940834e+00 2.620601721400485751e+00 -2.840539672083869718e-02 2.990650923925756377e+00 7.344532398385555716e+00 4.466192325272829722e-01 5.037937576775695092e+00 1.684177219703837380e+01
6.591102851674070173e+00 8.428195701298950127e+00 1.368820940973191824e+01 -1.772368283260191690e+00 -1.566714150408026640e+00 -1.438340916757091970e+00 3.208504918137452533e-01 2.416936158236643539e+00 2.330675259430107005e+00 6.714233286583316980e-03 2.482788507452326598e+00 7.460524091662350976e+00 5.574203742077940005e-01 4.667369851346887977e+00 1.596594634919403788e+01
6.641641328982531789e+00 8.965653025843304036e+00 1.408665658409664445e+01 -1.697334508902110572e+00 -1.538397297025419608e+00 -1.089130840920605747e+00 2.096748714800348079e+00 2.731104825792870505e-01 2.055415572116514156e+00 3.092371672836567026e-02 2.067175431354757897e+00 7.476186103175885833e+00 6.371258009957939672e-01 4.258219327359277884e+00 1.484246886533606791e+01
6.691542399369061478e+00 9.452850134725858666e+00 1.438812070227140261e+01 -1.586124363464364251e+00 -1.421690242138210047e+00 -3.160799087885524661e-01 1.272979229224710185e+00 2.273106272492059765e-01 1.788264240293853780e+00 4.568851445343674600e-02 1.725329039135446552e+00 7.338722459568024270e+00 6.802714610042270849e-01 3.812624909424314978e+00 1.348382842487799138e+01
6.739356686604942581e+00 9.881713745873602406e+00 1.461437234473614133e+01 -1.438906943411737638e+00 -1.232211945913841866e+00 1.044550881009506771e+00 -1.910099885881552106e-01 1.844966652439345434e-01 1.522337070044310403e+00 5.250030725196621478e-02 1.436128011323184239e+00 6.996170311441374245e+00 6.836785012828034969e-01 3.333571245895095458e+00 1.191399027127205201e+01
6.783470196012771680e+00 1.024693161489235038e+01 1.478247954650876572e+01 -1.257622571787109900e+00 -9.893215052082845462e-01 1.351354140548353344e+00 -6.309527660267166826e-01 1.453597661005139319e-01 1.251820810066028189e+00 5.280592554187748394e-02 1.179921167216151812e+00 6.406511366593647061e+00 6.466752233649259995e-01 2.824812062140794389e+00 1.016583214746172636e+01
6.822251893138563617e+00 1.054570885136745240e+01 1.490553131240419305e+01 -1.045760269807842091e+00 -7.201375662011489931e-01 1.174615868134531116e+00 -6.003491835745757843e-01 1.101708615148743881e-01 9.755828792959827522e-01 4.795896452430867957e-02 9.408556251040189888e-01 5.548243464331860331e+00 5.711479147901101783e-01 2.290720621657780232e+00 8.276971443106846849e+00
6.854186782077454687e+00 1.077716746971941575e+01 1.499313089626903128e+01 -8.080646127072377283e-01 -4.610038322419497403e-01 9.009187575824526562e-01 -4.751720158495711388e-01 7.876231427699333099e-02 7.012879377737052389e-01 3.919437701870205626e-02 7.078155660048254250e-01 4.428783040236958790e+00 4.614196485230389055e-01 1.736101318751819056e+00 6.285063281854596617e+00
6.877986341413346416e+00 1.094160624554995920e+01 1.505183720432750860e+01 -5.502283180383372718e-01 -2.489775334639305338e-01 6.041674801932158667e-01 -3.240289193856084604e-01 5.056239321299851874e-02 4.434863577708770266e-01 2.762429796752742875e-02 4.744024343249432230e-01 3.086458860618411126e+00 3.239697003058181757e-01 1.166004492451272023e+00 4.223909388983910773e+00
6.892672795307448474e+00 1.103979833853867021e+01 1.508568230913043706e+01 -2.786115390232828393e-01 -1.013994272368711480e-01 3.023563988817727921e-01 -1.636598740217665438e-01 2.467716682517543531e-02 2.118337945025005886e-01 1.425199357475650554e-02 2.382671790541034673e-01 1.584429396345906627e+00 1.670172168519278022e-01 5.855814407508334041e-01 2.121443238296514266e+00
0.000000000000000000e+00 0.000000000000000000e+00 0.000000000000000000e+00 0.000000000000000000e+00 0.000000000000000000e+00 0.000000000000000000e+00 0.000000000000000000e+00 0.000000000000000000e+00 0.000000000000000000e+00 0.000000000000000000e+00 0.000000000000000000e+00 0.000000000000000000e+00 0.000000000000000000e+00 0.000000000000000000e+00 0.000000000000000000e+00
0.000000000000000000e+00 0.000000000000000000e+00 0.000000000000000000e+00 0.000000000000000000e+00 0.000000000000000000e+00 0.000000000000000000e+00 0.000000000000000000e+00 0.000000000000000000e+00 0.000000000000000000e+00 0.000000000000000000e+00 0.000000000000000000e+00 0.000000000000000000e+00 0.000000000000000000e+00 0.000000000000000000e+00 0.000000000000000000e+00
8.374676123536062278e+00 7.808653916266692363e+00 1.158052005298712039e+01 -2.395449118531066679e-01 8.307803284587664261e-02 9.035437988464649350e-02 -1.833002973366369137e-01 1.243130377038717121e-01 1.181037177107193969e-01 1.395766496320150762e-01 1.277240967823307094e-01 1.231190234717258303e+00 3.652962125075333577e-01 3.624718349114524063e-01 1.615392861270694702e+00
8.327020920441176699e+00 7.773694606748438041e+00 1.157410465038471159e+01 -5.087573607230335693e-01 1.599981417890718460e-01 1.770108964960964981e-01 -3.648364432029795879e-01 2.576716670061574010e-01 2.447650758115143821e-01 2.764689843005301295e-01 2.534201752103602545e-01 2.404017502470365830e+00 7.246243212684324586e-01 7.189883578539222331e-01 3.219040376411995918e+00
8.247441111240569001e+00 7.714758506829157980e+00 1.156318169787306793e+01 -8.232551600940141157e-01 2.270523789138436388e-01 2.566106843151308436e-01 -5.429534933529911456e-01 4.072830591251413446e-01 3.868767412122779970e-01 4.084802077530702569e-01 3.754858137721928113e-01 3.460549520960695791e+00 1.072268092505672454e+00 1.063849466575143898e+00 4.796594928015791126e+00
8.135730137226101277e+00 7.630872572226611972e+00 1.154701469637398858e+01 -1.179558516269755053e+00 2.857025321641099569e-01 3.253859826041506920e-01 -7.161962790724111239e-01 5.771635520428438637e-01 5.482688811938323248e-01 5.343513183073446138e-01 4.931399462090965691e-01 4.349054046877667723e+00 1.403014607033098660e+00 1.391863284303606063e+00 6.329246129050471126e+00
7.991661784374254118e+00 7.520762262660787734e+00 1.152393599061491614e+01 -1.559789738801608205e+00 3.431033814376892588e-01 3.786048932335133732e-01 -8.833346732813415203e-01 7.677415444228724573e-01 7.292034859528797597e-01 6.541421616371844161e-01 6.067629369753130275e-01 5.033625220163296277e+00 1.712399545011243918e+00 1.698590580178044096e+00 7.793203817515292897e+00
7.815078192891729003e+00 7.382982810665678741e+00 1.149092978815675714e+01 -1.939988918892890712e+00 4.098138467856851652e-01 4.098205707326820768e-01 -1.043078040169301168e+00 9.766196057941378683e-01 9.272780473218419361e-01 7.695190545778802793e-01 7.181608990056740360e-01 5.501383396303073603e+00 1.996932221729375012e+00 1.980567656371993612e+00 9.160819409552697579e+00
7.606027922339963609e+00 7.216130918998937993e+00 1.144319076489265186e+01 -2.296227638655234049e+00 5.083931158383229176e-01 3.946427633643114774e-01 -1.191049866536446400e+00 1.200141610061256081e+00 1.139299707777490012e+00 8.839304055623978806e-01 8.307378548937012219e-01 5.762991420171887924e+00 2.254278556106004583e+00 2.235488820941826660e+00 1.040318506743540539e+01
7.364955429439842938e+00 7.019138505583266685e+00 1.137347538406621794e+01 -2.606732633302474511e+00 8.538668806462302863e-01 -3.415591062286131574e-02 -1.179537170138312829e+00 1.434901080405928342e+00 1.362890792740864665e+00 1.002650143103418490e+00 9.495564724645996213e-01 5.847145759696857681e+00 2.483376718864962474e+00 2.462326958316587877e+00 1.149357688782001219e+01
7.092927348139205890e+00 6.791623532135363739e+00 1.127081347819596857e+01 -2.850789248612677795e+00 -1.442903540324593781e+00 1.823407501615426363e-01 8.083991128697369799e-01 1.678383196318801174e+00 1.596912561432155320e+00 1.132656325616814064e+00 1.081255270135269342e+00 5.792445293180808363e+00 2.684463403146421623e+00 2.661372893163623132e+00 1.241082855482604508e+01
6.791860027141820133e+00 6.534241341312823081e+00 1.111761167910362502e+01 -3.005036909856114935e+00 -1.621278555198895965e+00 3.620825013226477984e-01 6.732491345028454033e-01 1.928547362924155184e+00 1.840713192006490306e+00 1.282289830579949941e+00 1.233767475960184434e+00 5.639814813547173955e+00 2.858998667951461847e+00 2.834180951463134868e+00 1.314178704721433810e+01
6.464692154274618296e+00 6.248953320053945326e+00 1.088275222680246479e+01 -3.035679146202002077e+00 -1.763580113174168851e+00 3.819397109823758907e-01 5.953302688913705287e-01 2.182765047482262410e+00 2.092782351280615849e+00 1.460614785414525052e+00 1.415761553173119580e+00 5.427150236567872987e+00 3.009492067645104463e+00 2.983417757170672147e+00 1.368237571960336396e+01
6.115434879119997724e+00 5.939121183536287596e+00 1.050415412376816171e+01 -2.880382127459019337e+00 -1.902112512154924273e+00 3.340463646398907915e-01 4.900916717199435557e-01 2.436786790256577184e+00 2.349509873201077514e+00 1.676400686705677989e+00 1.635715295408077585e+00 5.186460421079278404e+00 3.139248550952515426e+00 3.112621917835591390e+00 1.403726734836747880e+01
5.749039420607706674e+00 5.609355455284187997e+00 9.842458056669956434e+00 -2.401529240541405041e+00 -2.041465196846415253e+00 2.235883636491514947e-01 3.373381581721458522e-01 2.684363873607159778e+00 2.604669105552845032e+00 1.936701303852682132e+00 1.900577982912186048e+00 4.942985918399031675e+00 3.252064944693464632e+00 3.225892514359816055e+00 1.421852743797142082e+01
5.371053579508392239e+00 5.265096558527238457e+00 8.566470161896301505e+00 -1.271384245185573469e+00 -2.184153995566199491e+00 4.990488621033831868e-02 1.295756796845118908e-01 2.917855377104175751e+00 2.850009262726808323e+00 2.245150894430553823e+00 2.214105543008979993e+00 4.715527915681837712e+00 3.351913000352115812e+00 3.327533665464140089e+00 1.424372171977497814e+01
4.987087907448988666e+00 4.911972499385475643e+00 6.061504404440770877e+00 1.119776933825507248e+00 -2.332080430153256945e+00 -1.846561461174399399e-01 -1.330823885097635884e-01 3.129668251601446904e+00 3.076864639381295063e+00 2.600325698539746266e+00 2.575177292289780429e+00 4.517307477466317778e+00 3.442641675133883084e+00 3.421690173532794699e+00 1.413392439489717667e+01
4.602162069329442495e+00 4.555034056238286944e+00 2.451341606090100544e+00 4.641846690299782807e+00 -2.486571495559168454e+00 -4.728118399290118234e-01 -4.440763837530448122e-01 3.313931958965266489e+00 3.278136939757674284e+00 2.994728871308973694e+00 2.976639534205202331e+00 4.356893103970141290e+00 3.527721817430521156e+00 3.512013339269091539e+00 1.391191428573308642e+01
4.220031095829464007e+00 4.197994409954299400e+00 -2.563375597933292283e-01 7.273757705827433639e+00 -2.642336641135736297e+00 -8.024021679114200500e-01 -7.912871686992815068e-01 3.467681723366363933e+00 3.449765977979245779e+00 3.414965016840489032e+00 3.405289524928718059e+00 4.238953810351665297e+00 3.610045633826619138e+00 3.601393518294345064e+00 1.360069327856109922e+01
3.346341336442965275e+00 4.338834319934171013e+00 -1.456938068482307003e+00 -2.820434397866391496e+00 8.423874961603898370e+00 -8.125056959046288441e-01 -1.503113810818195395e+00 3.396225166156236153e+00 3.785949241220861516e+00 2.233436083193743205e+00 5.453234729931694780e+00 4.164760706596937645e+00 1.216751550878486521e+00 6.166819550436679620e+00 1.322235077747309617e+01
3.488122105064811684e+00 3.469407607856403786e+00 -1.843071100686398456e+00 -2.998931111504575586e+00 8.749063707083308827e+00 -1.508279091497223279e+00 -1.530340755018156029e+00 3.704083257971165999e+00 3.686734430530347328e+00 4.271076820321770384e+00 4.260502477745910177e+00 4.132467024642809683e+00 3.784137250117668216e+00 3.774313252872828262e+00 1.279723716294294000e+01
3.131253794556625891e+00 3.097464860703925016e+00 -1.864418104732359582e+00 -3.184529918449916064e+00 -1.890188158149535003e+00 -1.848553296486062925e+00 8.715446836240625217e+00 3.792048070186114561e+00 3.758375915419561508e+00 4.669979503191023618e+00 4.648395126043133097e+00 4.137259273016627326e+00 3.878414925056562712e+00 3.858177650065838904e+00 1.234338716161898475e+01
2.765987395128215010e+00 2.721033294308079054e+00 -1.713427374176574425e+00 -3.375863045959906827e+00 -2.201349610805642953e+00 -2.163843333248912426e+00 8.498729651008259722e+00 3.858309068194297531e+00 3.809706580670838783e+00 5.025163504226286548e+00 4.992485059050743246e+00 4.171504982284242047e+00 3.973708068486052181e+00 3.943138018990304250e+00 1.187613518502564247e+01
2.383909995318912678e+00 2.331800848613059696e+00 -1.475737124049472548e+00 -3.570990665572754796e+00 -2.458175526142583944e+00 -2.421981000881856971e+00 8.181075348524318613e+00 3.905425721222724800e+00 3.843573727026507569e+00 5.326681804404506337e+00 5.282954285828148855e+00 4.225030307880009772e+00 4.068389619005310820e+00 4.028245231504963719e+00 1.140787676330385381e+01
1.974736392474464308e+00 1.919298581317181451e+00 -1.194535195551436058e+00 -3.767528829189970008e+00 -2.641209732998019533e+00 -2.608176161601092780e+00 7.805720534397773136e+00 3.934943146374023648e+00 3.861735717133532475e+00 5.569545538567428622e+00 5.514781921255161201e+00 4.285639684277865236e+00 4.160307665986382020e+00 4.111960865213807104e+00 1.094794549041770182e+01
1.527355971198914864e+00 1.471861068595839983e+00 -8.941806031280034039e-01 -3.962747390515049872e+00 -2.734398420751789516e+00 -2.706737901287261661e+00 7.398567440276352158e+00 3.947547764667182157e+00 3.865042820471309426e+00 5.752881600776073689e+00 5.687097976004580779e+00 4.339934623566279015e+00 4.246987240345505121e+00 4.192302160668492483e+00 1.050258935086038115e+01
1.031696374880775702e+00 9.784714310727212760e-01 -5.892777355364906544e-01 -4.153682556091836453e+00 -2.725101034856714843e+00 -2.704502208353761983e+00 6.977945174447691024e+00 3.943410176513582499e+00 3.853822500685114782e+00 5.878730985484723170e+00 5.802202958205334937e+00 4.374404157385538561e+00 4.325825157650276864e+00 4.267000453931235171e+00 1.007504197970846960e+01
4.817043408983746056e-01 4.318582265887241367e-01 -2.885536616836011925e-01 -4.337257035652975823e+00 -2.606394332170018924e+00 -2.593506400433665871e+00 6.557919606752558472e+00 3.922548773493153451e+00 3.828282843537541336e+00 5.950888656897393325e+00 5.864540348022858396e+00 4.376666687487937857e+00 4.394265529239804735e+00 4.333661449020798528e+00 9.665692329799805194e+00
-1.206876345584123739e-01 -1.672100514736164223e-01 3.151183441089460205e-03 -4.510393257945667145e+00 -2.380599499742524827e+00 -2.374814346488681949e+00 6.149403729382576955e+00 3.885124549776521441e+00 3.788825080086287489e+00 5.974000089153691739e+00 5.879770044232099480e+00 4.336675840990664277e+00 4.449947751193744416e+00 4.389916956449613217e+00 9.272359716673452823e+00
-7.618137425011582975e-01 -8.056671105767611030e-01 2.834651999410580658e-01 -4.670010599296981368e+00 -2.062725166596904192e+00 -2.062458467328217804e+00 5.760497451131850966e+00 3.831636925469263488e+00 3.736224131633972156e+00 5.952970073623915503e+00 5.853997484423445030e+00 4.247690536632900304e+00 4.490822139866445184e+00 4.433559189769722408e+00 8.890679816379075007e+00
-1.415219765175995903e+00 -1.456692059169867104e+00 5.422313468308206375e-01 -4.803917235051770263e+00 -1.681290789168694566e+00 -1.684769921261872527e+00 5.396654645685685203e+00 3.763022513608763386e+00 3.671677753333827621e+00 5.892641195303323975e+00 5.793172374547809866e+00 4.106858198255989301e+00 4.515230866143110866e+00 4.462650350282151734e+00 8.514600852338677583e+00
-2.045642648255869833e+00 -2.083843639574579409e+00 -4.939576957901444132e+00 8.093004116801302272e-01 -1.274220319689115533e+00 -1.280216330924808243e+00 5.060907392055315590e+00 3.680671247460583384e+00 3.596745038513833315e+00 5.797657798050351197e+00 5.702659820565521898e+00 3.915348454468551065e+00 4.521953675999882627e+00 4.475602151980230481e+00 8.136978638666167996e+00
-2.617527544809599149e+00 -2.650388210057443406e+00 -5.046251893314942727e+00 1.055895249874686304e+00 -8.804440193967437711e-01 -8.879330220969063880e-01 4.754190917718911891e+00 3.586377460878152679e+00 3.513202859664629862e+00 5.672428841861171911e+00 5.586982351786729417e+00 3.678066683867992737e+00 4.510219409667015178e+00 4.471222233107914334e+00 7.750246057257969667e+00
-3.103936821344227770e+00 -3.129128474849911079e+00 -5.131084113485492537e+00 1.290143528423342678e+00 -5.307482869710064000e-01 -5.381618517903959953e-01 4.475728026183205976e+00 3.482245424860346716e+00 3.422849389344155391e+00 5.521122253806218794e+00 5.449723173594618331e+00 3.403042174681456089e+00 4.479685842303599230e+00 4.448727006808761431e+00 7.347119534646760819e+00
-3.491319092885063480e+00 -3.507514076390622737e+00 -5.193865974688922194e+00 1.511541879872102978e+00 -2.420690392620310494e-01 -2.480707238497077693e-01 4.223413214098266089e+00 3.370575958552989970e+00 3.327276529438807806e+00 5.347650464970171491e+00 5.293568691653118385e+00 3.100612594142680756e+00 4.430391991387836903e+00 4.407723208456791220e+00 6.921295122915039677e+00
-3.778992955003033227e+00 -3.786744974090712645e+00 -5.234335838338725289e+00 1.718181710412463037e+00 -1.828399175666620829e-02 -2.227446901462725587e-02 3.994155175511114209e+00 3.253782139084476999e+00 3.227609812869204564e+00 5.155632702066611728e+00 5.120455990966256365e+00 2.782520361858992874e+00 4.362688698157545453e+00 4.348162893888369851e+00 6.468082406159905595e+00
-3.975473941774167130e+00 -3.977353870735353514e+00 -5.252596040990552773e+00 1.907309452192474719e+00 1.454874749852778093e-01 1.435976305975151246e-01 3.784167274426615268e+00 3.134439691856139021e+00 3.124151688794887249e+00 4.948339228417496294e+00 4.931782588116818467e+00 2.461011186527207961e+00 4.277154762745323247e+00 4.270278632534784791e+00 5.984926944486629097e+00
-5.069637972416303207e+00 -3.118996720550462065e+00 -5.249030278435448338e+00 2.075556298665781174e+00 2.652743554152668382e-01 2.518252235705244479e-01 3.589223819088991796e+00 2.816683855794111846e+00 3.214746346858735837e+00 1.043014821508789680e+01 -9.728804144438591983e-01 2.147994051492979839e+00 3.843774594649016496e-01 7.964636358496314017e+00 5.471780967778614446e+00
-4.153300181952208625e+00 -4.150917412667815221e+00 -5.224155499918284207e+00 2.219217866170528186e+00 3.329547107852703358e-01 3.314359171610991028e-01 3.404925590418093950e+00 2.898333669946342450e+00 2.902489346065568743e+00 4.511989217468614477e+00 4.498933829923710270e+00 1.854294713410741702e+00 4.061408204690823531e+00 4.055512136628891540e+00 4.931295666839437430e+00
-4.168292808737827038e+00 -4.160473032362100199e+00 -5.178438943119368254e+00 2.334558966464164165e+00 3.766458673860404449e-01 3.740385272116273918e-01 3.227082710116414344e+00 2.764901190856919211e+00 2.801548044160544482e+00 4.282878442628343052e+00 4.261199980090894179e+00 1.589016301642272699e+00 3.931591900226806935e+00 3.920910474985198402e+00 4.368823964468457000e+00
-4.150365045828198873e+00 -4.136750439979585359e+00 -5.112093297977015283e+00 2.418111357945744722e+00 3.980161305300382035e-01 3.947427257821998214e-01 3.052808424849073443e+00 2.610121991935758334e+00 2.715868273271181188e+00 4.042476646587091160e+00 4.016963126554245811e+00 1.359012674545304389e+00 3.785653122833243511e+00 3.771354823899079278e+00 3.792237352563547326e+00
-4.107229864758129345e+00 -4.091200339074954506e+00 -5.024859803859754948e+00 2.466943693634535251e+00 4.037259488225801163e-01 4.001612333159575985e-01 2.892335420500399934e+00 2.399354814328114482e+00 2.664384161127320905e+00 3.792137762034534898e+00 3.767379687909882424e+00 1.168482350489988164e+00 3.624127114923362036e+00 3.607372632961193482e+00 3.211572261214554747e+00
-4.043355700531497732e+00 -4.032186308782062412e+00 -4.915788325017913962e+00 2.478892931482222117e+00 3.987392934838725478e-01 3.951880518094176287e-01 2.628600466588174367e+00 2.112217306875537659e+00 2.779269777570103628e+00 3.533379118203777924e+00 3.513304953157016186e+00 1.018700610879573309e+00 3.447464779744808805e+00 3.429351884961223007e+00 2.638529603676968982e+00
-3.960329405925905100e+00 -3.964363006527250377e+00 -4.783025778628871905e+00 2.452750800297938127e+00 3.865217574664726596e-01 3.832078840020229360e-01 2.316145319083119158e+00 2.254224166721896072e+00 2.495854181950794448e+00 3.267833134844193577e+00 3.255369227387969300e+00 9.079201272748224083e-01 3.256030933222760826e+00 3.237551489464635779e+00 2.085855833591859554e+00
-3.857191006993177851e+00 -3.888378386846845558e+00 -4.623631219091002720e+00 2.388397286619834414e+00 3.693109104804150333e-01 3.663755371542416484e-01 2.148027274274222798e+00 2.149279879050165043e+00 2.293587560042970708e+00 2.997181652553865927e+00 2.994045235262039029e+00 8.314795324745659633e-01 3.050124607314969705e+00 3.032133992914464837e+00 1.566636072759871601e+00
-3.730649702074437801e+00 -3.800962892924727665e+00 -4.433450020008834258e+00 2.286868235893482204e+00 3.484090285074130100e-01 3.459176884141105246e-01 1.990204541207852396e+00 2.014816173376869912e+00 2.086748811158523509e+00 2.723083829935700528e+00 2.729701149212290456e+00 7.821572017629004892e-01 2.830018655699221952e+00 2.813216640221620324e+00 1.093531024532812479e+00
-3.575306691750906207e+00 -3.695286540412336951e+00 -4.207105276205051148e+00 2.150340514399142311e+00 3.244672127835854236e-01 3.224254656051055434e-01 1.829526195432339186e+00 1.863856840206114196e+00 1.874454185742004952e+00 2.447102715112072335e+00 2.462640486887163860e+00 7.507882623157133839e-01 2.596014051383237486e+00 2.580935374932979975e+00 6.779908783630952396e-01
-3.384077504328019348e+00 -3.561417081405387375e+00 -3.938206489440427394e+00 1.982020236402480373e+00 2.977392540917027097e-01 2.961138773561568516e-01 1.661754955086544472e+00 1.699078111006197211e+00 1.658477937879098141e+00 2.170630756838503927e+00 2.193135584948800787e+00 7.271256777204894162e-01 2.348502783580720177e+00 2.335515381745620900e+00 3.294822857546800821e-01
-3.148943764664048572e+00 -3.386796645983116694e+00 -3.619931855213887051e+00 1.785929902279750348e+00 2.682900492780377899e-01 2.670308230230970525e-01 1.484897328453475440e+00 1.521364773087449773e+00 1.441152705846283189e+00 1.894812507032867854e+00 1.921463486299616275e+00 7.008778243817889164e-01 2.088032297203102239e+00 2.077341270328385114e+00 5.476914761399648279e-02
-2.862074418068578652e+00 -3.156782174424288989e+00 -3.246181528768777191e+00 1.566608184097543433e+00 2.361499857461422103e-01 2.352066531681044348e-01 1.298025913289989175e+00 1.331326351995516744e+00 1.224765896510623397e+00 1.620465009471655060e+00 1.647950362850356232e+00 6.628086620506611348e-01 1.815364089104845480e+00 1.807019981318961577e+00 -1.427061281539501181e-01
-2.517270307387594830e+00 -2.855470241532966469e+00 -2.813425596770397608e+00 1.328757237826768911e+00 2.014140906219994975e-01 2.007442993579976187e-01 1.100979323561350753e+00 1.129738474392445013e+00 1.011168818487873766e+00 1.348003761515166765e+00 1.373022114396472926e+00 6.057576265233912682e-01 1.531519450415598893e+00 1.525429977815181193e+00 -2.632887241430134639e-01
-2.111576633092441480e+00 -2.467345205236632033e+00 -2.322982293983470559e+00 1.076890171052690359e+00 1.642917283901136061e-01 1.638582057824375104e-01 8.942600637170201594e-01 9.177044760599352147e-01 8.015306173384493249e-01 1.077393935584902041e+00 1.097245390364724349e+00 5.254350334859873017e-01 1.237806428768816192e+00 1.233751283300564161e+00 -3.113703771269590304e-01
-1.646769715679448298e+00 -1.980718513397728531e+00 -1.782628016172042029e+00 8.150390214423137714e-01 1.251169765536277456e-01 1.248767073762719615e-01 6.789709399627452679e-01 6.967079545567297361e-01 5.962403429411459177e-01 8.081582573706767025e-01 8.213297858794103012e-01 4.208759709181372211e-01 9.358238109624491541e-01 9.334724405330647734e-01 -2.953911185938363770e-01
-1.130316997879586616e+00 -1.393759364030028980e+00 -1.205750137392122001e+00 5.465772568063222980e-01 8.433032563927939096e-02 8.422620032618655106e-02 4.567416949034570628e-01 4.686039222889185063e-01 3.949412266821235029e-01 5.394743373084291971e-01 5.460590270584937400e-01 2.944836102352282325e-01 6.274401637694698719e-01 6.263724574346112295e-01 -2.275480319712982480e-01
-5.754276707406028590e-01 -7.216946044725426335e-01 -6.074076486055598467e-01 2.741905676384303048e-01 4.244297648369303733e-02 4.241224914784832295e-02 2.296306936706239421e-01 2.355659958036642743e-01 1.966613287570126434e-01 2.703727464289222282e-01 2.721394167925628160e-01 1.516501247294936572e-01 3.147485285802957278e-01 3.144781710376869377e-01 -1.232009343517630612e-01
-4.729237731773161235e-15 -2.164244545767690058e-15 5.713444090039665958e-16 2.306877067314917811e-16 4.460103701103877284e-16 1.833924219203895043e-15 2.093549762991520211e-15 7.976269069524982581e-16 3.407797090547707317e-16 3.963239658198934458e-15 1.528006143200924862e-15 1.215682955938702200e-15 3.559595397931401024e-17 -1.862195740584479809e-15 -1.521085723495040562e-15
-4.729237731773161235e-15 -2.164244545767690058e-15 5.713444090039665958e-16 2.306877067314917811e-16 4.460103701103877284e-16 1.833924219203895043e-15 2.093549762991520211e-15 7.976269069524982581e-16 3.407797090547707317e-16 3.963239658198934458e-15 1.528006143200924862e-15 1.215682955938702200e-15 3.559595397931401024e-17 -1.862195740584479809e-15 -1.521085723495040562e-15
-1.832787770402588730e-03 -1.284709504916611541e-03 2.543552764371768921e-09 1.109465049636602354e-03 1.191270528016357766e-03 1.108850240009245317e-03 -6.713459257732775406e-04 -3.774432012615751525e-04 -3.614551453389899761e-04 1.074256848179678180e-11 8.711044017565801930e-07 2.293591518253981863e-06 -7.539910829401279118e-06 -2.182139641751408294e-04 1.730851269727048795e-04
-3.461852552896747988e-03 -2.420712490914861056e-03 2.053739444622653907e-08 2.123584363925349466e-03 2.277281785487736410e-03 2.118492541029471689e-03 -1.289503166282824319e-03 -7.197676090962052851e-04 -7.099256870527594424e-04 3.153571450839761353e-10 6.791631367693944743e-06 1.752062395831259443e-05 -1.431661780271097516e-05 -4.268963678974943836e-04 3.377233773609697887e-04
-4.720459843128580607e-03 -3.287603244070067161e-03 6.954418646704419013e-08 2.959102746152264454e-03 3.164419387121270716e-03 2.941601562829568826e-03 -1.806856690105004305e-03 -9.959684391761698934e-04 -1.031568693867626401e-03 2.075543712308335836e-09 2.194855004574453790e-05 5.473014524019354903e-05 -1.967746933611390624e-05 -6.168798851878641706e-04 4.859993866625442476e-04
-5.505632316066331848e-03 -3.813181669285503877e-03 1.622887777061752492e-07 3.554951388454244670e-03 3.781049308379433836e-03 3.512989911991929674e-03 -2.186324035703908052e-03 -1.182791243216125068e-03 -1.311358510533821046e-03 7.166512727184707598e-09 4.891071544224389792e-05 1.163108137553375040e-04 -2.316979476292592297e-05 -7.797097779348783654e-04 6.109928488282305578e-04
-5.788698739320695050e-03 -3.980491187981325882e-03 3.024763345261181391e-07 3.878752061634206921e-03 4.085369871212826860e-03 3.796862181221038850e-03 -2.405139274155167033e-03 -1.267438199832133551e-03 -1.533650909989795006e-03 1.694459636498292433e-08 8.807306610543141315e-05 1.970766249271546427e-04 -2.459387987867569023e-05 -9.079663404825690735e-04 7.071235198750416015e-04
-5.609542162590175178e-03 -3.822656371779570468e-03 4.784345676834818700e-07 3.928839585448608805e-03 4.069865675992338262e-03 3.790150245301508215e-03 -2.457009907742887817e-03 -1.248978199882981675e-03 -1.683680334546349940e-03 3.086257376538786765e-08 1.373686796564102162e-04 2.853971342803237905e-04 -2.401340409562280009e-05 -9.955603693869636596e-04 7.703557305168863686e-04
-5.059102018910486241e-03 -3.409646252926654564e-03 6.608141527102141233e-07 3.731772475400361392e-03 3.761810971220227052e-03 3.521587478520962072e-03 -2.352353953013347227e-03 -1.138257529800891250e-03 -1.749697561466140869e-03 4.601349428938851705e-08 1.922844480399152312e-04 3.659763453144875152e-04 -2.172649375143011755e-05 -1.038008366380064077e-03 7.982708581547724074e-04
-4.256553850572668447e-03 -2.831889616564479788e-03 8.072526058772265009e-07 3.336126567022779880e-03 3.219703716678318662e-03 3.046775568311789820e-03 -2.116529856415590161e-03 -9.563162226832985823e-04 -1.725215386942672343e-03 5.802654332735537478e-08 2.461819836084452287e-04 4.234781784976380842e-04 -1.820690779500134225e-05 -1.032696643150599232e-03 7.900395408370105687e-04
-3.327010183375535713e-03 -2.184605531235098066e-03 8.740195328587493554e-07 2.803979272578000816e-03 2.525978131500343071e-03 2.440025816184188991e-03 -1.786212209564559195e-03 -7.315191151878999362e-04 -1.610767126721173630e-03 6.287804191112609614e-08 2.908946676496554340e-04 4.460535385297293483e-04 -1.402725158102343227e-05 -9.791381212550477262e-04 7.463364445020730662e-04
-2.383762768452908284e-03 -1.555015301023452562e-03 8.315383297828864209e-07 2.201768714581632796e-03 1.776797028816978633e-03 1.784151101600921566e-03 -1.404320612753136993e-03 -4.957780529847889694e-04 -1.414696766209678179e-03 5.867300137093491391e-08 3.175481818816006715e-04 4.279381943506817558e-04 -9.775347834362982323e-06 -8.792121931069507698e-04 6.692383333447964868e-04
-1.517271110711999188e-03 -1.012914050821058258e-03 6.785072525167825201e-07 1.592112065004334942e-03 1.070114667065472135e-03 1.159605875600932439e-03 -1.014144584249216741e-03 -2.803605099542272891e-04 -1.152731943673936240e-03 4.649837632062854415e-08 3.175356481665644491e-04 3.705893027174125506e-04 -5.972990254691725049e-06 -7.373586913224150280e-04 5.621337025796366467e-04
-7.926248961778538426e-04 -6.029338395595957223e-04 4.489587996319080216e-07 1.027744608620877360e-03 4.934730374683088611e-04 6.344054373145583672e-04 -6.534813472027552889e-04 -1.118427064502695032e-04 -8.463664940459738164e-04 2.996419201026814152e-08 2.835666058337988878e-04 2.822122082531057876e-04 -3.005202250097126250e-06 -5.606761008263746711e-04 4.296536613091487189e-04
-2.606197880987850906e-04 -3.318190296872917033e-04 2.082875825652795716e-07 5.481248078948124493e-04 1.131000807150991667e-04 2.561089142736405278e-04 -3.496709967741922702e-04 -8.760803903756850529e-06 -5.203324161104085858e-04 1.380383545114180741e-08 2.106979980280780738e-04 1.759018175192505193e-04 -1.068535413661164320e-06 -3.588576410408247756e-04 2.776136144483084905e-04
8.740116784677207369e-06 -1.396203712462658472e-04 3.764390272141656951e-08 1.786049018145340593e-04 -3.421909066172970935e-05 4.684697706706028722e-05 -1.163407643697901740e-04 2.056865689121949980e-05 -1.996222213384998498e-04 2.580228213098583812e-09 9.724470261237105439e-05 6.690693437834948634e-05 -1.478393681193222619e-07 -1.438936007551252789e-04 1.129374752435798745e-04
-5.906593442435000767e-05 7.697497735766794039e-05 1.011626322058838540e-08 -6.845844932157414318e-05 5.466074367539914321e-05 1.955355003556954113e-06 4.755418143497437726e-05 -2.125191008486287535e-05 9.340151532523282619e-05 7.639936757907247968e-10 -5.453921073460977619e-05 -3.032893621980155876e-05 -3.000262246256714691e-08 7.051951804680233512e-05 -5.647622720903690323e-05
-3.807286832681018650e-04 2.918549121544678176e-04 1.654697800289365328e-07 -1.915815909810266154e-04 3.496337366678565627e-04 9.229265731311693066e-05 1.561609034157980037e-04 -1.215729403683700265e-04 3.413149343470287889e-04 1.490223980413904672e-08 -2.381134875496351605e-04 -1.047087833589906722e-04 -3.581924721578843743e-07 2.698896061233367876e-04 -2.219913244152026512e-04
-8.155376334958203306e-04 4.393308129732013284e-04 4.916259047802272803e-07 -1.979844357793260161e-04 7.923368973509561670e-04 2.698396543278806315e-04 2.328290187882451462e-04 -2.599873671683893234e-04 5.330132988459922649e-04 5.725100966802876031e-08 -4.427258872728958216e-04 -1.501164369156841850e-04 -7.206888553878619509e-07 4.401338539149164740e-04 -3.746131669708379123e-04
-1.298099669151108046e-03 5.372414694938595220e-04 9.198324674297939415e-07 -1.021140433285135253e-04 1.305097397027132813e-03 4.757629515539017165e-04 3.045098474328279117e-04 -4.116627417821551536e-04 6.640304216504300900e-04 1.485426730068174113e-07 -6.539625026427280151e-04 -1.659015948010249578e-04 -7.568552924241149392e-07 5.689886115964205154e-04 -5.055312397037038620e-04
-1.783773932009739350e-03 6.242509276538525187e-04 1.336621537059856143e-06 7.485166258713936253e-05 1.802584563948470041e-03 6.498364881557150592e-04 3.954233752832279404e-04 -5.511847271298534259e-04 7.358886539769468951e-04 3.164089153422594852e-07 -8.547872663899360162e-04 -1.562473681462431014e-04 -2.536940397987975751e-07 6.474707514651288718e-04 -6.068160837145049856e-04
-2.225129168809461804e-03 7.295601681131711445e-04 1.610020207622611750e-06 3.048457214690964735e-04 2.204496393563332331e-03 7.399883919515506600e-04 5.211395688995547424e-04 -6.563206736112348842e-04 7.547486885386618140e-04 5.864492512792812118e-07 -1.027036706884458354e-03 -1.286876754682213914e-04 7.954107846019650193e-07 6.711861951634388434e-04 -6.722198602880580720e-04
-2.573490898260672333e-03 8.684686916478244695e-04 1.621417395685365641e-06 5.530621347179079427e-04 2.447435585405167893e-03 7.107912352060318482e-04 6.841933524537243414e-04 -7.111534036861677857e-04 7.297206824356815323e-04 9.656891635053058639e-07 -1.153285501896591765e-03 -9.218849723353634684e-05 2.190228310150428607e-06 6.412559133608668367e-04 -6.979824872770775063e-04
-2.783946949197937948e-03 1.041209279564525580e-03 1.289437191047339201e-06 2.494229923103046410e-03 7.797781680986436885e-04 5.499238887789705725e-04 8.721183181243417166e-04 -7.081614711961477585e-04 6.711941666241947593e-04 1.422901592316222407e-06 -1.218940870870913531e-03 -5.524303729995209402e-05 3.585622755111726700e-06 5.646395744146682008e-04 -6.835022912021242658e-04
-2.821581438951582636e-03 1.232118349132146299e-03 5.739118212470734989e-07 2.339304812954258114e-03 9.449964091988297989e-04 2.719539995060607789e-04 1.058377542092330545e-03 -6.490009169986944802e-04 5.894610095847471667e-04 1.875387147964319204e-06 -1.214352749283386127e-03 -2.436425431875645920e-05 4.600354045225870745e-06 4.536890564856725433e-04 -6.317070877936510533e-04
-2.669067312786002188e-03 1.409654250095498549e-03 -2.999212115815398407e-07 2.009024761881321799e-03 1.015906859162249605e-03 -8.086870682904051413e-05 1.206154643992544051e-03 -5.439388250928431107e-04 4.937788559184375266e-04 2.194659197214599647e-06 -1.136640645822421976e-03 -3.219781503983544161e-06 4.941045768199146556e-06 3.248619213292270138e-04 -5.489764000257939128e-04
-2.333754686115438286e-03 1.527618838457938397e-03 1.183299052962961560e-03 3.731502291872697925e-04 9.752843186414296298e-04 -4.409141333721637774e-04 1.274434385001382191e-03 -4.100704004549969172e-04 3.918921567765865262e-04 2.240985454235304249e-06 -9.908553482140453929e-04 7.514461956505127534e-06 4.502998711849533393e-06 1.966656621633188883e-04 -4.445310550998428909e-04
-1.850771296525468646e-03 1.528124774908002628e-03 1.051330646654379192e-03 5.097995354411101536e-06 8.273206680897977720e-04 -7.208626547030448813e-04 1.225365432155974162e-03 -2.685989956675727958e-04 2.899268668597306193e-04 1.926546376948302286e-06 -7.900646614602488144e-04 9.664150980684998296e-06 3.415200882711440712e-06 8.707069678956455572e-05 -3.293201047938212694e-04
-1.279175033826761287e-03 1.348202192672506589e-03 5.872704016990650498e-04 1.712704386655483599e-06 5.970422227159481081e-04 -8.236688844773646691e-04 1.031685137157035796e-03 -1.415629387886941054e-04 1.925212790871191329e-04 1.289312721037956572e-06 -5.540522432079497380e-04 6.629632031893630621e-06 2.013428464070539617e-06 1.078842548422568137e-05 -2.145707526509813890e-04
-6.909828967296526969e-04 9.343166691853783653e-04 2.272297408502291889e-04 5.402376391786223979e-07 2.125794015310392517e-04 -5.505421497816483491e-04 6.830811827044286138e-04 -4.845159126438660030e-05 5.404278035528805338e-07 1.030517099161338537e-04 -3.066020274008172410e-04 2.281663141497250820e-06 7.476005656563315084e-07 -2.309010790206188283e-05 -1.102779725683490994e-04
-1.562918621426063006e-04 2.699428485449341993e-04 2.649070230363711266e-05 3.750209862905925419e-08 -2.180863809841764565e-04 7.937519326119874300e-05 1.907207162377512000e-04 -3.166624728903769134e-06 4.071920650142429600e-08 2.384773134677924613e-05 -7.177177753145839501e-05 -6.135791501584067610e-08 5.043036844220029373e-08 -1.260670408854883451e-05 -2.394801904842275303e-05
2.705513796379648418e-04 -5.877086192543366566e-04 7.983642651489481621e-06 1.791640270608365739e-07 5.079847483644225762e-04 -1.375082410963835247e-04 -4.104460367588299956e-04 -1.175503956415618615e-05 1.842294952165344145e-07 -4.364985639007676137e-05 1.300236510294018545e-04 1.632167914491558723e-06 2.071583356223436197e-07 3.675592003675137004e-05 4.014959315202137386e-05
5.596051088401969662e-04 -1.491283226103478320e-03 1.568125182183652895e-04 1.375706240997911532e-06 1.355440605769818278e-03 -2.822569711581909640e-04 -1.061984878749368168e-03 -7.126988513631522034e-05 1.221125243658791765e-06 -9.877359992115140961e-05 2.851180960195287030e-04 7.781383399359600395e-06 1.266541953783978863e-06 1.130933060598407838e-04 8.110519706103857900e-05
7.071467498718034001e-04 4.204278643886584337e-04 -2.248077749936283880e-03 4.301913836388460378e-06 2.127813308567900498e-03 -3.489681003149197928e-04 -1.685894095524986640e-03 -1.700029803611031597e-04 3.107701355730885943e-06 -1.414970294066469078e-04 3.880794687916673731e-04 1.729633925522346051e-05 3.020982448153671923e-06 2.002770127885772518e-04 1.009140830882054813e-04
7.314646151030380862e-04 7.178571274015116714e-04 -2.710462098292753565e-03 9.642954623428002441e-06 2.662424243452988278e-03 -3.461662541124287638e-04 -2.194182793997650430e-03 -2.891762792452430694e-04 5.475397356855708535e-06 -1.722186898558664115e-04 4.412698194110405863e-04 2.803702034110254035e-05 5.062414791251716157e-06 2.809412305179824075e-04 1.036198443489557417e-04
6.649319640015656464e-04 9.595822487880430662e-04 -2.832813257334775014e-03 1.768670420811199598e-05 2.890664833306036841e-03 -2.926082139861482193e-04 -2.506106298777519351e-03 -4.059666539097767047e-04 7.746041255393210776e-06 -1.914458839241967166e-04 4.527700163899807525e-04 3.748473426582237466e-05 6.897052326859539034e-06 3.397074186824092907e-04 9.429149005749781895e-05
5.450131492758020137e-04 1.075219754423771155e-03 2.787269596351685171e-05 -2.658953428521876328e-03 2.829316893657932933e-03 -2.113787411902033912e-04 -2.571384004299084002e-03 -4.974790180866186812e-04 9.335554325257275503e-06 -1.994693182722823328e-04 4.334043999716142323e-04 4.344773397901212998e-05 8.083823246563211950e-06 3.660358709691318465e-04 7.805734780195355306e-05
1.038365567209105500e-03 4.063997821849637138e-04 3.849612664975808282e-05 -2.278211030090566795e-03 2.541333672332606475e-03 -1.245572954191712968e-04 -2.390177859360933382e-03 -5.450299822285899556e-04 -1.962340215255411070e-04 9.849398816707945087e-06 3.937689687542636182e-04 4.462783151261270280e-05 8.354339139251302384e-06 3.561357152366658916e-04 5.935740448193362501e-05
8.738590841909209955e-04 4.679981010590810668e-05 2.756519711694276130e-04 -1.789376169415939251e-03 2.104821206971255448e-03 -4.943968491085027624e-05 -2.016280109799979074e-03 -5.379708241307608416e-04 -1.816207759787542202e-04 9.195320744736413561e-06 3.420676014650152067e-04 4.091681878408855698e-05 7.678800907540544318e-06 3.135076707651822544e-04 4.149541009921261321e-05
6.415246783762446970e-04 4.967555081588161564e-05 1.688422798710952598e-04 -1.280861658596309542e-03 1.597680491225955939e-03 3.450379890491710813e-06 -1.538253066893811513e-03 -4.763477426399638048e-04 -1.561670426857622303e-04 7.587844723537172343e-06 2.832851567397227997e-04 3.336156435444983138e-05 6.260076449778880689e-06 2.479331348935434240e-04 2.649637113795456539e-05
4.070677125538169462e-04 4.504606766475541973e-05 9.195225715204876293e-05 -8.213899182674146409e-04 1.091214375403019941e-03 3.076850609516627768e-05 -1.049270903784248546e-03 -3.718758303122401596e-04 -1.219487217072556492e-04 5.459826009677852961e-06 2.198769622471604583e-04 2.382007225791997313e-05 4.461083293846278885e-06 1.730425375695063121e-04 1.521709783501534426e-05
2.177372093620967433e-04 3.350007921122065944e-05 4.324376272737304693e-05 -4.559107499632828993e-04 6.462887572374453448e-04 3.555493420920212893e-05 -6.226705548335448575e-04 -2.467097034653161760e-04 -8.314863934837079249e-05 3.318839490436512276e-06 1.538073624757037761e-04 1.440938399025990634e-05 2.690734742871113621e-06 1.029482571075419667e-04 7.622077678542189142e-06
9.270463686569964780e-05 1.894700919089945551e-05 1.655646544187787183e-05 -2.044401575556575271e-04 3.084990664709848598e-04 2.561197570875326993e-05 -3.018600001047026370e-04 -1.291448798104531518e-04 -4.591702535310300694e-05 1.594117094917224956e-06 8.942442776348036141e-05 6.901063859558250787e-06 1.284557918045204429e-06 4.872579435651659831e-05 3.124441985358394296e-06
2.719123364501902667e-05 6.924034349994376965e-06 4.473146147374973229e-06 -6.322014640801619815e-05 1.006626268182137543e-04 1.124263402164530464e-05 -1.019979350748878062e-04 -4.514948176588254238e-05 -1.729493944301072623e-05 5.172338418921777289e-07 3.595112851775572491e-05 2.235477566987900206e-06 4.149416179533885989e-07 1.566044967087485882e-05 9.002758395269635545e-07
3.351315246752884000e-06 9.811272305433088579e-07 5.226490800545143351e-07 -8.105273093058437486e-06 1.339276452551168654e-05 1.830231291597960337e-06 -1.419404585694873140e-05 -6.271059492357926474e-06 -2.588843063131169543e-06 6.822652416682004188e-08 5.705590591852963361e-06 2.946337915603219554e-07 5.458453882806882624e-08 2.054804900093455465e-06 1.102926368845588595e-07
2.636741330110215310e-14 -3.059275863930934755e-15 -1.928290638293278749e-14 3.645239290971918223e-16 -2.048033432635989014e-16 -1.597574335528178321e-14 1.689433846957746815e-14 7.476079837884583317e-15 7.072077699889023197e-16 -8.857165942295658061e-15 1.080790995156224066e-16 1.401853733164624394e-15 -4.549673284359221925e-16 -6.623035367190332140e-16 1.745245751701347837e-15
-4.729237731773161235e-15 -2.164244545767690058e-15 5.713444090039665958e-16 2.306877067314917811e-16 4.460103701103877284e-16 1.833924219203895043e-15 2.093549762991520211e-15 7.976269069524982581e-16 3.407797090547707317e-16 3.963239658198934458e-15 1.528006143200924862e-15 1.215682955938702200e-15 3.559595397931401024e-17 -1.862195740584479809e-15 -1.521085723495040562e-15
4.326236181559088684e-15 -2.707550713227499170e-03 -4.590811046429406524e-06 8.406464177480476490e-04 8.436043365768129383e-04 7.492513993420086118e-04 -4.594351668588136667e-04 8.949103532139889296e-06 -4.728992047163239031e-04 3.042254738946535710e-07 9.579206282205695425e-07 1.166299952552516560e-08 -3.156404821387585576e-04 8.437441563317062396e-17 2.418576777640492283e-04
-1.998661874903847398e-15 -4.953920757982409155e-03 -3.372571007493824018e-05 1.579482637087172188e-03 1.399268257603835785e-03 1.601835391869220254e-03 -7.425123461367290562e-04 -1.145912126545963258e-04 -8.878562978552139275e-04 2.326990196443190009e-06 7.159173285524484886e-06 8.001487981694075512e-08 -5.894441039636101306e-04 1.160100828872591603e-16 4.500756097639691650e-04
2.862254535339791864e-15 -6.400068374133608719e-03 -9.930489491006090142e-05 2.130169518775704152e-03 2.198321998052650116e-03 1.867473231059414360e-03 -1.221169610651976064e-03 4.140690029128201816e-05 -1.195858762099418025e-03 7.266583046182426050e-06 2.153147991617028497e-05 2.059821194177409590e-07 -7.872372649480179367e-04 6.854698798364432948e-16 5.975085829650856684e-04
-1.026036162643173821e-15 -6.905758070392808458e-03 -1.922011267599017814e-04 2.434672828257472728e-03 2.101404720120628785e-03 2.574064695952909924e-03 -1.416948172288190130e-03 3.084398760843224573e-05 -1.364225539993580609e-03 1.535151790894626503e-05 4.326078681099254842e-05 3.031722844733334536e-07 -8.883182669356016895e-04 9.701228763698659840e-16 6.683814607879616163e-04
-6.742763466299200371e-15 -6.531455980072032458e-03 -2.891834178514910781e-04 2.471282489120112894e-03 2.086607352461715501e-03 2.694335607800431905e-03 1.027110183714138801e-05 -1.465743630066435694e-03 -1.381209769954244672e-03 2.555290481710804389e-05 6.771977151903110954e-05 2.618933072678993191e-07 -8.881561337723788878e-04 1.054381352348635480e-15 6.604507696427162379e-04
-5.565571655794677896e-15 -5.491342156913272925e-03 -3.591331978382879394e-04 2.256488984247084079e-03 2.550447194215158669e-03 1.850542839412859910e-03 -1.369720803963501076e-03 -1.259079029339652498e-05 -1.257012596916113169e-03 3.556340807592926761e-05 8.783746651794933176e-05 -1.343697242316283654e-08 -7.976612702961648638e-04 1.607773370373632605e-15 5.841797993501667789e-04
-4.381903180800828603e-15 -3.757579965694946792e-04 -4.075742796033587391e-03 1.840490953289998337e-03 1.443340955408208698e-03 2.174929336838300233e-03 -1.147351980582122025e-03 -3.073165575807270154e-05 -1.021059717167593266e-03 4.212129208686972464e-05 9.621829779725010886e-05 -4.489769458926765582e-07 -6.396117811933603242e-04 2.993871006048320895e-15 4.594531246405578781e-04
-3.659119101304600367e-15 -2.517899162924375038e-03 -3.866067427812631507e-04 1.297273521992365827e-03 1.588185628069099537e-03 9.781472016413524442e-04 -3.559471586198902928e-05 -8.352643175419511255e-04 -7.160913875518241543e-04 4.168008854865303664e-05 8.759941064542545934e-05 -9.201566802681641486e-07 -4.433963921770440217e-04 7.325985519468779259e-16 3.108753717034488440e-04
1.265758062616017710e-16 -1.245113935273163552e-03 -2.131009686076177538e-04 7.112049610603156423e-04 9.316803073108799200e-04 4.780934846107571406e-04 -2.760362934194667949e-05 -4.745309823116145628e-04 -3.902398010804248836e-04 3.131436293745583767e-05 6.029417828601064521e-05 -1.040104085094966050e-06 -2.393873129251645169e-04 5.375625423683414205e-16 1.628441718688768657e-04
-4.589867372701712378e-15 -5.683312439557621301e-05 -2.432676421371218235e-04 1.627367681414852827e-04 2.266813491545276442e-04 9.378979130792552260e-05 -8.125109794046654670e-06 -1.129534313889560249e-04 -8.867139761481126646e-05 9.651662278937846759e-06 1.697978892519415265e-05 -4.317305839498155904e-07 -5.405951203278433487e-05 1.649551814303861038e-15 3.541529226426390272e-05
3.108819061179336866e-15 3.356444285155948753e-04 1.199537912046506872e-04 -2.840956404380342529e-04 -4.178230935829257519e-04 -1.290004259848549664e-04 2.061599037236879818e-04 1.678409721135826031e-05 1.535595163883353019e-04 -2.242751133097314875e-05 -3.596083266713984313e-05 1.238390433896211041e-06 9.341401257486913509e-05 8.643254443833555328e-16 -5.837807575671614252e-05
-1.911577551592067483e-15 5.045373606395760343e-04 2.631109880880483864e-04 -5.901327676420597751e-04 -1.376735089639541203e-04 -9.387011870325721657e-04 4.492404100375948627e-04 3.899446651447159091e-05 3.161072115182391633e-04 -6.155192895489096426e-05 -8.989190295267267164e-05 4.093240783878461541e-06 1.927867050784086835e-04 9.276416341582397823e-16 -1.134966950091034630e-04
-4.490534389434318119e-15 2.985230094205375121e-04 3.617545120337491604e-04 -7.442063519060839946e-04 -1.268503788314222095e-03 6.031395587467810614e-05 5.963396744005832134e-04 5.117502281673902800e-05 3.946638536357472251e-04 -1.022131998161651114e-04 -1.358255179012916305e-04 7.894864214309253841e-06 2.426449319473029421e-04 1.117538192187521686e-15 -1.322663252978160519e-04
4.986389048509169965e-15 -1.750606551906013929e-04 3.871219233334973701e-04 -7.607920341849058179e-04 4.136474276875750852e-04 -1.361415016565122038e-03 4.867048354168234818e-05 6.435500020206166415e-04 3.990779749302401772e-04 -1.376924685776661117e-04 -1.663678426058712810e-04 1.205659663821031805e-05 2.489248377231340027e-04 4.323404189816305297e-16 -1.225290321484887241e-04
-5.244907028388432118e-16 3.317327916143959971e-04 -7.879316616581752593e-04 -6.732305353357789920e-04 9.255834605931945571e-04 -1.293731362481610053e-03 3.129322511260413536e-05 6.021601090001483386e-04 -1.613887834217812443e-04 3.490320956429774127e-04 -1.772796980691692499e-04 1.584216737522365783e-05 2.225265086652630851e-04 7.172385406960425074e-16 -9.511421730575774999e-05
-1.431420508845038810e-15 2.036412916432378637e-04 -1.396319363870192473e-03 -5.243871108132599004e-04 -1.031608658014811523e-03 1.426676933366804187e-03 4.957968221415404554e-04 3.517014903934131985e-06 -1.682597164967306015e-04 2.685148295307631695e-04 -1.679270470749670595e-04 1.829160615598882447e-05 1.765703016247694844e-04 5.644794654542955799e-16 -6.121143868060099393e-05
-4.272960272789231382e-15 3.103598863163923097e-05 -1.853799850086145515e-03 -3.569697344588720878e-04 -6.658784375919519962e-04 1.819220770022412018e-03 3.552099066146885897e-04 -2.614693849434782095e-05 -1.560337499320851829e-04 1.804378389262124957e-04 -1.414402163803180968e-04 1.873117737300734493e-05 1.238088279451072941e-04 6.966321540362343815e-16 -3.016172471342731516e-05
-3.951169806869458256e-15 -2.015039492060770755e-03 -1.368200487598274825e-04 -2.055481992711528873e-04 -2.813652895978758454e-04 1.956862760238643924e-03 -1.258850576921072002e-04 2.124897987224501903e-04 -4.730590136023475048e-05 1.025228195569860020e-04 1.656079187879700917e-05 -1.034403268348234729e-04 7.460320040282255498e-05 6.546958620104834331e-16 -8.031761185351466191e-06
-7.036309280622370505e-15 -1.368594810422929606e-03 -5.952617293388273202e-04 -9.169927927106471968e-05 9.607586301499942028e-06 1.687922403662512174e-03 -8.237095268514614348e-05 -4.779860930649836172e-05 9.267271129587216060e-05 4.512146803171854193e-05 -6.136972958439585596e-05 1.205222317994766459e-05 3.571649298517215649e-05 8.874321904584433655e-16 2.869524158640840965e-06
1.681307768064775408e-15 -1.710700421317911659e-04 -8.755407265142064977e-04 -2.283042516205188965e-05 1.023286072379865245e-04 8.582915183942836212e-04 -3.259857230143170401e-05 2.134401729698913900e-05 -2.867725849943309152e-05 1.108188511953107913e-05 5.291412766297704765e-06 -2.191598408916417456e-05 9.999941018395113867e-06 5.919257008983421982e-16 3.586114156890248949e-06
2.488276294387763624e-15 5.669867708992965592e-06 1.222309684533555690e-04 4.941426799929474071e-04 -9.685824278006178783e-05 -4.892355486689471634e-04 1.522595114268343574e-05 -2.537550633054684898e-06 1.824688548010873574e-05 -2.715202649316675590e-06 9.178409963318452951e-06 -2.767614974376956643e-06 -3.121379995632093093e-06 4.759102983912662152e-16 -2.545546491713878736e-06
-3.664755125703974053e-15 6.030156227182810057e-06 1.870146293848719277e-03 5.500401163887519472e-04 -1.863211612113391692e-03 -4.891325916229055919e-04 5.354957113045782620e-05 1.777761466229614123e-05 8.494947963366939966e-05 -2.849801565332708904e-06 -1.106256210261900970e-05 2.861778779494149176e-05 -6.590997088522287824e-06 2.962841437383116430e-16 -1.127037638067613303e-05
2.827719227852038908e-16 -7.096305450240642279e-06 2.555954015344029905e-03 8.663140434135139676e-04 -2.575678096347138249e-03 -8.125343398829868368e-04 7.711249688488295987e-05 6.702545117424317793e-05 1.599360719123354155e-04 3.311214680836013100e-06 3.577200303679212010e-05 -1.849830888223820199e-05 -4.401161593808953959e-06 7.834622286306703002e-16 -1.873550481570641427e-05
-4.295413996677642273e-15 -2.117126003505394926e-05 2.487767424582416204e-03 9.385845234158433394e-04 -2.544047910972204590e-03 -9.272842948991526311e-04 8.406280887825274477e-05 1.245821791249154830e-04 2.279737857057592373e-04 9.760555177399856004e-06 3.245270802193588028e-05 -2.414142276680228378e-05 -3.394923959114286109e-07 4.343081080947150839e-16 -2.245032364109316993e-05
-1.521813439554406932e-15 -2.859993364040942145e-05 8.273614865543720779e-04 2.002262926177082823e-03 -8.611396478392663052e-04 -2.100959042132949806e-03 7.623707975716964113e-05 1.700269619583458128e-04 2.731178443706602180e-04 1.303968458697687765e-05 -2.731448478402074366e-05 2.217350547782012254e-05 2.916163313792126930e-06 1.038611865256101907e-15 -2.169996667152580892e-05
-1.351817829555346166e-16 -2.741088500923895196e-05 6.267521230867481022e-04 1.395525593358188212e-03 -6.882682324913524680e-04 -1.525983261691986510e-03 5.849386957284842390e-05 2.829748410773436952e-04 1.879664078025292627e-04 1.237379341942045865e-05 -2.788349506334121316e-05 9.397703660629225174e-06 4.182012654337734373e-06 6.785776585853578282e-16 -1.738167870489665446e-05
-4.843154142111819952e-15 -2.002107854082642391e-05 8.428015065819585748e-04 4.100497106549607176e-04 -4.784250101089080015e-04 -9.732705927775519086e-04 3.723453046696138243e-05 2.521648481037766401e-04 1.723315834832281920e-04 8.960891678136899719e-06 -1.955737599271110140e-06 -2.578261888048617674e-05 3.611954027469889506e-06 1.272819480021124647e-15 -1.138615948079453968e-05
-9.150387790532427840e-15 -1.085094610066767085e-05 4.247859580353612811e-04 2.304990978104393845e-04 1.849127722095112000e-05 -5.262019295549225225e-04 -2.785369570259440251e-04 1.860120049365599165e-04 1.275162729495009904e-04 4.823025106166245930e-06 -2.140553525969568296e-05 -8.920888238187470737e-06 2.141336473687053199e-06 7.851487125432033316e-16 -5.760255305741114555e-06
-4.309415448285110812e-15 -3.802489715519283795e-06 1.056565402336626070e-04 1.686912229957000049e-04 6.139123175343226340e-06 -1.262489881048516039e-04 -2.138355436139245474e-04 1.012382011050029257e-04 6.853387703054035734e-05 1.681508022647715082e-06 -1.525394146609335747e-05 -1.028026479130491697e-05 7.898926954634014781e-07 3.183762596752047562e-16 -1.934110650716220277e-06
-9.186567518335737934e-15 -5.236239178231183427e-07 3.645895349124189671e-05 4.625943220830583944e-05 8.208386723811217702e-07 -2.872007423034513671e-05 -4.826755875553194572e-05 1.832139775502786150e-05 2.569945108419255026e-05 2.308279818684197794e-07 -6.600308167650307661e-06 -7.930075600622757366e-06 1.117611602905554508e-07 -1.485963810810788719e-16 -2.601598217710571168e-07
-6.087166654223010345e-15 -1.747601566536215206e-16 2.171792095308819645e-17 4.377100891746719292e-16 2.387909506354855859e-15 1.108889523735433334e-16 2.851361752568387467e-16 2.284588155092789407e-17 -2.204703665508730720e-15 -2.979894252485808357e-17 6.770195378816383127e-15 -3.727851938105669818e-16 9.820305335274500938e-17 1.698324395681839698e-16 4.648718295788727829e-16
