# (1536,)
0.000000000000000000e+00
0.000000000000000000e+00
0.000000000000000000e+00
1.607877347851172090e-04
2.448847808409482241e-04
2.156242553610354662e-04
8.831541053950786591e-04
8.164063910953700542e-04
3.442435991019010544e-04
3.288146399427205324e-04
2.378593635512515903e-04
2.045464789262041450e-04
2.930970804300159216e-04
2.552209189161658287e-04
1.870141750259790570e-05
4.519555204751668498e-06
-2.523410103094647638e-06
2.309338560735341161e-05
1.107229491026373580e-05
-2.276786517541040666e-06
4.935413016937673092e-05
2.400612720521166921e-04
-4.732767411042004824e-04
-2.839607186615467072e-04
-2.057277743006125093e-04
-9.228963608620688319e-05
5.323199438862502575e-04
2.441988326609134674e-04
3.274971968494355679e-04
1.620454859221354127e-04
1.033556400216184556e-04
1.542813552077859640e-04
8.904989226721227169e-05
-1.897664878924842924e-05
7.528364221798256040e-05
6.719487282680347562e-05
-1.618257956579327583e-04
6.997679156484082341e-05
1.157581427833065391e-04
6.911174068591208197e-07
2.507608223822899163e-05
-8.137622353387996554e-05
-1.001851269393227994e-04
3.430625656619668007e-05
2.552794467192143202e-04
2.078969991998746991e-04
1.294153626076877117e-04
3.242050588596612215e-04
2.666526997927576303e-04
-2.692806992854457349e-05
1.979434091481380165e-05
-4.214890850562369451e-06
6.266119453357532620e-05
9.623362711863592267e-05
6.791213672840967774e-05
1.210481786984018981e-05
7.597406511195003986e-04
9.978419257095083594e-05
1.688753982307389379e-04
2.157467097276821733e-04
9.533318370813503861e-05
1.918994967127218843e-04
2.560587599873542786e-04
2.286046656081452966e-04
-1.018068505800329149e-04
-8.077410166151821613e-05
-2.440871685394085944e-05
7.794968405505642295e-05
7.818751328159123659e-05
8.993561095849145204e-06
2.750209823716431856e-04
5.114321247674524784e-04
9.686315752333030105e-05
1.264668651856482029e-03
1.421541906893253326e-03
3.209808492101728916e-04
1.906280958792194724e-04
1.761985040502622724e-04
4.932384472340345383e-04
3.942206676583737135e-04
1.614612410776317120e-04
1.345239870715886354e-04
2.438866358716040850e-04
2.998717245645821095e-04
-2.209422927990090102e-05
4.617703380063176155e-04
1.994594931602478027e-03
1.307926140725612640e-03
3.227452398277819157e-04
-1.157802325906231999e-04
2.038321457803249359e-03
1.428008894436061382e-03
2.037485101027414203e-04
4.153062036493793130e-05
6.884857430122792721e-05
1.973523649212438613e-05
4.362297186162322760e-04
5.914538633078336716e-04
-1.836432638810947537e-04
-3.512297189445234835e-05
2.562759909778833389e-04
-2.531660175009164959e-05
-2.843391266651451588e-04
1.037974725477397442e-03
1.357966451905667782e-03
4.948286368744447827e-05
-3.721661923918873072e-04
-4.801438481081277132e-04
2.083534491248428822e-04
3.596093447413295507e-04
3.637622867245227098e-04
6.739553646184504032e-04
4.951027221977710724e-04
5.530883208848536015e-05
2.878425875678658485e-04
4.289222124498337507e-04
2.114451199304312468e-04
2.269631368108093739e-04
7.509918941650539637e-05
7.723244198132306337e-05
1.560975069878622890e-04
3.620202187448740005e-04
8.316219318658113480e-04
7.775826379656791687e-04
-2.846557435987051576e-05
4.535435291472822428e-04
3.486841451376676559e-04
2.707379462663084269e-04
4.527891287580132484e-04
1.050006481818854809e-03
6.956146680749952793e-04
-9.091648098547011614e-05
-1.286568585783243179e-04
5.457596271298825741e-04
1.669672550633549690e-03
1.426287111826241016e-03
-2.278081774420570582e-05
-3.009364590980112553e-04
3.982946509495377541e-04
5.221079336479306221e-04
1.494295429438352585e-04
1.074316242011263967e-05
1.011152562568895519e-04
9.700375376269221306e-04
1.495137927122414112e-03
1.841717981733381748e-03
5.135633400641381741e-04
4.007566894870251417e-04
5.113740917295217514e-04
8.166852057911455631e-04
6.542351329699158669e-04
9.563284402247518301e-05
1.939365320140495896e-04
2.590061631053686142e-04
5.732298632210586220e-06
-1.832443012972362339e-05
-1.443585933884605765e-04
4.191157058812677860e-04
6.704894476570188999e-04
8.765336824581027031e-04
3.399323613848537207e-04
3.241028462070971727e-04
2.316185709787532687e-04
1.106589916162192822e-04
-1.100574154406785965e-04
-8.473591879010200500e-05
2.310040690645109862e-05
-1.428268005838617682e-04
9.014019742608070374e-04
9.319032542407512665e-04
5.631714593619108200e-04
4.686833999585360289e-04
1.738154242048040032e-04
3.212623705621808767e-04
3.684587718453258276e-04
-1.246738684130832553e-04
-2.705073566175997257e-04
3.232241142541170120e-04
4.128091386519372463e-04
1.702119625406339765e-04
6.313224439509212971e-04
-2.169913204852491617e-05
5.311985150910913944e-04
6.933143013156950474e-04
4.565503040794283152e-04
1.792857365217059851e-04
2.380298101343214512e-04
8.402717503486201167e-05
-1.933317835209891200e-04
1.374114362988620996e-04
2.272255078423768282e-04
3.097907174378633499e-04
-1.461764350096927956e-05
-2.438756782794371247e-04
-9.275813499698415399e-05
1.923974341480061412e-04
2.793331514112651348e-04
-1.400299079250544310e-04
4.336337442509829998e-04
2.648895897436887026e-04
6.608306284761056304e-05
3.103346971329301596e-04
4.444497753866016865e-04
6.278979126363992691e-04
4.173227061983197927e-04
1.213895957334898412e-04
-1.599011011421680450e-04
-7.433931459672749043e-04
-1.705033937469124794e-03
-1.309224637225270271e-03
-3.304964629933238029e-04
8.526568853994831443e-05
6.862863665446639061e-04
5.196448764763772488e-04
-5.534555020858533680e-05
-3.692306199809536338e-05
-1.860300544649362564e-04
1.392907142871990800e-04
-1.969702279893681407e-04
-3.643986419774591923e-04
7.075758185237646103e-04
1.668925251578912139e-04
-2.179458679165691137e-04
-3.716074861586093903e-04
-1.137628896685782820e-05
2.675091382116079330e-04
-6.256296765059232712e-04
-1.059824018739163876e-03
-2.420939126750454307e-04
1.575963869981933385e-05
-1.290556101594120264e-04
-2.537479449529200792e-04
-7.890902925282716751e-04
-4.274263337720185518e-04
-7.722011650912463665e-05
3.046565107069909573e-04
3.792445204453542829e-05
8.637374266982078552e-04
5.532024442800320685e-05
9.182911599054932594e-04
-6.947405199753120542e-05
-1.754517434164881706e-04
1.330525265075266361e-03
7.679294212721288204e-04
9.358785464428365231e-04
-4.753106622956693172e-04
-8.083836291916668415e-05
9.476452833041548729e-04
4.866095259785652161e-03
4.107631742954254150e-03
1.274660899071022868e-04
3.625830286182463169e-04
1.562502147862687707e-04
8.535644883522763848e-05
-2.178728609578683972e-04
-6.536791624967008829e-05
-2.062622224912047386e-03
-1.192602328956127167e-03
7.984965341165661812e-04
9.856763790594413877e-05
-5.006835563108325005e-04
-3.396031679585576057e-04
9.012956434162333608e-05
1.296191825531423092e-03
9.020526194944977760e-04
1.072565559297800064e-03
-2.524368755985051394e-04
-1.663932343944907188e-04
1.315378030994907022e-04
1.075058389687910676e-04
3.136130690108984709e-04
-5.981534923193976283e-05
1.350281672785058618e-04
-2.357637858949601650e-04
2.118758420692756772e-04
5.059213726781308651e-04
4.651667841244488955e-04
2.596251724753528833e-04
1.341134338872507215e-04
-1.721469161566346884e-04
-4.104596882825717330e-05
-1.279681455343961716e-04
9.610629058443009853e-05
1.581399992574006319e-04
-4.741209850180894136e-04
3.707483119796961546e-04
1.939952198881655931e-04
3.845392711809836328e-06
2.450673200655728579e-04
2.898448437917977571e-04
1.917293848237022758e-04
2.136847324436530471e-04
2.617744903545826674e-04
9.812528151087462902e-05
3.118364547844976187e-04
3.643477975856512785e-04
-1.336171699222177267e-04
7.083538221195340157e-04
7.501943618990480900e-04
6.452589877881109715e-05
1.106479103327728808e-04
7.344609184656292200e-05
-1.843672521317785140e-06
-3.367578610777854919e-04
-2.179471921408548951e-04
2.430215390631929040e-04
-1.122287285397760570e-04
1.516041462309658527e-03
1.225349027663469315e-03
6.381306448020040989e-04
4.929050337523221970e-04
-3.096619184361770749e-05
3.036907583009451628e-04
-5.271586633170954883e-05
1.261088298633694649e-03
1.564385951496660709e-03
-3.944309137295931578e-04
3.181564388796687126e-04
-3.438812564127147198e-05
-4.350305243860930204e-04
-1.014237757772207260e-03
-7.064330275170505047e-04
-1.022204924083780497e-05
2.386097912676632404e-04
-3.349603503011167049e-04
7.010469562374055386e-04
2.483049465809017420e-04
1.421732449671253562e-04
1.330859668087214231e-04
2.781754301395267248e-04
2.611623785924166441e-04
3.475310222711414099e-04
1.089842480723746121e-04
-8.278252789750695229e-05
1.007716418826021254e-04
6.025701441103592515e-05
9.800949192140251398e-05
-4.181519616395235062e-04
7.347092032432556152e-04
4.723662568721920252e-04
6.074467673897743225e-04
3.700126544572412968e-04
4.781651077792048454e-04
2.343619271414354444e-04
1.863950892584398389e-04
-5.139289351063780487e-05
-1.538174401503056288e-04
5.131588841322809458e-05
-2.710948319872841239e-05
3.005512407980859280e-04
9.671890438767150044e-05
7.339548028539866209e-05
1.738142454996705055e-04
1.414966827724128962e-04
1.182700507342815399e-03
9.350258624181151390e-04
2.859652449842542410e-04
9.006576874526217580e-05
2.389122237218543887e-04
1.917656481964513659e-05
3.897485439665615559e-04
4.343524415162391961e-05
-1.278351264772936702e-04
1.114844126277603209e-04
-8.806455298326909542e-05
-2.121512443409301341e-05
8.380443323403596878e-04
7.067409460432827473e-04
2.177122587454505265e-05
3.825274325208738446e-05
-1.596749061718583107e-04
-2.968087210319936275e-04
1.961507368832826614e-04
-2.163501085306052119e-05
2.617167192511260509e-04
5.716344458051025867e-04
1.555779163027182221e-04
2.060279657598584890e-04
4.857850435655564070e-04
2.991087385453283787e-04
3.170623094774782658e-04
6.093598785810172558e-04
9.050961234606802464e-04
2.479988324921578169e-04
-6.651075636909808964e-06
-4.067693080287426710e-04
1.782748149707913399e-04
7.456045132130384445e-04
3.794734075199812651e-04
5.002528778277337551e-04
5.355264293029904366e-04
3.175704041495919228e-04
2.300748164998367429e-04
3.251735470257699490e-04
4.651522904168814421e-04
3.132799174636602402e-04
-1.019885166897438467e-04
9.826516179600730538e-05
-3.469036164460703731e-05
4.405660547490697354e-06
8.955848752520978451e-04
9.390597697347402573e-04
3.100134199485182762e-05
1.703208690742030740e-04
1.799440360628068447e-04
1.748266076901927590e-04
2.939748810604214668e-04
-3.429445205256342888e-04
-5.600028089247643948e-04
3.583640500437468290e-04
-2.507618628442287445e-04
-8.768412953941151500e-05
2.148802304873242974e-04
2.218501904280856252e-04
4.783324584423098713e-06
4.914154123980551958e-05
3.299668314866721630e-04
-2.000262757064774632e-04
5.562441074289381504e-04
9.063512698048725724e-05
5.528155015781521797e-04
5.831744638271629810e-04
1.148789160652086139e-04
4.399273529998026788e-05
2.035304059972986579e-04
1.755087287165224552e-04
1.339963055215775967e-04
4.745665064547210932e-04
-7.201765401987358928e-05
4.460740310605615377e-04
2.009320014622062445e-04
2.116788964485749602e-04
2.127089683199301362e-04
-7.942753290990367532e-05
2.450404863338917494e-04
2.500899718143045902e-04
2.502171082596760243e-05
4.716321200248785317e-05
-6.120520265540108085e-05
-1.925803080666810274e-04
-2.276040177093818784e-04
-1.265820319531485438e-04
6.228096317499876022e-04
7.184232235886156559e-04
2.923662832472473383e-04
2.017096849158406258e-04
9.133278217632323503e-05
-1.695110113359987736e-04
1.122763496823608875e-04
4.648042959161102772e-04
8.599716238677501678e-05
2.679369354154914618e-04
-1.374376151943579316e-04
-1.998930201807525009e-05
3.475693229120224714e-04
1.340964372502639890e-04
-7.604512938996776938e-05
-2.221727481810376048e-04
2.490232327545527369e-05
2.010870084632188082e-04
9.455822146264836192e-05
1.123416150221601129e-04
1.271127985091879964e-05
1.138558145612478256e-04
-5.563347076531499624e-05
2.520109410397708416e-04
-8.337419421877712011e-05
4.513382009463384748e-06
2.527398464735597372e-04
3.795785596594214439e-04
2.745623642113059759e-04
1.142122491728514433e-04
-1.016134410747326910e-04
7.501458167098462582e-04
5.594376125372946262e-04
8.087845635600388050e-04
2.570793149061501026e-04
2.954960509669035673e-04
1.668821641942486167e-04
-7.132606697268784046e-05
-1.482037623645737767e-04
7.913277659099549055e-05
3.377526809344999492e-05
-1.404631329933181405e-04
6.475679401773959398e-05
1.193946227431297302e-04
-3.929462400265038013e-04
5.639419759972952306e-05
-3.475817211437970400e-04
7.124336552806198597e-04
7.255657110363245010e-04
2.200929739046841860e-04
2.559280255809426308e-04
2.149333158740773797e-04
-3.694666474984842353e-06
-9.546504588797688484e-05
8.167443593265488744e-05
3.527108856360428035e-05
-4.807253571925684810e-05
-2.065340959234163165e-05
-1.456095342291519046e-04
-2.492748608347028494e-04
1.968884462257847190e-04
1.269750646315515041e-04
1.605258294148370624e-04
6.033044701325707138e-05
3.241521335439756513e-05
5.289624095894396305e-04
7.950844592414796352e-04
3.504029591567814350e-04
5.068190148449502885e-05
-4.212886324239661917e-06
1.350181119050830603e-04
8.747537503950297832e-05
7.160404493333771825e-05
-5.261389305815100670e-04
-6.448007770814001560e-04
1.261352622350386810e-06
-1.055068059940822423e-04
-1.338876027148216963e-04
1.163865439593791962e-03
5.854196206200867891e-05
-7.966344128362834454e-05
1.367524237139150500e-04
-4.646929664886556566e-05
-4.401670594234019518e-04
2.289594121975824237e-04
5.989854689687490463e-04
1.673119986662641168e-04
2.711037523113191128e-04
-2.057457459159195423e-04
7.434998406097292900e-05
1.527665997855365276e-03
1.496660755947232246e-03
6.153587601147592068e-04
-2.287530078319832683e-04
2.726949751377105713e-04
8.508706378052011132e-05
3.017850976902991533e-04
2.661886101122945547e-04
1.790103124221786857e-04
3.329967148602008820e-04
8.490750769851729274e-05
1.022828160785138607e-03
3.137878666166216135e-04
1.240546553162857890e-04
6.313649937510490417e-04
9.451822261326014996e-04
3.381391288712620735e-04
1.749348302837461233e-04
5.653133939631516114e-06
3.889926665578968823e-05
3.868811472784727812e-04
9.828056208789348602e-04
8.621909073553979397e-04
3.949684469262138009e-05
-1.150166644947603345e-04
-3.670022415462881327e-04
1.310332008870318532e-04
2.221934846602380276e-04
1.070468642865307629e-04
8.469087333651259542e-05
3.396561660338193178e-04
-1.339996524620801210e-04
4.074109710927587003e-06
-2.465680881869047880e-04
1.267709649255266413e-05
3.442640299908816814e-04
-6.486126221716403961e-04
-6.233506719581782818e-04
-1.830158180382568389e-05
1.555734343128278852e-04
3.736799117177724838e-04
5.004035192541778088e-04
4.529297875706106424e-04
1.815360737964510918e-03
7.192710181698203087e-04
8.419949153903871775e-05
8.663755725137889385e-04
3.827033797279000282e-04
1.517829805379733443e-04
5.634555709548294544e-04
1.318615395575761795e-04
2.110220520989969373e-04
-5.133315062266774476e-05
-1.160098909167572856e-04
-1.618844521544815507e-06
3.000148280989378691e-04
2.502983552403748035e-04
1.634462096262723207e-04
3.117351734545081854e-04
2.627875655889511108e-04
-5.826762571814469993e-05
-1.525041534478077665e-05
-1.372668775729835033e-04
2.384366234764456749e-04
-8.130986680043861270e-05
2.769323764368891716e-04
-1.611418265383690596e-04
9.169308032141998410e-05
-3.322937482153065503e-05
4.912008880637586117e-04
2.711298293434083462e-06
1.491711009293794632e-04
3.538576129358261824e-04
8.763733785599470139e-05
9.744041017256677151e-05
-2.309547562617808580e-05
1.217271856148727238e-04
4.439402255229651928e-05
-1.480492937844246626e-05
1.732642995193600655e-04
1.040969218593090773e-04
1.444773661205545068e-04
-2.968350963783450425e-05
-1.439542247680947185e-04
3.790936316363513470e-04
1.587685401318594813e-04
5.002192337997257710e-04
-1.587330043548718095e-04
-2.541483263485133648e-04
7.049707346595823765e-04
5.750427371822297573e-04
4.396438307594507933e-04
4.935197648592293262e-04
4.475883615668863058e-04
8.978011319413781166e-04
3.896670823451131582e-04
8.617054554633796215e-04
-1.872385764727368951e-04
7.264509622473269701e-05
4.074380849488079548e-04
5.257524317130446434e-04
1.404190552420914173e-04
-4.613609053194522858e-04
-4.378859593998640776e-04
-2.911392366513609886e-04
9.755420614965260029e-05
6.971648545004427433e-04
9.065641788765788078e-04
2.757449983619153500e-04
1.291380147449672222e-03
8.459292002953588963e-04
-3.863458005071152002e-06
5.999145796522498131e-04
2.746902173385024071e-04
1.952054444700479507e-04
1.754691038513556123e-04
1.031240753945894539e-04
3.282624529674649239e-04
2.455530629958957434e-04
1.611271000001579523e-04
6.614544545300304890e-04
3.280079981777817011e-04
-1.107321222661994398e-04
2.768904669210314751e-04
5.511054769158363342e-04
1.548517175251618028e-04
2.451397594995796680e-04
-1.613319036550819874e-04
-1.450092095183208585e-04
5.314626614563167095e-04
-6.237698107725009322e-05
1.533779432065784931e-04
8.679302118252962828e-05
-5.326936297933571041e-05
-5.173705721972510219e-05
1.153418779722414911e-04
8.428046567132696509e-05
-1.700924185570329428e-04
-5.804231477668508887e-05
2.321314241271466017e-04
7.262941799126565456e-04
1.770412782207131386e-04
8.710677502676844597e-05
-2.164260076824575663e-04
3.388930927030742168e-04
5.238590529188513756e-04
2.956506796181201935e-04
3.264175902586430311e-04
5.065464065410196781e-04
7.667344470974057913e-05
8.325569797307252884e-04
9.072772081708535552e-05
4.339687293395400047e-04
3.541063924785703421e-04
3.967228112742304802e-04
3.619664348661899567e-04
1.442505454178899527e-04
5.540736601687967777e-04
1.728759816614910960e-04
4.113017930649220943e-04
5.635737325064837933e-04
1.808736415114253759e-04
2.867270086426287889e-04
3.746797574422089383e-06
4.332753887865692377e-04
4.329943621996790171e-04
3.332676424179226160e-04
9.973210981115698814e-04
4.614543577190488577e-04
-3.126154770143330097e-04
1.077593551599420607e-04
9.789215982891619205e-05
3.631802392192184925e-04
1.405990042258054018e-04
9.221090585924685001e-04
1.889916311483830214e-04
-9.767625306267291307e-05
5.185080226510763168e-04
3.117224550805985928e-04
9.526986832497641444e-05
2.471691987011581659e-04
1.485215616412460804e-04
1.059844871633686125e-04
-3.410210410947911441e-05
8.569542842451483011e-05
4.899637424387037754e-04
4.401666228659451008e-04
3.425788891036063433e-04
-5.379469803301617503e-05
5.485970177687704563e-04
1.620538678253069520e-04
1.617068046471104026e-04
2.799319336190819740e-04
4.198128008283674717e-04
5.234005511738359928e-04
1.077294582501053810e-03
8.525083540007472038e-04
4.778622824233025312e-04
2.913180505856871605e-04
3.911006206180900335e-04
9.724533447297289968e-05
5.321627832017838955e-04
5.556793184950947762e-04
9.844998567132279277e-05
7.075066678225994110e-04
7.975917542353272438e-04
5.003167898394167423e-04
5.878843949176371098e-04
3.666677512228488922e-04
5.286643863655626774e-04
-4.262187940184958279e-05
1.155756253865547478e-04
-7.584043778479099274e-04
-1.081285066902637482e-03
1.930189173435792327e-04
2.679124590940773487e-04
2.081943093799054623e-04
3.993146674474701285e-05
1.542679456179030240e-05
1.568832522025331855e-04
5.388665013015270233e-04
5.487105809152126312e-04
6.038483697921037674e-04
2.898853563237935305e-04
8.864373376127332449e-05
-8.404206710110884160e-06
5.399265792220830917e-04
3.041221934836357832e-04
-1.620287657715380192e-04
2.832627214957028627e-04
-1.941606933542061597e-05
-5.532339400815544650e-06
5.017231451347470284e-04
2.595009573269635439e-04
1.597352384123951197e-04
2.450578904245048761e-04
2.664550847839564085e-04
1.122029716498218477e-04
1.675490966590587050e-05
1.065574178937822580e-05
2.849276352208107710e-04
8.757004252402111888e-05
3.733891935553401709e-04
1.908675039885565639e-04
3.760013205464929342e-04
3.255076808272860944e-05
7.676957757212221622e-04
2.446517173666507006e-04
8.334780432051047683e-05
1.288244093302637339e-04
8.978424011729657650e-05
-1.097278436645865440e-04
3.204007807653397322e-04
1.547030260553583503e-04
4.978538072464289144e-06
3.502039471641182899e-04
2.367986016906797886e-04
4.819893365493044257e-05
1.052332081599161029e-04
-3.470121373538859189e-05
9.406935714650899172e-05
1.698149862932041287e-04
-5.042365228291600943e-05
2.491800405550748110e-04
7.973612810019403696e-05
1.841625780798494816e-04
2.910674375016242266e-04
-1.830031542340293527e-04
8.163930760929360986e-05
1.016513197100721300e-04
3.347019955981522799e-04
1.353611878585070372e-04
5.197897553443908691e-04
2.485486329533159733e-04
1.894311862997710705e-04
2.861612301785498857e-04
3.101024194620549679e-04
3.819738631136715412e-04
1.883073127828538418e-04
7.665508746867999434e-05
1.484029926359653473e-04
-3.283276600996032357e-05
9.007431071950122714e-05
1.648893521632999182e-04
-4.073748641530983150e-05
-9.827576832321938127e-07
2.887826994992792606e-04
9.755547216627746820e-05
1.662357390159741044e-04
1.798138255253434181e-04
4.825687938136979938e-05
1.713474011921789497e-05
2.235847059637308121e-04
5.456100097944727167e-06
6.875628605484962463e-05
-2.445959034957922995e-05
6.942976324353367090e-05
2.206993522122502327e-04
5.993607555865310133e-05
3.373625804670155048e-04
2.443010744173079729e-04
7.720182475168257952e-05
8.018613152671605349e-05
3.027041675522923470e-04
8.203990873880684376e-04
4.538507200777530670e-04
1.227335887961089611e-04
2.261202462250366807e-04
4.068453563377261162e-04
1.548925793031230569e-04
1.455238962080329657e-04
3.018767456524074078e-04
2.895554353017359972e-04
-1.918838279379997402e-05
-1.251459798368159682e-05
2.359927457291632891e-04
3.171839343849569559e-04
2.254300779895856977e-04
5.882465047761797905e-04
3.829378401860594749e-04
6.280272500589489937e-04
4.284040187485516071e-04
2.234605199191719294e-05
5.746937677031382918e-05
1.714209793135523796e-04
2.386187552474439144e-04
2.047189045697450638e-04
8.275095751741901040e-06
-3.251384987379424274e-05
-2.624056069180369377e-04
2.666161453817039728e-04
-1.595921785337850451e-04
1.759166916599497199e-04
-1.234561495948582888e-04
-6.129751909611513838e-06
-4.947495108353905380e-05
-2.540042332839220762e-04
4.891026765108108521e-05
-5.766497997683472931e-05
-4.244006777298636734e-05
2.073015202768146992e-04
2.936933597084134817e-04
3.864874888677150011e-04
6.005324394209310412e-05
2.948322799056768417e-04
1.174330755020491779e-04
1.250405912287533283e-04
5.477392187458463013e-05
1.229502522619441152e-04
1.588360464666038752e-04
1.437850005459040403e-04
7.184392597991973162e-05
1.829384127631783485e-04
-8.152426744345575571e-05
4.891678690910339355e-05
2.139034913852810860e-04
1.484606473241001368e-04
1.037371184793300927e-04
1.604223944013938308e-04
4.944712054566480219e-05
-3.030306652362924069e-05
-1.135074853664264083e-04
3.231970767956227064e-04
2.095874078804627061e-04
1.152628683485090733e-04
-7.154175546020269394e-05
5.334345041774213314e-05
1.409396645613014698e-04
2.350653230678290129e-04
3.943565825466066599e-04
-1.035766981658525765e-04
3.119345346931368113e-04
1.844877406256273389e-04
1.245800231117755175e-04
2.195091365138068795e-04
3.047784266527742147e-04
8.118249752442352474e-06
-1.144758971349801868e-05
3.345757431816309690e-04
1.388490782119333744e-04
2.408869040664285421e-04
2.158296119887381792e-04
-2.656581455084960908e-05
2.297472092323005199e-04
4.255328894942067564e-05
1.045704775606282055e-04
2.143820165656507015e-04
2.624651533551514149e-04
7.392609404632821679e-05
2.109855704475194216e-04
2.922564162872731686e-04
5.964802403468638659e-05
1.979662338271737099e-04
3.779737744480371475e-04
3.766656736843287945e-04
1.493312447564676404e-04
1.744114415487274528e-04
5.116920874570496380e-05
6.028689313097856939e-05
5.573875387199223042e-05
1.852204586612060666e-04
2.041464467765763402e-04
1.365217030979692936e-04
2.531291684135794640e-04
3.139175896649248898e-05
1.479401980759575963e-04
7.374416600214317441e-05
1.922927185660228133e-04
1.706886105239391327e-04
9.042615420185029507e-05
3.731559845618903637e-04
5.624097320833243430e-05
1.311961677856743336e-04
9.591157868271693587e-05
1.081131413229741156e-04
9.666106052463874221e-05
5.802272789878770709e-05
1.742311433190479875e-04
4.961770173395052552e-05
1.695961836958304048e-04
1.305382902501150966e-04
1.366555661661550403e-04
-6.540481263073161244e-05
4.079413338331505656e-05
1.864145888248458505e-04
1.393238781020045280e-04
3.052688261959701777e-04
-2.068209687422495335e-05
7.429567631334066391e-05
-1.474962346037500538e-06
2.665139072632882744e-05
3.932252366212196648e-05
3.187634865753352642e-05
1.470742881792830303e-05
1.016053429339081049e-04
7.432048278133152053e-06
1.405080256517976522e-04
1.136682985816150904e-04
1.374054700136184692e-04
-3.396037209313362837e-05
1.423166395397856832e-04
-1.270151988137513399e-04
-3.139028194709680974e-05
1.219811456394381821e-04
1.277163682971149683e-04
-4.030228956253267825e-05
1.137058934546075761e-04
1.154928977484814823e-04
9.303814294980838895e-05
1.498830388300120831e-04
1.644788862904533744e-04
1.308456703554838896e-04
4.721043296740390360e-05
1.732219097902998328e-04
1.377682929160073400e-04
4.144420745433308184e-05
1.059807473211549222e-04
4.999439624953083694e-05
3.419233689783141017e-05
4.386410637380322441e-06
5.152261292096227407e-05
9.812902135308831930e-06
3.899986768374219537e-05
6.378953548846766353e-05
8.112339855870231986e-05
1.153345510829240084e-05
6.604356167372316122e-05
1.054070071404566988e-05
3.758879029192030430e-05
8.861954847816377878e-05
1.092552265617996454e-04
7.626014848938211799e-05
5.974780651740729809e-05
8.152626833179965615e-05
-5.485457222675904632e-05
1.302934542763978243e-04
6.288660370046272874e-05
4.600822649081237614e-05
8.894062375475186855e-06
6.309321906883269548e-05
1.429659005225403234e-05
1.713213423499837518e-04
7.671774801565334201e-05
2.763673546724021435e-04
1.287960913032293320e-04
9.490785305388271809e-05
8.379584323847666383e-05
4.579286178341135383e-05
4.598424857249483466e-05
7.476890459656715393e-05
5.867408253834582865e-05
3.783207648666575551e-05
2.800620131893083453e-05
3.391775680938735604e-05
4.847117816098034382e-05
1.943143251992296427e-05
7.681258284719660878e-05
2.672987466212362051e-05
2.470382605679333210e-05
5.471302574733272195e-05
-2.664494058990385383e-05
1.239569537574425340e-04
2.150145519408397377e-05
1.406416849931702018e-04
6.907839269842952490e-05
-2.714439506235066801e-05
5.820546721224673092e-05
5.784097447758540511e-05
1.140435924753546715e-04
5.243080522632226348e-05
8.174250251613557339e-05
5.172081728233024478e-05
1.767394278431311250e-04
1.313650718657299876e-04
5.821576996822841465e-05
9.171330020762979984e-05
7.830704998923465610e-05
1.131623212131671607e-04
1.625811128178611398e-04
5.020646767661673948e-06
2.414721238892525434e-04
6.992778799030929804e-05
9.910066728480160236e-05
1.491195871494710445e-04
1.921818475238978863e-04
6.828148616477847099e-05
1.201915656565688550e-04
1.411169796483591199e-04
9.472844976698979735e-05
1.694094098638743162e-04
1.014848967315629125e-04
2.808423596434295177e-05
5.421298919827677310e-05
8.770892600296065211e-05
2.856598621292505413e-05
4.380876998766325414e-05
1.118907821364700794e-04
-3.420837674639187753e-05
6.612201104871928692e-05
-8.421721577178686857e-05
9.230012074112892151e-05
-1.154277051682583988e-04
4.563944821711629629e-05
-6.869406934129074216e-05
-3.391507198102772236e-05
2.200754897785373032e-05
1.361722534056752920e-04
-5.751584831159561872e-05
-5.639935261569917202e-05
5.180137304705567658e-05
4.490118590183556080e-05
-5.192681419430300593e-05
-2.768262856989167631e-05
1.167181617347523570e-04
5.832709939568303525e-05
1.142135151894763112e-04
7.890879351180046797e-05
-3.524857311276718974e-05
1.639136644371319562e-05
8.298053217004053295e-06
3.356410888954997063e-05
2.196413515775930136e-05
1.330403465544804931e-04
1.962346868822351098e-04
1.365864736726507545e-04
-1.857449387898668647e-05
7.890792767284438014e-05
-2.968760782096069306e-06
3.434226164245046675e-05
1.050276259775273502e-04
3.890984953613951802e-05
1.507323177065700293e-04
1.351177779724821448e-04
1.840847689891234040e-04
-2.639413423821679316e-06
6.662941450485959649e-05
1.145130408986005932e-05
-3.245475818403065205e-05
-2.329700146219693124e-05
-4.657063982449471951e-05
-2.906984491346520372e-06
7.279730925802141428e-05
8.393031748710200191e-05
7.372479740297421813e-05
-3.653917519841343164e-05
-1.382432528771460056e-04
6.276402564253658056e-05
3.964814823120832443e-05
1.645398442633450031e-04
1.419269101461395621e-04
1.323208125540986657e-04
1.059558871929766610e-05
5.269152825349010527e-05
-3.235101758036762476e-04
-4.333925971877761185e-05
-2.312920696567744017e-04
3.992705751443281770e-05
-6.491892418125644326e-05
-3.705574636114761233e-05
4.512889972829725593e-06
-3.350279803271405399e-05
4.238119799993000925e-05
1.362392213195562363e-04
1.235112431459128857e-04
1.585038262419402599e-04
2.034862845903262496e-04
5.138432243256829679e-05
8.201614400604739785e-05
-2.223069714091252536e-05
-1.135217371484031901e-05
8.199337025871500373e-05
4.902315777144394815e-05
1.092037491616792977e-04
2.762772783171385527e-05
1.188526584883220494e-05
9.545874490868300200e-05
3.463098255451768637e-05
-2.649350608407985419e-05
4.016648381366394460e-05
-1.902303438328090124e-06
2.916886842285748571e-05
-2.020352076215203851e-05
-2.866536306100897491e-05
-4.352403266238979995e-05
2.440374373691156507e-06
5.307580431690439582e-05
6.667672278126701713e-05
5.624081313726492226e-05
8.024211274459958076e-05
1.239869743585586548e-04
4.094582982361316681e-05
4.999525117455050349e-05
1.709050411591306329e-05
7.539311627624556422e-05
6.895038677612319589e-05
2.814796425809618086e-05
1.576348149683326483e-04
2.073330542771145701e-04
4.343135515227913857e-05
3.956369619118049741e-05
7.333618850680068135e-05
4.095640179002657533e-05
2.270332697662524879e-05
-1.036658704833826050e-05
9.424593736184760928e-05
7.702343282289803028e-05
1.189344475278630853e-04
4.552507380140013993e-05
1.054673630278557539e-04
5.813023381051607430e-05
7.720240682829171419e-05
9.842841245699673891e-05
1.396089210174977779e-04
8.232759137172251940e-05
5.383449388318695128e-05
1.025256788125261664e-04
1.144319103332236409e-04
4.386323416838422418e-05
4.125344639760442078e-05
8.263346535386517644e-05
4.404297942528501153e-05
2.580871660029515624e-05
2.617813697725068778e-05
6.572262645931914449e-05
1.083805400412529707e-04
5.626167330774478614e-05
3.271062450949102640e-05
1.055618558893911541e-04
6.532997213071212173e-05
1.103983304346911609e-04
1.209310503327287734e-04
5.943244832451455295e-05
4.123340841033495963e-05
5.208801303524523973e-05
3.791955168708227575e-05
8.492593042319640517e-05
7.145971903810277581e-05
3.342180571053177118e-05
8.690568211022764444e-05
7.143084076233208179e-05
6.456612754845991731e-05
9.647816477809101343e-05
1.153361299657262862e-04
9.930371015798300505e-05
2.042437845375388861e-04
1.392485573887825012e-04
1.441785861970856786e-04
1.372930128127336502e-04
7.177262159530073404e-05
-4.485289082367671654e-07
1.376073778374120593e-04
1.222144201165065169e-04
1.106623312807641923e-04
1.373473205603659153e-04
9.636670438339933753e-05
7.386915967799723148e-05
1.342049363302066922e-04
9.180680353892967105e-05
7.080391515046358109e-05
4.303792957216501236e-05
1.049960046657361090e-04
1.601354160811752081e-04
7.309659122256562114e-05
1.513497118139639497e-04
7.309871580218896270e-05
7.232323696371167898e-05
3.193266820744611323e-05
9.869402856566011906e-05
4.709294080385006964e-05
4.454576628631912172e-05
3.388920231373049319e-05
1.247317268280312419e-04
1.482382212998345494e-04
8.188768697436898947e-05
2.020136889768764377e-05
5.208069705986417830e-05
1.044737109623383731e-05
6.229372229427099228e-05
6.754165224265307188e-05
-2.828467813742463477e-06
4.948876085109077394e-05
1.716541009955108166e-05
-3.611633655964396894e-05
-3.685573028633370996e-05
2.849187512765638530e-05
8.505456207785755396e-05
4.786760109709575772e-05
8.408725261688232422e-05
1.037767742673167959e-05
3.195189856342040002e-05
8.661749598104506731e-05
3.037699570995755494e-05
5.351849176804535091e-05
-2.162017381124314852e-06
8.739227632759138942e-05
-1.821426121750846505e-05
9.282573591917753220e-05
1.073885941877961159e-04
1.278379932045936584e-04
7.243811705848202109e-05
7.213048957055434585e-05
5.107887773192487657e-05
8.904790593078359962e-05
9.598588803783059120e-05
4.271946090739220381e-05
2.811012745951302350e-05
1.384137722197920084e-04
1.020080890157260001e-04
8.955312659963965416e-05
8.974198863143101335e-05
7.782453030813485384e-05
6.245413533179089427e-05
9.083993791136890650e-05
5.810432776343077421e-05
1.305061014136299491e-04
1.113142134272493422e-04
1.219798432430252433e-04
7.509000715799629688e-05
7.802424079272896051e-05
5.333152876119129360e-05
9.312217298429459333e-05
7.547595305368304253e-05
8.254060958279296756e-05
5.671512190019711852e-05
1.065482501871883869e-04
1.332112005911767483e-04
1.062586015905253589e-04
1.011499698506668210e-04
1.305696932831779122e-04
5.300067641655914485e-05
8.979119593277573586e-05
5.746141323470510542e-05
7.894303416833281517e-05
2.491286250005941838e-05
4.986961721442639828e-05
1.483855448896065354e-04
1.245453458977863193e-04
1.187496018246747553e-04
6.581652269233018160e-05
7.908727275207638741e-05
4.952985909767448902e-05
4.062322841491550207e-05
3.773948628804646432e-05
5.749960564571665600e-06
-1.750695787450240459e-06
2.441703327349387109e-05
2.357512676098849624e-05
4.931118019158020616e-05
4.192565756966359913e-05
-2.010100615734700114e-05
1.063140007317997515e-05
2.196277091570664197e-05
2.163899262086488307e-05
2.694694012461695820e-05
3.883827957906760275e-05
6.777093221899122000e-05
-2.650874739629216492e-05
3.903774631908163428e-05
2.057294477708637714e-05
-7.758897845633327961e-05
-1.333757973043248057e-05
-1.750639967212919146e-05
5.145646719029173255e-05
3.801728234975598752e-05
4.653574433177709579e-05
7.972293133207131177e-06
1.942759627127088606e-05
3.119992834399454296e-05
2.897042804761440493e-06
3.578246833058074117e-05
1.945684380189049989e-05
3.350305269123055041e-05
1.436724232917185873e-05
2.665653119038324803e-05
7.813850970705971122e-05
1.817912561818957329e-05
1.180521867354400456e-04
4.579133383231237531e-05
2.918367499660234898e-05
3.811566784861497581e-05
7.188341260189190507e-05
2.074509211524855345e-05
5.705601870431564748e-05
2.128802407241892070e-05
3.392465441720560193e-05
8.439723023911938071e-05
6.378091347869485617e-05
3.405325333005748689e-05
2.154418507416266948e-05
3.617605761974118650e-05
5.469294774229638278e-05
3.399131310288794339e-05
1.464844990550773218e-05
4.431826710060704499e-06
1.385021914757089689e-05
1.938603418238926679e-05
3.282249599578790367e-05
2.008731462410651147e-05
1.597202026459854096e-05
1.225801679538562894e-05
6.334404315566644073e-05
2.582222805358469486e-05
3.725528949871659279e-05
6.301361281657591462e-05
2.372825974816805683e-06
3.205440953024663031e-05
3.383433431736193597e-05
3.422232475713826716e-05
2.316654899914283305e-05
5.371074803406372666e-05
4.447411629371345043e-05
5.472920383908785880e-05
1.650934063945896924e-05
2.662999213498551399e-05
3.160748383379541337e-05
-2.051815499726217240e-06
1.461524971091421321e-05
3.014678441104479134e-05
1.736030535539612174e-04
5.061289630248211324e-05
1.108298383769579232e-04
3.920946983271278441e-05
2.876881990232504904e-05
-9.856644282990600914e-06
1.862158751464448869e-05
3.728245428646914661e-05
4.244922456564381719e-05
5.259620229480788112e-05
2.585078073025215417e-05
6.236065382836386561e-05
5.251025504549033940e-05
-2.245087216579122469e-06
4.224485746817663312e-05
3.332560299895703793e-05
1.031317151500843465e-04
1.242938160430639982e-04
3.759212268050760031e-05
-2.892187922043376602e-06
3.404434028198011220e-05
4.150208769715391099e-05
3.188449045410379767e-05
1.453122081329638604e-06
-3.062176620005629957e-05
3.543007323969504796e-06
1.726834125292953104e-05
6.281342939473688602e-05
1.601376607140991837e-05
1.951778176589868963e-05
2.590165058791171759e-05
-5.862398211320396513e-08
1.249957790605549235e-06
8.840385999064892530e-05
3.971373735112138093e-05
1.757416066539008170e-05
2.229375240858644247e-05
1.296528789680451155e-04
1.310217776335775852e-04
7.775609265081584454e-05
5.708396565751172602e-05
5.284025974106043577e-05
3.584807200240902603e-05
4.489438288146629930e-05
9.563747880747541785e-06
5.767865513917058706e-05
5.687223165296018124e-05
3.458268474787473679e-05
3.841970737994415686e-06
6.351251158775994554e-06
2.516006679798010737e-05
1.430749762221239507e-05
3.036174530279822648e-05
2.433926238154526800e-05
2.389250221312977374e-05
7.717954758845735341e-06
2.208442674600519240e-05
2.109331944666337222e-05
7.123088380467379466e-06
1.444587815058184788e-05
1.010511095955735072e-05
3.478475628071464598e-05
2.403465259703807533e-05
2.803370443871244788e-05
1.198272366309538484e-05
1.007685204967856407e-04
4.037598046124912798e-05
7.230194023577496409e-05
1.871802487585227937e-05
1.350243655906524509e-05
1.702944064163602889e-05
1.134108606493100524e-05
1.889018676592968404e-05
1.393010279571171850e-05
1.848122519731987268e-05
1.169317147287074476e-05
1.422536570316879079e-05
1.971879828488454223e-05
7.693981388001702726e-06
1.710552896838635206e-05
2.458908056723885238e-05
1.903931115521118045e-05
6.797548121539875865e-05
1.476157649449305609e-06
2.671355105121619999e-05
4.152620022068731487e-05
9.164238872472196817e-05
7.397788067464716733e-06
1.098425309464801103e-05
5.868777589057572186e-05
1.638228968658950180e-05
9.898278221953660250e-06
4.033696313854306936e-06
-5.051373136666370556e-06
3.415164201214793138e-06
8.474616151943337172e-06
1.024681660055648535e-05
9.664940989750903100e-06
8.292311690638598520e-07
2.539022716518957168e-06
4.834265837416751310e-06
-4.119981895200908184e-06
4.793351422449632082e-07
7.868329703342169523e-06
2.751419970081769861e-06
3.653659859992330894e-06
5.672367251463583671e-07
4.395979885885026306e-06
6.705261512252036482e-06
2.274164899063180201e-06
6.662693067482905462e-06
3.008569137818994932e-06
5.816540351588628255e-07
-1.784815867722500116e-05
-3.911022213287651539e-05
8.705590062163537368e-07
3.769894760807801504e-07
5.521671937458449975e-06
1.355802510261128191e-06
3.838140855805249885e-06
1.113221060222713277e-05
1.494688058301107958e-05
2.305006091773975641e-06
1.743095526762772352e-05
2.291175633217790164e-06
6.926149580976925790e-06
6.950698661967180669e-06
-1.953131545384678702e-10
1.026698828354710713e-05
1.444272675144020468e-05
1.675572457315865904e-05
1.501095425737730693e-06
7.541447303083259612e-06
8.259132187049544882e-07
3.962800747103756294e-06
4.108912435185629874e-06
-4.373647044531026040e-08
1.920641636843356537e-07
2.443901792048563948e-08
1.316764155490091071e-06
1.998712235717903241e-07
1.394629407514003105e-07
2.893057455821690382e-07
8.299002018929968472e-08
1.434750629414338619e-07
5.806192575619206764e-07
