# (1536,)
0.000000000000000000e+00
0.000000000000000000e+00
0.000000000000000000e+00
4.336684651207178831e-05
5.867582876817323267e-05
3.627704863902181387e-04
3.104967763647437096e-03
3.006512066349387169e-03
6.909317453391849995e-04
5.045901634730398655e-04
7.265459862537682056e-04
6.289379671216011047e-04
6.733787595294415951e-04
6.160180782899260521e-04
1.509753492427989841e-04
1.619730610400438309e-04
3.347731253597885370e-04
2.254923747386783361e-04
1.886785466922447085e-04
3.442721790634095669e-04
4.344717890489846468e-04
2.874973579309880733e-04
2.840601664502173662e-04
4.412330745253711939e-04
1.100091263651847839e-03
1.096763182431459427e-03
8.981703431345522404e-04
6.692072493024170399e-04
3.576555172912776470e-04
2.249676472274586558e-04
1.553986367071047425e-04
2.763176453299820423e-04
2.562798908911645412e-04
2.148482453776523471e-04
1.945177908055484295e-03
2.132119378075003624e-03
5.868917796760797501e-04
3.006150946021080017e-04
1.682626316323876381e-04
4.602479748427867889e-05
1.121671666624024510e-04
5.028528175898827612e-05
2.219351590611040592e-04
1.061790506355464458e-03
1.100521651096642017e-03
4.843972783419303596e-05
5.063227727077901363e-04
2.579598804004490376e-04
2.118075790349394083e-04
3.432213561609387398e-04
1.365982170682400465e-04
3.221174119971692562e-04
3.823070437647402287e-04
2.006959839491173625e-04
1.562689285492524505e-04
1.183018175652250648e-04
4.261995782144367695e-04
2.065028529614210129e-04
5.132923834025859833e-04
2.833686012309044600e-04
5.009308224543929100e-04
6.644782260991632938e-04
6.636215839534997940e-04
1.238712109625339508e-03
3.213906427845358849e-03
4.424171056598424911e-03
7.556620403192937374e-04
1.804223720682784915e-04
1.851434790296480060e-04
1.191937364637851715e-03
2.449290826916694641e-03
1.267550862394273281e-03
2.855117199942469597e-04
5.908050225116312504e-04
1.289387349970638752e-03
1.516458461992442608e-03
4.593040503095835447e-04
1.648256205953657627e-03
1.299893483519554138e-03
4.899517516605556011e-04
3.973174607381224632e-04
5.010357126593589783e-04
8.028103038668632507e-04
8.322459761984646320e-04
3.010506916325539351e-04
2.093327231705188751e-03
3.678609617054462433e-03
2.653548959642648697e-03
1.730033778585493565e-03
2.111066132783889771e-03
2.658648183569312096e-03
2.189317485317587852e-03
6.113395793363451958e-04
4.691275535151362419e-04
5.304757505655288696e-04
7.574051851406693459e-04
5.354725290089845657e-04
7.816977449692785740e-04
2.321285428479313850e-03
1.965895993635058403e-03
4.239571746438741684e-03
1.490299706347286701e-03
1.018822076730430126e-03
1.489729387685656548e-03
9.868978522717952728e-04
8.377784979529678822e-04
8.467662846669554710e-04
7.647181628271937370e-04
7.377149304375052452e-04
1.311811036430299282e-03
6.329730385914444923e-04
1.676914165727794170e-03
4.178827512077987194e-04
1.622423063963651657e-03
1.325962482951581478e-03
1.407610950991511345e-03
4.881919012404978275e-04
1.167025882750749588e-03
1.108759781345725060e-03
7.606949657201766968e-04
5.973564693704247475e-04
1.528016524389386177e-03
7.113856263458728790e-04
1.504407613538205624e-03
7.349295774474740028e-04
8.047129376791417599e-04
1.098486362025141716e-03
1.156145008280873299e-03
6.214437889866530895e-04
7.192570483312010765e-04
4.680237034335732460e-04
6.772161577828228474e-04
1.446366892196238041e-03
1.722171902656555176e-03
4.580406472086906433e-03
2.934171119704842567e-03
1.654426218010485172e-03
6.195137975737452507e-04
9.213432203978300095e-04
2.733459230512380600e-03
2.953199204057455063e-03
6.209537386894226074e-04
2.653183473739773035e-04
2.219159388914704323e-03
1.753004849888384342e-03
3.979773726314306259e-03
1.013417961075901985e-03
8.638874278403818607e-04
3.768898895941674709e-04
7.175183854997158051e-04
9.251281735487282276e-04
5.282663623802363873e-04
4.665369924623519182e-04
4.243339935783296824e-04
3.866414772346615791e-04
5.960444104857742786e-04
5.954267107881605625e-04
8.466878789477050304e-04
8.490731124766170979e-04
8.928083698265254498e-04
4.976509953849017620e-04
2.019020495936274529e-03
2.005607122555375099e-03
4.142349062021821737e-04
1.979524968191981316e-04
5.899479147046804428e-04
5.907004233449697495e-04
4.397315788082778454e-04
8.037358638830482960e-04
1.003330224193632603e-03
1.373823848553001881e-03
6.347412709146738052e-04
3.038239083252847195e-04
5.000180681236088276e-04
7.746475166641175747e-04
1.404505106620490551e-03
4.837326123379170895e-04
1.254087779670953751e-03
6.794097716920077801e-04
5.983348819427192211e-04
8.042172412388026714e-04
8.889007149264216423e-04
1.000561751425266266e-03
8.708310197107493877e-04
1.014547422528266907e-03
1.562986290082335472e-03
4.119126242585480213e-04
7.021356723271310329e-04
5.823426763527095318e-04
8.428746950812637806e-04
1.233955146744847298e-03
9.113224223256111145e-04
1.246747793629765511e-03
1.334328902885317802e-03
4.681555728893727064e-04
1.067658420652151108e-03
9.758056257851421833e-04
6.886339397169649601e-04
1.571286469697952271e-03
1.027228077873587608e-03
1.091150450520217419e-03
1.635462976992130280e-03
2.211652928963303566e-03
3.107958240434527397e-03
3.845380560960620642e-04
2.518806839361786842e-03
8.120265556499361992e-04
3.549699205905199051e-03
2.367913024500012398e-03
2.971522044390439987e-03
1.327550038695335388e-03
1.272190012969076633e-03
1.339067122898995876e-03
2.210899023339152336e-03
3.970555262640118599e-04
7.429011166095733643e-04
5.838845972903072834e-04
9.512187098152935505e-04
1.387901604175567627e-03
1.237368676811456680e-03
1.636165776289999485e-03
1.106034964323043823e-03
1.151974196545779705e-03
2.129025058820843697e-03
9.825413580983877182e-04
3.509430913254618645e-03
2.249048324301838875e-03
9.662377997301518917e-04
3.540208563208580017e-03
2.773785963654518127e-03
1.950482139363884926e-03
2.929261187091469765e-03
2.472337801009416580e-03
9.597626049071550369e-04
1.283378456719219685e-03
5.843294784426689148e-04
8.731828420422971249e-04
1.199948019348084927e-03
1.348637510091066360e-03
1.713408040814101696e-03
1.768375164829194546e-03
1.409407122991979122e-03
7.076681358739733696e-04
1.559814787469804287e-03
1.036566914990544319e-03
2.753167180344462395e-03
1.489278394728899002e-03
1.713016070425510406e-03
2.814340405166149139e-03
1.250855624675750732e-03
1.118413754738867283e-03
8.306108065880835056e-04
1.127465628087520599e-03
1.997224288061261177e-03
1.747050671838223934e-03
1.173918251879513264e-03
2.047917572781443596e-03
2.311089076101779938e-03
1.595737412571907043e-03
1.483178697526454926e-03
2.026373287662863731e-03
2.735109766945242882e-03
8.430195157416164875e-04
1.295793685130774975e-03
1.520961290225386620e-03
1.002979930490255356e-03
9.541864856146275997e-04
7.053568842820823193e-04
7.220954867079854012e-04
5.215868004597723484e-04
9.667200502008199692e-04
6.222772644832730293e-04
7.351681706495583057e-04
1.039523165673017502e-03
1.168813440017402172e-03
1.230218098498880863e-03
1.944415387697517872e-03
1.786850392818450928e-03
1.669282908551394939e-03
1.371931633912026882e-03
1.253166701644659042e-03
8.854751940816640854e-04
7.557062199339270592e-04
2.647240180522203445e-03
3.212933428585529327e-03
1.607255195267498493e-03
1.468499074690043926e-03
1.263535930775105953e-03
1.579360803589224815e-03
8.933050557971000671e-04
2.671468071639537811e-03
2.256369218230247498e-03
1.273613539524376392e-03
1.790781621821224689e-03
8.840989903546869755e-04
7.058495539240539074e-04
4.050638235639780760e-04
7.267434266395866871e-04
8.418764336965978146e-04
1.241164514794945717e-03
4.636505909729748964e-04
9.641593787819147110e-04
6.736629293300211430e-04
1.551172696053981781e-03
1.565735088661313057e-03
6.346973241306841373e-04
7.643206627108156681e-04
7.959862123243510723e-04
4.617842496372759342e-04
1.034731627441942692e-03
9.549748501740396023e-04
4.489448620006442070e-04
1.448865630663931370e-03
9.743208647705614567e-04
4.521378781646490097e-03
3.319369163364171982e-03
1.432794146239757538e-03
1.118481159210205078e-03
9.120913455262780190e-04
7.214208599179983139e-04
1.890233834274113178e-04
6.873191450722515583e-04
7.121393573470413685e-04
1.047843601554632187e-03
6.672843010164797306e-04
1.023712567985057831e-03
6.977228913456201553e-04
1.648963894695043564e-03
1.546070096082985401e-03
7.829560199752449989e-04
1.364438328891992569e-03
7.851947448216378689e-04
3.397172549739480019e-04
4.786923236679285765e-04
7.708172197453677654e-04
3.645214892458170652e-04
9.899964788928627968e-04
1.333172898739576340e-03
1.200938597321510315e-03
9.235696052201092243e-04
1.096911728382110596e-03
5.301749333739280701e-04
1.861294847913086414e-03
9.840065613389015198e-04
6.463497411459684372e-04
5.133223021402955055e-04
6.809187470935285091e-04
1.228752429597079754e-03
1.482092426158487797e-03
9.185986127704381943e-04
3.409785858821123838e-04
1.042941818013787270e-03
1.304616569541394711e-03
5.116522079333662987e-04
6.666639819741249084e-04
5.840777303092181683e-04
5.039689713157713413e-04
6.837216787971556187e-04
6.794371875002980232e-04
7.410142570734024048e-04
4.411148256622254848e-04
8.115316159091889858e-04
6.529589882120490074e-04
1.134920283220708370e-03
2.863641711883246899e-04
6.446903571486473083e-04
9.008367196656763554e-04
7.498657214455306530e-04
6.757954251952469349e-04
9.787663584575057030e-04
7.017020252533257008e-04
8.862296235747635365e-04
5.680933827534317970e-04
2.240819856524467468e-03
1.940777758136391640e-03
7.719085551798343658e-04
7.096877670846879482e-04
4.048204282298684120e-04
5.822107777930796146e-04
4.359041049610823393e-04
1.259228447452187538e-03
1.009315135888755322e-03
1.726371119730174541e-03
9.367716265842318535e-04
1.335286418907344341e-03
1.533814938738942146e-03
1.696389168500900269e-03
1.452112104743719101e-03
6.658270722255110741e-04
1.628340804018080235e-03
8.424432598985731602e-04
1.829263987019658089e-03
1.221007434651255608e-03
1.959054963663220406e-03
2.827374497428536415e-03
1.003583776764571667e-03
6.365119479596614838e-04
1.173663302324712276e-03
1.574749709106981754e-03
1.152252196334302425e-03
4.568990261759608984e-04
9.967612568289041519e-04
4.150854074396193027e-04
9.624168742448091507e-04
9.125575888901948929e-04
9.932368993759155273e-04
7.978343637660145760e-04
1.138263847678899765e-03
2.380173886194825172e-03
2.045505912974476814e-03
9.356576483696699142e-04
1.873730332590639591e-03
1.784237916581332684e-03
1.132421777583658695e-03
1.152989105321466923e-03
8.612981764599680901e-04
6.049706717021763325e-04
9.196483297273516655e-04
5.208924994803965092e-04
6.712404428981244564e-04
2.146802609786391258e-03
1.848042244091629982e-03
7.817890145815908909e-04
7.850411930121481419e-04
4.261353460606187582e-04
8.906897855922579765e-04
9.580720216035842896e-04
7.556946366094052792e-04
6.715655908919870853e-04
7.781721069477498531e-04
6.964074564166367054e-04
2.011877484619617462e-03
2.328626113012433052e-03
1.470374874770641327e-03
1.025762176141142845e-03
7.613761117681860924e-04
7.095668115653097630e-04
4.100369405932724476e-04
7.589579327031970024e-04
4.416226583998650312e-04
4.934644093737006187e-04
4.659656551666557789e-04
3.447400173172354698e-03
3.485629102215170860e-03
4.416953015606850386e-04
7.669571205042302608e-04
5.031194887124001980e-04
3.366229648236185312e-04
7.870100089348852634e-04
3.058153379242867231e-04
7.077204063534736633e-04
4.025164525955915451e-04
5.227415240369737148e-04
9.882490849122405052e-04
8.294114959426224232e-04
1.630840240977704525e-03
4.241764836478978395e-04
8.787585538811981678e-04
4.169829771853983402e-04
9.841263527050614357e-04
1.590325846336781979e-03
2.371644135564565659e-03
8.233935805037617683e-04
1.228031236678361893e-03
6.140199839137494564e-04
1.043102703988552094e-03
1.282991142943501472e-03
9.682734962552785873e-04
2.134682144969701767e-03
1.661122776567935944e-03
7.853686111047863960e-04
4.453597939573228359e-04
6.078350124880671501e-04
8.312390418723225594e-04
1.068254467099905014e-03
1.564061734825372696e-03
1.139555242843925953e-03
7.278310367837548256e-04
8.762367069721221924e-04
1.356823719106614590e-03
1.083952956832945347e-03
5.021304823458194733e-04
3.042796161025762558e-03
2.176407724618911743e-03
2.615968696773052216e-03
1.993757439777255058e-03
1.093631377443671227e-03
8.821774390526115894e-04
5.941442213952541351e-04
1.811826135963201523e-03
1.603709300979971886e-03
5.225678440183401108e-03
5.139505490660667419e-03
1.250800676643848419e-03
1.098019303753972054e-03
1.373555627651512623e-03
8.205501362681388855e-04
6.992829148657619953e-04
4.333433462306857109e-04
3.769657632801681757e-04
4.546540440060198307e-04
6.845707539469003677e-04
4.547595453914254904e-04
7.179994718171656132e-04
7.008652319200336933e-04
5.796991172246634960e-04
3.978705499321222305e-04
7.026982493698596954e-04
1.510416623204946518e-03
1.630203914828598499e-03
1.060351962223649025e-03
9.660799405537545681e-04
2.451159525662660599e-04
7.807323127053678036e-04
1.755903591401875019e-03
1.199740450829267502e-03
7.235148805193603039e-04
5.490299081429839134e-04
2.348687034100294113e-03
1.793890958651900291e-03
2.744769677519798279e-03
1.103117014281451702e-03
2.272787503898143768e-03
1.007954124361276627e-03
9.036727715283632278e-04
1.318049849942326546e-03
1.060431939549744129e-03
1.740675885230302811e-03
1.997700193896889687e-03
1.554220914840698242e-03
2.530408557504415512e-03
1.820536330342292786e-03
2.213461557403206825e-03
9.216563776135444641e-04
8.473004563711583614e-04
1.848675077781081200e-03
1.152318553067743778e-03
9.588090470060706139e-04
7.335973205044865608e-04
6.169658736325800419e-04
5.799425998702645302e-04
2.180235227569937706e-03
2.641835715621709824e-03
2.916124882176518440e-03
3.422203706577420235e-03
4.130230285227298737e-03
3.081537783145904541e-03
9.207865805365145206e-04
1.862691598944365978e-03
1.371250837109982967e-03
1.325963879935443401e-03
3.941606730222702026e-03
4.072806797921657562e-03
1.530256704427301884e-03
4.907969268970191479e-04
9.938533185049891472e-04
1.132795587182044983e-03
1.248211017809808254e-03
1.429445925168693066e-03
1.268536085262894630e-03
1.582264201715588570e-03
1.194877317175269127e-03
1.712482189759612083e-03
5.174551042728126049e-04
2.041191328316926956e-03
9.290443849749863148e-04
9.158668690361082554e-04
1.075821928679943085e-03
1.439080922864377499e-03
1.267035375349223614e-03
1.094543840736150742e-03
1.029711682349443436e-03
9.145797230303287506e-04
1.318254042416810989e-03
8.036526269279420376e-04
6.833603838458657265e-04
2.953740768134593964e-03
1.499222591519355774e-03
2.362513681873679161e-03
1.426648348569869995e-03
4.451754968613386154e-03
5.454583559185266495e-03
1.368463970720767975e-03
7.493451703339815140e-04
1.431736047379672527e-03
2.710071625187993050e-03
3.741852240636944771e-03
6.936134304851293564e-04
1.082265051081776619e-03
9.549127425998449326e-04
5.744857480749487877e-04
1.195075106807053089e-03
5.854551563970744610e-04
3.203276428394019604e-04
5.005302373319864273e-04
7.026367820799350739e-04
1.160362269729375839e-03
8.602099842391908169e-04
1.030322280712425709e-03
1.084520597942173481e-03
9.470151271671056747e-04
1.357571687549352646e-03
2.433031331747770309e-03
1.265441533178091049e-03
1.176678226329386234e-03
1.155440928414463997e-03
1.447889604605734348e-03
1.023193122819066048e-03
8.829906582832336426e-04
6.973628769628703594e-04
9.035360417328774929e-04
1.258922275155782700e-03
8.609683136455714703e-04
6.842245347797870636e-04
6.593951839022338390e-04
2.447454724460840225e-03
2.730228472501039505e-03
3.060649614781141281e-03
1.132839941419661045e-03
7.242643623612821102e-04
2.079949714243412018e-03
7.942739757709205151e-04
1.011189073324203491e-03
1.997173763811588287e-03
1.369181205518543720e-03
1.846593921072781086e-03
2.627196488901972771e-03
9.427268523722887039e-04
2.691835165023803711e-03
1.416807761415839195e-03
2.311230171471834183e-03
1.770443748682737350e-03
3.420001361519098282e-03
1.670505269430577755e-03
1.668583834543824196e-03
2.243322553113102913e-03
1.747618662193417549e-03
1.061416813172399998e-03
1.152942073531448841e-03
1.446919864974915981e-03
9.564823121763765812e-04
1.269596745260059834e-03
2.194151282310485840e-03
3.560713492333889008e-03
3.028846345841884613e-03
2.734167268499732018e-03
1.895003602840006351e-03
1.576481736265122890e-03
1.351876533590257168e-03
1.090202014893293381e-03
7.172252517193555832e-04
9.138282039202749729e-04
1.227997825480997562e-03
8.326373063027858734e-04
1.579743577167391777e-03
1.220384147018194199e-03
1.451383926905691624e-03
1.133109093643724918e-03
1.312892418354749680e-03
1.289428793825209141e-03
1.488417387008666992e-03
1.115278224460780621e-03
6.312687764875590801e-04
1.076441491022706032e-03
8.590757497586309910e-04
2.951864385977387428e-03
2.377239754423499107e-03
2.749585080891847610e-03
1.713794656097888947e-03
1.594854518771171570e-03
2.114100148901343346e-03
1.868763472884893417e-03
2.664482221007347107e-03
1.821244601160287857e-03
1.352440798655152321e-03
2.535414882004261017e-03
1.108856056816875935e-03
2.782278927043080330e-03
1.901179668493568897e-03
1.676927786320447922e-03
1.451718737371265888e-03
2.230155281722545624e-03
1.201038016006350517e-03
1.136117614805698395e-03
9.347497252747416496e-04
1.598069211468100548e-03
1.226396183483302593e-03
8.911768672987818718e-04
1.465986832045018673e-03
1.430968288332223892e-03
2.062928397208452225e-03
1.864594989456236362e-03
1.033978420309722424e-03
1.488287001848220825e-03
1.524569233879446983e-03
1.066253636963665485e-03
1.825077924877405167e-03
1.380110159516334534e-03
9.076960268430411816e-04
1.137707149609923363e-03
1.654474530369043350e-03
1.324297394603490829e-03
1.990687567740678787e-03
2.258572727441787720e-03
1.485171495005488396e-03
1.485222834162414074e-03
1.649343059398233891e-03
1.753008808009326458e-03
1.465410925447940826e-03
1.981630688533186913e-03
1.320576411671936512e-03
1.767580397427082062e-03
1.671811565756797791e-03
2.041994361206889153e-03
1.000976539216935635e-03
1.941679161973297596e-03
1.436502323485910892e-03
6.805787561461329460e-04
7.038316107355058193e-04
7.311977678909897804e-04
8.608832140453159809e-04
9.480997687205672264e-04
1.087171607650816441e-03
6.758183008059859276e-04
1.624821568839251995e-03
1.784687046892940998e-03
1.035118242725729942e-03
1.245739287696778774e-03
1.027237041853368282e-03
2.326232148334383965e-03
1.496243174187839031e-03
1.460398780182003975e-03
1.675395644269883633e-03
1.599622773937880993e-03
1.270746230147778988e-03
9.185651433654129505e-04
1.275179791264235973e-03
1.569811487570405006e-03
1.025803969241678715e-03
1.440791762433946133e-03
9.032764937728643417e-04
2.531545935198664665e-03
1.443192013539373875e-03
2.014987403526902199e-03
1.626740093342959881e-03
2.316429046913981438e-03
8.124535670503973961e-04
1.400147913955152035e-03
1.539410324767231941e-03
4.667821631301194429e-04
1.126269926317036152e-03
1.315497676841914654e-03
1.033007400110363960e-03
1.225013169459998608e-03
6.235899636521935463e-04
6.289171287789940834e-04
1.145942253060638905e-03
8.056088117882609367e-04
2.071487251669168472e-03
1.900532282888889313e-03
2.365022432059049606e-03
1.425769180059432983e-03
2.253790386021137238e-03
2.331837546080350876e-03
1.784954452887177467e-03
1.141311018727719784e-03
1.051191240549087524e-03
8.518885588273406029e-04
1.123437075875699520e-03
8.130091009661555290e-04
9.335103677585721016e-04
1.076955115422606468e-03
1.693484373390674591e-03
1.285386737436056137e-03
1.444106688722968102e-03
1.086676958948373795e-03
7.492746808566153049e-04
9.358365787193179131e-04
1.472062431275844574e-03
9.038407588377594948e-04
6.945069180801510811e-04
1.192865543998777866e-03
9.167398093268275261e-04
8.516067755408585072e-04
7.583663682453334332e-04
1.247382140718400478e-03
1.039428752847015858e-03
1.408546115271747112e-03
7.277868571691215038e-04
1.257642987184226513e-03
6.868198979645967484e-04
7.668101461604237556e-04
5.841947859153151512e-04
5.770267453044652939e-04
6.151209818199276924e-04
4.610955074895173311e-04
1.035170280374586582e-03
1.125322887673974037e-03
9.021669975481927395e-04
6.323499255813658237e-04
1.025820733048021793e-03
5.945946322754025459e-04
7.729018107056617737e-04
1.344403019174933434e-03
1.006664359010756016e-03
1.203980413265526295e-03
1.605258090421557426e-03
1.391686266288161278e-03
1.570559572428464890e-03
1.082359347492456436e-03
1.637201174162328243e-03
7.390352548100054264e-04
1.018509618006646633e-03
9.167406824417412281e-04
6.740505341440439224e-04
8.591684163548052311e-04
4.459329647943377495e-04
4.964097170159220695e-04
6.172849098220467567e-04
8.215675479732453823e-04
8.559586713090538979e-04
1.698113163001835346e-03
1.593993394635617733e-03
6.275722407735884190e-04
6.206760299392044544e-04
1.101065543480217457e-03
7.202755077742040157e-04
1.055758097209036350e-03
1.186077832244336605e-03
8.502910495735704899e-04
1.424804679118096828e-03
1.871460815891623497e-03
1.029155915603041649e-03
8.114402298815548420e-04
1.145795220509171486e-03
8.518114336766302586e-04
1.308014383539557457e-03
7.771649979986250401e-04
1.001772237941622734e-03
7.453978760167956352e-04
1.519697136245667934e-03
6.628640694543719292e-04
7.877607713453471661e-04
9.388759499415755272e-04
1.274509588256478310e-03
1.148072304204106331e-03
5.488967872224748135e-04
8.879970409907400608e-04
7.795878336764872074e-04
4.464874800760298967e-04
6.953582633286714554e-04
7.088872371241450310e-04
8.161470759660005569e-04
7.047880790196359158e-04
8.940417319536209106e-04
7.505000103265047073e-04
7.797863218002021313e-04
9.481825400143861771e-04
6.015468970872461796e-04
4.926145193167030811e-04
6.271888851188123226e-04
7.994409534148871899e-04
5.928298924118280411e-04
3.928492951672524214e-04
8.997104014270007610e-04
7.119480869732797146e-04
6.432789959944784641e-04
9.729175362735986710e-04
1.060556620359420776e-03
7.324587786570191383e-04
5.527197499759495258e-04
1.404555747285485268e-03
1.328641432337462902e-03
8.282641647383570671e-04
2.143605612218379974e-03
1.386381685733795166e-03
2.075962256640195847e-03
1.770410337485373020e-03
9.350843611173331738e-04
1.462576794438064098e-03
9.677209309302270412e-04
9.791926713660359383e-04
1.107450341805815697e-03
7.692147628404200077e-04
7.101011578924953938e-04
7.580283563584089279e-04
1.004501245915889740e-03
7.102453964762389660e-04
5.133348749950528145e-04
5.877205403521656990e-04
1.025097095407545567e-03
9.174220613203942776e-04
7.896064780652523041e-04
4.950457368977367878e-04
7.620061514899134636e-04
1.844539190642535686e-03
7.623244309797883034e-04
8.793983142822980881e-04
6.609168485738337040e-04
9.013385279104113579e-04
1.610359060578048229e-03
6.674241740256547928e-04
1.347756362520158291e-03
1.203500083647668362e-03
9.636703762225806713e-04
9.489961084909737110e-04
1.070778816938400269e-03
1.050884486176073551e-03
4.496775509323924780e-04
1.001851283945143223e-03
1.636944012716412544e-03
7.166795548982918262e-04
1.023511635139584541e-03
1.197811332531273365e-03
1.308056060224771500e-03
7.976022316142916679e-04
6.505947676487267017e-04
1.310038147494196892e-03
1.307351281866431236e-03
1.191891031339764595e-03
6.315156933851540089e-04
6.001692963764071465e-04
7.401891052722930908e-04
6.650332361459732056e-04
8.478070376440882683e-04
9.790544863790273666e-04
5.519491969607770443e-04
1.071678940206766129e-03
7.714294479228556156e-04
8.989804191514849663e-04
6.906872731633484364e-04
6.016385741531848907e-04
6.209301063790917397e-04
9.516713325865566730e-04
1.334299100562930107e-03
1.030972460284829140e-03
9.980429895222187042e-04
1.035563414916396141e-03
1.119887456297874451e-03
5.831870366819202900e-04
5.327643011696636677e-04
4.666454333346337080e-04
8.672038675285875797e-04
3.066260833293199539e-04
1.160394633188843727e-03
6.481492891907691956e-04
6.028083735145628452e-04
3.945240459870547056e-04
5.397693021222949028e-04
4.872319404967129230e-04
4.092892049811780453e-04
7.934833993203938007e-04
9.464806644245982170e-04
1.148655079305171967e-03
3.623365773819386959e-04
5.321170901879668236e-04
5.239329184405505657e-04
3.657563938759267330e-04
9.002467850223183632e-04
4.537653003353625536e-04
5.203344044275581837e-04
3.425754548516124487e-04
3.042490279767662287e-04
8.769476553425192833e-04
9.044338366948068142e-04
8.096105302684009075e-04
6.813247455283999443e-04
6.297150393947958946e-04
3.446940099820494652e-04
6.014634273014962673e-04
4.862801870331168175e-04
5.690694670192897320e-04
5.024987622164189816e-04
6.035411497578024864e-04
5.580369615927338600e-04
4.624305875040590763e-04
4.612302291207015514e-04
4.191441112197935581e-04
5.154101527296006680e-04
5.155250546522438526e-04
6.040212465450167656e-04
5.989233031868934631e-04
7.079910719767212868e-04
7.085698307491838932e-04
5.647609359584748745e-04
4.346377972979098558e-04
6.727902218699455261e-04
6.053555407561361790e-04
5.322426441125571728e-04
8.326306124217808247e-04
5.059523973613977432e-04
6.180829368531703949e-04
4.376526048872619867e-04
5.656431894749403000e-04
3.685492265503853559e-04
3.058288421016186476e-04
5.197671707719564438e-04
5.935809458605945110e-04
3.668275603558868170e-04
5.604942562058568001e-04
3.821149293798953295e-04
3.342675918247550726e-04
4.211280029267072678e-04
7.855159346945583820e-04
2.822780224960297346e-04
4.488591221161186695e-04
8.227790822274982929e-04
4.668483743444085121e-04
3.602187207434326410e-04
7.315652910619974136e-04
4.609112802427262068e-04
3.499812155496329069e-04
2.690415130928158760e-04
5.304410587996244431e-04
4.379908787086606026e-04
4.194539214950054884e-04
6.106938817538321018e-04
9.088306105695664883e-04
7.288514752872288227e-04
3.472022945061326027e-04
2.338417689315974712e-04
3.277515934314578772e-04
3.404342860449105501e-04
4.351246752776205540e-04
3.699013614095747471e-04
2.939929545391350985e-04
3.037776623386889696e-04
3.176743630319833755e-04
5.084191798232495785e-04
2.413599722785875201e-04
2.343887463212013245e-04
2.353104937355965376e-04
3.245285479351878166e-04
3.766613954212516546e-04
5.191298550926148891e-04
3.870286454912275076e-04
2.592037490103393793e-04
3.183414519298821688e-04
2.804952964652329683e-04
3.447755007073283195e-04
3.663703682832419872e-04
3.882301680278033018e-04
4.050867864862084389e-04
2.333900920348241925e-04
2.155524125555530190e-04
2.398389333393424749e-04
3.675366460811346769e-04
2.410825254628434777e-04
2.660628815647214651e-04
2.544348244555294514e-04
2.790782600641250610e-04
4.253997467458248138e-04
5.391740705817937851e-04
5.554171511903405190e-04
3.982740454375743866e-04
2.748582337517291307e-04
5.604415200650691986e-04
5.387307610362768173e-04
6.626416579820215702e-04
3.365307929925620556e-04
4.762199241667985916e-04
2.456547226756811142e-04
5.831588059663772583e-04
6.494834669865667820e-04
4.923556116409599781e-04
3.372817300260066986e-04
4.163359699305146933e-04
4.403077182359993458e-04
4.467949911486357450e-04
4.675895615946501493e-04
6.608684780076146126e-04
3.416449180804193020e-04
3.707074502017349005e-04
3.775522345677018166e-04
4.305217880755662918e-04
5.784808890894055367e-04
4.909272538498044014e-04
3.240585792809724808e-04
4.221609851811081171e-04
3.452936362009495497e-04
4.640279221348464489e-04
8.611724479123950005e-04
5.482123815454542637e-04
3.801519924309104681e-04
5.886170547455549240e-04
4.083973180968314409e-04
6.072212127037346363e-04
5.634489934891462326e-04
7.076190668158233166e-04
5.545062595047056675e-04
6.723140249960124493e-04
6.302245310507714748e-04
1.001729047857224941e-03
7.057117181830108166e-04
9.153488208539783955e-04
4.612427146639674902e-04
6.931367679499089718e-04
3.849723143503069878e-04
3.133424615953117609e-04
4.665582091547548771e-04
5.408032448031008244e-04
2.244801580673083663e-04
4.096494521945714951e-04
8.876807405613362789e-04
3.165421367157250643e-04
8.997868862934410572e-04
2.889601164497435093e-04
5.424912087619304657e-04
4.950783913955092430e-04
2.265059738419950008e-04
2.646065258886665106e-04
3.113723651040345430e-04
3.357760142534971237e-04
3.583399520721286535e-04
4.503998497966676950e-04
5.957650137133896351e-04
2.596723497845232487e-04
2.299360785400494933e-04
3.552904818207025528e-04
3.476332931313663721e-04
3.955841821152716875e-04
4.350672534201294184e-04
4.813998530153185129e-04
2.462764969095587730e-04
3.529447421897202730e-04
4.434736038092523813e-04
3.670127189252525568e-04
3.677654021885246038e-04
4.159419913776218891e-04
4.390984831843525171e-04
4.757207643706351519e-04
3.305710852146148682e-04
5.293691647239029408e-04
2.331331488676369190e-04
4.631528863683342934e-04
4.355492710601538420e-04
8.031230536289513111e-04
7.060589268803596497e-04
5.331201246008276939e-04
3.239839279558509588e-04
1.809509849408641458e-04
5.831014132127165794e-04
4.371853137854486704e-04
4.024423251394182444e-04
3.952910483349114656e-04
5.008498555980622768e-04
4.978959332220256329e-04
3.049138758797198534e-04
3.032405220437794924e-04
3.924435004591941833e-04
3.852342779282480478e-04
5.522425635717809200e-04
3.599254705477505922e-04
2.624873013701289892e-04
1.857559109339490533e-04
2.443957782816141844e-04
3.003180318046361208e-04
3.786079469136893749e-04
4.840818000957369804e-04
3.244061663281172514e-04
3.287088475190103054e-04
2.582459128461778164e-04
4.995535709895193577e-04
3.722065011970698833e-04
2.403007965767756104e-04
4.678381083067506552e-04
3.822243015747517347e-04
3.968070668634027243e-04
3.213677555322647095e-04
7.126239943318068981e-04
4.307104973122477531e-04
3.769173345062881708e-04
2.906645531766116619e-04
4.725085746031254530e-04
6.791073246859014034e-04
2.570645301602780819e-04
2.527151664253324270e-04
2.225575735792517662e-04
2.542017609812319279e-04
2.259226021124050021e-04
2.499083348084241152e-04
2.116499672411009669e-04
2.794340252876281738e-04
3.677029744721949100e-04
2.228679368272423744e-04
3.463206230662763119e-04
2.400755620328709483e-04
2.915830991696566343e-04
5.589762004092335701e-04
3.845813334919512272e-04
3.478186554275453091e-04
2.681622572708874941e-04
4.628241003956645727e-04
4.668845795094966888e-04
2.450395550113171339e-04
3.904633340425789356e-04
4.282110603526234627e-04
2.897504309657961130e-04
1.994056219700723886e-04
4.624166176654398441e-04
4.443354264367371798e-04
4.211533814668655396e-04
2.670457761269062757e-04
3.345576405990868807e-04
2.444396377541124821e-04
2.423917030682787299e-04
2.547551703173667192e-04
2.405008708592504263e-04
4.108082212042063475e-04
1.848126994445919991e-04
4.162860568612813950e-04
3.217620542272925377e-04
3.137319581583142281e-04
2.576352853793650866e-04
3.942998300772160292e-04
2.167038765037432313e-04
2.961008576676249504e-04
2.763282973319292068e-04
1.888976839836686850e-04
2.815141342580318451e-04
3.528606612235307693e-04
2.728993422351777554e-04
2.456043439451605082e-04
2.368552814004942775e-04
1.869061088655143976e-04
1.600251707714051008e-04
1.242860307684168220e-04
3.541921614669263363e-04
2.872752957046031952e-04
2.816485066432505846e-04
2.453755878377705812e-04
2.505394804757088423e-04
2.345687535125762224e-04
5.008309381082653999e-04
2.058642712654545903e-04
2.453024790156632662e-04
2.004307025345042348e-04
1.837513555074110627e-04
2.539635170251131058e-04
1.991244789678603411e-04
2.758954942692071199e-04
1.343444746453315020e-04
1.995435595745220780e-04
2.481756091583520174e-04
3.470853844191879034e-04
1.526589476270601153e-04
2.221655013272538781e-04
2.154223911929875612e-04
2.519308472983539104e-04
1.306965423282235861e-04
2.863359404727816582e-04
1.531838061055168509e-04
1.864297519205138087e-04
1.062243318301625550e-04
2.217836881754919887e-04
3.361413546372205019e-04
3.456291451584547758e-04
2.093655348289757967e-04
2.892368356697261333e-04
2.404087426839396358e-04
1.726068003335967660e-04
1.179137543658725917e-04
2.144789032172411680e-04
1.274694950552657247e-04
1.859253970906138420e-04
2.736508904490619898e-04
3.318097442388534546e-04
2.524253504816442728e-04
1.909716374939307570e-04
1.552092289784923196e-04
1.669945049798116088e-04
1.588095910847187042e-04
2.274663129355758429e-04
1.700323482509702444e-04
2.513719955459237099e-04
3.570057742763310671e-04
2.812638122122734785e-04
2.214201231254264712e-04
2.358805213589221239e-04
2.357691701035946608e-04
2.625022607389837503e-04
1.588712329976260662e-04
3.377025714144110680e-04
3.343557182233780622e-04
2.603550965432077646e-04
2.978402189910411835e-04
1.568373554619029164e-04
1.554000627947971225e-04
3.265216946601867676e-04
4.104696272406727076e-04
2.939096011687070131e-04
2.121869911206886172e-04
1.987112045753747225e-04
1.347096549579873681e-04
2.022305998252704740e-04
1.989851007238030434e-04
3.294789930805563927e-04
4.883623332716524601e-04
3.102517803199589252e-04
2.403592225164175034e-04
4.165204009041190147e-04
2.091317874146625400e-04
2.755989553406834602e-04
4.712445952463895082e-04
2.431054017506539822e-04
2.108720655087381601e-04
2.679800672922283411e-04
2.420407108729705215e-04
2.777421614155173302e-04
3.071076353080570698e-04
2.720953198149800301e-04
2.872699697036296129e-04
2.180776937166228890e-04
3.283833793830126524e-04
1.890193379949778318e-04
2.385195257375016809e-04
3.299130476079881191e-04
2.323401276953518391e-04
2.411503664916381240e-04
2.660445752553641796e-04
3.139561740681529045e-04
2.613477408885955811e-04
2.891613985411822796e-04
2.719168551266193390e-04
1.157587466877885163e-04
1.560935052111744881e-04
5.503706634044647217e-04
1.637810928514227271e-04
3.090337850153446198e-04
5.507065798155963421e-04
2.395294432062655687e-04
2.596866979729384184e-04
1.559599186293780804e-04
1.732713717501610518e-04
5.457844818010926247e-04
3.086257493123412132e-04
3.198031336069107056e-04
2.659272286109626293e-04
4.070849390700459480e-04
3.171975840814411640e-04
2.078594261547550559e-04
3.553324786480516195e-04
9.005750325741246343e-05
1.188754467875696719e-04
3.808091860264539719e-04
1.947665150510147214e-04
1.776574645191431046e-04
1.743899629218503833e-04
1.859527255874127150e-04
2.351392176933586597e-04
1.840266049839556217e-04
2.994818787556141615e-04
2.734635490924119949e-04
1.434452278772369027e-04
1.354337000520899892e-04
1.028352489811368287e-04
8.359464845852926373e-05
2.072964271064847708e-04
1.126793649746105075e-04
1.569185988046228886e-04
2.819813962560147047e-04
1.954128092620521784e-04
1.978399668587371707e-04
1.427366223651915789e-04
1.077514680218882859e-04
1.563402765896171331e-04
1.352764811599627137e-04
1.195848599309101701e-04
2.027077571256086230e-04
1.943463139468804002e-04
1.356357388431206346e-04
1.804196799639612436e-04
1.052867955877445638e-04
1.049054553732275963e-04
1.726883201627060771e-04
1.991108292713761330e-04
1.162542321253567934e-04
1.161884647444821894e-04
1.491870498284697533e-04
1.677517138887196779e-04
1.793665724107995629e-04
1.352715044049546123e-04
1.263626327272504568e-04
2.685020735953003168e-04
1.203483479912392795e-04
1.571631146362051368e-04
1.309232611674815416e-04
1.168941889773122966e-04
8.607855124864727259e-05
3.365974407643079758e-04
5.710699479095637798e-04
4.804474301636219025e-04
4.110537702217698097e-04
1.349207450402900577e-04
1.981923414859920740e-04
2.098035911330953240e-04
1.090603764168918133e-04
1.589230232639238238e-04
3.252900787629187107e-04
3.383194271009415388e-04
3.498064179439097643e-04
1.599459938006475568e-04
1.771025708876550198e-04
5.209498340263962746e-05
2.801504451781511307e-04
1.621729170437902212e-04
1.357431174255907536e-04
8.350506686838343740e-05
7.253251533256843686e-05
1.159509847639128566e-04
8.197958231903612614e-05
1.215002048411406577e-04
1.570251915836706758e-04
1.091674275812692940e-04
2.928705944214016199e-04
8.826160774333402514e-05
1.162298794952221215e-04
2.731382846832275391e-04
1.269970380235463381e-04
1.058223278960213065e-04
1.331740204477682710e-04
8.197213901439681649e-05
3.491987299639731646e-04
2.575548423919826746e-04
1.761826279107481241e-04
2.794398751575499773e-04
1.655291125643998384e-04
1.898326736409217119e-04
3.679727087728679180e-04
2.007378934649750590e-04
1.061079456121660769e-04
1.599628449184820056e-04
1.453392760595306754e-04
9.606196545064449310e-05
5.054949360783211887e-05
1.622765121283009648e-04
1.212559291161596775e-04
1.221335114678367972e-04
8.089801849564537406e-05
1.111493111238814890e-04
1.944023679243400693e-04
1.062160808942280710e-04
2.066123270196840167e-04
8.503831486450508237e-05
1.849374093580991030e-04
7.374213600996881723e-05
2.092951035592705011e-04
2.011773467529565096e-04
3.621455471147783101e-05
1.254852395504713058e-04
1.984195696422830224e-04
2.203075273428112268e-04
1.633359061088413000e-04
1.155556819867342710e-04
2.321071515325456858e-04
3.936011926271021366e-04
1.795890566427260637e-04
1.174377903225831687e-04
4.986687054042704403e-05
6.513293919852003455e-05
5.874665293958969414e-05
2.244345159851945937e-05
5.229242742643691599e-05
3.274086702731437981e-05
3.985043076681904495e-05
3.847056359518319368e-05
2.230741301900707185e-05
6.009644857840612531e-05
2.973785376525484025e-05
9.628209954826161265e-05
4.743616591440513730e-05
1.015150119201280177e-04
6.790833867853507400e-05
2.403537109785247594e-05
6.373285577865317464e-05
4.605936192092485726e-05
1.752820826368406415e-04
3.844148159259930253e-05
2.812804632412735373e-05
7.432339771185070276e-05
3.177242979290895164e-05
6.338262755889445543e-05
5.242907354841008782e-05
1.300932781305164099e-04
3.806786116911098361e-05
4.425013321451842785e-05
4.804845593753270805e-05
8.369976421818137169e-05
9.260941624233964831e-06
7.354960689553990960e-05
4.234662628732621670e-05
8.066705049714073539e-05
6.561044574482366443e-05
1.937543311214540154e-05
2.498503090464510024e-05
3.289146116003394127e-05
9.387928912474308163e-06
6.163643411127850413e-05
2.459880670357961208e-05
1.047452315106056631e-05
5.368471829569898546e-05
2.498365756764542311e-05
1.759049337124451995e-05
4.632103809854015708e-05
2.225714160886127502e-05
1.665938498263130896e-06
2.354314892727416009e-05
1.101875750464387238e-04
6.689857400488108397e-06
6.879260126879671589e-06
5.788902490166947246e-05
3.501541505102068186e-05
8.227384569181594998e-06
4.903666922473348677e-05
3.264584620410460047e-06
4.863765934715047479e-05
3.608007682487368584e-05
2.310146328454720788e-06
4.458551120478659868e-05
3.080387250520288944e-05
3.036745329154655337e-05
3.068318255827762187e-05
2.894305362133309245e-05
1.311040705331834033e-06
1.324094682786380872e-05
1.895509631140157580e-04
3.293398185633122921e-05
3.090360110036272090e-07
6.558633458553231321e-07
2.072902680083643645e-05
2.944642858437873656e-07
4.158928845754417125e-07
2.058660131254441694e-09
3.228085176942840917e-07
2.121839770552469417e-07
2.579562715254724026e-04
