# (3726,)
0.000000000000000000e+00
0.000000000000000000e+00
0.000000000000000000e+00
0.000000000000000000e+00
0.000000000000000000e+00
0.000000000000000000e+00
0.000000000000000000e+00
0.000000000000000000e+00
0.000000000000000000e+00
0.000000000000000000e+00
0.000000000000000000e+00
0.000000000000000000e+00
0.000000000000000000e+00
0.000000000000000000e+00
0.000000000000000000e+00
0.000000000000000000e+00
0.000000000000000000e+00
0.000000000000000000e+00
0.000000000000000000e+00
0.000000000000000000e+00
0.000000000000000000e+00
0.000000000000000000e+00
0.000000000000000000e+00
0.000000000000000000e+00
0.000000000000000000e+00
0.000000000000000000e+00
0.000000000000000000e+00
0.000000000000000000e+00
0.000000000000000000e+00
0.000000000000000000e+00
0.000000000000000000e+00
0.000000000000000000e+00
0.000000000000000000e+00
0.000000000000000000e+00
0.000000000000000000e+00
0.000000000000000000e+00
0.000000000000000000e+00
0.000000000000000000e+00
0.000000000000000000e+00
0.000000000000000000e+00
0.000000000000000000e+00
0.000000000000000000e+00
0.000000000000000000e+00
0.000000000000000000e+00
0.000000000000000000e+00
0.000000000000000000e+00
0.000000000000000000e+00
0.000000000000000000e+00
0.000000000000000000e+00
0.000000000000000000e+00
0.000000000000000000e+00
0.000000000000000000e+00
0.000000000000000000e+00
0.000000000000000000e+00
0.000000000000000000e+00
0.000000000000000000e+00
0.000000000000000000e+00
0.000000000000000000e+00
0.000000000000000000e+00
0.000000000000000000e+00
0.000000000000000000e+00
0.000000000000000000e+00
0.000000000000000000e+00
0.000000000000000000e+00
0.000000000000000000e+00
0.000000000000000000e+00
0.000000000000000000e+00
0.000000000000000000e+00
0.000000000000000000e+00
0.000000000000000000e+00
0.000000000000000000e+00
0.000000000000000000e+00
0.000000000000000000e+00
0.000000000000000000e+00
0.000000000000000000e+00
0.000000000000000000e+00
0.000000000000000000e+00
0.000000000000000000e+00
0.000000000000000000e+00
0.000000000000000000e+00
0.000000000000000000e+00
0.000000000000000000e+00
0.000000000000000000e+00
0.000000000000000000e+00
0.000000000000000000e+00
0.000000000000000000e+00
0.000000000000000000e+00
0.000000000000000000e+00
0.000000000000000000e+00
0.000000000000000000e+00
0.000000000000000000e+00
0.000000000000000000e+00
0.000000000000000000e+00
0.000000000000000000e+00
0.000000000000000000e+00
0.000000000000000000e+00
0.000000000000000000e+00
0.000000000000000000e+00
0.000000000000000000e+00
0.000000000000000000e+00
0.000000000000000000e+00
0.000000000000000000e+00
0.000000000000000000e+00
0.000000000000000000e+00
0.000000000000000000e+00
0.000000000000000000e+00
0.000000000000000000e+00
0.000000000000000000e+00
0.000000000000000000e+00
0.000000000000000000e+00
0.000000000000000000e+00
0.000000000000000000e+00
0.000000000000000000e+00
0.000000000000000000e+00
0.000000000000000000e+00
0.000000000000000000e+00
0.000000000000000000e+00
0.000000000000000000e+00
0.000000000000000000e+00
0.000000000000000000e+00
0.000000000000000000e+00
0.000000000000000000e+00
0.000000000000000000e+00
0.000000000000000000e+00
0.000000000000000000e+00
0.000000000000000000e+00
0.000000000000000000e+00
0.000000000000000000e+00
0.000000000000000000e+00
0.000000000000000000e+00
0.000000000000000000e+00
0.000000000000000000e+00
0.000000000000000000e+00
0.000000000000000000e+00
0.000000000000000000e+00
0.000000000000000000e+00
0.000000000000000000e+00
0.000000000000000000e+00
3.016359406391080356e+00
3.019927009926915318e+00
4.525179474467628360e+00
8.511323587388173184e-01
8.382547240079137874e-01
4.806978570679817930e-02
2.077331427577208331e-02
2.076046526114511820e-02
6.302342868165180211e-03
7.160946083732990658e-03
8.457052713706537939e-03
1.997707040775430193e-05
1.994004675962134736e-05
3.573938363550148434e-02
9.649784920097740845e-03
9.629216398299764168e-03
7.222712331552615106e-02
2.492518304588646136e-02
2.485303389758020121e-02
5.783331623491539952e-01
1.642358159532932829e-04
3.547441792699680685e-02
5.815975640307852017e-03
2.212632190998098033e-02
4.227976788464754901e-04
4.224613712885452168e-04
7.730690570456409672e-02
4.428900071325519105e-04
4.431480730471611270e-04
5.080729639176895216e-08
5.082257415128033691e-08
6.729427763968648391e-03
2.411231539970894015e-04
1.340525193865836325e-03
1.624316133888141500e-02
1.623571954701609477e-02
6.690983298005664590e-03
6.605404236243314457e-03
2.959319728626125592e-02
2.962412085545697640e-02
8.588045200637569807e-03
1.395340833151994912e-02
9.494870225811411976e-03
5.218788135948391679e-03
2.584789673001501291e-06
2.583846062767730495e-06
2.441762587009329265e-03
3.821318112885857109e-03
4.410382723745552439e-04
4.413692805211079113e-04
2.326446645929856546e-02
2.334333193408259788e-02
4.819112170512150801e-03
4.116389315575916946e-02
4.121451123526070209e-02
1.370405776257026427e-02
2.665095397839316316e-03
4.328050765888459431e-05
6.345689902360262744e-03
1.505025767552303024e-04
1.501910408951949850e-04
1.193174941525105941e-02
1.513176795353925880e-02
1.142953841682963455e-02
1.143280360945956448e-02
5.295744531641678396e-03
1.086462864123378328e-04
1.082042707964342361e-04
1.244495160250330690e-02
7.998248927674211223e-03
1.327321033667732894e-02
1.732260787398528764e-03
1.729180719642455953e-03
5.296155297935645456e-06
5.300962791983581396e-06
6.216324746683872353e-03
1.792664443040545459e-03
2.811633717789879198e-03
1.194316281846075295e-03
1.427390424689890417e-06
1.426110991024842998e-06
2.880549789560541706e-05
1.643749843325447103e-06
1.634002511302796329e-06
1.235077554063718957e-03
6.813580932034817884e-04
4.126036753924897074e-06
4.123747431174609710e-06
3.626753907460996025e-03
2.047510235205882764e-03
5.864692349745115434e-06
5.879514954388893183e-06
1.282339243587689477e-05
1.336902332034578905e-06
2.500836351102300975e-04
2.554699947865947634e-04
3.491522383110770155e-04
7.730375321696135167e-06
1.889534724610337002e-05
1.897677431447953493e-05
1.005485694590520842e-04
1.006587930953333279e-04
5.606736211621613430e-04
1.213404558024934189e-04
1.430758441137318967e-04
1.439168842735840802e-04
5.074229444716774154e-05
1.768411683329479343e-10
2.122266605815913676e-06
1.321952845937095374e-04
1.322017969501202664e-04
5.615255106151846576e-05
1.770533848905789183e-08
1.814534881526964826e-07
2.615239931055155052e-06
2.861563009393726979e-06
2.861036348627100778e-06
7.217127343606056145e-05
9.042744196822578750e-06
8.040755106574592320e-05
5.763672370823098585e-05
5.767787158871519939e-05
1.524130334703182384e-04
1.544696400073713874e-04
6.157772582007564433e-06
6.171993645139589416e-06
7.155052899026583107e-06
7.160653608364158270e-06
1.571952773919857327e-05
1.194619369492199988e-05
6.303740488617931169e-05
2.379815845302268851e-04
7.767778018342878842e-05
1.485616965474087345e-06
1.477862287316316789e-06
9.010197858595856042e-05
3.529144551975756280e-06
3.549822367156308723e-06
3.016358797834976624e+00
3.019927470027762073e+00
4.525179233865994632e+00
8.511322313087152924e-01
8.382550211513105642e-01
4.806978494018153414e-02
2.077331472699634612e-02
2.076046535939270882e-02
6.302341087762715864e-03
7.160944431910828099e-03
8.457052646549830660e-03
1.997707075151649106e-05
1.994004579355221390e-05
3.573938511313180105e-02
9.649786851438177382e-03
9.629218296017382633e-03
7.222712361708653883e-02
2.492518537193012113e-02
2.485302793395068738e-02
5.783331298664148301e-01
1.642358183207171668e-04
3.547441887430231172e-02
5.815975798935529850e-03
2.212632164190787495e-02
4.227976586703845489e-04
4.224613774546280521e-04
7.730690031919308647e-02
4.428900076917966183e-04
4.431480629758326444e-04
5.080729799964676274e-08
5.082257490046976218e-08
6.729427598624918364e-03
2.411231563074683133e-04
1.340525380429492992e-03
1.624316112623559044e-02
1.623571930907954583e-02
6.690982527298519784e-03
6.605404121862147593e-03
2.959319742687866253e-02
2.962412157407893695e-02
8.588040533131115553e-03
1.395340696432817787e-02
9.494870256255004068e-03
5.218787645026173004e-03
2.584789808292697838e-06
2.583846463239900721e-06
2.441762260480195672e-03
3.821317846518858773e-03
4.410382921143728803e-04
4.413692995385744408e-04
2.326446767350487041e-02
2.334333521366201841e-02
4.819112117810337402e-03
4.116389192690716320e-02
4.121451814430589222e-02
1.370405856727057586e-02
2.665094425001869431e-03
4.328051456842020751e-05
6.345690222580512366e-03
1.505025894325772676e-04
1.501910648227776379e-04
1.193175023510955474e-02
1.513176818973258758e-02
1.142954024801153164e-02
1.143280504578561389e-02
5.295744868053427548e-03
1.086462812083667626e-04
1.082042657278688770e-04
1.244494830133496301e-02
7.998247269939874268e-03
1.327321370123370377e-02
1.732260821001655338e-03
1.729180444897381172e-03
5.296153312369316791e-06
5.300961612241938682e-06
6.216324791133238416e-03
1.792664413852485070e-03
2.811633691494195685e-03
1.194316240229064676e-03
1.427390384862938679e-06
1.426110863801654967e-06
2.880554949084178761e-05
1.643750054777233114e-06
1.634002692846659794e-06
1.235077580519242709e-03
6.813580693994503428e-04
4.126036326980222764e-06
4.123746972476247383e-06
3.626754325507399509e-03
2.047510180075184580e-03
5.864692448685615222e-06
5.879514669709894025e-06
1.282339201086079336e-05
1.336902184697515057e-06
2.500837272583336440e-04
2.554699785867646576e-04
3.491522493911787496e-04
7.730375898984252447e-06
1.889535029869460035e-05
1.897677861852876485e-05
1.005485853822212801e-04
1.006588129207064013e-04
5.606736296579624109e-04
1.213404568202983320e-04
1.430758539931628560e-04
1.439168751250388234e-04
5.074102721288537482e-05
1.768411508400831680e-10
2.122266573045036074e-06
1.321952851499945088e-04
1.322018013389361017e-04
5.615254866692664384e-05
1.770533766438865917e-08
1.814534897982324450e-07
2.615239937430606875e-06
2.861563013457553467e-06
2.861036360236186223e-06
7.217126770400906350e-05
9.042745054864850289e-06
8.040755100873757009e-05
5.763673015367445544e-05
5.767787724676456615e-05
1.524130252035488622e-04
1.544696470086741639e-04
6.157767907855767009e-06
6.171996043115220718e-06
7.155052671080144832e-06
7.160653276138457937e-06
1.571952789744514450e-05
1.194619442100505939e-05
6.303741400119756793e-05
2.379815651427676093e-04
7.767778023793488423e-05
1.485617059304825092e-06
1.477862291486619765e-06
9.010197789058205123e-05
3.529144180420739030e-06
3.549822427232969658e-06
5.985188410507272633e-19
1.383137714925558814e-18
1.186288528700421643e-18
2.241518915618789675e-19
1.507754695971465126e-19
3.029285688746426123e-19
6.758504968749770165e-19
4.222038510842638758e-19
5.159698708202876712e-19
5.410615070562185495e-21
4.892935070676110834e-22
2.389965256796724458e-19
1.100952448932974743e-18
1.417471187719125640e-18
6.770481932039278532e-20
2.441531985336165592e-21
5.576174892023249493e-19
2.273984704384798419e-20
1.273558513745301679e-18
9.486738900117430686e-20
5.828779712914372589e-20
3.252210182679910564e-19
1.712276160282365331e-19
1.086577177506402409e-18
4.143948961551135314e-21
7.272324752305706824e-19
6.984865754493732581e-20
3.579629569535572362e-21
8.352787067941319102e-19
2.684406843168341349e-19
3.228531866275245141e-22
9.352767629495876990e-20
2.594672797339191503e-19
2.275700071167035097e-19
8.619472274735469889e-19
3.377339242278940432e-20
5.707034622172114828e-20
9.763319607920883029e-21
6.464011159606625527e-19
4.350731560373768419e-23
1.002587606297367724e-18
4.646310510973904917e-21
4.304846253098870443e-22
7.386753416976801481e-20
2.937498198200408078e-21
5.823371962512567840e-19
2.689460615410198905e-19
7.210753085738992916e-20
1.068356482820547907e-20
2.915555729175140364e-20
3.432163803146169031e-20
2.890272935180264313e-20
1.418218844306945189e-20
4.043661124406712446e-22
2.903785021454044056e-19
1.363181015842496804e-19
1.199170894224873688e-20
2.815682404515314310e-21
1.655631259387063710e-19
1.741627372898327371e-20
1.127004702640412956e-19
2.575150250587988250e-21
5.529796299737537585e-21
3.116650439413958024e-20
7.639303800480429747e-19
6.388690022907254067e-20
3.923957779701369632e-22
5.051133420334167129e-21
2.387095219808815321e-20
1.477548480347248137e-20
1.571313107125677632e-16
1.327534102340266710e-16
6.808699850376140456e-19
5.006256808883518186e-22
9.490680201360457092e-23
8.822704565954333389e-23
8.938573548681711101e-21
5.817563515350805604e-21
5.709166116579618002e-21
4.135855389865007663e-21
2.612555290539406164e-19
4.959014844420040256e-18
2.398565094851041852e-21
4.832983297131596902e-18
1.685731611809667987e-20
1.717076166978988929e-21
3.966127348620280175e-23
1.094028271661971989e-21
1.910555420527912829e-22
1.874311488885727810e-20
1.696687480049192814e-21
1.022934902908818091e-23
1.265201048829479298e-21
1.421196399260496419e-21
1.698663524443631686e-21
5.109504276635793941e-24
1.148941620292078550e-20
3.790688224403143039e-22
1.693755116217222745e-21
7.127918530848058052e-22
9.065199750504660132e-20
2.254861314449745699e-26
3.957328965324808165e-20
2.679139479179717470e-20
2.236257584597257844e-21
3.465191767813450979e-21
1.553725344526028859e-21
2.276823184846727323e-20
3.163137917585399516e-21
3.177339754548053356e-21
3.822038240522563263e-21
3.080429269328569303e-21
3.048067323129974460e-21
9.246857053351482508e-21
8.616527175472705456e-20
2.273533743055734601e-20
3.751257219701165461e-21
4.080202602975181747e-24
7.831693597859781296e-21
5.474000008072557376e-22
7.639604173117790392e-22
3.461900617423913071e-23
5.510929494734209962e-21
5.196407099962710468e-23
7.636939605339794112e-23
4.687898108029735986e-22
7.853106455054912977e-22
6.296759568632803635e-21
5.795928806646295831e-22
9.945855946145056777e-21
1.163898336368191746e-22
1.715323314186520352e-21
7.576681584441809669e-22
1.992704779890073251e-20
2.520618503899360039e-21
3.473517858480014708e-21
1.578511235030283180e-20
3.918402197948094144e-22
5.366706043915461244e-01
8.597377970644476397e-01
6.341978348613541705e-02
4.100690163233718794e-02
6.202346474237578969e-03
1.712459565559188573e-02
1.030540811418127367e+00
1.743357357339279656e-01
1.711224134020470355e-01
1.473377413173560316e-02
2.417655510288104284e-02
8.893552120504794826e-04
1.489549133382701319e-03
1.404907786137193698e-03
1.420779954392643039e-04
1.220718307616556770e-03
2.217638100395776402e-03
6.809477989584928302e-03
7.807013605899325304e-03
2.146124894973185093e-03
1.434257000185394486e-04
3.692833844241629609e-02
1.699172636129002434e-02
3.400813462289387469e-04
1.912964088797343420e-02
1.501136912020079820e-03
1.984532750463772403e-04
1.071180672031325429e-02
9.482989990483953498e-09
2.478030698621964305e-04
5.157296388440831789e-05
5.642076028858207699e-03
6.513244435991464567e-04
2.128733713526806057e-03
1.902504474760709913e-02
7.239319296784054066e-03
4.368329302107015408e-03
2.949239606010014073e-04
1.061255412159906562e-03
6.328150723290060231e-02
3.934371394014743450e-03
4.861083741815149656e-03
1.260135665228467594e-01
9.641507513644669014e-03
2.948450662393417056e-03
3.183878887081609895e-05
3.209110099741291523e-05
3.251747099172718793e-03
3.447908349155987505e-03
7.910794670932713756e-04
3.605370621952822571e-04
1.565025534081572467e-02
2.554934535889700695e-05
4.834490270896860814e-03
2.178415298311000420e-03
1.579972799557383047e-04
4.429196378729653369e-03
2.001086755787989061e-03
5.824060044100096666e-03
5.182934489009367006e-03
8.020847751065925818e-03
2.793754401160137082e-03
3.827242654845107624e-05
1.036490466697905476e-02
4.241764940969850080e-03
3.218706343206971168e-05
6.726932518945179934e-03
1.903080887764272441e-04
1.006434278617475256e-05
2.537564446174372153e-04
1.942030056624717473e-03
7.811319682698702202e-04
5.804718663503752752e-04
1.023949939678533028e-03
1.044389415378083226e-03
1.221224007402505179e-03
9.118468644951629662e-04
6.683999827882407306e-04
1.825984206897676514e-04
1.046947351909284377e-03
1.455047708495554819e-06
1.342849679662629994e-08
2.346067592226370394e-04
1.367140694675036277e-04
1.334568985078090448e-03
2.893097182133274421e-07
1.587446947973784420e-06
2.576111228538213380e-03
5.324225836100079283e-04
1.161181564448104638e-03
2.162835190164189025e-05
2.767346249476235076e-06
1.111186449038505695e-05
8.839784850157876293e-06
4.938792041251056622e-06
1.376100445651276625e-04
1.757423235123444622e-04
3.653922845657994187e-07
2.685142667879421166e-06
2.726809440525266548e-06
1.658344867770598969e-08
2.792478029626679797e-05
2.653655967589413529e-06
2.619383409787651410e-07
1.277744950561658509e-05
7.921636190340418523e-05
2.226627210139115430e-04
4.788931703528415579e-05
1.820899738932968832e-05
1.119788058566808893e-05
2.756770009083842925e-05
7.418029090207878217e-06
1.080622823535976964e-05
1.676785375387665058e-05
7.321768674189120868e-06
9.303241192129012071e-06
8.259571692821775159e-05
9.156520643416488244e-05
2.655353133881152271e-05
2.452618909227251225e-05
1.290381129570693710e-05
8.880315771475016134e-06
1.054171064441523617e-05
7.992468710997466342e-06
3.209501713714240994e-05
2.473767729779258867e-05
6.677483361637314483e-06
4.944108264296465060e-06
3.630177976344919157e-06
8.286882619979837514e-06
3.529407580375952107e-05
3.845724760005512480e-05
4.975304443805723739e-06
2.150172270135818522e-06
3.321381379112841285e-05
3.206514616563134820e-06
1.589717180266197829e-05
1.703373834258243640e-06
5.364355978605336306e-01
8.667970056876386220e-01
6.355471096206130599e-02
4.140672647978677068e-02
6.171702067497069830e-03
1.705272017008815921e-02
1.033584199534145487e+00
1.744360415906287265e-01
1.720529122085194262e-01
1.474715849031319609e-02
2.412295242858020217e-02
8.904523215921970099e-04
1.493012221319194466e-03
1.400205933978007633e-03
1.421482201248537103e-04
1.216804572582391806e-03
2.219685735448675805e-03
6.831783763739851002e-03
7.815218257149786352e-03
2.144218859118227332e-03
1.433817049291220890e-04
3.683721888285999835e-02
1.709191423957728134e-02
3.399900857707743016e-04
1.908335151068324409e-02
1.501363323383647034e-03
1.985194079184502401e-04
1.072521444578126634e-02
9.379070298529559127e-09
2.479932676060663845e-04
5.162558879429508661e-05
5.669911553860528322e-03
6.499807268098620585e-04
2.123406317430636455e-03
1.903773788139006065e-02
7.203832792177756843e-03
4.379649340718212540e-03
2.938529523308965876e-04
1.063602698764913850e-03
6.369243006807544238e-02
3.922981332463432516e-03
4.877234148796701779e-03
1.259153966776325462e-01
9.662847878701598045e-03
2.947821564101567315e-03
3.176771110217944878e-05
3.213218789214258966e-05
3.250608369762870813e-03
3.444984224987766592e-03
7.921107558153102444e-04
3.552063254475234773e-04
1.566677216363627709e-02
2.559575854891493597e-05
4.842660982294712951e-03
2.205808566825505444e-03
1.589395532775530085e-04
4.438217923801356102e-03
1.995536500535140256e-03
5.826441026986501487e-03
5.172075053388528777e-03
7.977840999095202335e-03
2.800339962201153603e-03
3.830847675105565273e-05
1.036240511718766917e-02
4.260069386368408630e-03
3.201523465097751988e-05
6.765860021733873658e-03
1.903905018822437160e-04
1.005410945059153159e-05
2.513550138356465311e-04
1.917448479371353359e-03
7.794668720370234640e-04
5.719680506344937323e-04
1.011186037606758275e-03
1.066629515319157716e-03
1.226079925635289699e-03
9.055592227436698709e-04
6.679118820515099388e-04
1.823943007768325875e-04
1.046199971652254359e-03
1.438889774575157252e-06
1.343004033157724907e-08
2.337743523411938340e-04
1.374678574734739293e-04
1.349077337620714113e-03
2.904314852845873746e-07
1.587186882382215232e-06
2.575852266668089523e-03
5.340121816640031180e-04
1.161236521014063659e-03
2.166005059212192517e-05
2.770455610129991292e-06
1.107171456185288426e-05
8.832869422439400031e-06
4.948310408204840705e-06
1.393980809499378837e-04
1.749051842268286639e-04
3.649581446834944409e-07
2.675455003206748443e-06
2.729924294894938314e-06
1.661791807093395755e-08
2.832399467860766796e-05
2.653440988967806617e-06
2.638068752229047380e-07
1.282146970565294603e-05
7.930770673374316069e-05
2.232501941351395830e-04
4.761686912597799386e-05
1.819227378980265602e-05
1.117644299633903336e-05
2.756220945586521730e-05
7.434993461230821416e-06
1.079149383611239282e-05
1.674724161549516637e-05
7.326483344954167161e-06
9.315470874268792369e-06
8.318050531546412744e-05
9.200147506020639877e-05
2.679236822140216461e-05
2.455463602097212800e-05
1.300159598310313610e-05
8.906219838519610377e-06
1.037231389611492141e-05
7.811097369033067044e-06
3.126691400755194456e-05
2.465794442285488690e-05
6.705328396507102613e-06
4.951807444548519976e-06
3.628044244402702985e-06
8.350094760618622411e-06
3.532532215834757034e-05
3.857785057940878653e-05
4.989283133393363307e-06
2.144588774790429879e-06
3.323039565773232453e-05
3.215394676338193061e-06
1.593831161090672073e-05
1.697824711499007049e-06
5.985067057631843472e-19
1.383142085314391976e-18
1.186290910145813517e-18
2.241611727970765537e-19
1.507716560340728890e-19
3.029277456101753230e-19
6.758529697322418885e-19
4.221961595739043315e-19
5.159715255086535487e-19
5.411082189555395799e-21
4.892590495005205492e-22
2.390099695672677321e-19
1.100855141835329219e-18
1.417392913743781001e-18
6.770590907360949261e-20
2.441175535810198666e-21
5.576308914185094139e-19
2.274178328839319196e-20
1.273586128629993665e-18
9.487333494241693389e-20
5.828778008259607579e-20
3.252226379857668565e-19
1.712269783773162939e-19
1.086569430132542635e-18
4.144807746899921867e-21
7.272334313868400104e-19
6.984581336850938084e-20
3.580222502657374087e-21
8.352782563233007490e-19
2.684440164074475715e-19
3.227435061387483692e-22
9.352766318865896336e-20
2.594675079446974020e-19
2.275706810598317320e-19
8.619435378256667816e-19
3.377423711008901012e-20
5.707028769608307965e-20
9.763085443921577401e-21
6.463976061020652840e-19
4.349498759236135368e-23
1.002582466858416321e-18
4.646219945287010161e-21
4.305885238187318895e-22
7.386717793456998591e-20
2.937699205039538581e-21
5.823392230685934510e-19
2.689444022152004629e-19
7.210692039584922347e-20
1.068351379008916860e-20
2.915508520297873417e-20
3.431875821212006142e-20
2.890702842222058869e-20
1.418136452958998195e-20
4.044783324661579965e-22
2.903782233820150164e-19
1.363164288590922728e-19
1.199196177305301402e-20
2.815727988085887334e-21
1.655627063787697518e-19
1.741633777270742183e-20
1.127007561300670286e-19
2.575106367436785845e-21
5.520318631485650648e-21
3.116878848008102266e-20
7.638184765974981694e-19
6.388851091892000490e-20
3.923732541944906372e-22
5.051384597405882991e-21
2.387068253121938376e-20
1.477625455300324702e-20
1.571297066632136301e-16
1.327529365308672461e-16
6.809206960288890707e-19
5.006128588943396583e-22
9.490682794959690534e-23
8.822776470888631923e-23
8.938674442493351599e-21
5.817557107715109540e-21
5.709790482128197894e-21
4.135560905274169013e-21
2.612508657577879321e-19
4.959400891598415497e-18
2.398395427963873390e-21
4.833453645388410774e-18
1.685734529565849394e-20
1.717089982183124512e-21
3.965495639837819097e-23
1.093978530287050294e-21
1.910752821428712861e-22
1.874245978397642898e-20
1.696699914364127055e-21
1.020774900196548921e-23
1.265256751375655568e-21
1.421138981665690622e-21
1.698894940956446222e-21
5.098990544095761292e-24
1.148946956226818934e-20
3.790723294052207907e-22
1.693884529105910567e-21
7.128984179800475771e-22
9.064748953364835099e-20
2.353429516430720803e-26
3.957170135238937658e-20
2.679105170275216952e-20
2.236303771269792714e-21
3.465284663847332724e-21
1.553724410368288097e-21
2.276814236543663201e-20
3.163125366406421640e-21
3.176331274913216573e-21
3.821022683065501224e-21
3.080385226449419417e-21
3.048069336648705624e-21
9.246802091214455850e-21
8.616152300244073400e-20
2.273696849311520296e-20
3.752458785173979530e-21
4.080827221148263966e-24
7.831402463540611706e-21
5.473943760875789149e-22
7.640368997256551800e-22
3.461703835357145098e-23
5.510945901083472958e-21
5.196800092747622742e-23
7.636670520090291089e-23
4.686836814192252166e-22
7.852886662438452374e-22
6.296469360668118682e-21
5.796036874486004681e-22
9.945113149233137263e-21
1.163897560126124106e-22
1.715281987365347313e-21
7.576329105304064317e-22
1.992815913611863071e-20
2.521379539564075069e-21
3.473767239305071930e-21
1.578491960997264886e-20
3.918183532879854014e-22
5.364365953365217710e-01
8.667968466837934205e-01
6.355471042285770755e-02
4.140672212512219036e-02
6.171701072940051491e-03
1.705272127901067206e-02
1.033584122362825708e+00
1.744360537826209478e-01
1.720529122513016207e-01
1.474715886209343983e-02
2.412295311872958772e-02
8.904521216054246419e-04
1.493012384328125039e-03
1.400205953319009957e-03
1.421482213658121639e-04
1.216804523807076205e-03
2.219685968302296739e-03
6.831786552511869004e-03
7.815218542884354302e-03
2.144219067579302123e-03
1.433816995471969046e-04
3.683722215975656494e-02
1.709191423360950993e-02
3.399900816777700458e-04
1.908334917210388962e-02
1.501363540571133345e-03
1.985194061506748338e-04
1.072521616220009980e-02
9.379070527253161116e-09
2.479932666567510511e-04
5.162557376010542057e-05
5.669912288306171513e-03
6.499806634714273010e-04
2.123406626890905497e-03
1.903773831655607499e-02
7.203833443723670418e-03
4.379649517029632864e-03
2.938529008455311375e-04
1.063602650021749831e-03
6.369243642182849385e-02
3.922981629725235363e-03
4.877234600962163970e-03
1.259153892088568649e-01
9.662847595721849037e-03
2.947821408212786699e-03
3.176771279760552235e-05
3.213218820961553240e-05
3.250608412703566950e-03
3.444984682037210890e-03
7.921108083849404255e-04
3.552062638411562800e-04
1.566677241541951371e-02
2.559575484875623643e-05
4.842660538685673692e-03
2.205808514057485455e-03
1.589395640382767550e-04
4.438217280873379619e-03
1.995536087003277857e-03
5.826441299268188267e-03
5.172075107323016729e-03
7.977840851562152322e-03
2.800340026417492013e-03
3.830847031643763690e-05
1.036240507274448219e-02
4.260069267370796518e-03
3.201523086288686980e-05
6.765860156668423303e-03
1.903904995962206199e-04
1.005410986856504871e-05
2.513551140496866139e-04
1.917448838709951298e-03
7.794668366755828004e-04
5.719690234429068753e-04
1.011186242701376864e-03
1.066629293061102874e-03
1.226079829864216118e-03
9.055592891441195712e-04
6.679118881625194237e-04
1.823942875216114480e-04
1.046199971962527217e-03
1.438889396913991082e-06
1.343004074624361145e-08
2.337743594701773811e-04
1.374678456307713837e-04
1.349077238309548919e-03
2.904314775389268286e-07
1.587186866105937802e-06
2.575852582809930961e-03
5.340121338211412843e-04
1.161236453412918491e-03
2.166004867647848987e-05
2.770455372614003477e-06
1.107171464340212136e-05
8.832870249727148700e-06
4.948309825336598271e-06
1.393980165734266547e-04
1.749051652304787065e-04
3.649581643669231492e-07
2.675455158393818455e-06
2.729924199446465258e-06
1.661792056954822072e-08
2.832399248212837190e-05
2.653440510215381916e-06
2.638068256015379191e-07
1.282146948973673120e-05
7.930770175279121693e-05
2.232501687748356383e-04
4.761686887896510059e-05
1.819227382763294993e-05
1.117644202776690229e-05
2.756220674303710654e-05
7.434992639281960378e-06
1.079153111658064759e-05
1.674724119631939101e-05
7.326482022294976973e-06
9.315471082037236338e-06
8.318053202035329550e-05
9.200148948429368956e-05
2.679237137078506955e-05
2.455463429770867915e-05
1.300159607626005342e-05
8.906222821322855974e-06
1.037231626603896703e-05
7.811098520487012799e-06
3.126691064385590411e-05
2.465794306520970302e-05
6.705328851556556270e-06
4.951807368960082421e-06
3.628044584044895902e-06
8.350097001701667191e-06
3.532531835049639376e-05
3.857784407532659481e-05
4.989282440712356048e-06
2.144588834066563364e-06
3.323039426151292141e-05
3.215394213607746382e-06
1.593831084174794976e-05
1.697824906007519748e-06
5.366707782550306227e-01
8.597380905385175742e-01
6.341976966942008964e-02
4.100690482579383289e-02
6.202346515242313299e-03
1.712459524770092861e-02
1.030540833365587217e+00
1.743357439587547575e-01
1.711224281131358271e-01
1.473377434656338893e-02
2.417655728107367952e-02
8.893551510298286023e-04
1.489549237804393533e-03
1.404907751365914092e-03
1.420779993286927425e-04
1.220718361828096541e-03
2.217638030193997984e-03
6.809470071066706966e-03
7.807015924837112757e-03
2.146124642411309166e-03
1.434256864836447537e-04
3.692834463058693173e-02
1.699172696568970395e-02
3.400813472394163643e-04
1.912964314026162696e-02
1.501136870565039465e-03
1.984532806997860524e-04
1.071180575530781935e-02
9.482999746442562901e-09
2.478030812242226050e-04
5.157296664017712982e-05
5.642075479330837910e-03
6.513245323071711066e-04
2.128733465686991847e-03
1.902504376688136933e-02
7.239320100715090391e-03
4.368329661175317409e-03
2.949239448803618819e-04
1.061255568495851186e-03
6.328151268113033079e-02
3.934371215798802314e-03
4.861083941476930688e-03
1.260135502253365014e-01
9.641505931091705339e-03
2.948450733523027070e-03
3.183878298473609121e-05
3.209110057253717057e-05
3.251747556095231639e-03
3.447908478084730621e-03
7.910794198576435315e-04
3.605370643035145741e-04
1.565025525833000503e-02
2.554934818179985796e-05
4.834490585646134334e-03
2.178415434592721571e-03
1.579973007185821144e-04
4.429196825859131777e-03
2.001085878169253564e-03
5.824060088277232573e-03
5.182934532969536712e-03
8.020847950023319781e-03
2.793754291395300973e-03
3.827242312585311680e-05
1.036490517799603349e-02
4.241764854638656150e-03
3.218706308924851518e-05
6.726932998406333873e-03
1.903080867008368664e-04
1.006434348697141033e-05
2.537564596430328377e-04
1.942030021574086239e-03
7.811323014380086973e-04
5.804718726605661433e-04
1.023949801321254053e-03
1.044389663588924863e-03
1.221224151872287453e-03
9.118468641155128788e-04
6.684000203079139713e-04
1.825983994644002676e-04
1.046947397034723570e-03
1.455047758230852546e-06
1.342849793174816246e-08
2.346068177748429292e-04
1.367140560177755343e-04
1.334568772948606331e-03
2.893097175527749392e-07
1.587447118551968668e-06
2.576111351850592784e-03
5.324226143962017266e-04
1.161181395688419375e-03
2.162835317806382444e-05
2.767346202732096348e-06
1.111186405835474347e-05
8.839784255245408955e-06
4.938791695448048337e-06
1.376100266588446252e-04
1.757423286890126383e-04
3.653922564838749787e-07
2.685142480610689438e-06
2.726808804151722711e-06
1.658344515383789548e-08
2.792477002445883051e-05
2.653655677154822107e-06
2.619383315915616254e-07
1.277744738675929854e-05
7.921635595475507341e-05
2.226627015178103306e-04
4.788931115454389119e-05
1.820899960062327553e-05
1.119788220578823415e-05
2.756770310718533660e-05
7.418029316563603864e-06
1.080622873129876473e-05
1.676785374677075566e-05
7.321768609794049223e-06
9.303241190613561708e-06
8.259573150172833567e-05
9.156520753931072381e-05
2.655353688335933512e-05
2.452619161314465107e-05
1.290381243979128456e-05
8.880315439934301181e-06
1.054171101482472776e-05
7.992468391730287594e-06
3.209501954499170695e-05
2.473767916735339299e-05
6.677483382693832727e-06
4.944107974356667934e-06
3.630177831849662282e-06
8.286881311100217429e-06
3.529407546286400993e-05
3.845724816861305475e-05
4.975304946458922852e-06
2.150172221919837652e-06
3.321381144514634132e-05
3.206514704289748056e-06
1.589717123883918951e-05
1.703373807166040724e-06
1.873265214279440330e-19
5.012844720736606263e-18
6.290810786947993794e-19
1.213545258135849437e-19
5.881330215613881771e-20
4.538400270496370933e-20
1.905966643063458368e-18
2.605048557579469999e-23
4.979128824404871154e-20
2.955463928039549070e-19
5.059025377696016250e-19
2.885120775327615079e-18
1.180229525128465536e-21
3.933594044028124639e-18
4.081614299146547353e-19
2.324278120921559141e-20
7.743753163351368586e-19
3.418492486784231891e-18
2.277585676138403536e-18
9.429550482292700247e-20
9.902276813204044805e-25
1.199963179869524982e-20
1.729123761177282844e-20
1.180623723239018013e-19
4.031983343628639325e-20
5.042679428370250714e-20
2.295039337253872312e-18
5.475769435670684662e-21
3.742010575827480810e-19
5.547850384130178499e-23
5.673413432308130513e-20
1.252526335472279154e-20
3.991998625917266484e-22
5.951293522585761707e-20
1.628844816183341566e-22
9.083474295766806239e-20
1.761175256597631760e-21
2.968622513159516377e-20
3.990255851277503710e-20
8.526356940902728955e-20
9.543412115383289643e-20
6.738183002160844654e-21
2.940296824211985959e-20
1.942604670204082453e-20
6.605108908247711030e-19
5.955443619210834875e-22
4.127773266568660107e-19
1.658394184482910572e-21
2.405790269897688925e-22
2.619214315101869526e-23
8.064798164019440404e-21
8.699407545494850139e-21
3.864304382372220315e-20
1.346763039710161847e-21
6.905739004527304318e-20
8.447997261811258425e-22
6.699752362573037010e-21
4.488635859990602188e-20
1.221728709756285131e-19
1.413921740872910928e-19
3.495386615856613796e-20
3.708450811196132473e-22
2.135632089807929989e-19
6.579747465652610615e-20
2.307125912357824401e-20
1.078436809544719287e-21
2.381149830316402343e-21
8.014158168627331721e-21
5.193151055353344635e-21
4.471991764622629454e-21
1.082167741507827308e-16
1.004280080896655279e-16
1.314445281205252950e-18
6.136293657403521250e-22
1.294744484117304423e-20
9.129354056866914762e-22
1.225141932502854712e-21
1.126643008954650087e-23
1.316137883075262980e-19
6.503481021035543355e-19
4.958964372548334833e-21
9.150593471845836784e-18
3.829091063924033984e-19
5.100868914450733505e-18
7.395934894157604096e-21
7.248486272164776796e-22
7.306555780447295192e-22
2.123277070451747938e-24
1.024934314756086654e-24
2.340940494020127186e-21
3.166494486557400723e-21
1.497313325038611748e-22
3.280653476177042534e-21
2.784100190812244229e-22
1.922636262058253430e-21
2.134897771549009526e-22
4.709388276173096543e-21
7.371367406601756622e-21
8.688179381999485185e-23
2.387399834131046853e-21
1.915386400609026604e-20
4.724919412750763465e-21
5.125024531133048621e-20
9.683697002842262673e-20
2.150524001154469047e-21
1.070178655981331168e-20
8.577927496253980531e-21
1.596472492046972123e-20
3.969660127330258912e-21
1.369425370939388897e-19
1.249436780634341807e-21
6.573360257824082614e-20
2.739351996267340981e-21
1.193319180397440722e-20
8.037281870773622011e-19
3.082784597542777330e-20
9.919423108175015763e-19
1.371359536566029682e-22
8.212867943649782661e-20
1.272929736259701252e-21
2.863554907944744169e-23
1.407136191575719836e-21
2.790774236075489446e-22
1.569589807435978403e-24
1.161769825595418841e-23
2.016673905587598483e-22
1.648424156602749818e-22
3.529740851131641550e-21
4.376104595203084247e-22
1.307988384221092489e-21
3.040490018471231019e-23
3.067487261827371126e-21
4.988707397158622422e-22
1.239995841447733366e-22
1.440723121581520974e-20
9.094773949563827511e-22
7.756144271095835029e-21
2.394163657090205727e-22
5.427769500909880307e-01
8.669678621522246553e-01
6.351564500174892991e-02
4.162518698346909241e-02
6.196582414575574349e-03
1.709181988241087469e-02
1.031568902611206706e+00
1.744016584227508770e-01
1.719769507093902028e-01
1.474600494718773455e-02
2.423241962213710729e-02
8.890087012063207063e-04
1.494065228057655376e-03
1.404284111266009645e-03
1.419901499082523570e-04
1.221976009349711595e-03
2.219620637067340994e-03
6.816869386712184550e-03
7.789422892378303903e-03
2.141909401658973443e-03
1.433087285009201288e-04
3.690236692443792099e-02
1.711191485695820816e-02
3.402031960352919714e-04
1.907628631859712570e-02
1.502048361032120617e-03
1.989176062471256410e-04
1.072642629926091017e-02
9.452924729231458887e-09
2.478591047303948343e-04
5.149904912615533561e-05
5.697175527347390217e-03
6.477486535238624870e-04
2.124822943700602641e-03
1.901393169439377293e-02
7.217077224248695695e-03
4.383169425566810218e-03
2.943816115773884761e-04
1.062879087518536552e-03
6.348744736108731523e-02
3.932530986945855823e-03
4.867733420193576070e-03
1.260105173353893437e-01
9.648713993821889101e-03
2.935217988714428853e-03
3.190706423935251671e-05
3.209594783795689506e-05
3.248577338150331843e-03
3.450484919848042543e-03
7.925727548368366590e-04
3.605759264566553934e-04
1.560039031563011450e-02
2.561572700524416724e-05
4.832144639629103178e-03
2.191026749765176591e-03
1.584455017318094788e-04
4.432286294698215175e-03
1.999691119673250098e-03
5.834340083970058696e-03
5.189307846509351105e-03
7.990717427750043331e-03
2.793411328850795537e-03
3.829647351659543460e-05
1.036265036029775620e-02
4.259954058691705833e-03
3.198861727498280259e-05
6.757315463873605176e-03
1.903630038500608477e-04
1.003962550150245957e-05
2.520151082239575923e-04
1.923808895254827461e-03
7.836640145245573350e-04
5.708185694745110134e-04
1.013446962899030570e-03
1.078815419270169476e-03
1.228101792367023012e-03
9.097433315986451019e-04
6.656905987337252825e-04
1.826957396214393147e-04
1.047041375398997552e-03
1.449140391670905476e-06
1.339912169141065792e-08
2.346625237098031282e-04
1.375292362490831803e-04
1.344175193631707860e-03
2.901849688784647953e-07
1.578888206549489784e-06
2.584359314968627183e-03
5.322332143937554732e-04
1.158600291970127193e-03
2.164666615013639096e-05
2.771266478650180579e-06
1.104813229498445111e-05
8.829719754796573299e-06
4.946577526560004186e-06
1.395024834537363881e-04
1.755079385355584999e-04
3.650619835130433643e-07
2.690874075019588503e-06
2.740842945333392075e-06
1.661680006268457560e-08
2.830024745641960646e-05
2.675459825853746852e-06
2.639799598045041332e-07
1.276148449909372114e-05
7.930653983807195234e-05
2.221776692567569442e-04
4.708197578355919754e-05
1.814728679850842862e-05
1.114358488638267163e-05
2.748581468208434502e-05
7.410869705276011789e-06
1.077421021372595361e-05
1.678513623343425861e-05
7.353726292234048414e-06
9.370475214463420605e-06
8.290948114077251630e-05
9.232059516105735656e-05
2.674251000274665768e-05
2.462459506930299671e-05
1.290844961973324555e-05
8.916483893858848217e-06
1.043294925930103610e-05
7.952892003423948903e-06
3.152238032967344969e-05
2.468517039904399095e-05
6.701223289046830322e-06
4.943959751699017134e-06
3.624262468686660370e-06
8.295110133710700256e-06
3.533309028304310821e-05
3.859818539980456367e-05
4.972128971120670392e-06
2.149971119621264902e-06
3.328535499001972426e-05
3.224554941932170699e-06
1.594239794614331034e-05
1.697912178964342988e-06
5.501837056553339211e-01
8.654987043669197799e-01
6.367805156839240199e-02
4.104127860541129103e-02
6.199018623268244890e-03
1.709882210641155975e-02
1.031222428958475934e+00
1.739477221303872279e-01
1.719506814129129757e-01
1.474759238865424628e-02
2.411094623360456046e-02
8.928513770032497519e-04
1.492411841534526436e-03
1.405227911734777081e-03
1.421871598471761034e-04
1.218712757047877345e-03
2.219547859625375322e-03
6.805097724276278244e-03
7.846332944875000423e-03
2.143952955298914810e-03
1.431524163667314989e-04
3.682532551903202472e-02
1.697145185076551904e-02
3.398784966097735411e-04
1.911107403643165850e-02
1.499105803579127861e-03
1.981670638940549387e-04
1.071309992793350110e-02
9.390549903886976263e-09
2.483768807513803242e-04
5.209601066643705051e-05
5.653960032484791308e-03
6.518289668324697911e-04
2.121484645330567066e-03
1.899336245799832651e-02
7.243773643027438813e-03
4.357831038094099434e-03
2.947542208796009497e-04
1.064440139091327479e-03
6.344017442634015957e-02
3.935492308281456422e-03
4.865569142372186233e-03
1.251933022698504816e-01
9.607926073650898888e-03
2.946590031282210996e-03
3.168420960325856784e-05
3.212662746844373697e-05
3.258413227336830718e-03
3.456823137632556754e-03
7.900044518920707132e-04
3.559571527463086102e-04
1.568970030972263383e-02
2.561221664318997138e-05
4.838217737446719700e-03
2.188599327021454027e-03
1.579784153207204936e-04
4.456007835583687855e-03
1.994799273397482829e-03
5.827487085092228521e-03
5.179919093980297345e-03
8.008098282009002908e-03
2.795610035601141415e-03
3.830904715631166054e-05
1.039713357621364909e-02
4.249511818678177420e-03
3.225991565990314234e-05
6.725524735467311270e-03
1.901570487307509771e-04
1.007502758259981494e-05
2.546621897183472694e-04
1.937656563198001964e-03
7.754002929507687689e-04
5.821137004579903180e-04
1.024073228170825677e-03
1.036950632332636797e-03
1.216032482486244888e-03
9.090488432883805058e-04
6.665060432850279919e-04
1.823481839582531542e-04
1.045021698055945223e-03
1.449552682755603941e-06
1.344058194694183152e-08
2.340531424215878595e-04
1.363765722958459772e-04
1.340977667907548637e-03
2.904657226923845561e-07
1.597182841312371399e-06
2.577525241105189848e-03
5.333308646198057015e-04
1.167106339970463676e-03
2.173373222141489945e-05
2.780106194682983936e-06
1.113333293712454871e-05
8.837244711028193435e-06
4.945895736818015439e-06
1.385840259846372934e-04
1.760129068033073512e-04
3.642202590198049553e-07
2.681732338387658476e-06
2.717542740718690363e-06
1.661439392598110172e-08
2.811219824176142061e-05
2.653894944228596396e-06
2.628221182557928067e-07
1.277238658424880527e-05
7.889412770904580621e-05
2.227565592214886215e-04
4.785800363250381807e-05
1.816378024850902020e-05
1.121144341637136961e-05
2.758426690644152050e-05
7.390697157178426626e-06
1.074906995747244395e-05
1.666600927029871055e-05
7.300108608448224093e-06
9.309442645727822985e-06
8.304380220049168706e-05
9.180903083400025787e-05
2.663235675387018775e-05
2.461795972040745930e-05
1.294790546929020914e-05
8.891044626197265474e-06
1.053145066289548477e-05
7.959317240750604213e-06
3.206837907202706248e-05
2.473346295984597798e-05
6.680585260562502231e-06
4.943697152521551679e-06
3.632090512224074749e-06
8.315155187573626585e-06
3.517791260066882049e-05
3.868298773324332706e-05
4.997594294105191398e-06
2.145633980294553869e-06
3.326218330524002679e-05
3.212282759354639108e-06
1.592610410578041617e-05
1.698464272655919565e-06
2.385963422667134119e-20
6.554298279763630802e-20
4.182943522264159080e-17
6.683348050177504087e-17
4.333995769439949425e-19
5.600765096639858970e-19
3.868156761966724090e-19
2.527630906298501470e-20
2.741169937992904374e-20
3.016664478225025533e-19
1.301502400781302652e-21
4.239036900294767092e-19
2.822097001204025400e-20
3.535533966080619654e-20
1.125240867660443211e-18
1.951359216125992575e-19
2.616565304752876590e-19
2.484510732760216120e-20
1.220762318244824165e-18
2.028242521523061550e-19
2.682165121608914916e-22
3.921564432583916072e-20
2.014853996457825068e-20
1.389753914732755003e-19
9.695448423355641285e-20
2.599160115787786706e-20
2.766278076879410013e-19
2.614784775963810727e-19
1.613147342034695444e-19
4.669983440856686795e-21
1.398392708008159584e-19
1.887869035069229661e-20
6.352857254269032863e-19
9.549278518866631992e-20
4.171430962086996689e-21
3.888355189233244378e-19
3.213415825903836845e-20
2.319264946792419163e-23
6.726366455296365619e-21
3.662439991457816924e-20
1.640850482282226091e-20
2.563810704240873125e-17
1.027084375623861778e-17
4.545422841346340117e-18
2.710400256254687944e-18
7.272783801534326543e-19
2.001810221589955967e-21
9.776871355344205857e-20
3.257501246315481315e-20
1.996907033176750068e-20
2.851806925973970780e-22
6.458736532573002254e-20
2.853009130307434917e-20
3.636302416629574909e-20
9.207487338101818295e-21
1.778771681532184306e-20
1.001325600883768959e-20
4.754217529800106225e-22
3.609645112730650437e-20
3.343737187696883112e-21
1.336504617327177879e-20
4.625929230474458011e-21
1.408664297767674232e-22
2.064651701860814711e-20
7.792782065976252375e-21
4.527534027610632498e-21
5.612597772835404298e-21
2.610745926554896312e-21
1.595448478751007396e-21
8.101239851314797391e-21
1.359214582163774319e-20
6.730778542420751216e-22
9.606731426070243741e-20
6.942817682238954197e-21
9.204234351992376717e-20
1.532303624515574593e-21
1.226286578889534748e-20
2.102401075502576234e-21
3.904031540424051218e-22
1.135351014256318735e-20
8.785791296655510897e-21
2.822700190628027524e-21
6.739780546080813073e-21
6.221885906835151702e-22
1.295734823111520774e-21
2.729368958697666446e-21
2.255340981773272135e-21
1.122033957256200534e-20
1.352748659728462473e-22
5.224655199851457540e-21
1.249691356048013733e-20
6.075690735262355352e-22
2.261025325366816648e-21
1.890951161961462154e-22
5.768031021517476312e-21
1.238473153577552523e-23
1.757352162775362857e-22
5.087900881669912345e-21
3.778330532696707548e-22
6.868595568028857985e-23
3.190421066905359782e-22
2.638366530745454418e-20
8.654662692628674194e-21
4.346797239843052076e-23
3.598984647142810970e-19
2.096824317522027055e-19
2.770105037472823153e-20
1.073107674686832753e-20
1.036030675392461681e-20
1.165151429878624057e-20
2.284272089406857233e-21
2.216044419188154069e-21
1.624828367585310166e-20
3.182806703619284476e-23
7.631709482455948351e-23
2.489287966202870252e-22
1.768021221597718563e-22
2.447052329121025084e-21
1.756237809675965384e-20
9.994341929490620140e-21
2.203694907837708222e-23
5.243651556006790740e-21
4.643139690057946724e-22
1.508952527143089143e-21
4.143358473910615106e-28
3.472247556191186207e-22
3.158217318777694038e-22
4.804447430083654837e-22
1.896460017353792966e-21
3.418806505745661795e-22
1.587923044678415370e-23
5.172998411249565532e-21
3.194174829967802872e-24
4.720003921325243757e-22
8.960951384099093566e-21
7.150638105676214448e-21
7.095003390303645554e-21
1.564250044903107460e-22
2.939161025758477153e-01
3.349717912259208008e-01
9.762005156124318583e-04
1.039648566864667027e-05
1.598385592248640014e-03
1.888398804739254951e-03
6.395864407998378375e-03
6.370813384874171939e-03
3.115163125485781795e-02
3.231755280233790384e-02
3.316022240438500773e-02
2.392068662209772406e-02
4.844396484312137041e-02
1.032084332475607415e-02
5.554116152936095646e-02
6.009117017297477964e-02
5.195208860804678697e-01
3.292940823612895695e-02
3.170730520398459817e-02
9.864388657002254659e-03
9.035441613099166880e-03
4.680327452617318029e-02
1.641725715641639989e-04
8.560568601252438199e-04
2.258256193223940125e-02
5.474871677337946226e-03
1.763064989805640179e-02
2.963547885514068378e-02
1.034074792210127637e-03
7.349009509065535482e-03
9.820136856567281223e-04
8.449538577051034392e-06
3.296217877685483476e-03
5.143781183220163915e-03
1.971879377023925267e-03
4.221945556848735910e-03
1.127101479520482467e-04
1.245277125359403343e-03
9.830532850918593732e-03
2.812564142469323701e-03
1.193828470049703230e-02
9.770616635709323053e-03
9.769610132040331546e-03
9.981538537448425910e-03
2.835374324034794363e-02
4.479808498841322036e-04
2.425126755531883255e-03
3.402115243845691729e-03
1.133175925406529339e-03
3.404361373592179607e-02
1.251974015440358075e-03
1.935438693810572191e-03
9.002923477586836313e-04
4.646618338894462769e-02
8.775405537547959281e-03
1.361628912914477317e-02
1.011522465944302181e-02
4.567182343276161328e-03
8.833082351352579105e-04
1.202742280731336152e-04
1.593468832181995157e-02
1.334388654378805853e-04
1.433262983944597654e-05
2.715637792591459067e-08
5.052727470045828345e-04
4.231917195748556224e-03
5.052493112638966645e-03
4.568941094163550826e-06
1.214428919988597925e-03
8.561428995310786313e-03
4.827734385671697362e-09
5.602093310729418371e-04
2.163420895853488714e-03
2.348668570373024789e-03
2.828058203422571370e-04
1.373387953572472383e-05
1.715659339283483003e-04
1.913138216700901355e-03
1.723755252700224887e-03
4.087658509588507007e-04
2.205651080934872723e-04
1.925715420183436700e-04
6.360294248968951527e-05
3.100016626556463133e-05
6.553879477089218693e-05
6.320335105537205282e-05
1.815863379228804851e-03
1.945290172185557389e-03
1.747071351413388674e-04
2.983009971637311307e-04
3.005835198717216180e-04
3.170079867717959026e-04
4.619140518901995577e-05
1.690340588201720893e-05
5.325281501117365933e-06
9.701370005066502166e-07
1.667449580702331957e-05
3.957328697443756662e-08
5.335807315776649269e-05
2.097821978358579489e-06
2.947318683615423479e-06
1.004653186722436640e-08
2.247767353780682061e-08
2.859622604713935155e-08
3.558452002356769702e-07
5.729066412827516256e-05
9.739123707536601494e-05
1.332832670115319891e-04
9.702679345722136654e-09
7.057567650760900872e-07
1.010576913588267677e-06
3.181425799671184919e-06
8.597502730568845101e-06
2.380405074046581910e-05
2.484357115784645857e-06
1.555500191924319927e-05
4.500055109458315673e-07
6.840997144005033953e-06
3.113562567334138388e-06
2.096214172770017001e-05
4.165493139214172076e-05
3.896365755526127116e-05
1.627514932954999516e-07
9.056259953788101219e-09
2.505293623734791999e-06
1.384911257958526768e-06
1.426671859735943858e-06
2.625064440936923036e-09
4.240990587056644037e-06
9.078931356950682084e-06
2.223572771475639781e-05
4.566438890318551578e-06
9.623224941533990942e-06
6.603497539431094914e-06
1.870455364112590583e-06
2.726843095813344129e-11
2.039846191495083444e-06
1.355436539817450598e-05
3.102611338229265825e-01
3.203365115209080849e-01
9.748327458656519222e-04
1.174244888979127197e-04
6.734601491916759062e-04
1.881976298372342506e-03
2.539671731720813050e-02
2.547848534068693563e-02
1.270810989742366531e-02
5.912062797789108953e-02
3.338234811945064301e-02
2.391721326761343108e-02
6.522443577601957920e-02
4.384791650144354014e-03
5.860311626237631882e-02
5.740982697218009745e-02
5.194013883479037252e-01
3.297507208541201884e-02
3.162072566406112784e-02
1.038201989560778339e-02
8.567194909501031977e-03
2.019957733895574870e-02
7.682878637097823905e-03
8.538426829630872900e-04
1.651434594835686845e-02
9.195119885994643832e-03
3.302918823121612276e-03
3.289885269205418687e-04
1.033306072890589292e-03
5.450062225517812199e-03
1.877573450633157094e-03
8.451256140392400309e-06
9.022315336200549540e-03
6.511469315376792154e-03
1.960582658303001297e-03
5.623021919759962819e-04
2.677218775284995363e-03
1.240506290304444056e-03
1.099401617600014036e-02
2.283903603371920023e-03
1.192593032972994772e-02
9.777250388052454236e-03
1.051423796062874068e-02
9.130849159390009781e-03
3.189728792037301188e-05
3.894357364628563134e-02
1.540420765919672808e-02
2.756339477565752146e-04
1.127951494044520005e-03
3.384439362621893821e-02
1.249050727501712114e-03
1.944880347584387230e-03
8.845180121635196936e-04
4.658586604653987967e-02
9.017054427912981132e-03
1.329393609511798739e-02
1.012868825707677681e-02
5.041867874782901722e-03
6.978942110844461562e-04
3.502848065284329838e-04
2.428654428389633718e-02
1.335044692022243837e-04
1.426446441505675772e-05
6.312239711927075106e-04
6.280271036860868595e-06
3.898005331282709124e-03
5.333938497104788630e-03
4.585497665619880601e-06
4.627830303032373811e-04
1.118990848314342819e-02
4.704406971801819236e-09
5.642211488697319215e-04
2.202603475003782427e-03
2.318971486792339477e-03
2.792221836022660175e-04
1.378424056709197886e-05
1.716182118367083403e-04
1.937688787267798389e-03
1.704200870378666825e-03
4.106857460811938303e-04
1.668795897772387508e-04
2.476751637945834631e-04
6.360070912566513082e-05
3.104985742999680898e-05
6.401839676304893858e-05
6.633992182121109602e-05
1.792270364008690048e-03
1.940883201927963084e-03
1.747481130967057893e-04
3.021638595245522137e-04
3.414799786634079102e-04
2.779687031117931452e-04
7.122503946670560274e-05
6.132292160020665138e-06
1.945458797667657058e-05
1.225287320759054495e-06
1.663984329018999164e-05
2.820285781483818303e-08
5.363425231666653126e-05
2.024092237237892939e-06
2.886108636664143899e-06
8.131823605798199574e-07
9.071177342853432958e-07
1.996281167946889904e-06
4.224993656338309469e-07
5.739950976298252133e-05
7.480845807806138297e-05
1.667269787451724898e-04
9.753139108208524546e-09
1.827445834334624228e-07
3.507299626969927991e-07
3.165329584977052672e-06
1.770401698633351480e-05
1.293731671795854586e-05
1.782076474033568182e-06
1.745000736437996356e-05
4.450376886687945546e-07
6.848413762068839313e-06
9.839329700015026072e-07
2.855834224351173225e-05
3.814155454650990801e-05
4.189662538468715827e-05
1.838037940481181052e-07
4.379409246838761005e-09
3.739440734444194131e-06
6.783328186858907176e-07
1.425706114868510008e-06
2.616829930716671193e-09
4.466520235858918680e-06
8.923639845421160881e-06
2.227263969890482919e-05
4.660247864182263555e-06
9.608153481698569135e-06
1.772394564570248690e-05
9.106116011043206832e-06
2.731679497082105246e-11
1.603647516040435426e-06
1.483298142296122639e-05
8.518268840808716474e-20
2.310463424062037388e-18
2.529992371289292850e-15
3.992023233665951743e-15
1.667466857164418807e-21
2.563832953412157723e-21
3.627395893844975621e-20
4.156262886426259544e-20
7.513143068700483782e-23
9.251342672423421815e-19
5.546817558551841706e-19
6.205528599291658962e-19
1.029798378198870742e-19
2.074513467854765977e-19
5.988024704548435547e-20
5.549369175273495537e-21
1.194632464585455247e-18
2.467862909079849982e-18
1.070816088859212988e-22
4.896979458111486355e-20
3.398122165007502136e-22
8.808876962455686355e-20
6.724552775664015855e-20
1.423348180725566302e-19
1.082428636773001333e-21
1.478473341050409585e-19
5.575635017223580198e-19
3.036837932754314810e-21
2.376966085208570401e-20
1.056983238270540788e-19
8.925381840297189138e-20
2.347812389311588558e-22
4.287057892383731966e-20
2.476435400978617627e-20
1.436703734337017205e-20
2.959179194348966205e-20
2.534019740522500268e-20
2.725567201325232050e-21
2.517614351838744213e-20
5.078984398167852707e-21
4.281723200182636762e-20
4.187492079436226649e-19
1.204186092183222204e-19
1.536069485139052425e-18
1.703699705565596983e-18
5.717472878030166364e-20
9.432766533005097546e-23
3.402022519721040990e-22
1.065627610090252105e-20
5.961179401872012834e-20
1.575730501722827180e-21
1.731354639180285066e-21
3.336285598535775631e-21
6.133832347691801984e-20
3.375352949879703890e-20
2.074878641357983752e-21
7.427210072950078758e-21
6.676687183094397776e-21
3.001722023162955592e-23
2.976563394745743784e-20
1.306800894248715876e-20
1.212131970425846856e-23
2.294075899106865756e-23
1.485038617491305558e-20
1.563647702178971072e-21
1.842491070365650110e-23
4.097031208706014029e-20
2.564306505256116278e-19
2.244093248410570640e-19
6.362858434317503159e-22
2.433073937877923378e-21
8.720006380658126735e-21
4.112048386404910131e-20
1.096962134872395618e-21
4.940735924373873836e-21
3.580614219980188812e-22
1.942149739317501240e-21
8.028384085349846922e-21
1.766769038239431557e-21
2.117104405582649986e-21
1.317606861397213847e-21
2.890985741935680419e-21
2.225278750232270640e-21
6.017436149199351690e-22
3.145837611512554793e-21
1.249255848815994180e-22
1.058954634011194557e-21
1.358354880778261741e-20
1.792438489946644756e-22
1.258195167653598540e-20
6.842977783662713273e-21
6.265441434223637885e-22
4.677587917897416083e-22
1.603633004917428782e-21
4.450864970083886502e-21
7.503445196224891390e-23
2.132119929018457985e-21
1.911498669198163482e-22
4.035183535570318313e-21
1.570183373952032461e-22
3.574903658686436539e-21
2.465381620679699297e-20
2.782965193460615420e-21
7.036553318008330174e-22
2.494793925535527476e-19
1.590580851105336525e-19
2.513568163611945726e-22
6.175539339822399993e-22
2.163155831113680727e-23
5.917689512381055871e-21
4.289129051868265479e-21
5.037398853822860276e-23
1.561124422588474193e-20
1.297556798034752363e-21
1.167598038399958441e-21
4.386211715928773982e-21
1.741851934468892096e-22
1.158035796516977001e-22
8.739549992637129561e-21
3.646343586509199154e-20
2.756047888947478318e-21
2.057196036474281959e-21
7.890134175278610694e-23
2.240613445858920400e-22
5.340698554966306068e-23
5.161116555462524466e-22
1.785378483111543321e-21
2.572975152738290459e-22
2.540140427426415255e-21
2.182164836884857393e-24
3.989056103372258795e-23
2.968854163522196176e-23
2.094990913650408458e-23
9.146568936569242785e-24
2.522072163487570899e-23
7.402445985242512592e-24
2.906547990736213347e-23
5.948247957958954051e-24
3.177257595549567437e-01
3.116739076641367734e-01
9.757507962768309853e-04
2.982568029820942962e-02
4.376059006274898855e-02
1.883662364795653677e-03
8.092892521894878627e-04
8.268572915266017564e-04
4.994455930089143625e-02
1.758001029313519675e-02
3.341744988344506201e-02
2.416046260698874459e-02
2.406610486819526010e-02
2.776974601020646208e-02
5.853019805843882178e-02
5.659079578174506381e-02
5.194187635989947482e-01
3.304224703136992430e-02
3.159856349403149939e-02
8.589836872614851904e-03
1.036794129784396681e-02
7.126224612952792269e-03
2.093574040442949466e-02
8.554618833014988530e-04
1.275842920393801747e-02
1.242985066183394799e-02
1.389230677104124918e-03
5.853293661651203308e-03
1.031309584296912505e-03
6.979653952170129794e-03
1.099158062525270371e-03
8.493529295731218283e-06
7.206007729765443771e-03
4.994663765667226550e-03
1.957069452908057929e-03
3.273279587328551277e-03
3.423937376523041747e-04
1.245126292128575715e-03
6.499739756701872206e-03
5.183536368376737841e-03
1.193345747635488931e-02
9.730968763418236175e-03
1.098579782834832076e-02
8.688514555027941622e-03
3.092169381271410097e-02
3.011938635578802616e-04
2.081895733530185651e-03
3.796976578360518415e-03
1.123606324293496654e-03
3.403697697146701451e-02
1.237926729411065272e-03
9.727586550283601110e-04
1.835002403311195929e-03
4.663963385104134135e-02
8.520630048167219736e-03
1.396444418412363074e-02
1.017080420660124683e-02
1.433510054487255889e-03
3.550028236018796732e-03
6.709789981075154133e-03
3.088966875812979278e-03
1.326208289765251072e-04
1.422880500501478272e-05
1.991211656982055564e-04
7.254583229503764892e-05
2.552860677587817130e-03
7.220890595783203796e-03
4.577709916953061349e-06
1.531887800565342539e-03
7.765356528324953399e-03
4.527289471937702745e-09
5.811024871206383214e-04
2.109158662301592341e-03
2.425721341737672489e-03
2.785786746019812930e-04
1.395538909049255840e-05
1.710229932292480371e-04
1.953234516713419754e-03
1.682527926392525259e-03
4.225224190149387310e-04
1.920426232966542413e-04
2.148115850674143840e-04
6.373853368164727399e-05
3.115233916988357392e-05
6.493752152768429784e-05
6.459015224570653711e-05
2.510865241256729150e-03
1.331293579779406445e-03
1.748388376602965635e-04
2.978452481679458612e-04
2.769104167170272079e-04
3.444536184342899339e-04
1.956734647484072813e-05
4.220916124319675471e-05
9.794962589058939892e-07
5.289723795333219761e-06
1.671593735418019789e-05
3.468823966635011332e-06
3.188249127051004850e-05
2.066621179108053982e-06
2.901085212226346039e-06
4.566335105398690821e-08
6.954570430402248292e-08
2.199147378807086146e-07
1.508626499403929190e-06
5.714677320594494729e-05
1.387725312471897450e-04
8.780431888259376697e-05
9.736758262411896015e-09
4.147981914054854877e-06
4.859458474673047029e-06
3.176571793531352094e-06
9.133437143507682152e-06
2.307242882573014262e-05
6.159282459394039357e-06
9.226649095140554738e-06
4.447924764951435744e-07
6.879809481087769294e-06
1.334180095990723633e-05
7.115763322359072784e-06
4.055832656482568466e-05
3.804637891409470255e-05
1.777085684247410595e-07
6.312144013800881636e-09
3.118019767865470597e-06
9.823149737929152710e-07
1.413626999389816744e-06
2.627942082911662611e-09
6.245342527066644499e-06
6.897128056695702593e-06
2.229457223551616424e-05
4.613517175316749775e-06
9.596372240592368496e-06
4.443715422432834418e-06
1.092439290287758357e-05
2.729253421078689990e-11
1.200164466126070797e-05
2.715873567869313780e-06
3.168142445642359029e-01
3.106971349424152429e-01
9.744363513939169677e-04
4.156481738766143463e-02
5.805595948545250878e-02
1.890400302513735612e-03
1.025328824269459592e-03
1.041921563181617567e-03
1.401722547728273364e-02
5.636684640653352035e-02
3.345793689157122719e-02
2.400163232322406748e-02
3.901540352081824415e-03
6.713947329552492904e-02
5.756134428864277675e-02
5.800035502436513835e-02
5.198344744004285145e-01
3.297555385364124569e-02
3.163980577895803004e-02
9.622903854024022000e-03
9.285245389358430176e-03
4.334030837104302543e-03
2.684420144494364599e-02
8.522023851053777462e-04
1.538677092774179585e-02
1.008922113515323300e-02
3.299535197475774589e-02
4.878128641629009971e-02
1.032811576639316390e-03
6.127305973483198991e-03
1.495524087342743743e-03
8.478491112237312543e-06
7.449521699033700463e-03
5.206835376146318022e-03
1.948385175517941287e-03
4.219895039284511824e-03
1.131954295642315328e-04
1.241144012700162117e-03
7.824073881789826018e-03
4.093591800265274777e-03
1.193035464654322413e-02
9.786965321923586647e-03
1.084251080420916766e-02
8.789326382337444774e-03
2.121467190646161502e-02
2.258505215159264164e-03
1.172174268238152309e-02
5.033428391004435833e-07
1.126889848457128833e-03
3.409044291857187686e-02
1.242992870676496451e-03
1.386475348947533272e-03
1.339230656140452365e-03
4.674329788411966252e-02
1.234998367572799800e-02
9.874694845316930869e-03
1.014248433044610126e-02
4.886775901776863572e-03
7.595483750490250119e-04
1.117982534027682539e-03
2.912346510171917244e-02
1.327179593512024791e-04
1.424542102361545641e-05
5.062338885425549930e-04
2.040173054314115865e-03
3.544236266523333873e-03
5.705208320682992988e-03
4.577237482403729150e-06
2.104126658191521251e-03
6.638914639590311369e-03
4.655533441593207733e-09
5.593550848188529913e-04
2.249946315732250738e-03
2.284667661913571037e-03
2.786194990939063094e-04
1.392661868771841048e-05
1.709103629974466647e-04
1.753265334577741325e-03
1.880032872218963301e-03
4.166584090917950338e-04
2.275820781000949852e-04
1.821074652064802815e-04
6.369229054095267831e-05
3.094192300732204307e-05
6.622042466188921689e-05
6.403641847301392632e-05
1.927164451120298976e-03
1.825013430702359957e-03
1.739408719543950044e-04
3.016089208201782755e-04
2.679319834428972743e-04
3.548477182020070750e-04
8.025750568353011199e-05
3.756427463490599719e-06
1.398342574532580098e-07
8.571919643797214108e-06
1.665867979734549599e-05
1.321681920897911613e-07
5.073970636531841309e-05
2.023987444401935133e-06
2.871504001620850969e-06
5.712041388829728388e-06
5.500611420007762033e-06
1.669623247605984963e-07
1.377498807855501536e-06
5.740911790622207694e-05
1.313751848937730164e-04
1.023040782723379265e-04
9.659884005095175708e-09
4.266405335381343455e-06
4.980635615430428611e-06
3.172751398508648811e-06
9.848985613457136341e-06
2.135143089047386778e-05
5.198830770742390362e-05
2.987016377478371977e-06
4.423341711031785197e-07
6.856273016196761789e-06
1.600120358070036418e-05
5.367237104198417428e-06
4.109497243716234599e-05
3.808722901949167434e-05
1.615213560287771786e-07
9.127858243329889558e-09
5.177135709170844634e-06
2.357036761496011262e-07
1.425420352737978165e-06
2.615462718837058610e-09
4.522186604793171591e-06
8.993169149704134609e-06
2.220084234476765196e-05
4.636645408477988497e-06
9.592375419740946024e-06
2.665618828464072464e-06
8.009789821443022138e-06
2.737774200908937598e-11
1.096721561542734782e-05
3.243902582834869368e-06
1.873502259758731322e-19
5.012805670545764668e-18
6.290759119713401067e-19
1.213568957848211361e-19
5.881400913096487009e-20
4.538415488710848018e-20
1.905953762027806090e-18
2.607470532328899742e-23
4.978866290132124414e-20
2.955425511423311187e-19
5.058998439267585471e-19
2.884933650767443809e-18
1.178345345819154060e-21
3.933505544302021985e-18
4.081659206869954331e-19
2.324250032229425364e-20
7.743871592438667250e-19
3.418825429920968456e-18
2.277695992134745015e-18
9.432720000379917026e-20
9.938988673526466010e-25
1.199973554738623534e-20
1.729134797847357594e-20
1.180654183172421095e-19
4.032024533185000775e-20
5.042790906907205617e-20
2.295123572851096508e-18
5.475458797642349895e-21
3.742213795304421551e-19
5.549411072978407272e-23
5.673688200293364476e-20
1.252491182223947811e-20
3.992326259007418531e-22
5.951439368631963829e-20
1.628390086784803111e-22
9.083737702579546176e-20
1.761236259452663878e-21
2.968610882898508166e-20
3.990285045028285257e-20
8.526386674140978321e-20
9.543295577129768638e-20
6.738355573976841161e-21
2.940202889025277325e-20
1.942704586745232321e-20
6.605288022039333189e-19
5.956454351254180953e-22
4.127862123691574144e-19
1.658162345057921426e-21
2.405521986491759252e-22
2.618693453556638238e-23
8.064198114230491284e-21
8.698822623810257658e-21
3.863839383467464163e-20
1.346404634747410004e-21
6.905320901795038718e-20
8.447379736450505476e-22
6.699587475519877573e-21
4.488757388338333242e-20
1.221698041469892376e-19
1.413939674332328207e-19
3.495845539003240258e-20
3.709373125450468078e-22
2.135740858467050312e-19
6.580368394956224193e-20
2.307170196728176712e-20
1.078402565685564130e-21
2.381269337495576069e-21
8.014161531376273343e-21
5.193335352702416299e-21
4.471877909286583335e-21
1.082166807404528921e-16
1.004278113837164215e-16
1.314427842051754406e-18
6.136158694019839984e-22
1.294756116664605287e-20
9.129262524117609663e-22
1.225125603541016466e-21
1.127172282128698789e-23
1.316265804938783882e-19
6.503402462325572927e-19
4.961728512070370241e-21
9.150587384341434557e-18
3.828737879818768867e-19
5.101028770573095164e-18
7.396336485816156837e-21
7.248446319136539048e-22
7.306643611620268501e-22
2.122433120388688326e-24
1.026223302901083885e-24
2.340799839182165322e-21
3.166224445238960436e-21
1.496889510169953134e-22
3.280706239797368696e-21
2.784333785257188679e-22
1.922777772389883503e-21
2.135040839344382042e-22
4.709595617148443104e-21
7.371503077302290964e-21
8.688042306819603069e-23
2.387469244933969731e-21
1.915384607295233666e-20
4.725104849237730058e-21
5.124958616318062902e-20
9.683700908537728961e-20
2.150586358678394094e-21
1.070180888755600000e-20
8.577854005821434896e-21
1.596472277290677412e-20
3.969641138273556043e-21
1.369423613806034463e-19
1.249439238960721753e-21
6.573319149874593381e-20
2.739404816720065903e-21
1.193387500189196518e-20
8.036928059977584746e-19
3.082553648580249404e-20
9.919087506091901873e-19
1.371365444445920230e-22
8.212792871970795735e-20
1.272927957528017525e-21
2.863455459175062657e-23
1.407214273803176768e-21
2.790922155251743720e-22
1.569207691245460483e-24
1.163255937705888686e-23
2.016901042445116927e-22
1.648439274140973346e-22
3.529530313578482548e-21
4.374852611471017802e-22
1.308224277323740085e-21
3.040444983299844191e-23
3.067534774239427424e-21
4.988843056280095047e-22
1.239437086702506335e-22
1.440774736911874806e-20
9.092606540313801697e-22
7.754537567184445567e-21
2.395469165662491448e-22
5.501835315176012431e-01
8.654976456733621815e-01
6.367805145154294133e-02
4.104128323531796435e-02
6.199018465968826608e-03
1.709882319242489457e-02
1.031222274785025705e+00
1.739477219294481014e-01
1.719507032232326094e-01
1.474759341054170114e-02
2.411094647757876588e-02
8.928512582233094413e-04
1.492409209304577456e-03
1.405227884486439814e-03
1.421871464784024046e-04
1.218712838404381127e-03
2.219547872096922121e-03
6.805093111240132463e-03
7.846332498923356755e-03
2.143953205554295464e-03
1.431524204086471455e-04
3.682531846754722588e-02
1.697145270232502945e-02
3.398784845215093407e-04
1.911107441129968748e-02
1.499105556074331255e-03
1.981670906010191613e-04
1.071310017676001258e-02
9.390549313425832644e-09
2.483768797669503930e-04
5.209600143002803604e-05
5.653958369939774721e-03
6.518289878331566577e-04
2.121484581719687915e-03
1.899336240197393305e-02
7.243775864643580732e-03
4.357831446615634610e-03
2.947542160475651908e-04
1.064440185963914020e-03
6.344017461386791679e-02
3.935492236528522966e-03
4.865568935097285864e-03
1.251932961560213720e-01
9.607926858215671412e-03
2.946590185905811812e-03
3.168420435238934328e-05
3.212662761914626686e-05
3.258413114423842731e-03
3.456823753000064139e-03
7.900045167696648956e-04
3.559571496637215816e-04
1.568969987782134479e-02
2.561221568269012020e-05
4.838218198169797445e-03
2.188599196712235316e-03
1.579784215716355895e-04
4.456007541295220128e-03
1.994799134900137293e-03
5.827486854915419484e-03
5.179918917742019034e-03
8.008097981311988744e-03
2.795609925097444944e-03
3.830904195040957879e-05
1.039713318306937154e-02
4.249511897980120904e-03
3.225991283033504667e-05
6.725524925567066652e-03
1.901570510140363000e-04
1.007502776680839323e-05
2.546621786862179036e-04
1.937656512149349896e-03
7.754002407956938053e-04
5.821137494730032865e-04
1.024073451052087734e-03
1.036950415144611637e-03
1.216032518184400691e-03
9.090489099249437436e-04
6.665060222852321227e-04
1.823481896857417331e-04
1.045021699455580405e-03
1.449552402778633327e-06
1.344058175856369424e-08
2.340531763520819889e-04
1.363765666365247126e-04
1.340977566219454060e-03
2.904657119660460384e-07
1.597182462489091484e-06
2.577525266640046629e-03
5.333307454122696066e-04
1.167106411960440156e-03
2.173373156210560881e-05
2.780106418685788427e-06
1.113333401718661389e-05
8.837244814166281037e-06
4.945895364663767273e-06
1.385839592317386203e-04
1.760128767465628501e-04
3.642203226436084212e-07
2.681732877762243917e-06
2.717542670346211818e-06
1.661439167466724619e-08
2.811220309302400074e-05
2.653894964034481928e-06
2.628220858912656561e-07
1.277238366286613621e-05
7.889411696047440750e-05
2.227565940706438671e-04
4.785801608043445057e-05
1.816378106420509249e-05
1.121144341017889808e-05
2.758426829992104986e-05
7.390697673900161979e-06
1.074912131126725334e-05
1.666601182711382513e-05
7.300107660770786471e-06
9.309441479105157001e-06
8.304377766781227807e-05
9.180902847222280404e-05
2.663235754402768136e-05
2.461795764928248340e-05
1.294790293408634230e-05
8.891043980801973293e-06
1.053145762223710453e-05
7.959319317845424274e-06
3.206837897210231464e-05
2.473346215088209984e-05
6.680585209367840217e-06
4.943696578627093079e-06
3.632090514329843549e-06
8.315155150745199856e-06
3.517791186956946924e-05
3.868299699507238981e-05
4.997593449162731622e-06
2.145633777413553956e-06
3.326218438170949998e-05
3.212282488803512118e-06
1.592610414216070826e-05
1.698464366640817732e-06
5.427771144961403005e-01
8.669677581603366656e-01
6.351562375929244164e-02
4.162517852207792135e-02
6.196581030330759222e-03
1.709182030915234324e-02
1.031568871589090275e+00
1.744016562065592302e-01
1.719769298073397790e-01
1.474600342938127938e-02
2.423242168148835585e-02
8.890087676953585061e-04
1.494065103582205897e-03
1.404283931978284571e-03
1.419901566983250115e-04
1.221976105818224027e-03
2.219620671340221535e-03
6.816866636401968868e-03
7.789424972103474627e-03
2.141909215991318581e-03
1.433087168418597200e-04
3.690236948367416753e-02
1.711191465699277159e-02
3.402031761845403950e-04
1.907628653050266743e-02
1.502048078700966502e-03
1.989176097432328533e-04
1.072642683595366117e-02
9.452913036748118175e-09
2.478591060445021316e-04
5.149904407829274924e-05
5.697176366486622276e-03
6.477486167897111759e-04
2.124823057204404484e-03
1.901393367549907357e-02
7.217076723514277356e-03
4.383169437195505620e-03
2.943815950796330573e-04
1.062879076054644434e-03
6.348745485641606179e-02
3.932530660341511559e-03
4.867733468079264540e-03
1.260105113448035108e-01
9.648713567013486245e-03
2.935218695502109752e-03
3.190706177858638809e-05
3.209594629772141304e-05
3.248577701206463442e-03
3.450485069857738615e-03
7.925726818568189051e-04
3.605759639086607033e-04
1.560039066574374703e-02
2.561572798393023931e-05
4.832144530409560913e-03
2.191026582932424551e-03
1.584455148314458718e-04
4.432287067884901725e-03
1.999690426342963252e-03
5.834341554674527495e-03
5.189308742721169404e-03
7.990718846300742112e-03
2.793411157452988132e-03
3.829647661861252479e-05
1.036265034064315187e-02
4.259954368786229677e-03
3.198861830603951911e-05
6.757315918664391803e-03
1.903630093492613079e-04
1.003962604979442154e-05
2.520146157606573643e-04
1.923809270224889406e-03
7.836639410661578155e-04
5.708184597704316424e-04
1.013446820576809071e-03
1.078815908276201541e-03
1.228102033302912090e-03
9.097433355328161247e-04
6.656907763155359755e-04
1.826957506290307731e-04
1.047041363567307410e-03
1.449140452252937607e-06
1.339912127945076930e-08
2.346626474567714484e-04
1.375291824959561494e-04
1.344174687988876002e-03
2.901850093389247030e-07
1.578888238529281388e-06
2.584358745025960771e-03
5.322332180235256772e-04
1.158600257043221641e-03
2.164666650559314047e-05
2.771266496724195019e-06
1.104813013179899292e-05
8.829717694031308405e-06
4.946577337314986621e-06
1.395023404469522121e-04
1.755079521039823367e-04
3.650621289756198589e-07
2.690874328525098154e-06
2.740843163199600836e-06
1.661680373423347958e-08
2.830024227755570068e-05
2.675460113845403775e-06
2.639799748808069272e-07
1.276148348154970938e-05
7.930653741500780229e-05
2.221776814399876597e-04
4.708196706999579129e-05
1.814728946425627637e-05
1.114358338904193418e-05
2.748581468530042409e-05
7.410869495247836382e-06
1.077420992829712955e-05
1.678513641083744556e-05
7.353725898756950281e-06
9.370474851952904276e-06
8.290946946405933107e-05
9.232059750293656990e-05
2.674251249465817422e-05
2.462459470591364135e-05
1.290844949955893675e-05
8.916481486979441201e-06
1.043295331967569731e-05
7.952893770794370126e-06
3.152238383384356186e-05
2.468516840824089295e-05
6.701223806625729983e-06
4.943960113293303006e-06
3.624262587894053113e-06
8.295109210381763416e-06
3.533309379158925008e-05
3.859817958448135154e-05
4.972127464996545168e-06
2.149970626888857868e-06
3.328534573951219875e-05
3.224554602672506332e-06
1.594239445367826515e-05
1.697912007649390425e-06
8.518333925601811367e-20
2.310455303547972270e-18
2.530016332116406829e-15
3.992061972503308944e-15
1.667379545159464971e-21
2.564460933405152521e-21
3.627245260259389000e-20
4.156180997978438427e-20
7.508740835837448456e-23
9.251077085831570222e-19
5.546791202085750971e-19
6.205355187869894823e-19
1.029807858346207963e-19
2.074465776807063655e-19
5.987979241440181108e-20
5.548904913430334768e-21
1.194615767012365317e-18
2.467855355130625849e-18
1.071942871305889354e-22
4.897048773776162822e-20
3.397379076136102491e-22
8.808623766814958924e-20
6.724675916840680092e-20
1.423328832280028444e-19
1.082316296890795818e-21
1.478462476688206416e-19
5.575613738107195821e-19
3.036487313692792341e-21
2.377085395151781122e-20
1.056979125068159934e-19
8.925431447892851808e-20
2.347835944404658021e-22
4.287082315325748042e-20
2.476583325475437069e-20
1.436681095541611282e-20
2.959034879992256674e-20
2.534030171654126421e-20
2.725397260624620256e-21
2.517778549169399680e-20
5.078362361829992735e-21
4.281744285550586336e-20
4.189484130112871936e-19
1.204944895289181226e-19
1.536062650423925599e-18
1.703683506054451402e-18
5.717702271194723619e-20
9.432758950043518465e-23
3.401559400640520973e-22
1.065717204030876321e-20
5.961185947281648194e-20
1.575790399232544454e-21
1.731237063019815159e-21
3.336343016904121786e-21
6.133812378679832200e-20
3.375348795150009426e-20
2.074690255614918182e-21
7.426864611391730491e-21
6.676699285859836071e-21
3.003581097019276749e-23
2.976512339343258129e-20
1.306793513582043559e-20
1.212121180839483561e-23
2.296826365978176359e-23
1.485101876380466967e-20
1.563748218839927233e-21
1.842775014214691366e-23
4.097000060208404820e-20
2.564182768191200310e-19
2.243976931138070176e-19
6.362793434653310689e-22
2.432872258995892911e-21
8.719962996292990830e-21
4.112020067529353969e-20
1.096905579358349957e-21
4.940810302436524871e-21
3.580795020880273459e-22
1.942110079080330739e-21
8.028334892028307386e-21
1.766782032828568840e-21
2.116973619715588223e-21
1.317538761772766577e-21
2.891054394336108620e-21
2.225298337441648235e-21
6.016899926117138574e-22
3.145847493718368359e-21
1.249124506698481567e-22
1.058946060790951765e-21
1.358365802920799242e-20
1.792494326892538618e-22
1.258195775694010089e-20
6.842903652551807943e-21
6.265248377527425873e-22
4.677800112586546292e-22
1.603642254856762733e-21
4.450778066908584519e-21
7.503612971710352453e-23
2.132072149651210308e-21
1.911343674407437773e-22
4.035137893980621600e-21
1.570178997095861050e-22
3.574724424818830315e-21
2.465318233073166494e-20
2.782999995855887860e-21
7.036561651688611230e-22
2.494875022853294053e-19
1.590646070670190971e-19
2.513295515637960651e-22
6.175596242276221759e-22
2.162152313854262934e-23
5.917752769096789840e-21
4.289135511239548830e-21
5.037302794294904793e-23
1.561114679436614716e-20
1.297536371938992946e-21
1.167592402905908884e-21
4.386173907309469117e-21
1.741790842558695439e-22
1.158235455365214251e-22
8.739380057165751970e-21
3.646297895334865336e-20
2.756041978253962297e-21
2.057224768090544260e-21
7.890472819262640503e-23
2.240705202386725364e-22
5.340269912971780712e-23
5.161127309563348651e-22
1.785647311647121592e-21
2.572697655687516214e-22
2.540528259562250676e-21
2.183941112305172692e-24
3.988987703308272500e-23
2.968397405667232413e-23
2.095033529695222409e-23
9.142409750869838526e-24
2.521743428882558320e-23
7.401575212057216027e-24
2.905807562301983196e-23
5.948397461999558864e-24
3.168138048990127298e-01
3.106975696218729488e-01
9.744363167514598790e-04
4.156424110496703683e-02
5.805526968775660823e-02
1.890400161414300092e-03
1.025210987307231770e-03
1.041802986651209828e-03
1.401747485724102148e-02
5.636634323488741438e-02
3.345793726096344539e-02
2.400163185394199594e-02
3.901312731146209210e-03
6.714041496520152530e-02
5.756128205594760600e-02
5.800042990824421513e-02
5.198345808051566541e-01
3.297555500561503289e-02
3.163980385301533305e-02
9.622910852320620476e-03
9.285238001036059605e-03
4.334024618696486961e-03
2.684420765075798757e-02
8.522023065695953766e-04
1.538678355772103191e-02
1.008921104454051088e-02
3.299573422344521251e-02
4.878174935454671068e-02
1.032811553116491209e-03
6.127347783682368133e-03
1.495503545799974684e-03
8.478490244432220570e-06
7.449708729423356116e-03
5.206992302580612172e-03
1.948384632542516032e-03
4.219897168329605694e-03
1.131951026894023268e-04
1.241143822271504682e-03
7.824140187568650109e-03
4.093544303956605721e-03
1.193035442006348985e-02
9.786964597524698550e-03
1.084252773557955671e-02
8.789323224013382424e-03
2.121444259274602243e-02
2.258580063203026195e-03
1.172173304054579396e-02
5.032851583955273954e-07
1.126889917004319543e-03
3.409044233787743988e-02
1.242992957085349614e-03
1.386478639975878297e-03
1.339227293047897923e-03
4.674329793000057964e-02
1.234999679999114995e-02
9.874685705804889593e-03
1.014248440241364950e-02
4.886775398033786806e-03
7.595486095280603754e-04
1.117975003878181849e-03
2.912342250915489830e-02
1.327179674951292014e-04
1.424542062995768699e-05
5.062437913106030600e-04
2.040192548076168785e-03
3.544235408154419297e-03
5.705209415082415636e-03
4.577237417002902442e-06
2.104030950518909465e-03
6.639083636813078448e-03
4.655529799734443062e-09
5.593551963636946055e-04
2.249948533847113095e-03
2.284665268521815420e-03
2.786195180535719069e-04
1.392661541647992782e-05
1.709103718800824483e-04
1.753274948193566827e-03
1.880023072608497103e-03
4.166583481432770998e-04
2.275804180786378847e-04
1.821089377706374009e-04
6.369228283228166938e-05
3.094192423828081196e-05
6.622055660914846081e-05
6.403632037947682191e-05
1.927093228437674324e-03
1.825082940921985732e-03
1.739408517351429776e-04
3.016089052021513300e-04
2.679320561424848352e-04
3.548476437469228872e-04
8.025848071502010724e-05
3.756216035168004715e-06
1.399568385435316539e-07
8.570961571446223960e-06
1.665867884665875868e-05
1.322075414118206337e-07
5.073894703003550870e-05
2.023989743412814823e-06
2.871500597682519137e-06
5.712047098478975182e-06
5.500615435174391049e-06
1.669606121940744957e-07
1.377493494631912470e-06
5.740912358189689829e-05
1.313755626548706473e-04
1.023037991449911072e-04
9.659883945774220827e-09
4.266377273098817794e-06
4.980606210257241032e-06
3.172752005564977116e-06
9.849008187289408508e-06
2.135139426127819577e-05
5.198844117237189999e-05
2.987049116184864755e-06
4.423341686483361135e-07
6.856273190802459799e-06
1.600123452777273608e-05
5.367218366535841476e-06
4.109497495614811873e-05
3.808722486801960051e-05
1.615181800711176757e-07
9.128603143155077395e-09
5.177112762098593234e-06
2.357085382444067262e-07
1.425419901340787851e-06
2.615462634354639306e-09
4.522228613349243556e-06
8.993112306613160255e-06
2.220084101536975649e-05
4.636646192557225344e-06
9.592375145915113004e-06
2.665609780365373009e-06
8.009775112359941024e-06
2.737774466681286791e-11
1.096726646050530079e-05
3.243875168311292763e-06
3.177252650261795375e-01
3.116744030326338843e-01
9.757508285512451378e-04
2.982564590775709651e-02
4.376054604784544722e-02
1.883662533375177282e-03
8.093112806185503733e-04
8.268794820045442242e-04
4.994485053110346573e-02
1.757984231828461225e-02
3.341744510004307500e-02
2.416046445560347117e-02
2.406618023828038105e-02
2.776966277863020249e-02
5.853016139425277348e-02
5.659081679154708000e-02
5.194186246806051788e-01
3.304224582254005477e-02
3.159856842629740759e-02
8.589838664998879561e-03
1.036793903322786974e-02
7.126362082068415232e-03
2.093550573131792644e-02
8.554619413627418409e-04
1.275844259064996648e-02
1.242983758952693855e-02
1.389281189061672807e-03
5.853397049141988856e-03
1.031309548912985163e-03
6.979656085072410802e-03
1.099156907830937382e-03
8.493529498483802495e-06
7.205953880540084608e-03
4.994619304448639531e-03
1.957069152647214396e-03
3.273284076585417264e-03
3.423923188818666155e-04
1.245126235474681032e-03
6.499730780953161952e-03
5.183544398594846364e-03
1.193345788756642115e-02
9.730969248025717055e-03
1.098579527329749186e-02
8.688516041322773623e-03
3.092123356096532910e-02
3.012384337776890120e-04
2.081862386331526961e-03
3.797021399302280293e-03
1.123606411301857023e-03
3.403698821779990030e-02
1.237926687405838068e-03
9.727730879777953150e-04
1.834983068272506889e-03
4.663963046251967670e-02
8.520626327364836522e-03
1.396444678706802375e-02
1.017080530364898421e-02
1.433457451229213460e-03
3.550110817949228732e-03
6.709056029696160162e-03
3.089464838758288617e-03
1.326208348835944558e-04
1.422880293650256804e-05
1.991322772555280830e-04
7.253911687817835062e-05
2.552919775973692702e-03
7.220795236899870718e-03
4.577710612034523558e-06
1.531922173064323520e-03
7.765280314649679848e-03
4.527290332770182385e-09
5.811024966800696929e-04
2.109156453819221837e-03
2.425724416547404838e-03
2.785786202826812043e-04
1.395539100807946845e-05
1.710229891469735881e-04
1.953234696432827513e-03
1.682528011220036594e-03
4.225223528493863645e-04
1.920418210904228939e-04
2.148124577498969226e-04
6.373852737452786934e-05
3.115234118469556332e-05
6.493751110782887610e-05
6.459019045453270901e-05
2.510864899200437005e-03
1.331294271898261295e-03
1.748388222905351917e-04
2.978453021208151059e-04
2.769117360655118376e-04
3.444519540350231409e-04
1.956741287724310361e-05
4.220906127579945920e-05
9.796462081544486458e-07
5.289372157246261520e-06
1.671593897243372643e-05
3.467630455053557991e-06
3.188610894542277119e-05
2.066618687410354390e-06
2.901087527118527248e-06
4.565066996136970286e-08
6.953000850271839902e-08
2.199125842688778159e-07
1.508621008385350038e-06
5.714677982291995449e-05
1.387725410137693256e-04
8.780426495478001431e-05
9.736756499374482619e-09
4.147906504890957966e-06
4.859375238632918872e-06
3.176572491425888648e-06
9.133380209961859461e-06
2.307251736769727303e-05
6.160511292198491604e-06
9.225146278645726609e-06
4.447926349059783145e-07
6.879809051610103942e-06
1.334181203796532728e-05
7.115756239130571706e-06
4.055831628437948547e-05
3.804638632007846066e-05
1.777087631092436993e-07
6.312105821813975675e-09
3.118090683316249525e-06
9.822752504706385111e-07
1.413626914728402716e-06
2.627942139085086487e-09
6.245471293629495946e-06
6.896991917073297572e-06
2.229457098127657621e-05
4.613517294904958367e-06
9.596372814872703967e-06
4.443675305023227344e-06
1.092433016635469770e-05
2.729253323465721215e-11
1.200160753992787709e-05
2.715890742373528606e-06
2.385916366946653702e-20
6.554698013485881696e-20
4.182852579773466657e-17
6.683212850236189851e-17
4.333924196608168026e-19
5.600659331489276850e-19
3.868130859793067757e-19
2.527659865429118088e-20
2.741269364073440662e-20
3.016555905225262268e-19
1.301476702029740788e-21
4.238944191569568966e-19
2.821987627270147224e-20
3.535568116569816050e-20
1.125258216786092860e-18
1.951362381305679236e-19
2.616767607289769946e-19
2.485115726309727640e-20
1.220773098254772169e-18
2.028241805135642583e-19
2.682168480062893301e-22
3.921416330161051474e-20
2.014818242872499823e-20
1.389735461020336287e-19
9.695509336518228256e-20
2.599137764201464259e-20
2.766270875611891278e-19
2.614772750072422244e-19
1.613109783310027296e-19
4.669921386071117603e-21
1.398390035079640062e-19
1.887828774463437350e-20
6.352816680235299852e-19
9.549498412066992253e-20
4.171399389185012167e-21
3.888383813972917765e-19
3.213390114122509054e-20
2.318560175318454952e-23
6.726633677481061821e-21
3.662452244921749108e-20
1.640719395773693514e-20
2.563917267721728211e-17
1.027132323758739384e-17
4.545471049422975133e-18
2.710433984444037159e-18
7.272787458234760338e-19
2.002012640440849277e-21
9.776858499883829919e-20
3.257500098891209154e-20
1.996718567443130855e-20
2.851862472555980043e-22
6.459160468468640719e-20
2.852942170179221064e-20
3.636710804782254653e-20
9.209083823689859866e-21
1.778733669933376711e-20
1.001351642612161205e-20
4.753914737573997314e-22
3.609745979126579774e-20
3.343921587348324219e-21
1.336525624345105087e-20
4.625777747140101892e-21
1.408359887380012191e-22
2.064681194660456845e-20
7.792718005938137004e-21
4.527435983684718161e-21
5.612613105959811571e-21
2.610836113330531225e-21
1.595453499240477345e-21
8.100774869394810799e-21
1.359150671286452904e-20
6.729772965004262214e-22
9.606853848168041876e-20
6.942895415217980859e-21
9.204354733464481893e-20
1.532151990412931630e-21
1.226289454668259182e-20
2.102400820746968788e-21
3.904388804165828605e-22
1.135366194650465402e-20
8.785774920322264059e-21
2.822731126040829086e-21
6.739782230497015636e-21
6.222098870222114968e-22
1.295707734321074981e-21
2.729383601299086383e-21
2.255326195947654691e-21
1.122004126702542066e-20
1.352710333238814215e-22
5.224612428397049955e-21
1.249692665162351016e-20
6.075468556306889094e-22
2.261073977453022004e-21
1.890873307746196056e-22
5.767778274723694998e-21
1.238524620831419424e-23
1.757088863107171420e-22
5.087760313723691301e-21
3.777892186021376421e-22
6.868001370136622863e-23
3.190699242414160310e-22
2.638450303409672377e-20
8.654960166722799414e-21
4.347066659102909583e-23
3.598700389538127522e-19
2.096605065778627605e-19
2.770158097506786666e-20
1.073116610524514825e-20
1.036052008253133078e-20
1.165170620132973114e-20
2.284312210905285355e-21
2.216022217349098555e-21
1.624843825106232953e-20
3.182343301017160114e-23
7.631178825969699228e-23
2.489349306823287559e-22
1.768100202793073197e-22
2.447085905657457155e-21
1.756227149422735890e-20
9.994228621445463400e-21
2.203565067107852932e-23
5.243646724266868495e-21
4.643076773360726458e-22
1.509001185507315671e-21
3.912029057399868188e-28
3.472401784527611155e-22
3.158376292503425788e-22
4.804370178766654014e-22
1.896489893113270594e-21
3.418924754196305930e-22
1.588061404482908380e-23
5.172921141802883926e-21
3.194553120961498508e-24
4.720323068760588922e-22
8.961336657297527514e-21
7.150617361688102974e-21
7.095282599080333141e-21
1.564208728795409448e-22
3.102612243136369519e-01
3.203364241272896318e-01
9.748327196378186489e-04
1.174401302841878575e-04
6.734226068482259851e-04
1.881976579700816044e-03
2.539672768658148699e-02
2.547850073631247741e-02
1.270811883148677095e-02
5.912060861572038251e-02
3.338234750926037664e-02
2.391721550450215394e-02
6.522387180795681527e-02
4.384937541705876546e-03
5.860299842467401460e-02
5.740993734182953806e-02
5.194012541162916774e-01
3.297507095574510327e-02
3.162073008800252855e-02
1.038201916035046309e-02
8.567195710104282338e-03
2.019968940321981501e-02
7.682810008477739330e-03
8.538427773213202142e-04
1.651441324075482789e-02
9.195068728418376650e-03
3.303345983038542127e-03
3.291231768520528180e-04
1.033306071134860050e-03
5.450059487732963545e-03
1.877575060568342259e-03
8.451255784160320884e-06
9.022220184847648539e-03
6.511388644799179226e-03
1.960582676625956429e-03
5.623052127211264437e-04
2.677212212078342295e-03
1.240506323739445785e-03
1.099404227869145781e-02
2.283891568946449548e-03
1.192593005312408798e-02
9.777250523519151124e-03
1.051421572291353496e-02
9.130869507109782776e-03
3.189461823180855067e-05
3.894346671178173375e-02
1.540425956714711400e-02
2.756407049019967553e-04
1.127951587320147895e-03
3.384439340400976354e-02
1.249050681881481864e-03
1.944864333560373474e-03
8.845293227677461251e-04
4.658586439034553828e-02
9.017098072849992832e-03
1.329388491054433671e-02
1.012868895731093566e-02
5.041908171824917469e-03
6.978791846048445309e-04
3.503193570917214044e-04
2.428683232173388384e-02
1.335044388376622007e-04
1.426446014037030439e-05
6.312706075221940832e-04
6.284914589997831962e-06
3.898090848878904124e-03
5.333835863863299782e-03
4.585497873866202772e-06
4.628039992603806790e-04
1.118980763410921953e-02
4.704409323655937883e-09
5.642213742166351685e-04
2.202606005198796870e-03
2.318969337671112577e-03
2.792221735083913340e-04
1.378424294387991701e-05
1.716182167310197776e-04
1.937691212330295122e-03
1.704198388833266234e-03
4.106857589686005211e-04
1.668831498234527651e-04
2.476710643342890702e-04
6.360071222018881868e-05
3.104985564651480974e-05
6.401831891547204306e-05
6.633997715001331834e-05
1.792289188646613816e-03
1.940863305002529012e-03
1.747480701388729688e-04
3.021638685865029477e-04
3.414854407930853963e-04
2.779635488254557796e-04
7.122363010958539134e-05
6.132704565787900836e-06
1.945629327788194133e-05
1.225714873127938004e-06
1.663984120772980062e-05
2.810603818877744139e-08
5.363848879799457651e-05
2.024089847475611901e-06
2.886105773732635503e-06
8.131472601291885243e-07
9.070804914086720371e-07
1.996273172204671046e-06
4.224961326643047820e-07
5.739951150436400153e-05
7.480845300106871013e-05
1.667269702769105637e-04
9.753135927429464648e-09
1.826815277858586916e-07
3.506425640968432408e-07
3.165328702966033174e-06
1.770404432323847808e-05
1.293729494348236384e-05
1.781987770293131363e-06
1.745028984643611888e-05
4.450381246210730294e-07
6.848414989055735188e-06
9.840065077384060703e-07
2.855794103503309493e-05
3.814159257165836088e-05
4.189658451695096793e-05
1.838044205620481671e-07
4.379307535136343071e-09
3.739453849002532764e-06
6.783273424000734667e-07
1.425706453023613555e-06
2.616830047443810866e-09
4.466351345308102441e-06
8.923875412376700513e-06
2.227264047295466655e-05
4.660249993484858869e-06
9.608154494135009497e-06
1.772410200647847126e-05
9.106227722091960386e-06
2.731679445950896955e-11
1.603641928776428977e-06
1.483299863191342246e-05
2.939160290189458125e-01
3.349717377821143649e-01
9.762003116900382386e-04
1.038661125364399561e-05
1.598262869224411015e-03
1.888398953454596208e-03
6.394979150780767500e-03
6.369928708156239773e-03
3.115155075343303132e-02
3.231762912130382859e-02
3.316022511124305100e-02
2.392068436630321107e-02
4.844370028676441703e-02
1.032096628437209791e-02
5.554119922600479070e-02
6.009115602885957419e-02
5.195209515990600879e-01
3.292941493916287654e-02
3.170730230823861490e-02
9.864374147958541658e-03
9.035456716589798654e-03
4.680301892669797709e-02
1.641872406288088354e-04
8.560568846209757601e-04
2.258284424084679512e-02
5.474733451235986800e-03
1.763066753614427051e-02
2.963550035424230081e-02
1.034074805325289588e-03
7.349028584931594985e-03
9.820061822769557934e-04
8.449539256510779764e-06
3.296022821235051331e-03
5.143536810513831166e-03
1.971879437927727668e-03
4.221944550444845998e-03
1.127103103720587796e-04
1.245277194194969496e-03
9.830541822359933554e-03
2.812558733491689854e-03
1.193828516173051774e-02
9.770617545220060610e-03
9.769607096423419193e-03
9.981538982992158027e-03
2.835354449705599841e-02
4.480074533086014798e-04
2.425266011846082415e-03
3.401950832626021888e-03
1.133175799377096572e-03
3.404361054150786825e-02
1.251974015736260267e-03
1.935437446191659496e-03
9.002923454977949979e-04
4.646618968278944106e-02
8.775394720587087125e-03
1.361630627054039207e-02
1.011522487493068424e-02
4.567308462703494401e-03
8.832529408177899454e-04
1.202444632038139648e-04
1.593503280283405099e-02
1.334389155198373691e-04
1.433263016395914712e-05
2.712369048753872673e-08
5.052771827739591017e-04
4.231925484606433203e-03
5.052484018158993721e-03
4.568940476062668019e-06
1.214359728491572329e-03
8.561612943497623474e-03
4.827734350010620148e-09
5.602094991163117464e-04
2.163419041197041631e-03
2.348669171364601606e-03
2.828058123590727110e-04
1.373388815503443553e-05
1.715659447652000884e-04
1.913138393648337226e-03
1.723755166845241608e-03
4.087658193240315332e-04
2.205645438895651920e-04
1.925720688292929176e-04
6.360295880415296733e-05
3.100016627503558454e-05
6.553882148731147918e-05
6.320335287248528516e-05
1.815859120153272277e-03
1.945294937534253980e-03
1.747071602086126992e-04
2.983009666813747998e-04
3.005871900452869081e-04
3.170043657704899216e-04
4.618793584022021497e-05
1.690550676398584835e-05
5.324310961901743071e-06
9.705521191247738055e-07
1.667449559436934203e-05
3.978846215989405247e-08
5.335016528949774892e-05
2.097822902047895391e-06
2.947317744800786774e-06
1.004284314734314861e-08
2.247215786859847035e-08
2.859620446531812755e-08
3.558451252197268031e-07
5.729066036699753694e-05
9.738990425987514789e-05
1.332847945332668767e-04
9.702684191008964813e-09
7.057583818515787528e-07
1.010578868373827519e-06
3.181426077440117668e-06
8.597495935468663783e-06
2.380404427505296842e-05
2.483995881246184669e-06
1.555590356864805371e-05
4.500054629817667131e-07
6.840999124236554298e-06
3.113405954677740620e-06
2.096255231707922509e-05
4.165491026386267635e-05
3.896367644699799080e-05
1.627465926059924609e-07
9.057400625004341419e-09
2.505358499857092830e-06
1.384862845205727440e-06
1.426671856929539686e-06
2.625063726796896004e-09
4.240984283828930564e-06
9.078939676088514039e-06
2.223572872773952171e-05
4.566440962048143826e-06
9.623224891479297208e-06
6.603320097633301447e-06
1.870361494160686803e-06
2.726842551210628807e-11
2.040056488368629464e-06
1.355381983188155482e-05
