# (3726,)
0.000000000000000000e+00
0.000000000000000000e+00
0.000000000000000000e+00
0.000000000000000000e+00
0.000000000000000000e+00
0.000000000000000000e+00
0.000000000000000000e+00
0.000000000000000000e+00
0.000000000000000000e+00
0.000000000000000000e+00
0.000000000000000000e+00
0.000000000000000000e+00
0.000000000000000000e+00
0.000000000000000000e+00
0.000000000000000000e+00
0.000000000000000000e+00
0.000000000000000000e+00
0.000000000000000000e+00
0.000000000000000000e+00
0.000000000000000000e+00
0.000000000000000000e+00
0.000000000000000000e+00
0.000000000000000000e+00
0.000000000000000000e+00
0.000000000000000000e+00
0.000000000000000000e+00
0.000000000000000000e+00
0.000000000000000000e+00
0.000000000000000000e+00
0.000000000000000000e+00
0.000000000000000000e+00
0.000000000000000000e+00
0.000000000000000000e+00
0.000000000000000000e+00
0.000000000000000000e+00
0.000000000000000000e+00
0.000000000000000000e+00
0.000000000000000000e+00
0.000000000000000000e+00
0.000000000000000000e+00
0.000000000000000000e+00
0.000000000000000000e+00
0.000000000000000000e+00
0.000000000000000000e+00
0.000000000000000000e+00
0.000000000000000000e+00
0.000000000000000000e+00
0.000000000000000000e+00
0.000000000000000000e+00
0.000000000000000000e+00
0.000000000000000000e+00
0.000000000000000000e+00
0.000000000000000000e+00
0.000000000000000000e+00
0.000000000000000000e+00
0.000000000000000000e+00
0.000000000000000000e+00
0.000000000000000000e+00
0.000000000000000000e+00
0.000000000000000000e+00
0.000000000000000000e+00
0.000000000000000000e+00
0.000000000000000000e+00
0.000000000000000000e+00
0.000000000000000000e+00
0.000000000000000000e+00
0.000000000000000000e+00
0.000000000000000000e+00
0.000000000000000000e+00
0.000000000000000000e+00
0.000000000000000000e+00
0.000000000000000000e+00
0.000000000000000000e+00
0.000000000000000000e+00
0.000000000000000000e+00
0.000000000000000000e+00
0.000000000000000000e+00
0.000000000000000000e+00
0.000000000000000000e+00
0.000000000000000000e+00
0.000000000000000000e+00
0.000000000000000000e+00
0.000000000000000000e+00
0.000000000000000000e+00
0.000000000000000000e+00
0.000000000000000000e+00
0.000000000000000000e+00
0.000000000000000000e+00
0.000000000000000000e+00
0.000000000000000000e+00
0.000000000000000000e+00
0.000000000000000000e+00
0.000000000000000000e+00
0.000000000000000000e+00
0.000000000000000000e+00
0.000000000000000000e+00
0.000000000000000000e+00
0.000000000000000000e+00
0.000000000000000000e+00
0.000000000000000000e+00
0.000000000000000000e+00
0.000000000000000000e+00
0.000000000000000000e+00
0.000000000000000000e+00
0.000000000000000000e+00
0.000000000000000000e+00
0.000000000000000000e+00
0.000000000000000000e+00
0.000000000000000000e+00
0.000000000000000000e+00
0.000000000000000000e+00
0.000000000000000000e+00
0.000000000000000000e+00
0.000000000000000000e+00
0.000000000000000000e+00
0.000000000000000000e+00
0.000000000000000000e+00
0.000000000000000000e+00
0.000000000000000000e+00
0.000000000000000000e+00
0.000000000000000000e+00
0.000000000000000000e+00
0.000000000000000000e+00
0.000000000000000000e+00
0.000000000000000000e+00
0.000000000000000000e+00
0.000000000000000000e+00
0.000000000000000000e+00
0.000000000000000000e+00
0.000000000000000000e+00
0.000000000000000000e+00
0.000000000000000000e+00
0.000000000000000000e+00
0.000000000000000000e+00
0.000000000000000000e+00
0.000000000000000000e+00
0.000000000000000000e+00
0.000000000000000000e+00
-1.906169794694788227e-19
1.722443717647394528e-19
-5.370826517664531536e-19
-1.040451793559044739e-19
-7.377224131072038459e-20
1.203720504677780842e-19
3.651730171335138984e-19
1.222751802844866069e-19
3.174536794922450486e-19
3.179832596542488591e-19
9.579205757543180055e-21
-6.552293431623704255e-19
7.212331029299167066e-19
8.234189477977011300e-18
4.687680905757809329e-20
3.338501654200633060e-22
1.658397730489050569e-19
-3.132333951338575654e-19
-1.464998302929903172e-18
-1.268076733002021382e-18
5.560899638477914096e-21
-3.674117671650625987e-20
-8.076584960253594618e-20
3.050823424170550929e-19
-2.893214109416952689e-19
3.144109330124478789e-19
5.036150477861999312e-19
-7.137424404496766782e-20
-5.878371731674452373e-20
3.050486635041387779e-20
-1.071310637756752577e-21
5.925253091616698945e-22
2.806944958985364394e-20
7.559733251857049983e-20
8.815419746212918962e-21
-3.711096654341873480e-20
8.185135510578236968e-21
5.588682639723545611e-20
-3.029280279114985015e-19
2.381626758494631069e-19
-1.035347991728239373e-19
-1.963928034304710241e-21
-6.255486321275903833e-21
-7.243332500881239224e-21
1.031178736344171748e-20
1.687323906366990625e-21
-1.464140393116592587e-19
5.899817553598656756e-20
-1.820660306034983885e-23
2.219759768587605863e-21
-2.076559930778674842e-20
-4.179724998984939001e-20
-3.723669536892845591e-21
2.144539221865454861e-19
1.667122521151577063e-20
2.276785617276307538e-19
-1.628083838360996454e-21
1.885231103325993810e-20
1.327812696737060114e-19
-5.102321362684002584e-20
-6.320493971408807680e-20
8.783562493322509641e-21
3.842682091795698173e-21
-3.714477197468736647e-20
8.439095463336982771e-20
-1.909409489335282759e-20
7.189565671963405935e-22
9.647684203261651536e-21
-1.325160193636401654e-20
-9.966131250296013657e-21
1.195926736494635465e-16
1.692298017094562405e-17
-5.800664635347582642e-17
5.650168334617091547e-22
2.976215866140842095e-21
-5.300821066756984497e-22
4.909899725296352768e-21
1.506648498581270235e-21
-3.264845323994393816e-20
-1.569531666412989565e-19
4.212637947634884118e-20
6.453820190137791743e-19
-2.276200747426819592e-18
1.282614394564263064e-18
1.146862560210472375e-20
1.125287355087356058e-21
1.465741427034673734e-22
3.951734251409421817e-22
2.903081553743264776e-22
-1.281469766034373388e-20
1.328573919223193153e-21
-2.365141852841098278e-21
1.768193949170350947e-21
-8.537649608635705348e-22
3.272293996001404185e-21
2.274036431404198051e-21
4.316377192747982657e-22
-1.529195356270818530e-21
-1.600183522774488541e-23
1.422758823078800961e-22
-4.374854549212993383e-20
-1.048359979671121365e-20
-6.236019814437257819e-20
6.568447747103697363e-20
-4.193399849955846097e-22
-1.478547246108502287e-21
-2.274608458485477291e-21
6.603779130658894932e-21
4.914857413935016019e-21
4.229360643785548392e-21
-4.273740352284106355e-21
1.316859993317690611e-20
-8.390811428644159291e-22
-3.050507601345146709e-21
-8.217576969674789884e-19
2.737924553951085539e-20
4.655523536848371057e-20
-1.845316117043577011e-23
-3.367897739268854781e-21
4.768339399263674452e-22
-1.613243299949144571e-22
-1.497471729188992552e-22
2.749964317081129756e-21
3.164162806094218256e-22
-1.728369603358032468e-21
-2.357701658598836195e-21
4.125885130696015224e-22
7.396428918887897812e-22
2.898321713070015714e-21
-2.135695384630550001e-21
9.151294678804756929e-23
2.316050316206828644e-21
7.293730457425757642e-22
4.464115512513216272e-21
1.118706044433586330e-21
1.719967778075415490e-21
7.960494004467820360e-21
-2.080610781295577344e-23
-1.906183523999829130e-19
1.722351096469878793e-19
-5.370764449922523437e-19
-1.040433300696417207e-19
-7.377401737413439502e-20
1.203716672095896865e-19
3.651687866340832094e-19
1.222731075635050321e-19
3.174508797676184405e-19
3.179840116448129351e-19
9.579376631141681025e-21
-6.553077368019495886e-19
7.211419644344471826e-19
8.234305831003900921e-18
4.687534828157063837e-20
3.340011528589029838e-22
1.658389128285933738e-19
-3.132378658145122825e-19
-1.465049957525099156e-18
-1.268105103020396557e-18
5.560799046106651976e-21
-3.674069440580168775e-20
-8.076594190523988340e-20
3.050810511925799881e-19
-2.893271537018362817e-19
3.143998735863066116e-19
5.036176699295868449e-19
-7.137727352820324330e-20
-5.878394060599292144e-20
3.049447369714702071e-20
-1.069743970429648134e-21
5.925862793138665977e-22
2.806957913169679653e-20
7.559716656308980614e-20
8.814376419942512600e-21
-3.711022624081095913e-20
8.185062832451837024e-21
5.588637278363039211e-20
-3.029269427457803206e-19
2.381660649272270881e-19
-1.035349971738653618e-19
-1.964013230527695018e-21
-6.255451827376413005e-21
-7.242817573192407464e-21
1.032762848870217970e-20
1.687473544036305435e-21
-1.464125694568971836e-19
5.899809408919261551e-20
-1.820920525299195050e-23
2.219757365523132252e-21
-2.076713490605659278e-20
-4.179245219162851058e-20
-3.723926256454522064e-21
2.144264000439376625e-19
1.666528059889522319e-20
2.276764489176061849e-19
-1.628132770464636313e-21
1.885175650209260082e-20
1.327820131749230893e-19
-5.102508577090558212e-20
-6.320060586227854258e-20
8.784413364212270083e-21
3.841461032580320625e-21
-3.713058019939935604e-20
8.438725587357353799e-20
-1.909393380738696244e-20
7.190107459430230611e-22
9.647621982940130876e-21
-1.325162137693535264e-20
-9.965966222435102206e-21
1.195912225085766570e-16
1.692298945881460110e-17
-5.800568737301445174e-17
5.649656404110637552e-22
2.976113282719540860e-21
-5.300668262521891584e-22
4.909880325345049627e-21
1.506671375237584033e-21
-3.264777939570845688e-20
-1.569502001988782132e-19
4.212609202675961523e-20
6.451176923436671761e-19
-2.276390597540888024e-18
1.282435778764327329e-18
1.146848705241381594e-20
1.125275830849511742e-21
1.465727623693671903e-22
3.951671744809231917e-22
2.902949481733555611e-22
-1.281447699659250827e-20
1.328503471214890067e-21
-2.365013323764152291e-21
1.768208799595375169e-21
-8.537633024082726171e-22
3.272400300797830820e-21
2.274071964841913609e-21
4.317346247607119613e-22
-1.529201205263798594e-21
-1.599774720519747200e-23
1.422959596316461770e-22
-4.375128972460451244e-20
-1.048464427952669646e-20
-6.236717496801732830e-20
6.568423298706038081e-20
-4.193076453869359229e-22
-1.478628469224802961e-21
-2.274518016945947415e-21
6.603772520326244052e-21
4.914895606942294670e-21
4.229439921525668343e-21
-4.273755784002885260e-21
1.316867055864720744e-20
-8.390867116035944017e-22
-3.050502468563692260e-21
-8.217453050165308763e-19
2.738538588110744082e-20
4.655463093175177613e-20
-1.845362414535233287e-23
-3.367797833194341896e-21
4.768290077093895906e-22
-1.613223978423735975e-22
-1.497419268597455913e-22
2.749996021458981890e-21
3.164097814581021634e-22
-1.728458515384348699e-21
-2.357331959459202277e-21
4.125880386331897482e-22
7.396654635650857339e-22
2.898946926513182972e-21
-2.135996001446360099e-21
9.151447393617465616e-23
2.316041404086450075e-21
7.293693586111371272e-22
4.464127455102788067e-21
1.118618014267211333e-21
1.720047067181777009e-21
7.960441231680642809e-21
-2.080304644439890656e-23
-1.041122719210183898e-09
1.506689229122028407e-09
-1.206628113493220181e-09
-2.397144898966712207e-10
-1.278553066261340833e-10
-6.292119911871091432e-11
2.728396043044410996e-10
-1.823318827100259815e-10
2.800957566890044147e-11
-5.401586291998437268e-12
1.625741752813879681e-11
1.007094378473668004e-11
-1.269952666857345066e-11
7.166254683907493736e-11
5.767097519258178808e-12
3.565857311278677042e-14
3.286113125744524281e-10
7.499391913615781737e-11
1.197005370220249543e-10
4.361098221602525121e-10
-2.035483030778159507e-13
3.977449508092641445e-12
-7.318821508689269163e-12
1.034164744753378367e-10
3.566886461162692437e-12
9.506526592271840097e-12
2.616111375537985759e-10
8.208002211823743930e-13
1.000793914195362056e-11
5.444970621064090069e-14
-3.053710466023151086e-14
3.659724566525396790e-12
1.667605636975862039e-12
-2.356062126603891146e-11
-1.399073862796570647e-11
7.682099642834161770e-11
-3.422358918501679362e-12
3.749113108357453386e-11
9.652626025942229768e-11
2.812384258291084006e-11
-2.139230769770111729e-11
1.043699406978598078e-11
4.452804178121149145e-11
-1.085859216773141141e-11
7.912785276999922338e-14
-1.765658515485750801e-13
-5.940281012748623095e-12
1.105284738516817887e-11
-2.330719348999118342e-12
2.780089343209084409e-12
1.826584593832075244e-11
1.523520918835454502e-11
-5.033920860182884254e-12
1.074005525138006081e-10
-9.475840976665351638e-11
-1.351574136989616669e-11
7.971232300887398864e-13
1.372968681527306647e-12
1.477703990704489710e-11
-9.376900568590660988e-13
2.589728243102709066e-12
2.057598733297961217e-11
-1.840803044067366692e-10
1.750457213951239491e-10
1.893196562922215205e-11
8.397231693073526731e-12
-6.322794692193048425e-13
-1.694146519202964755e-13
-2.234187087807193119e-12
-3.972071929341841912e-12
7.931625907363431920e-10
4.126650301003165051e-10
-1.659328654397486608e-10
6.280155565655282500e-14
1.349509474276554139e-13
-2.024112877818722939e-12
3.659933559692482937e-12
1.859271025403578714e-12
8.652854121869489118e-12
9.087188915170768848e-13
-1.163422222378513955e-14
-1.307051257706758730e-11
-2.960996893876294111e-12
9.945719697625001673e-14
2.935995633992124039e-12
1.934953035934058330e-12
7.759335037120183439e-14
-5.482903511972601451e-14
8.498876472628368187e-13
5.776444121421518857e-12
-3.065006089782306871e-13
5.732211135628688917e-14
-1.978994407058389568e-13
3.375335516177199928e-14
-4.378099208423934796e-13
1.042725257643867923e-13
7.104857738180292023e-13
1.782727434569645788e-13
1.014728875449851115e-13
1.684588193199959740e-13
1.223725421735334875e-11
-8.851956820446345699e-14
-3.183362723508861539e-11
3.055358218084754937e-12
8.233178165337730345e-14
2.604968807829493780e-13
3.756119708785346630e-13
-9.580564706010927578e-16
1.884005285037038598e-13
3.773772246670218543e-13
2.869448069717081928e-12
-1.201516859642614353e-12
2.704067109562939016e-15
1.278725621590356536e-14
-8.481061154745916524e-13
-1.640271123101263947e-14
5.977097368411719826e-13
-1.012896552183896372e-13
-2.375763303568410667e-13
-2.580802374897206074e-13
-1.471687908082163926e-13
-6.018384235625058488e-15
-6.191856982054334299e-13
2.028254631878659703e-13
5.254564911339852318e-14
-2.316166805784688727e-15
2.586823752324210128e-13
3.077609597444370084e-14
-3.182739056607455406e-13
-7.369409014274687513e-14
-8.084099802139130404e-14
9.090777672077145021e-13
-2.915261134292378559e-13
-1.162463086951499274e-13
-9.194518336029884404e-14
4.055298616116781599e-13
-1.536770739770653943e-13
-1.128593917346848166e-13
2.051160439524019362e-10
4.334760702225228599e-10
8.891470089892877932e-09
-9.047472118524837030e-09
2.201429701662598366e-11
-3.820375765660277924e-11
5.226367741446516875e-10
1.029935775194161504e-10
9.554526246141185416e-11
-9.830644936050667108e-13
-3.453531278225044222e-11
-2.970417815267714148e-13
-9.983984380997627457e-12
-9.019896198326831517e-12
-1.242883501835534350e-11
6.068181277076153087e-12
2.390171964701184180e-12
7.408033492857924571e-12
-1.245560181305971325e-10
-8.240884401382321025e-12
1.179889900968067966e-12
3.150568263471815183e-11
6.684885330560824995e-13
9.233153486200215001e-12
6.669303578389291205e-11
1.571615400836926937e-11
1.163152467697449302e-11
-8.443952194719660894e-12
3.080121561466570757e-14
1.796935965035418949e-12
-5.785894428124578664e-13
8.327449676917465081e-12
8.554985678115445328e-12
-6.148205714597008331e-12
7.362511192089036658e-12
-4.448641880193339766e-12
-2.281701876583419636e-11
2.766472530200303735e-13
1.473405323034983792e-13
3.751055161829066623e-11
8.301215685938319332e-12
1.796256592415229733e-11
-1.717494497812114071e-10
2.104646468400214505e-10
9.985741803267607745e-11
-5.682045230490182384e-12
1.098170261688338899e-13
-1.383535869181543092e-11
-2.172411864108956658e-11
-5.424826382637782633e-12
9.193787705153811038e-13
9.446585685298381063e-11
-1.895892685311854692e-12
1.592075301259018017e-11
5.221413494698076069e-12
-5.613969913606210392e-13
-4.798095679390321534e-12
-1.530709837398397699e-12
7.507748317309910291e-12
5.572417852565064229e-12
1.381241107845596416e-11
6.195452109671219846e-12
-1.077010012635325899e-12
3.191934550960818580e-11
-6.849953115255981713e-12
2.969340515690244419e-13
5.737533294110892047e-12
1.415776031133203130e-12
2.574551871758529335e-13
-2.445368539404110876e-12
4.473649765419735810e-12
5.605584679226209843e-13
-5.599633405576794725e-12
2.110538069161287597e-12
-9.668470312539484220e-12
1.399598650049625225e-12
5.036268997762910364e-12
2.055428933857691976e-12
1.024322461012429799e-12
2.918098161389348474e-12
-1.145401330498840595e-13
-9.430602585558193414e-15
1.054615368707684901e-12
3.990359041685877942e-13
-2.501211358644348678e-13
-8.477909309318955738e-15
-6.906577099092122105e-14
-2.632321160540082478e-12
4.525878048515582671e-13
-1.120030317983228419e-12
-2.726889998111828991e-13
-4.998000679368355362e-15
-1.451202930314663949e-13
5.693879470805497742e-14
1.340045118907074035e-13
1.492806508694739752e-13
-4.481169514899988312e-13
-5.753748054141441124e-14
3.963726191355617663e-14
-4.448763386977144487e-15
-7.810046765647144174e-15
2.791693049503956229e-16
8.387690499147853531e-14
-7.514642300183837475e-15
3.475577424558024784e-12
-7.393471152800271589e-12
-3.117313381866868634e-12
-4.731945656317964079e-13
4.604745723609078937e-13
3.342881230481180648e-13
-1.394844664058514304e-12
3.226170581598333720e-13
1.455452717640929096e-12
-5.190671122687068689e-13
1.021358878168291889e-13
2.079533717280941976e-13
-6.538047800343694440e-14
-4.013848983680839790e-13
9.387360187767984966e-14
-3.106295887453732463e-13
7.460894495017022289e-14
-1.616656344080560345e-13
-7.933324995536157664e-14
-1.515172534153630124e-13
-1.321542716860230458e-13
-2.349266982179918664e-15
5.636742001738713922e-14
1.229952292475419524e-13
-3.194857627526363144e-14
-1.860960879123752817e-13
-5.985619836171209927e-14
4.756393059296312769e-13
-3.075526496570160917e-15
-3.777539057085528869e-14
6.978665892443352750e-13
-1.738813889895439537e-13
-4.711805792578543917e-13
-1.146699560200660849e-14
-3.483909980151295916e-10
9.279102767621734789e-11
1.325638030046258274e-08
-1.359196892672418419e-08
-3.441133808857902113e-11
5.729046350697475726e-11
-6.138465635110219639e-10
-8.611620215199592438e-11
-7.668500297060716749e-12
-4.738679658796137780e-11
3.269783817071911183e-11
-1.932603040901904307e-11
-3.087875634376803772e-12
-6.724992928653099869e-12
4.038169932960352335e-12
-2.101834558017024180e-11
-8.809699986701108224e-11
-8.555274669586655613e-11
2.112225660500662149e-11
9.331782084423054567e-12
4.068745873001011468e-12
-5.523721940268199625e-11
6.315769257092710638e-11
-9.938939429253318410e-12
3.013886089353171619e-11
-2.175337869855361129e-11
-1.218643570065352223e-11
6.396968448398074138e-13
4.090861870864783280e-15
-3.103665549782612348e-12
3.490902471341974095e-12
1.554776889282674655e-11
-2.078875096507410932e-12
-4.802786559485546982e-11
-2.109126131190722562e-11
6.809919023960482012e-11
1.038014812051153026e-11
-2.727236318270939837e-13
-6.260105507126837804e-12
-1.645386417597996418e-11
1.390877023013223367e-13
7.201840834647564932e-11
-3.270854634458734883e-10
-1.874448618341572696e-10
-8.079999433819517603e-11
-2.485613289546535134e-12
-2.696991744451998357e-13
2.056392590934608681e-11
-1.473819411967353139e-11
-9.855603901231220335e-12
-6.716681547320565801e-13
-5.003721582039887119e-12
-7.568576300764816710e-14
-1.514450327309840367e-11
-8.390763565963552769e-12
1.376707077668797197e-13
-6.603673708181572744e-12
3.493788790705661629e-12
9.068926665837059347e-12
-6.985434846199112785e-12
-1.110528642481112149e-11
4.044151751740869342e-13
-8.467174401927949873e-13
3.360843978842883134e-12
9.626016138615638046e-13
2.455554872217817450e-13
-1.456011898948442465e-11
5.340258674421341268e-12
1.262522840725756375e-12
-4.258774008200165059e-13
-1.701811961971007212e-12
-8.013855936921391222e-13
4.157733284680678248e-12
-2.242356720607053669e-12
-1.262943033581422189e-13
5.540285383948334015e-13
-1.794492765329373749e-13
-1.729130175207721111e-12
-7.861533752041675693e-13
3.472011597843337771e-12
-1.082708213354166134e-13
-3.606113511035196032e-15
9.173102511846210860e-14
7.264256616026560395e-13
-2.447079571697605670e-12
1.398690493879562796e-14
3.778597728930008397e-14
2.947492603541616082e-12
-5.799576900893635608e-13
2.466327684138516444e-12
4.279211924749140010e-13
-4.591505151787118885e-14
6.182663741197183478e-14
1.209920891179137468e-13
3.370746565003131091e-14
-8.240199526981032939e-14
3.920622190444981877e-14
7.315464610355829824e-15
7.933685537153110564e-14
-9.918236766854397228e-15
1.153744570787191137e-15
-4.081508086131679133e-13
-2.880137969302214139e-15
1.267049054642070420e-14
2.297316084516668423e-12
-5.148492104227656302e-12
8.095506724553304125e-13
2.890505821953338488e-13
9.993757219198077744e-15
1.920903337206629351e-13
2.585084447370845471e-13
6.448626435990921984e-14
-5.474858987158492324e-13
3.266091727329747992e-13
5.962076840267961827e-14
-1.934565328372810452e-13
-1.714794883321690149e-13
-9.255618599369724518e-14
-3.861264591929205203e-13
7.452290968574343571e-13
1.959162155508809836e-15
4.365172106831115279e-14
-3.276566010777870259e-14
5.394782480171105211e-14
2.657421513864799558e-14
1.562648276249860237e-13
4.797514915388079761e-16
7.518444153670937079e-14
4.549961760138504530e-14
-4.230496494213959838e-14
2.703262670025401304e-14
5.288943360507147650e-14
1.548494979251056023e-14
-5.707656669510787069e-15
7.470367392038267423e-14
-2.335759895753639463e-14
-6.784683705647522510e-14
7.173876835308101762e-15
-1.041133257344129380e-09
1.506666510753863555e-09
-1.206629729534313275e-09
-2.397184143198378650e-10
-1.278535188943466232e-10
-6.292125435050575268e-11
2.728416760535438369e-10
-1.823346619033448712e-10
2.800963215661654149e-11
-5.402020591945260507e-12
1.625672422548806467e-11
1.007131545387784426e-11
-1.269957783049822253e-11
7.164769517435434452e-11
5.766912428521584433e-12
3.535222640626083443e-14
3.286098763257201726e-10
7.499233017476746158e-11
1.196985918720394494e-10
4.360966235083816315e-10
-2.035888639828549313e-13
3.977947528712604505e-12
-7.319092533749852614e-12
1.034159010539193245e-10
3.566681524427225870e-12
9.506651577155857029e-12
2.616168209136214745e-10
8.210428230246909992e-13
1.000800445463004928e-11
5.444615762044786318e-14
-3.053274222169703427e-14
3.659642301480810472e-12
1.667617932698208807e-12
-2.356063785581174073e-11
-1.399066848695401731e-11
7.682087484903458205e-11
-3.422334837358690232e-12
3.749097180261106989e-11
9.652638119080646264e-11
2.812271687201237323e-11
-2.139242072246082437e-11
1.043693113092099748e-11
4.452813559708375215e-11
-1.085859305185698233e-11
7.911028588364400317e-14
-1.765516492693812970e-13
-5.940290277813874253e-12
1.105332685943558252e-11
-2.330669008134137939e-12
2.780073202468078460e-12
1.826693153005537618e-11
1.523459242165081941e-11
-5.033378059154866051e-12
1.074019485513851664e-10
-9.475749137517395466e-11
-1.351626068790230139e-11
7.971026717950938013e-13
1.372971268952965889e-12
1.477697923341570310e-11
-9.376303660299790484e-13
2.589711538818269783e-12
2.057639432006121496e-11
-1.840777504839706384e-10
1.750439969623458055e-10
1.893114235830289143e-11
8.397333364661968653e-12
-6.322918136148463637e-13
-1.694116430094219228e-13
-2.234247448248931182e-12
-3.971897269589559552e-12
7.931581329294261448e-10
4.126595804452040536e-10
-1.659288980798641455e-10
6.280085330090096974e-14
1.349518160179072655e-13
-2.024043319465230546e-12
3.659932320117716548e-12
1.859263549311404377e-12
8.652734025330653664e-12
9.087164559413504219e-13
-1.163454811397217975e-14
-1.307066587763334455e-11
-2.961029770240073405e-12
9.944676095840738234e-14
2.936051217634644982e-12
1.934970507895291998e-12
7.759623503678263531e-14
-5.482853514509523384e-14
8.498791581155899807e-13
5.776370557175237938e-12
-3.064961941203078491e-13
5.732431252956617104e-14
-1.978992036451285482e-13
3.375398037039830791e-14
-4.378245076873776470e-13
1.042793638953232943e-13
7.104953771192748044e-13
1.782699354598497152e-13
1.014782264360916400e-13
1.684544098555334466e-13
1.223723526956286163e-11
-8.853910159100859325e-14
-3.183352706566034520e-11
3.055353697676165737e-12
8.233568541181696581e-14
2.604924224608828981e-13
3.756120122905466532e-13
-9.580590320630260898e-16
1.884019740218454346e-13
3.772938005738779295e-13
2.869523343037685398e-12
-1.201508136288243544e-12
2.703845023867812683e-15
1.278613841921734529e-14
-8.481018598650343905e-13
-1.640937309538932147e-14
5.977081588834144303e-13
-1.012871915139308993e-13
-2.375800744121910137e-13
-2.580798103962964237e-13
-1.471652542608978863e-13
-6.018402869576640058e-15
-6.191886315454555736e-13
2.028331297143356538e-13
5.254546902141579001e-14
-2.317776695736393934e-15
2.586904838587118767e-13
3.077459962045971622e-14
-3.182719090230440980e-13
-7.370178760392761627e-14
-8.084167196925275276e-14
9.090668604462333126e-13
-2.915195957700289474e-13
-1.162489322169301855e-13
-9.193479272909019037e-14
4.055704072891765828e-13
-1.536713287753365262e-13
-1.128647938504522111e-13
-3.483898447589274704e-10
9.279347494330309532e-11
1.325627756834403341e-08
-1.359186317569901314e-08
-3.441134577045347887e-11
5.729044614191459780e-11
-6.138458268204355358e-10
-8.611657586117826819e-11
-7.669802523662915185e-12
-4.738609536042348419e-11
3.269707539965021814e-11
-1.932593372093632374e-11
-3.087741947853456862e-12
-6.725166725142237742e-12
4.038154527441162561e-12
-2.101840719117152101e-11
-8.809780398562876799e-11
-8.555379497476618774e-11
2.112203931141716195e-11
9.331748205122363872e-12
4.068763381958304353e-12
-5.523809932396600029e-11
6.315764483804285286e-11
-9.938947997159292372e-12
3.013861101916303953e-11
-2.175372233192328368e-11
-1.218655857686873844e-11
6.390621755785608859e-13
4.090765724369791634e-15
-3.103624040880260613e-12
3.490905647811999065e-12
1.554791208701283195e-11
-2.078857502381270079e-12
-4.802794724354080223e-11
-2.109149436977298021e-11
6.809928039184133751e-11
1.038002853337627333e-11
-2.727526182639166038e-13
-6.259947463724214733e-12
-1.645418456647624133e-11
1.390870275934723045e-13
7.200427028057640000e-11
-3.270339898855974543e-10
-1.874451428851454328e-10
-8.080015899374859820e-11
-2.485617151779426284e-12
-2.696986099160498387e-13
2.056385393920435730e-11
-1.473812062277850202e-11
-9.855608007725333680e-12
-6.716810310112277439e-13
-5.001839726431298991e-12
-7.574414826041031683e-14
-1.514445295775416781e-11
-8.390728647120702388e-12
1.377079711703599968e-13
-6.603869745065570851e-12
3.493767867957558294e-12
9.069074369837646929e-12
-6.985209333372258784e-12
-1.110524214760211738e-11
4.043807496304865138e-13
-8.467147439919031196e-13
3.360870917656275300e-12
9.627481730229440957e-13
2.455572256289247253e-13
-1.455989780307082253e-11
5.340355023755070592e-12
1.262545894655118313e-12
-4.258902596339502580e-13
-1.701763492655989428e-12
-8.013613878265084670e-13
4.157898888878579742e-12
-2.242357329122969702e-12
-1.260814638567747855e-13
5.540016075450688642e-13
-1.794461392951286191e-13
-1.729127410638938583e-12
-7.861664650720661626e-13
3.471963417131259074e-12
-1.082701035546809847e-13
-3.606016624840867021e-15
9.171827942404651249e-14
7.264314255480627726e-13
-2.447065021033605095e-12
1.398686169145254452e-14
3.778523338582767428e-14
2.947532808528977773e-12
-5.799665232461498235e-13
2.466316111944242584e-12
4.279203029966150273e-13
-4.591529589317177738e-14
6.182746153114615294e-14
1.209927458321530381e-13
3.370967291155138610e-14
-8.240189751130732731e-14
3.921319362194001114e-14
7.314890866918657898e-15
7.933947252143118906e-14
-9.916217660215844633e-15
1.153983146563896524e-15
-4.081623581357776704e-13
-2.877524686704347999e-15
1.267035366505134204e-14
2.297294047448958546e-12
-5.148446227196123511e-12
8.095455702310766666e-13
2.890548569641850767e-13
9.994253662142280742e-15
1.920913815000893361e-13
2.585100384434359883e-13
6.448938445556021382e-14
-5.474863321222117972e-13
3.266087675912805157e-13
5.962195726586728897e-14
-1.934532363848989143e-13
-1.714736306794452824e-13
-9.255817053174883374e-14
-3.861266692458122683e-13
7.452278142105722428e-13
1.963197007384141752e-15
4.364850796203590418e-14
-3.276635344372239067e-14
5.394727661460649594e-14
2.657325923376124064e-14
1.562642349938898330e-13
4.661757697617903215e-16
7.518612072526807360e-14
4.551012887333617838e-14
-4.230636092538893333e-14
2.703165105332256259e-14
5.288901885286453766e-14
1.548445632073410118e-14
-5.707258495016554885e-15
7.471202163126342229e-14
-2.335718730419872410e-14
-6.785133611054643146e-14
7.173809547913563675e-15
2.051176857123503269e-10
4.334695238182456332e-10
8.891494921797364487e-09
-9.047499267933099700e-09
2.201439700667829626e-11
-3.820407878190268107e-11
5.226396927329415999e-10
1.029932280239413213e-10
9.554725160568398343e-11
-9.825394595017801334e-13
-3.453749185612058314e-11
-2.971447510688383686e-13
-9.984362709339081184e-12
-9.019850952019777475e-12
-1.242878366506699950e-11
6.068157966184112906e-12
2.391214591857930869e-12
7.409651251627741955e-12
-1.245559581869263657e-10
-8.240893802117040550e-12
1.179913214567728383e-12
3.150429544516122360e-11
6.687004420597999246e-13
9.232963245738237578e-12
6.669318912563103176e-11
1.571619993624211596e-11
1.163152763833741987e-11
-8.443775311775735432e-12
3.080068583914719238e-14
1.796947546256009630e-12
-5.785825320278463285e-13
8.327608361425822529e-12
8.555004386630254631e-12
-6.148179645893236839e-12
7.362590352939477015e-12
-4.448357423279743790e-12
-2.281692388285156676e-11
2.766345089198542497e-13
1.473826287165664157e-13
3.750983884701788200e-11
8.300982527611385647e-12
1.795322264882407635e-11
-1.717128156761253066e-10
2.104617053569958607e-10
9.985588137544326824e-11
-5.682056790218977699e-12
1.098000484448122855e-13
-1.383536583913610819e-11
-2.172412622028298326e-11
-5.424706053954040415e-12
9.193901649969142261e-13
9.446512637477002411e-11
-1.895881514783921867e-12
1.592077041989044040e-11
5.221358521570528401e-12
-5.613112356182051684e-13
-4.798283865929601322e-12
-1.530722169754605406e-12
7.507442934227370823e-12
5.572297441475754081e-12
1.381242234691451248e-11
6.195444010420487325e-12
-1.077016281728874227e-12
3.191944730581628708e-11
-6.849896421168053582e-12
2.969407150610639669e-13
5.737495363198915805e-12
1.415831350674511474e-12
2.574695956378847833e-13
-2.445354941755268596e-12
4.473534455637516954e-12
5.605740152431059978e-13
-5.599626333849354635e-12
2.110515923606758296e-12
-9.668516012527879989e-12
1.399633542861363655e-12
5.036282076824929674e-12
2.055413932369911340e-12
1.024310661823527498e-12
2.918106137943159352e-12
-1.145407960745819319e-13
-9.430565813023227070e-15
1.054600567741374508e-12
3.990443113523467773e-13
-2.501324042724849884e-13
-8.477974905565520074e-15
-6.906517016497566881e-14
-2.632341095216824370e-12
4.526054780523239153e-13
-1.120050239956747618e-12
-2.726896384094736886e-13
-4.997713188241245585e-15
-1.451213608778708697e-13
5.693778376996008497e-14
1.340048918444153111e-13
1.492848588015367437e-13
-4.481149873734346993e-13
-5.753696946256098320e-14
3.963730559746425511e-14
-4.447889681329700629e-15
-7.810092731315440714e-15
2.812019116910524919e-16
8.387695339864124478e-14
-7.514735552849446371e-15
3.475588842821865059e-12
-7.393502472496893068e-12
-3.117309477301759576e-12
-4.731920316160825403e-13
4.604727768158514197e-13
3.342884303110563870e-13
-1.394840335288135132e-12
3.226168507686438434e-13
1.455455307155914289e-12
-5.190761680332471462e-13
1.021357895509412403e-13
2.079526539634936395e-13
-6.537863124393536367e-14
-4.013846519827759708e-13
9.387836369143348904e-14
-3.106338126368889399e-13
7.460619158038052563e-14
-1.616650029104601766e-13
-7.933250110717567660e-14
-1.515178766575440375e-13
-1.321550561498889194e-13
-2.348625365049912917e-15
5.636685949504299796e-14
1.229949591631100163e-13
-3.194823445260340473e-14
-1.860947194810250976e-13
-5.985684424008333863e-14
4.756339996138448378e-13
-3.075169380337184342e-15
-3.777576925955451352e-14
6.978706555683987417e-13
-1.738804344309855070e-13
-4.711814835165004900e-13
-1.146681155020204026e-14
9.716058612702856347e-10
3.491185017888146232e-09
9.403045149181030205e-10
4.835543944991267174e-10
3.339071511449661977e-10
-1.689572859757122463e-10
1.601589350412896816e-10
-6.347753642118409194e-11
9.934291273857940082e-11
4.715116987180282823e-11
-2.179458879086487182e-11
3.797918196353087713e-12
1.425191455382755312e-11
-7.560945779896844014e-10
1.901597976059546004e-11
2.457738600213375183e-11
-1.078759984688115883e-10
8.738299986546801681e-11
-2.849801260429798549e-10
-3.617832506444540554e-10
-3.174063366040217336e-12
1.067918147616291604e-10
2.183995903318027707e-11
7.792344315367706947e-11
3.582243633752367329e-12
1.199571151000528593e-11
4.416174616406874416e-10
2.185221040801077942e-11
-1.573197806524574433e-12
1.317662153253148616e-13
1.754482783747519975e-15
2.918596766603977055e-11
7.291551158138775675e-12
-2.138405812521529374e-11
-5.988133269565976435e-13
4.198857608077085276e-11
-1.297441396988459970e-11
8.001455003730146393e-12
1.495248092142984389e-11
3.982817234735829497e-11
-5.207551497407273958e-11
-1.277661530560900617e-11
2.238629889204443760e-11
1.419179671142559688e-11
-1.898685498080911684e-13
-1.726271154399200682e-12
-3.428574726598808718e-11
-1.556249707812666224e-11
4.336066228942855105e-13
1.080992616341878437e-12
-9.400305663043117863e-12
-1.915988694039783796e-11
2.606451154279848810e-11
4.649054075096893502e-11
4.039375578607377354e-11
-2.023310555505581056e-11
-6.786217087735643957e-12
4.495541407198685943e-13
3.336867376920922961e-11
2.445719121943744647e-12
-5.496211907399132548e-12
-1.109825657313854479e-11
3.926963393275765360e-11
2.961731295811395360e-12
-4.657638626636188644e-12
-1.025174108696516384e-11
-1.027014543794621588e-12
-3.210924586498281690e-13
1.482453675898483612e-11
-1.584664604722414653e-11
1.083503640558141477e-09
2.001980303842521981e-11
3.145475838418009485e-10
1.006666690927302226e-13
-2.517278088771858372e-14
1.235801603632395800e-12
5.735580958001371607e-12
7.092985488909750702e-12
2.767272669214143953e-12
4.538421265371667265e-14
3.909345605508337954e-13
-5.096803554148742418e-13
1.655854568158208887e-12
-1.484428731599966507e-12
3.642246013709073377e-12
2.075356730827716710e-12
1.558664379532754027e-14
5.781052337187627951e-15
3.292828866175494824e-13
-3.578783979433545605e-12
-1.294870718595806471e-13
7.121858539186639038e-15
-2.170133736364496144e-13
-3.365653472983294073e-14
-1.111235868382341701e-12
8.886774636684669879e-13
1.892139313567823185e-12
-5.460707108597928392e-15
1.660384722185155459e-13
-5.871432965083834906e-14
-6.046720402306403848e-13
-5.583443569280540363e-12
1.182784312647325795e-11
1.753961807072065424e-12
1.736009693052303260e-12
-2.639446465285072395e-13
1.852819824043878747e-13
-2.780729347414672312e-15
-2.396296433114877790e-15
1.427358612976494752e-13
1.212100327176418458e-12
-6.853299574614491674e-13
3.055735320682127517e-16
-6.240936116418444393e-15
-6.775918115111661418e-14
1.000704902142941122e-13
-5.735188157272181845e-13
-5.395772002798563883e-15
-6.801858284826770243e-13
-3.482143656450003966e-13
-3.180795900043951334e-13
7.729287707539835103e-14
-1.074310927305753055e-12
1.526976828580542519e-13
-1.635770633989063427e-14
1.122224170878286437e-13
2.021640460645940110e-13
5.620559176247800729e-14
-1.468673522929735560e-13
-2.936970398909070026e-13
-1.267980187269920119e-13
7.047409252455432060e-13
-3.482475544224001827e-13
-1.738098138121414104e-13
-4.582860241702109832e-15
7.042169389230985616e-13
-2.551827040529404650e-13
-4.433049519311452983e-14
1.404266109387448605e-10
8.228417219785778035e-10
5.601344229401160154e-09
-5.812676340931762777e-09
-1.216784661660222187e-11
3.143291927926206194e-11
1.409670666424812937e-10
6.451176161138667213e-11
1.270046792039775117e-10
5.549993362074500095e-11
-7.414804465444860745e-12
1.440221161521939827e-11
-1.318581970020740815e-11
7.220156435756207916e-13
-8.323860413737077961e-12
-1.687493422922236594e-11
-2.061865479837863991e-11
-2.258245581160509548e-11
-1.091139081032845945e-10
-2.485171884015527399e-12
1.212762866152259294e-12
-2.394808914326429484e-12
-1.193278368315339295e-11
8.217046924831737258e-12
1.328865346246834490e-12
1.772158435682685709e-11
1.000089327700670188e-11
-1.733116337509925861e-11
2.073476994895987575e-14
3.529927670311080205e-12
-1.653306322192697281e-12
4.243724486807252980e-12
1.397219852915469692e-11
-6.688101050515848840e-12
2.716781045254140842e-11
-1.012906122686230017e-11
-2.903904727922552047e-11
-2.384750731189623620e-12
1.401901780426934624e-11
-4.222288344216900308e-11
1.178778420672754967e-11
-2.161499863844128831e-10
6.875742883450711401e-10
1.713617699759627429e-10
7.970357103545392394e-11
-4.321913831165287193e-12
1.727468569173648135e-13
-1.661993843362240051e-11
-1.961335515061202033e-11
2.345838552400226914e-12
9.373500513546309044e-13
6.917247191115616784e-12
-1.772973493131111902e-13
5.240637135425889988e-12
-3.015244343519854632e-12
-4.234273772645471103e-14
-2.941302587265232043e-12
-3.624376427838035384e-13
-1.444147040948182079e-11
-9.727637411650782031e-12
1.368879225108105798e-11
4.007930554578961862e-12
-3.610210493555033776e-13
1.865109651435512617e-11
-1.028734280241890398e-11
4.623109237275633764e-13
6.489958929672426959e-13
-2.516487165785285018e-12
-6.120970816774877063e-13
-2.408565704207128692e-13
-3.079193634526594284e-12
-1.406283459457125564e-12
-4.096640043077317203e-12
2.370901384543023906e-12
-8.348952119134471059e-12
2.538083250817192127e-12
4.619911594503362985e-12
1.425810381995518113e-12
6.995859815482702553e-13
4.672832747635313947e-12
-2.308776695465798160e-13
-6.092331520360992866e-15
1.233731663115322598e-12
7.553786927231092014e-13
-2.807556604383043325e-12
6.932281331261961759e-15
-6.280816619910989497e-14
-3.273562298549473519e-12
6.446852759716690840e-13
-1.833263225459272294e-12
-2.692664535070795363e-13
-4.123089751400226288e-15
-1.029967199468680599e-13
9.103208998444548725e-14
1.665391734602131030e-13
-3.063982459388993653e-13
4.707515083546859939e-13
-2.486831524750011343e-14
4.563529052515041365e-14
-2.398173730055031445e-14
-5.604984176992337491e-16
-6.222080805911170524e-13
1.320064648761644980e-13
3.800464056831303013e-15
1.894954883690076490e-12
-3.435028074230650394e-12
-2.765512177122239339e-12
-5.655741430883490639e-13
6.066057076934687637e-13
4.125763267220920843e-13
-3.869815639649882367e-13
1.457794533269138062e-13
4.776262973345122986e-13
4.278851226473553790e-15
9.059095704568208313e-14
6.717430876874084997e-14
-1.356166166521528351e-13
-3.379771291654670917e-13
-3.145148483240805948e-13
8.580795363671959931e-14
1.011927528595950797e-14
-1.086176638030990050e-13
-1.012715162543262682e-13
-1.491342049946921759e-13
-9.892877856491758855e-14
-1.245156461850108134e-15
3.243782695589071481e-14
1.113124821212493496e-13
-2.246245749336043447e-14
-1.494032736095122396e-13
-4.800538851634148314e-14
4.590137695964320847e-13
-1.041123147120764892e-14
-4.357806716935203108e-14
6.692307254294319271e-13
-1.774868578935305932e-13
-4.302353140981571324e-13
-1.191692778721241224e-14
6.073101431692407199e-10
6.781447591374594890e-10
1.071156277762492143e-08
-1.074616185002690509e-08
4.331831298517194816e-12
-3.068749544521501991e-12
-2.249070821841001582e-11
1.593722294600968063e-10
-6.253193212000649090e-11
-1.501801955705306196e-10
6.520427939507704769e-11
-1.858832651032919880e-11
3.375336577093151375e-11
-3.275765349887054089e-11
-8.490644293176244538e-12
-1.509529538994244490e-12
-1.655472624967633903e-10
-3.156787849600864728e-10
-6.346073657783167441e-11
-1.152823593487093349e-11
-1.728052186496700542e-12
-9.308370962498251126e-12
-4.587829888651512503e-11
1.450278438890206734e-12
-4.083386107759024143e-11
1.223465433383587408e-11
1.028255799522828001e-11
2.022616472061159301e-11
1.613094529795350549e-14
6.946328278716254468e-12
-3.936611488603725282e-12
-5.011801048393169258e-12
6.276936878122356723e-13
-1.899809777382214361e-11
1.371933713259701571e-11
2.713306550434334430e-11
-9.717432986912032743e-12
-6.494544102361886058e-12
8.890909073750744017e-12
5.080396466951075051e-12
1.246171589702646340e-11
4.405519517226209394e-10
-1.630064294310600854e-09
-2.139545270607168190e-10
-1.128843169724934849e-10
1.025515135848637382e-12
5.606946110253521881e-13
-7.082671967728383755e-12
1.121411490740047774e-11
2.771025469052152929e-12
6.593821680683263373e-13
-4.253540571901589025e-11
2.240374609633115500e-12
7.082923109604791978e-12
2.860043193719414133e-12
2.812507060797505304e-13
8.538784738354309957e-12
-4.237647380483042140e-12
-8.776318160033395536e-12
5.961906133264120548e-12
1.054080402050780462e-11
-3.785818024258944105e-12
-3.662991542662519808e-14
6.949949479751371469e-12
-2.160712248694160578e-12
-3.070688823293177574e-13
1.389154986627280878e-11
-9.656586646505235661e-12
-1.961248648624074693e-12
6.758986195248292413e-14
-2.682679579675622855e-12
1.721671776037808835e-12
-2.080657422819799766e-12
1.021939537148342137e-12
-1.369270713305773970e-12
-1.324174168967118891e-13
2.304803373080717991e-12
1.748372502378615791e-12
8.670775448255019821e-13
1.502385634543544944e-12
-4.370625630137769136e-14
-4.494981812852874436e-15
-3.241608919859868718e-13
3.694267462422564221e-13
1.235060975406092313e-12
7.465963875784244912e-15
4.050777775043819025e-14
-3.970409538043942720e-12
-1.652988695933965542e-13
-2.878075500893610343e-12
-4.274069775505782629e-13
6.010019649608248213e-14
-4.718820441224016803e-14
-6.852918481822913125e-14
-2.591354270245610869e-14
2.425983352579685657e-14
3.250325471637723015e-14
9.472062446289953128e-15
-7.826950810285782298e-14
1.676953275826453723e-14
-4.135789124196427094e-15
1.482712964621146953e-13
3.616834790958699787e-14
-1.232203340003718508e-14
-3.997010847483850505e-12
9.663002975103271181e-12
-1.215030380611762244e-12
-4.531717248585834807e-13
2.517154395274592667e-13
-2.789983286111098582e-14
-3.227785498557543070e-13
-5.730022737977974956e-14
5.062332379972694456e-13
-3.003159832638956309e-13
9.572366659443405372e-15
9.869855574224846475e-14
-2.184800376443122669e-14
-1.497286386378268226e-13
1.611651138856834955e-13
-3.528401695117735528e-13
-6.784227753270188300e-14
-2.436056660707720050e-15
1.922935588710460407e-14
-1.067789890210170715e-13
-4.766928587479718103e-14
-1.177592548598387629e-13
1.735739135086725140e-13
-1.836036069604073383e-14
-1.623309057347626251e-13
3.875801011034766406e-14
-4.459500043148347482e-14
2.188014424268770730e-15
-8.928383371409284551e-15
-5.512015216929040673e-16
1.367866338875435774e-13
-2.623609494497160633e-14
-1.059415492847800045e-13
-1.050249652563554303e-14
5.466065977989198466e-01
8.632217309492187240e-01
6.391605113006869343e-02
4.132729066908476245e-02
6.171455727753710763e-03
1.710644147384096647e-02
1.033449718578206333e+00
1.744188207411468960e-01
1.711191319584959292e-01
1.473089340259588036e-02
2.420447261570129668e-02
8.938788501643877508e-04
1.489876844084977048e-03
1.403400622720968067e-03
1.420287630197927104e-04
1.220635090945693547e-03
2.220279872533995058e-03
6.801027463300554458e-03
7.822341334381010744e-03
2.139678598529753430e-03
1.436411918936412926e-04
3.678313559317379633e-02
1.698607333727477492e-02
3.399529164666649549e-04
1.918507420947154762e-02
1.496106580857500421e-03
1.987760907029732717e-04
1.073405255220279998e-02
9.541648439691534534e-09
2.476892645303805577e-04
5.184577441831605022e-05
5.756294722512000223e-03
6.511095470441742583e-04
2.116915102658017099e-03
1.899632285355911526e-02
7.238372786196697883e-03
4.357950663613345890e-03
2.951021959599394047e-04
1.064691782124247950e-03
6.357146009371711370e-02
3.933770323277660345e-03
4.845163257704436337e-03
1.253314499831387208e-01
9.578406670071523688e-03
2.922686324322951168e-03
3.168970820088107108e-05
3.206840328023710435e-05
3.269618678058978933e-03
3.457841488727074562e-03
7.899452672403992027e-04
3.622695835167957790e-04
1.562686131183709665e-02
2.558929995158534411e-05
4.824327464953372460e-03
2.187816722120154884e-03
1.584579629038536885e-04
4.420245219048692976e-03
2.002263903198251652e-03
5.822147891007502761e-03
5.176936800926479690e-03
7.999016903629566425e-03
2.801069256298195122e-03
3.846351513684929550e-05
1.036274891624475343e-02
4.249855762801305059e-03
3.220057989524865169e-05
6.708418491342133493e-03
1.906269415957623800e-04
1.007960086349562976e-05
2.531741586230641726e-04
1.938923023173319549e-03
7.903113541208415128e-04
5.822001695909914806e-04
1.027590588574460971e-03
1.029420079998124953e-03
1.208186846224221320e-03
9.091611840765261758e-04
6.665824443730250124e-04
1.825056765613341527e-04
1.046287901798956818e-03
1.460141965402373980e-06
1.343275336671540629e-08
2.341624798399929335e-04
1.373435840374176604e-04
1.343733110956439950e-03
2.900336816625458585e-07
1.591689862997458173e-06
2.579537183722332289e-03
5.348405579972483103e-04
1.161747925577686844e-03
2.173063260916591508e-05
2.768480118853851910e-06
1.111751418723809310e-05
8.845052752232946712e-06
4.939040864742097064e-06
1.380422830720000348e-04
1.759341995952043913e-04
3.639073469708071606e-07
2.691315928163894245e-06
2.723979253676685841e-06
1.659907831327622443e-08
2.787839008163094012e-05
2.657363739933920347e-06
2.618735179864645771e-07
1.283738224338155379e-05
7.955271873984404900e-05
2.231249026074975873e-04
4.790974275023234284e-05
1.832576321038061098e-05
1.114950717214187538e-05
2.740541989139929859e-05
7.402556087292204894e-06
1.076644594172880203e-05
1.675414915730923451e-05
7.291949356063501542e-06
9.345626326683789299e-06
8.260602573216394625e-05
9.225728415722312303e-05
2.653792881528035740e-05
2.464798867705392515e-05
1.301405345244652418e-05
8.874351278666868804e-06
1.056841054565173080e-05
8.024514920919178040e-06
3.221082284369780602e-05
2.470776102777600010e-05
6.687055076845144048e-06
4.923276523599222034e-06
3.627120297954696984e-06
8.255004124743113737e-06
3.510182133392373953e-05
3.857535290653156914e-05
4.982536965557508075e-06
2.149019805199793728e-06
3.315640115700253999e-05
3.219673356994106006e-06
1.590222979023845400e-05
1.696712773251593407e-06
3.246278883056637476e-01
3.037386493080148631e-01
9.762004417701933279e-04
2.535330414636143481e-04
-5.404166622477394460e-04
1.888402935948864598e-03
-1.497311270358642199e-02
-1.499657316050785096e-02
3.198726564773947401e-02
3.137417960409687179e-02
3.316022307322361723e-02
2.392066091451301030e-02
1.722285424768928846e-02
3.625606738444210608e-02
5.893553910138230045e-02
5.665601076596753216e-02
5.195208860280977614e-01
3.292940833186817906e-02
3.170730540168971434e-02
9.241318957469565540e-03
9.648842090741870103e-03
2.649679247891232117e-03
2.608210345373287303e-02
8.560569186002870952e-04
8.658321493040629230e-03
1.720703404832897229e-02
8.736838235556165094e-03
2.747622133626781860e-03
1.034074867226042558e-03
1.943516409406676046e-03
5.132704057706299894e-03
8.449555885701542671e-06
1.274967278464997486e-03
3.544028192649980452e-04
1.971879256074526333e-03
5.705560248864269615e-04
2.632220845188797641e-03
1.245277331172747574e-03
4.167463232760710602e-03
7.664906465507985434e-03
1.193828470867952518e-02
9.770616572603462238e-03
9.929061436781036129e-03
9.821661583921458688e-03
3.349976112395893976e-04
1.428294932732486304e-02
3.141321509497333082e-03
2.654639073121768493e-03
1.133175984094587875e-03
3.404361373521891387e-02
1.251973976543403191e-03
1.110631508530134613e-03
1.627990462592934177e-03
4.646618337579593722e-02
1.230564182296478744e-02
9.886347742713864559e-03
1.011522465190992093e-02
1.203707730262405708e-03
3.044890961243257917e-03
9.435001057939110258e-03
1.523180447723553824e-03
1.334388695051720380e-04
1.433263039712912493e-05
2.623525605088471656e-04
9.120890725210051801e-06
4.841923944579401388e-03
4.426428880334523641e-03
4.568940980022112215e-06
6.082021250596154026e-03
2.414628362160506705e-03
4.827717800788774280e-09
5.602093324220832303e-04
2.298710391084526558e-03
2.211766816921389468e-03
2.828058223827050800e-04
1.373387904221407902e-05
1.715659300760448143e-04
1.771715370984882233e-03
1.863203729420973400e-03
4.087658521207244121e-04
1.995811008729614583e-04
2.131093562549716582e-04
6.360294504347901122e-05
3.100016484228915951e-05
6.368414899311262913e-05
6.505291106720376203e-05
1.903470306720001816e-03
1.836413167775688806e-03
1.747071351064989793e-04
2.983009963826790956e-04
3.117240806408021810e-04
3.038176252845727174e-04
1.979252757387478745e-05
3.453567166678675796e-05
-7.219587203520949551e-06
-5.049773831736624705e-06
1.667449581967442071e-05
2.985546779295687525e-05
3.275369267068192950e-06
2.097822016692386630e-06
2.947318525423405407e-06
-4.019304425600738169e-07
-4.080546097171486450e-07
2.192242496528986948e-07
5.767608162352167412e-08
5.729066534589609665e-05
1.229565839654525117e-04
1.054477037249163343e-04
9.702599356428645656e-09
-1.450405225953961558e-07
-2.970985604085449523e-07
3.181425698968241230e-06
1.919225435047066977e-05
1.171735505455836544e-05
8.995835533034633860e-06
2.456401359336274045e-06
4.500053646852875677e-07
6.840997041018866792e-06
1.492773649629467563e-05
6.030971838559348433e-06
3.966765132213274101e-05
4.092686530543695051e-05
2.206889675523735688e-08
9.976421456926592378e-08
1.606241161563513330e-06
2.162448697095768274e-06
1.426671506294025266e-06
2.625072243838721434e-09
7.687669412036293352e-06
5.270791806762672413e-06
2.223572742707196736e-05
4.566438979886830858e-06
9.623224900414463116e-06
-4.522451212781985849e-06
-2.156084171562993005e-06
2.726775811657784799e-11
9.727160986674288572e-06
3.963509260404176556e-06
3.175104260280169344e-01
3.125509078356705217e-01
9.748325698237375863e-04
-5.916868130029777351e-03
-6.200236960400344784e-03
1.881976668584652967e-03
-1.117613828448390774e-03
-1.161703388007488593e-03
4.441974912286627414e-02
2.105827618210211194e-02
3.338234794528682770e-02
2.391722149311410056e-02
1.013650416734680933e-02
4.054536844563899622e-02
5.765471156625905091e-02
5.831653027271904016e-02
5.194013898344664870e-01
3.297507226273418968e-02
3.162072591376401814e-02
9.008520979665094602e-03
9.903169657986975530e-03
4.733736631519547267e-03
1.099877820686355999e-02
8.538426614761624204e-04
1.071721376912076855e-02
1.437548477501403993e-02
-3.407875342054287118e-03
-1.919260591891756200e-03
1.033306198279059082e-03
2.396582718176971851e-03
4.178689606173717312e-03
8.451271698803796486e-06
9.450951670661484217e-04
2.195604658668242216e-03
1.960582537817649133e-03
2.006644199300001985e-03
9.391234845470427216e-04
1.240506478510894480e-03
3.843274383251819859e-03
8.134729366212714932e-03
1.192593026523331053e-02
9.777250263592126775e-03
9.475042046843802634e-03
1.013392746670648686e-02
2.105668256772834021e-02
1.640041708654934064e-03
-1.085322078530876573e-03
6.468320333212245615e-03
1.127951522559045815e-03
3.384439373849517513e-02
1.249050736345002147e-03
1.104314898298425131e-03
1.629500688844224372e-03
4.658586606597139163e-02
1.210608016015627883e-02
9.967561688581932575e-03
1.012868827393163113e-02
9.069341478947553353e-04
3.080693587998054126e-03
6.349395371324178736e-03
-5.634819751776503141e-03
1.335044682447566089e-04
1.426446507090715037e-05
-7.814081154755936429e-04
-4.698416320349181933e-04
4.947522713396633638e-03
4.232107973247869158e-03
4.585498152956874108e-06
7.171960546135061447e-03
1.812055626996021424e-03
4.704383578976844239e-09
5.642211519485941735e-04
2.293960629350454833e-03
2.223820579514425213e-03
2.792221880268426623e-04
1.378423888133655499e-05
1.716181907451194699e-04
1.757377782945862945e-03
1.878958064656882296e-03
4.106857492755764142e-04
2.251834926902464317e-04
1.860684062782241247e-04
6.360071344027142025e-05
3.104985779652827372e-05
6.611459871135757474e-05
6.424429005908897450e-05
1.795090693916399005e-03
1.716362553155426768e-03
1.747481137635882999e-04
3.021638645766160699e-04
2.918401018708611096e-04
3.224483446566750802e-04
1.516855793630989442e-05
4.744691783494394517e-05
-8.966567166143059157e-06
1.455581113089595468e-07
1.663984565899582333e-05
2.400634818446614966e-05
-2.723542769297368155e-06
2.024092126070633916e-06
2.886108785034115298e-06
-1.637820761574959657e-06
-1.687840088997553991e-06
-1.328612408979212191e-08
7.829699044560651424e-07
5.739950591460775712e-05
1.405105415526596718e-04
9.425077386035075997e-05
9.753017692700558317e-09
-2.409330817185249323e-06
-2.499295455418833305e-06
3.165329719880866324e-06
1.387841022752851628e-05
1.616598570258723599e-05
6.425266607009133360e-06
-1.422719629790229119e-06
4.450378783062588426e-07
6.848413806343843542e-06
1.803724114461404641e-05
4.300161444729960537e-06
4.091403731042189776e-05
3.908139267920593841e-05
2.423618975225455971e-08
1.143736156378324938e-07
9.266244644822685470e-07
2.455310394584656691e-06
1.425704447970255171e-06
2.616836877574022356e-09
7.645098638224953537e-06
5.391855552586569164e-06
2.227263889345491466e-05
4.660248172682254245e-06
9.608153738992729681e-06
1.332164244883931636e-06
5.672741012772456809e-06
2.731623711795717494e-11
1.029368642762932961e-05
3.653638582576039615e-06
-5.301431583269207160e-01
-8.676509549917144071e-01
-6.330976535641694158e-02
-4.105888671714041233e-02
-6.183382551462631924e-03
-1.704293029899180134e-02
-1.031083688775743301e+00
-1.744879960923794715e-01
-1.723875309052490534e-01
-1.476638394617652006e-02
-2.408263465004460008e-02
-8.943967047062018061e-04
-1.497404639524071643e-03
-1.408107615075419872e-03
-1.418654890949845083e-04
-1.217789414091202237e-03
-2.216454113483153944e-03
-6.798505281719550292e-03
-7.831252088745504353e-03
-2.148084639499332153e-03
-1.434422674239855980e-04
-3.693919700250435784e-02
-1.707600182458834936e-02
-3.397558398529946198e-04
-1.913009264129265224e-02
-1.500667275334539256e-03
-1.984715505333426865e-04
-1.073313424306013113e-02
-9.428707910113908353e-09
-2.482733360816294040e-04
-5.186557484815704379e-05
-5.724651029011023490e-03
-6.455170362446599084e-04
-2.129897535443197112e-03
-1.902241524549011867e-02
-7.200685286118505696e-03
-4.368321327963784265e-03
-2.945191115599736921e-04
-1.064549756304488141e-03
-6.352493434572831221e-02
-3.940056127472879414e-03
-4.903418780976689234e-03
-1.256558945423730256e-01
-9.677920004896525472e-03
-2.967932536493015326e-03
-3.178556352034867861e-05
-3.212787071741613615e-05
-3.240163468266730410e-03
-3.445689581586822581e-03
-7.912684280230179897e-04
-3.552373082357743617e-04
-1.568254540615653114e-02
-2.560218351867059005e-05
-4.816761518517525924e-03
-2.189970670183730844e-03
-1.582590719194066047e-04
-4.459996243080086367e-03
-1.998100198592765112e-03
-5.843016763941855443e-03
-5.195190649987864451e-03
-7.991530300191946115e-03
-2.798105262175934992e-03
-3.834784484464087137e-05
-1.037856847206927377e-02
-4.265855927840869061e-03
-3.195913663353202027e-05
-6.773187025274284359e-03
-1.901511665644607945e-04
-1.006046001277661133e-05
-2.526064301193006365e-04
-1.922513471515352197e-03
-7.710104262577829014e-04
-5.740533577842699174e-04
-1.007568913582244929e-03
-1.084337964409095439e-03
-1.238139544387755224e-03
-9.102202462422837211e-04
-6.673171337175974951e-04
-1.824257023580458847e-04
-1.044986142115681554e-03
-1.436427733241645200e-06
-1.344534599734501996e-08
-2.345926725453229738e-04
-1.366225255523302053e-04
-1.339678818371971064e-03
-2.906965310146667908e-07
-1.580641202856282670e-06
-2.578620183295278045e-03
-5.294947087595466406e-04
-1.159154708200427686e-03
-2.166218963716766031e-05
-2.768037495995404924e-06
-1.103521377207770194e-05
-8.834157594165194469e-06
-4.950294062530505751e-06
-1.391984512617050506e-04
-1.749255658293887516e-04
-3.656461998203088175e-07
-2.679857155874647988e-06
-2.746224512941355193e-06
-1.666406409463645018e-08
-2.863376495068486880e-05
-2.659449608118019921e-06
-2.640705854552631223e-07
-1.274893175878023617e-05
-7.872085153214901127e-05
-2.228111170132544513e-04
-4.733509046646603764e-05
-1.806192569284549245e-05
-1.117009661240015445e-05
-2.747616355510294550e-05
-7.444302150716736826e-06
-1.078398380713810769e-05
-1.676536999919025857e-05
-7.333622042126402398e-06
-9.330702433332463096e-06
-8.369816281416046636e-05
-9.230006896599108777e-05
-2.679920290731116735e-05
-2.462339577559991281e-05
-1.294936661370292466e-05
-8.957808864492941824e-06
-1.042325421274412875e-05
-7.871020426558242872e-06
-3.114344690346816045e-05
-2.465032516041800305e-05
-6.701419802695511835e-06
-4.957591601258426472e-06
-3.648635600514027093e-06
-8.361416410549696562e-06
-3.527577616996307617e-05
-3.859101837570966259e-05
-4.969588515542184710e-06
-2.148479079430990136e-06
-3.326143079943028697e-05
-3.218743751356286393e-06
-1.594653868809346020e-05
-1.699749019072244339e-06
-3.136627932950207254e-01
-3.150863791184139173e-01
-9.757507228972071020e-04
9.986906879146523197e-03
1.696809428712801882e-02
-1.883663713368144985e-03
-1.546539796884121394e-04
-1.469993480043545067e-04
-2.413316009973948476e-02
-4.027025524047428418e-02
-3.341744958737419280e-02
-2.416046350994813241e-02
-2.622189888525283674e-02
-2.444290110530721039e-02
-5.701999485189773037e-02
-5.806085952572613562e-02
-5.194187648429051674e-01
-3.304224705357993591e-02
-3.159856350385607110e-02
-9.898127529641529906e-03
-9.014176589751969962e-03
-1.621085989200055782e-02
-9.334396908468375192e-03
-8.554619973248298861e-04
-1.234668603222184059e-02
-1.258757605030973691e-02
4.538060361127552352e-03
6.758721645451137502e-03
-1.031309724769996624e-03
-2.093595167337079701e-03
-5.031788791321911355e-03
-8.493530776334379720e-06
5.850493156694077431e-04
-5.224722707367008070e-04
-1.957069310507843912e-03
-4.220253767405619501e-04
-1.885534910282683557e-03
-1.245126216014473281e-03
-5.280655386570225034e-03
-5.920588174363967775e-03
-1.193345739653815796e-02
-9.730968780503668203e-03
-9.236860558326016879e-03
-1.038547149033170261e-02
7.830765157982952785e-05
-1.522761873394628401e-02
-3.269748240501539529e-03
-2.416647359138925696e-03
-1.123606370012982143e-03
-3.403697688806976707e-02
-1.237926632326467316e-03
-1.593224616162261910e-03
-1.162630085592268082e-03
-4.663963389496349893e-02
-1.244358274323071299e-02
-9.777361133446502151e-03
-1.017080426428727466e-02
-2.170073198824948920e-03
-1.113684721489858077e-03
-2.947761917921569615e-03
-4.760926414419983967e-03
-1.326208219070389703e-04
-1.422880518468894970e-05
3.174002067510217021e-04
2.543527602025505473e-04
-5.823743088352978728e-03
-3.490619881385431146e-03
-4.577708422874833919e-06
-4.724622500210520944e-03
-1.608123100996465245e-03
-4.527308839935236675e-09
-5.811024914415509812e-04
-2.344697307243780952e-03
-2.185928611819578683e-03
-2.785786805308819469e-04
-1.395539029577376236e-05
-1.710229988902365879e-04
-1.748299842092661044e-03
-1.880049017933235148e-03
-4.225224218892860298e-04
-2.077508750367235352e-04
-1.978342506388583856e-04
-6.373853468008067917e-05
-3.115233822475872938e-05
-6.444276656187391779e-05
-6.508387297487354167e-05
-1.572287560917243979e-03
-2.164708172982046652e-03
-1.748388383326667634e-04
-2.978452491675775537e-04
-3.268712922988867634e-04
-2.931078471882114810e-04
-3.357955272577470719e-05
-2.226173210588459857e-05
1.124503449226111324e-05
1.342113435813266954e-05
-1.671593744293629793e-05
-2.210550905824300357e-05
-7.850347597221609872e-06
-2.066621350775606457e-06
-2.901085007539503222e-06
2.468060563420218885e-06
2.489328576142563625e-06
-3.257275257359445375e-07
3.199333988095532991e-07
-5.714677423425774461e-05
-9.695946405276190637e-05
-1.236508664067978653e-04
-9.736710745684510449e-09
-1.226562065732382981e-06
-8.813383596223047887e-07
-3.176571161237283679e-06
-1.899933451924863456e-05
-1.193566809487306779e-05
4.955041825782734241e-06
6.486542112597638435e-06
-4.447920896177094263e-07
-6.879809650784631854e-06
-5.697888004927510615e-06
-8.835000435885916945e-06
-3.854475218619680791e-05
-4.003465753755950610e-05
-2.404707963151425033e-08
-1.093967846298442176e-07
-1.399318026089573151e-06
-2.465675755775123867e-06
-1.413627690972405230e-06
-2.627960016111917123e-09
-6.659127116328954576e-06
-6.358083121283759663e-06
-2.229457225680817712e-05
-4.613517086380933903e-06
-9.596371957510411844e-06
-1.065180616286921900e-07
3.133673914710890386e-06
-2.729218131183087600e-11
-3.909264623928806449e-06
-8.530691672261852382e-06
-3.116429215853983026e-01
-3.152770582860416337e-01
-9.744363488470319558e-04
-1.576070749816773156e-02
-7.625877323845601033e-03
-1.890401744646194419e-03
1.589338913827798017e-02
1.588212844473797097e-02
-4.040020624657778697e-02
-1.925541261831885051e-02
-3.345793479326745340e-02
-2.400162572328472244e-02
-4.334653042506933507e-02
-1.173391365084933656e-02
-5.785054864692038695e-02
-5.766994021378910734e-02
-5.198344730533992486e-01
-3.297555409932597520e-02
-3.163980548463100895e-02
-9.351989047763714646e-03
-9.527087501822521093e-03
-1.714799251942654770e-02
-5.922938368725312423e-03
-8.522024423877861635e-04
-1.127700853818877462e-02
-1.388359814175427545e-02
-1.165877978666887173e-02
-3.742854391790580333e-03
-1.032811648381401970e-03
-2.285303878595082785e-03
-4.597358812357408078e-03
-8.478493845120325926e-06
-4.990658220387668431e-04
-1.630393525672391413e-03
-1.948384938645993233e-03
-5.539582070005425862e-04
-2.587286632337971754e-03
-1.241144307756761496e-03
-4.463637241069730484e-03
-6.343688685767544418e-03
-1.193035455777608986e-02
-9.786965245925162080e-03
-9.297341698428156220e-03
-1.028702378045374781e-02
-4.734481746779841543e-03
-1.425353839386390119e-02
2.232523898337634462e-03
-3.621114214270398663e-03
-1.126889888718576437e-03
-3.409044323706971608e-02
-1.242992810636417639e-03
-1.179385702507984102e-03
-1.197485588688894593e-03
-4.674329783697123847e-02
-1.041856844955623904e-02
-1.164088795170090639e-02
-1.014248426304008646e-02
-1.089073050659783741e-03
-3.143543250747744128e-03
-1.054811231188442638e-02
3.441223662240686099e-03
-1.327179554225594779e-04
-1.424542011349056720e-05
-3.682065145729465270e-04
3.951580155233638987e-04
-4.905389725473044069e-03
-3.821624560493853181e-03
-4.577232712466735545e-06
-4.695919687132754997e-03
-2.429800916732650917e-03
-4.655536493307386669e-09
-5.593550782835944373e-04
-2.269091645500816851e-03
-2.261172976323181684e-03
-2.786194944977466478e-04
-1.392661812274128351e-05
-1.709103927539373118e-04
-1.845747392182562263e-03
-1.785098593386699956e-03
-4.166584048951211552e-04
-1.931254849192847584e-04
-2.152975036713044882e-04
-6.369228969841335603e-05
-3.094192128381764722e-05
-6.448365913567919621e-05
-6.575984559212201715e-05
-1.807201742222435022e-03
-1.870299567792456678e-03
-1.739408692995126683e-04
-3.016089180275254478e-04
-3.302106363761085454e-04
-2.871499017213468945e-04
-1.322911144841381808e-05
-5.167346358204197412e-05
-4.331531153487743471e-07
3.783586679275861833e-06
-1.665867801430724715e-05
-1.951620584617859758e-05
5.861494284410849660e-06
-2.023987559703719095e-06
-2.871504210252944555e-06
6.061634942176545837e-07
4.911910831183833406e-07
-1.373145139557174811e-07
4.676061311260837498e-07
-5.740911826441066017e-05
-1.071743612514706735e-04
-1.209871474186457573e-04
-9.659902833574015920e-09
4.973488942245267305e-07
8.510812361761593531e-07
-3.172751328752860226e-06
-1.810583614766544632e-05
-1.188534112592924718e-05
-2.607000436390194917e-07
-2.493403236566002335e-05
-4.423340038069424343e-07
-6.856273214441257085e-06
-3.774902764861061852e-06
-9.146062594375924262e-06
-3.872404289213684061e-05
-4.042742969812157820e-05
-2.251078220438536975e-08
-9.803758871268883187e-08
-8.697741282325316979e-07
-3.346742133979394470e-06
-1.425421172191974596e-06
-2.615479241591901721e-09
-7.670709625104635428e-06
-5.456929438826381081e-06
-2.220084256022275391e-05
-4.636645386218458157e-06
-9.592375154147661693e-06
3.379785069865448044e-06
6.054040487368752391e-06
-2.737660755000511314e-11
-3.929357876101518698e-06
-7.766088918975799630e-06
9.716067938165183799e-10
3.491176339127624065e-09
9.403081653279854125e-10
4.835577353259830645e-10
3.339060278404001488e-10
-1.689567365427628374e-10
1.601573245160510223e-10
-6.347569675113962463e-11
9.934304336716721946e-11
4.715097667674373792e-11
-2.179496882663164092e-11
3.798291269296323805e-12
1.425129566208200600e-11
-7.560836362502305558e-10
1.901622225724357338e-11
2.457774603725315009e-11
-1.078759478769651882e-10
8.738666530142018408e-11
-2.849793201332248333e-10
-3.617636529671258345e-10
-3.174036999643720990e-12
1.067916510521461801e-10
2.183995311278951224e-11
7.792360353427765705e-11
3.582224928917335200e-12
1.199563948477601758e-11
4.416136413984187950e-10
2.185218121991306117e-11
-1.573236552509118796e-12
1.317624938435129214e-13
1.756626205014995262e-15
2.918597657773150512e-11
7.291581606140331355e-12
-2.138409637649498200e-11
-5.985402336052293027e-13
4.198844382986659854e-11
-1.297441030970909829e-11
8.001611179571223160e-12
1.495354215542572174e-11
3.982848051177374455e-11
-5.207482696312023200e-11
-1.277643128579605504e-11
2.238619135744005010e-11
1.419199276457340209e-11
-1.898684874998242171e-13
-1.726300165399543220e-12
-3.428623481963999783e-11
-1.556234565397034187e-11
4.335959621483945537e-13
1.080997488576171369e-12
-9.399693491781342155e-12
-1.915972984850242414e-11
2.606525761656717658e-11
4.649366674193405631e-11
4.039313458022048526e-11
-2.023300553905306501e-11
-6.786191755262114704e-12
4.495561060321894495e-13
3.336869943180624711e-11
2.445738459316224593e-12
-5.496259285673282932e-12
-1.109832118024476148e-11
3.926902007297183176e-11
2.962646096793557416e-12
-4.657648771250870668e-12
-1.025165323682130971e-11
-1.027022656698018790e-12
-3.211018102868576736e-13
1.482443464892890726e-11
-1.584668717010223793e-11
1.083504253908246768e-09
2.001944380211725071e-11
3.145481164197880993e-10
1.006667447923511992e-13
-2.517167356272391462e-14
1.235801966901866638e-12
5.735604210209617991e-12
7.092966689406615288e-12
2.767289082867649926e-12
4.537394924044716637e-14
3.909401489622666149e-13
-5.095968506869990136e-13
1.655845936066038722e-12
-1.484400745187878649e-12
3.642114485904958574e-12
2.075374695143042384e-12
1.558769172387478572e-14
5.784699904787528522e-15
3.292648627094489392e-13
-3.578695779698219143e-12
-1.294904502441786972e-13
7.123752865586351750e-15
-2.170142476789700822e-13
-3.365620106497563396e-14
-1.111218623844978588e-12
8.886629654760419245e-13
1.892141583778913637e-12
-5.460910131951931194e-15
1.660391467090050657e-13
-5.871180016012831374e-14
-6.046895809718133458e-13
-5.583459297127679260e-12
1.182789254342717868e-11
1.753977467710475619e-12
1.736011803058336151e-12
-2.639358678332480787e-13
1.852931603088685517e-13
-2.780712914246968018e-15
-2.395087303893914189e-15
1.427198545248940970e-13
1.212128839459474894e-12
-6.853261366038139863e-13
3.055262948366937953e-16
-6.241422094235185130e-15
-6.776763852216622500e-14
1.000652408688049104e-13
-5.735069698808546641e-13
-5.397100850233890082e-15
-6.801888426631290953e-13
-3.482133033724306794e-13
-3.180882115902308143e-13
7.729320986998272945e-14
-1.074319741295214571e-12
1.526983253607930581e-13
-1.635851304604735592e-14
1.122336214028314835e-13
2.021659328727152909e-13
5.620590571682866539e-14
-1.468794245181534319e-13
-2.937034182783654397e-13
-1.267975691172832220e-13
7.047453503783077438e-13
-3.482514504172121844e-13
-1.738156026410744231e-13
-4.577465681094569550e-15
7.042015160662101161e-13
-2.551807205367862476e-13
-4.432861039303423497e-14
6.073104397636117784e-10
6.781447008498666056e-10
1.071150059428694792e-08
-1.074609837800499687e-08
4.331847722010181388e-12
-3.068826726235822061e-12
-2.248838138218262406e-11
1.593716480795504598e-10
-6.253324857284762589e-11
-1.501804035388428463e-10
6.520368658392220077e-11
-1.858832160778222609e-11
3.375320808492920892e-11
-3.275748099137391344e-11
-8.490674659763542014e-12
-1.509731690617510074e-12
-1.655455161232367371e-10
-3.156759772826889613e-10
-6.346098861288591185e-11
-1.152817025586249384e-11
-1.728024954010834780e-12
-9.308913873702601520e-12
-4.587818658651791333e-11
1.450148229858919322e-12
-4.083378223495481270e-11
1.223461192948483435e-11
1.028256098540822777e-11
2.022557894814778724e-11
1.613052496293659463e-14
6.946300005118040289e-12
-3.936600745981096583e-12
-5.012087568371118879e-12
6.277019963317665838e-13
-1.899779706520869340e-11
1.371918453895313693e-11
2.713256778683743692e-11
-9.717456685031218657e-12
-6.494537150838697610e-12
8.890819232644155202e-12
5.081197663935791331e-12
1.246177708044828707e-11
4.405669591471898294e-10
-1.630119607126332233e-09
-2.139547652260556137e-10
-1.128843783062259295e-10
1.025520779981240350e-12
5.606986672436272256e-13
-7.082408311835831468e-12
1.121412293422347131e-11
2.770913016833823873e-12
6.593792339553517729e-13
-4.253507922996121737e-11
2.240371244150885921e-12
7.082530022872117181e-12
2.859842076526333665e-12
2.812588132732994450e-13
8.538744016740144298e-12
-4.237629569417892548e-12
-8.776745319139213986e-12
5.961382666815740642e-12
1.054085366250208204e-11
-3.785821736688983651e-12
-3.663518752159814154e-14
6.950151619182440726e-12
-2.160654143656068811e-12
-3.070625750590739722e-13
1.389163220578710613e-11
-9.656621290048749091e-12
-1.961255074582828391e-12
6.754352020406883001e-14
-2.682651911484035989e-12
1.721693476621240976e-12
-2.080613469851504218e-12
1.021923430919657176e-12
-1.369236498157083125e-12
-1.324072891219257259e-13
2.304798933700598117e-12
1.748384067452966051e-12
8.670779742711362649e-13
1.502421528387325455e-12
-4.370608857460422735e-14
-4.494937596928895141e-15
-3.241400579727933080e-13
3.694219662807376147e-13
1.235085805397527314e-12
7.465426166425142901e-15
4.050817809915627757e-14
-3.970353607286104102e-12
-1.653092998319482209e-13
-2.878072854381395671e-12
-4.274056924092325998e-13
6.010065179003673111e-14
-4.718680343296589146e-14
-6.852973663122647457e-14
-2.591103973073468897e-14
2.425340450273714540e-14
3.251700203310144301e-14
9.471401444384957272e-15
-7.826837570858553568e-14
1.676865389966965358e-14
-4.135630454079883319e-15
1.482630192741106200e-13
3.617173637430357723e-14
-1.232233314618784173e-14
-3.996958767206562424e-12
9.662878078397581579e-12
-1.215023976027258436e-12
-4.531702513800555017e-13
2.517155133072860669e-13
-2.790122164795430609e-14
-3.227797340952111682e-13
-5.729546872467068880e-14
5.062402793190586712e-13
-3.003236730130460585e-13
9.571901737644867281e-15
9.870120411941306481e-14
-2.184778455510368015e-14
-1.497313758034299623e-13
1.611687468684130669e-13
-3.528387282547951212e-13
-6.784205962591370156e-14
-2.439346216614643635e-15
1.923050883289715674e-14
-1.067803622064995621e-13
-4.766822693752387377e-14
-1.177594772672479570e-13
1.735751548818289127e-13
-1.836033493533411789e-14
-1.623324236648438175e-13
3.875987887490703199e-14
-4.459484212968289675e-14
2.182350644764003124e-15
-8.929021410163894363e-15
-5.526871564440009464e-16
1.367880024252284755e-13
-2.623604325207268277e-14
-1.059397175963517026e-13
-1.050263009939989538e-14
1.404272635912224347e-10
8.228579283959682398e-10
5.601414797386917291e-09
-5.812748874334003248e-09
-1.216793063704061890e-11
3.143385065289467955e-11
1.409636756961276793e-10
6.451192057680658826e-11
1.270051024558613416e-10
5.549940399745066233e-11
-7.415492054056715779e-12
1.440217747123524666e-11
-1.318591373255491764e-11
7.220987945630363827e-13
-8.323868598474621347e-12
-1.687514354402124229e-11
-2.061831659369532610e-11
-2.258183477394415044e-11
-1.091138751548366878e-10
-2.485087103938049183e-12
1.212821555184636977e-12
-2.395671540030408207e-12
-1.193338067628146773e-11
8.216950151235683966e-12
1.328852615738748979e-12
1.772169188378637998e-11
1.000091784659058702e-11
-1.733065449745609614e-11
2.073515092407424011e-14
3.529937829284880955e-12
-1.653312331589628003e-12
4.243830719128254501e-12
1.397215101253241208e-11
-6.688102486978358791e-12
2.716782192491696564e-11
-1.012880870372460567e-11
-2.903905474577506461e-11
-2.384716327629642165e-12
1.401876201513555362e-11
-4.222100943350948577e-11
1.178770926986929638e-11
-2.161453358914566303e-10
6.875573749954781577e-10
1.713624788743037858e-10
7.970373325488581494e-11
-4.321918463418846348e-12
1.727511168355414497e-13
-1.661983321737546888e-11
-1.961340321860168996e-11
2.345894997616113005e-12
9.373434357526070959e-13
6.916447967325318232e-12
-1.772633073491877127e-13
5.240749182838523213e-12
-3.015219664801606585e-12
-4.234638389035577323e-14
-2.941097474177790766e-12
-3.624228179445231810e-13
-1.444204763255462689e-11
-9.728063667842541214e-12
1.368891391083848447e-11
4.007836862170430546e-12
-3.610148673432944258e-13
1.865098824046868384e-11
-1.028718539577730243e-11
4.623096258747613315e-13
6.491403834481191006e-13
-2.516663620543521611e-12
-6.121367442134099579e-13
-2.407718944419375170e-13
-3.079268031855850364e-12
-1.406323749033796654e-12
-4.096733542189302317e-12
2.370961725636660493e-12
-8.348975515656165857e-12
2.538073592572853087e-12
4.619924263733329934e-12
1.425807169861785210e-12
6.995805619142531886e-13
4.672835581573253321e-12
-2.308783270819710554e-13
-6.092392587852595097e-15
1.233729413387494821e-12
7.553768231717030921e-13
-2.807571454038457663e-12
6.932454031629491727e-15
-6.280695753584467334e-14
-3.273580884957293628e-12
6.446836873122367093e-13
-1.833218205007075213e-12
-2.692622079590790076e-13
-4.126859443878655790e-15
-1.029958143887042809e-13
9.103294637670973779e-14
1.665397198146389071e-13
-3.064014953720202413e-13
4.707424892977397300e-13
-2.486861414303800359e-14
4.563739178920781908e-14
-2.398315219256327535e-14
-5.606854288127356230e-16
-6.222000326394367746e-13
1.320072284780559984e-13
3.801052796228833083e-15
1.894958521513628186e-12
-3.435019239865795927e-12
-2.765519855042016444e-12
-5.655755282076686271e-13
6.066061463516992855e-13
4.125757010448753613e-13
-3.869787193598197220e-13
1.457782584241341418e-13
4.776267623170143649e-13
4.274047615544032930e-15
9.059078718990902293e-14
6.717239201702643707e-14
-1.356129479462776526e-13
-3.379763528017892780e-13
-3.145174504591171467e-13
8.580876575854820307e-14
1.011499609183080456e-14
-1.086135466108117010e-13
-1.012718974860359719e-13
-1.491336225021976707e-13
-9.893052181997648423e-14
-1.246293776625486642e-15
3.243838445435675645e-14
1.113126370174470721e-13
-2.246258968651039695e-14
-1.494035128453558904e-13
-4.800536232649129412e-14
4.590169379251713863e-13
-1.041131085560277947e-14
-4.357635070806657573e-14
6.692308152324311412e-13
-1.774849301498822346e-13
-4.302351778308690698e-13
-1.191696244137591289e-14
-5.301434176767266804e-01
-8.676509989118867949e-01
-6.330975113291112399e-02
-4.105889019050838057e-02
-6.183383155589642494e-03
-1.704292903049944852e-02
-1.031083682539928548e+00
-1.744879941191535000e-01
-1.723875296901182519e-01
-1.476638317063522395e-02
-2.408263385164225584e-02
-8.943967424940362995e-04
-1.497404639632355684e-03
-1.408107603667286536e-03
-1.418654970531710270e-04
-1.217789334439350717e-03
-2.216454102935745511e-03
-6.798504801803629052e-03
-7.831251399266837485e-03
-2.148084765629735583e-03
-1.434422783165842158e-04
-3.693918647165321534e-02
-1.707598473842032380e-02
-3.397558358305917121e-04
-1.913009524819486024e-02
-1.500666694474944891e-03
-1.984715772896559973e-04
-1.073313371624759656e-02
-9.428708397158139228e-09
-2.482733003747996043e-04
-5.186556955949470668e-05
-5.724649547267158731e-03
-6.455172000372990824e-04
-2.129897545767631562e-03
-1.902241411087147657e-02
-7.200685463423026587e-03
-4.368321626854190613e-03
-2.945191070033840487e-04
-1.064549718665422449e-03
-6.352493847298715246e-02
-3.940056033156068109e-03
-4.903418483136513968e-03
-1.256558882839343139e-01
-9.677920603892293389e-03
-2.967932980493458075e-03
-3.178555812848007282e-05
-3.212787086328119311e-05
-3.240163386570637811e-03
-3.445689935488192163e-03
-7.912684147572131938e-04
-3.552373481574985455e-04
-1.568254423403217870e-02
-2.560218176612062807e-05
-4.816760983957900193e-03
-2.189970348740941791e-03
-1.582590738462528470e-04
-4.459996974829493095e-03
-1.998100440527586247e-03
-5.843016650264273339e-03
-5.195190760675134564e-03
-7.991530575447521392e-03
-2.798105338474278937e-03
-3.834784866294206282e-05
-1.037856801835529766e-02
-4.265856164934110802e-03
-3.195913390125449484e-05
-6.773187001481233496e-03
-1.901511846945105021e-04
-1.006046870162234087e-05
-2.526064255283170103e-04
-1.922513051514122221e-03
-7.710103997824701823e-04
-5.740533064943391731e-04
-1.007568893323896762e-03
-1.084337931159763332e-03
-1.238139626288670310e-03
-9.102202741161019919e-04
-6.673170904889483192e-04
-1.824257141753919502e-04
-1.044986231193059190e-03
-1.436427861206891902e-06
-1.344534689485514209e-08
-2.345927129942704421e-04
-1.366225166995484435e-04
-1.339678588568176364e-03
-2.906965293441579413e-07
-1.580641013542500005e-06
-2.578620131437775811e-03
-5.294945890256585802e-04
-1.159154816513968548e-03
-2.166218868896448458e-05
-2.768037516127692061e-06
-1.103521391440187150e-05
-8.834156472464517655e-06
-4.950294319864488704e-06
-1.391984302523902929e-04
-1.749255620809430788e-04
-3.656462447938985993e-07
-2.679857374800381886e-06
-2.746224376226166243e-06
-1.666406219611764054e-08
-2.863377022299548559e-05
-2.659449431314891018e-06
-2.640706093639247350e-07
-1.274892857548729893e-05
-7.872085457226015641e-05
-2.228111307268356659e-04
-4.733509648090673957e-05
-1.806192590209560034e-05
-1.117009794425131484e-05
-2.747616723121184534e-05
-7.444306061421317462e-06
-1.078398533471561574e-05
-1.676536926793282726e-05
-7.333621603922685786e-06
-9.330700638309592519e-06
-8.369811089609468613e-05
-9.230005723627014702e-05
-2.679919853212730076e-05
-2.462339114562973508e-05
-1.294936218947109687e-05
-8.957805570754661997e-06
-1.042325739391475210e-05
-7.871021003207980218e-06
-3.114344729707076430e-05
-2.465032522258324521e-05
-6.701419314104613952e-06
-4.957591704831324885e-06
-3.648635493963464398e-06
-8.361415994674386773e-06
-3.527577670197349280e-05
-3.859101646327260952e-05
-4.969588363190191147e-06
-2.148478948901374903e-06
-3.326142613372524271e-05
-3.218743734174158683e-06
-1.594653889145832218e-05
-1.699748861798893002e-06
-3.116430538420126850e-01
-3.152769165832466913e-01
-9.744363142044347881e-04
-1.576030544757909407e-02
-7.625524748724285540e-03
-1.890401603546543576e-03
1.589331935356702585e-02
1.588206029651405976e-02
-4.039989672136506255e-02
-1.925547797720646159e-02
-3.345793516266754725e-02
-2.400162525416965273e-02
-4.334710428444777525e-02
-1.173389992085166131e-02
-5.785058431061800704e-02
-5.766991765238891482e-02
-5.198345794581232804e-01
-3.297555525129928361e-02
-3.163980355868991484e-02
-9.351985113155854637e-03
-9.527091112199874076e-03
-1.714799757079521134e-02
-5.922936833879128248e-03
-8.522023638556932255e-04
-1.127698653554119919e-02
-1.388359047338588205e-02
-1.165897264411799340e-02
-3.743005807633694934e-03
-1.032811624858293595e-03
-2.285290571980598887e-03
-4.597376607194099060e-03
-8.478492977339501446e-06
-4.991497812553918152e-04
-1.630493244085593754e-03
-1.948384395670559955e-03
-5.539569812396717436e-04
-2.587286356134081266e-03
-1.241144117327389355e-03
-4.463610395331239766e-03
-6.343719987120651979e-03
-1.193035433129662273e-02
-9.786964521526501232e-03
-9.297343314037771062e-03
-1.028703517071543651e-02
-4.734554081192176439e-03
-1.425345821764754418e-02
2.232526155244954347e-03
-3.621107432948370442e-03
-1.126889957265908310e-03
-3.409044265637298232e-02
-1.242992897045480920e-03
-1.179383523262113320e-03
-1.197486810655657612e-03
-4.674329788285240539e-02
-1.041856084992488427e-02
-1.164089272899412886e-02
-1.014248433500869809e-02
-1.089077198565199366e-03
-3.143547188328808285e-03
-1.054801346038009881e-02
3.441306639392141542e-03
-1.327179635666540889e-04
-1.424541971988708074e-05
-3.682158355633912339e-04
3.951534973451321215e-04
-4.905390734931567784e-03
-3.821624300559823585e-03
-4.577232647045353888e-06
-4.695902118723613468e-03
-2.429650856033890253e-03
-4.655532851728541572e-09
-5.593551898284671682e-04
-2.269090137149955971e-03
-2.261174328281771034e-03
-2.786195134574352846e-04
-1.392661485149827430e-05
-1.709104016362223018e-04
-1.845743056934076544e-03
-1.785103803274024894e-03
-4.166583439465548658e-04
-1.931261964948022345e-04
-2.152967326094736488e-04
-6.369228198976808336e-05
-3.094192251477539967e-05
-6.448359662979099487e-05
-6.575994294075903539e-05
-1.807220833406777841e-03
-1.870251338043862942e-03
-1.739408490802974501e-04
-3.016089024094831608e-04
-3.302106034227830387e-04
-2.871499315100447701e-04
-1.322951967891815719e-05
-5.167447258340149600e-05
-4.328332865128716209e-07
3.783365806373553291e-06
-1.665867706356423974e-05
-1.951571941067250867e-05
5.861575394820102616e-06
-2.023989858718084326e-06
-2.871500806316744281e-06
6.061595587477694284e-07
4.911869096259641280e-07
-1.373099658971560512e-07
4.676088578150784963e-07
-5.740912394011052659e-05
-1.071742688601605084e-04
-1.209873363602876576e-04
-9.659902775500254188e-09
4.973989551672978098e-07
8.511304003457768954e-07
-3.172751935811689395e-06
-1.810581308068917602e-05
-1.188534899965363491e-05
-2.606947628164428318e-07
-2.493407538628277615e-05
-4.423340013582178294e-07
-6.856273389047475173e-06
-3.774869415096218041e-06
-9.146057314401129750e-06
-3.872404343290971820e-05
-4.042742725667710458e-05
-2.251055516803196347e-08
-9.803544015172153282e-08
-8.697788960396894385e-07
-3.346732830558922685e-06
-1.425420720938605182e-06
-2.615479157042329000e-09
-7.670679025268959780e-06
-5.456946823050491979e-06
-2.220084123082642375e-05
-4.636646170297720415e-06
-9.592374880321198480e-06
3.379794245230275652e-06
6.054047032974082289e-06
-2.737661021879355455e-11
-3.929364225806137510e-06
-7.766134072267046612e-06
-3.136630809778005458e-01
-3.150860946016913466e-01
-9.757507551717131949e-04
9.985850773476932785e-03
1.696703653509975401e-02
-1.883663881961214611e-03
-1.546663151506682025e-04
-1.470115830788627049e-04
-2.413306207737550904e-02
-4.027038437814307176e-02
-3.341744480397468298e-02
-2.416046535873856912e-02
-2.622187471556976235e-02
-2.444296169812778044e-02
-5.701999662880685715e-02
-5.806084176358571741e-02
-5.194186259245162640e-01
-3.304224584475019127e-02
-3.159856843612200011e-02
-9.898126151082773175e-03
-9.014177455267871966e-03
-1.621074030008494773e-02
-9.334461822086902519e-03
-8.554620553873249107e-04
-1.234667729303678615e-02
-1.258757941497769955e-02
4.537583023699231360e-03
6.758272100244928741e-03
-1.031309689385247457e-03
-2.093594267994450253e-03
-5.031789511077093893e-03
-8.493530979203151442e-06
5.850997134264807097e-04
-5.224173387014990943e-04
-1.957069010245687194e-03
-4.220254523819586879e-04
-1.885537664429582380e-03
-1.245126159360335953e-03
-5.280660445911856439e-03
-5.920584630161363632e-03
-1.193345780775001419e-02
-9.730969265111057143e-03
-9.236861075608206184e-03
-1.038546992586132298e-02
7.843603297922146470e-05
-1.522723772509630702e-02
-3.269762753762007514e-03
-2.416623403885454283e-03
-1.123606457021284833e-03
-3.403698813440026588e-02
-1.237926590321160531e-03
-1.593215823617641358e-03
-1.162638073218889194e-03
-4.663963050644214653e-02
-1.244358444456000225e-02
-9.777358626191877747e-03
-1.017080536133553419e-02
-2.170119056795717302e-03
-1.113663033374746522e-03
-2.947970498663226007e-03
-4.760518622415134231e-03
-1.326208278142105592e-04
-1.422880311618588298e-05
3.173894014344846187e-04
2.543330999529982766e-04
-5.823702154971624120e-03
-3.490656372702452201e-03
-4.577709117930134668e-06
-4.724600862988771396e-03
-1.608156841805594107e-03
-4.527309700630632635e-09
-5.811025010009229384e-04
-2.344698889245936963e-03
-2.185927812629154341e-03
-2.785786262116112942e-04
-1.395539221334967961e-05
-1.710229948080103316e-04
-1.748299996731829268e-03
-1.880049125261503600e-03
-4.225223557237733451e-04
-2.077513191646761844e-04
-1.978338335062870628e-04
-6.373852837299216073e-05
-3.115234023954540266e-05
-6.444279575906488808e-05
-6.508387146867197900e-05
-1.572288740001834577e-03
-2.164709040241081638e-03
-1.748388229628968264e-04
-2.978453031204769934e-04
-3.268704321923559522e-04
-2.931084832282752515e-04
-3.357953990058678759e-05
-2.226180340351900736e-05
1.124514355803662481e-05
1.342099060981636447e-05
-1.671593906119595561e-05
-2.210709720979519961e-05
-7.849528011324120595e-06
-2.066618859081840061e-06
-2.901087322432306154e-06
2.467993218420966149e-06
2.489258973565803792e-06
-3.257322905102034545e-07
3.199268720133099736e-07
-5.714678085120501657e-05
-9.695944276262050360e-05
-1.236508492848658735e-04
-9.736708981949581965e-09
-1.226519149208735743e-06
-8.812979683327455355e-07
-3.176571859124242252e-06
-1.899938199904407978e-05
-1.193565194206914698e-05
4.955734420844544966e-06
6.485868854526228444e-06
-4.447922480288243754e-07
-6.879809221316220336e-06
-5.697891122013452462e-06
-8.835014052617687607e-06
-3.854475721838860713e-05
-4.003464953047638429e-05
-2.404712616107525014e-08
-1.093969467291456143e-07
-1.399294830635528161e-06
-2.465708019667700331e-06
-1.413627606313755070e-06
-2.627960072108571675e-09
-6.659059269781362339e-06
-6.358146094090283415e-06
-2.229457100256619030e-05
-4.613517205970468948e-06
-9.596372531783979522e-06
-1.066151027113016795e-07
3.133565519952999223e-06
-2.729218033928856394e-11
-3.909294053006065093e-06
-8.530693258933637213e-06
5.466065793328994671e-01
8.632219173618772556e-01
6.391605071457441556e-02
4.132730243009506699e-02
6.171455560635703830e-03
1.710644223670438821e-02
1.033449664505315724e+00
1.744188170406260896e-01
1.711191047026560941e-01
1.473089363415252748e-02
2.420447132504959312e-02
8.938791768672032676e-04
1.489874524542084437e-03
1.403401045236334077e-03
1.420287632294482726e-04
1.220635208835128740e-03
2.220280007677131323e-03
6.801024658205326312e-03
7.822343377455333313e-03
2.139678471990047199e-03
1.436411794507903709e-04
3.678313689973226192e-02
1.698607381223983873e-02
3.399528981961277992e-04
1.918507348297460516e-02
1.496106520527080942e-03
1.987761003690428116e-04
1.073405155590794781e-02
9.541637986169976008e-09
2.476892614434093409e-04
5.184576087057528760e-05
5.756296929996453267e-03
6.511094780013346704e-04
2.116915230016773453e-03
1.899632295742180108e-02
7.238372109605486007e-03
4.357950983205250914e-03
2.951021947415722007e-04
1.064691763350336705e-03
6.357147380999519926e-02
3.933770231128366941e-03
4.845165102825383860e-03
1.253314588221163539e-01
9.578406834767214800e-03
2.922686832303035380e-03
3.168971252186408882e-05
3.206840283529981800e-05
3.269618676544584421e-03
3.457841636320907984e-03
7.899452671922336296e-04
3.622695356181456720e-04
1.562686174030208583e-02
2.558929946171246863e-05
4.824328674276939961e-03
2.187816388797505021e-03
1.584579740693169906e-04
4.420245604387423519e-03
2.002262692596497393e-03
5.822148808445597006e-03
5.176936696072941511e-03
7.999017966907615365e-03
2.801069258710639932e-03
3.846351314929387767e-05
1.036274798753826151e-02
4.249855756081023610e-03
3.220058076365671932e-05
6.708418486769977471e-03
1.906269308847344224e-04
1.007960007165235763e-05
2.531740923827793767e-04
1.938923074229498148e-03
7.903117088776674248e-04
5.822032350685959860e-04
1.027590413341080431e-03
1.029421072829486781e-03
1.208187096604936613e-03
9.091612889080530986e-04
6.665824602479457480e-04
1.825057132843679734e-04
1.046287698423596212e-03
1.460142069550399718e-06
1.343275253311180245e-08
2.341625103153065581e-04
1.373435731962720523e-04
1.343732926348942692e-03
2.900336778388523638e-07
1.591689899693160345e-06
2.579536862626151828e-03
5.348405479885366774e-04
1.161747845876280561e-03
2.173063384580080083e-05
2.768480537849874175e-06
1.111751430221128757e-05
8.845052444913935097e-06
4.939040591476229902e-06
1.380422412092017050e-04
1.759341978327481893e-04
3.639074340580554696e-07
2.691316248278880552e-06
2.723979449100861696e-06
1.659907533574134049e-08
2.787838555998370298e-05
2.657362870946258147e-06
2.618734971180162880e-07
1.283738319178177649e-05
7.955270873769444131e-05
2.231248987112308417e-04
4.790975162792159632e-05
1.832576363535033564e-05
1.114950974116553672e-05
2.740541752923826758e-05
7.402554763370048771e-06
1.076644558534435831e-05
1.675414743162574816e-05
7.291948893696107583e-06
9.345625781243187570e-06
8.260605007378298513e-05
9.225730167378203223e-05
2.653793545556972964e-05
2.464798921381541395e-05
1.301405364022934774e-05
8.874351387348250028e-06
1.056841164700825000e-05
8.024515321234014861e-06
3.221082410099707018e-05
2.470776220409276843e-05
6.687054770085743385e-06
4.923276257477821131e-06
3.627120187225296397e-06
8.255002856814887133e-06
3.510182397095161044e-05
3.857535063013119424e-05
4.982536407186058175e-06
2.149019679328005048e-06
3.315640379767951693e-05
3.219673086106952576e-06
1.590223004141362652e-05
1.696712910456993994e-06
3.175103968826782919e-01
3.125509408011776791e-01
9.748325435953139649e-04
-5.916833878947431145e-03
-6.200176237542872476e-03
1.881976949920455494e-03
-1.117601229497509722e-03
-1.161691027347592576e-03
4.441973614707302176e-02
2.105828127796798357e-02
3.338234733511415142e-02
2.391722373039045779e-02
1.013646582968526916e-02
4.054497846976134329e-02
5.765477516112866435e-02
5.831645821386386569e-02
5.194012556028445582e-01
3.297507113306649001e-02
3.162073033770610581e-02
9.008521482350973636e-03
9.903169248764718754e-03
4.733657449020157483e-03
1.099878767028157449e-02
8.538427558346943676e-04
1.071717249064049228e-02
1.437550224308699505e-02
-3.407694157224896471e-03
-1.918933444038680661e-03
1.033306196523238333e-03
2.396582997132944322e-03
4.178687696243504196e-03
8.451271342526627803e-06
9.449877746707553835e-04
2.195490137610923986e-03
1.960582556141844592e-03
2.006642926441427801e-03
9.391267944091530231e-04
1.240506511946051467e-03
3.843267137204715075e-03
8.134738917552713361e-03
1.192592998862691996e-02
9.777250399058993666e-03
9.475051728037229420e-03
1.013391584008731770e-02
2.105664288230423703e-02
1.640052166976215539e-03
-1.085317838498375473e-03
6.468346714863018425e-03
1.127951615834492209e-03
3.384439351628130283e-02
1.249050690723913859e-03
1.104319011320729601e-03
1.629491044880417364e-03
4.658586440977692533e-02
1.210605026197268501e-02
9.967581384449827539e-03
1.012868897416526089e-02
9.069332678476165486e-04
3.080720166518203639e-03
6.349619593301374966e-03
-5.634722979837972906e-03
1.335044378802598846e-04
1.426446079620425782e-05
-7.813549076500555385e-04
-4.697672569330292179e-04
4.947473036281781374e-03
4.232152548129878601e-03
4.585498361234260365e-06
7.171920107501671658e-03
1.812077333748042486e-03
4.704385930716500115e-09
5.642213772954801816e-04
2.293958698924405352e-03
2.223822682397650838e-03
2.792221779329429336e-04
1.378424125810340201e-05
1.716181956393445505e-04
1.757376566563249821e-03
1.878959320119221637e-03
4.106857621629455375e-04
2.251813112646569776e-04
1.860701456653583415e-04
6.360071653478590594e-05
3.104985601301832917e-05
6.611460625822360669e-05
6.424426148405393614e-05
1.795079522096962440e-03
1.716370705294530076e-03
1.747480708057002935e-04
3.021638736385209964e-04
2.918375413902720545e-04
3.224509512589268851e-04
1.516866572872619894e-05
4.744611117985656000e-05
-8.966944898733006738e-06
1.458177089051943740e-07
1.663984357654149377e-05
2.400850442552817336e-05
-2.723551915982740560e-06
2.024089736308956813e-06
2.886105922104052364e-06
-1.637936486436919525e-06
-1.687954914816609120e-06
-1.328990427845445917e-08
7.829641858247721324e-07
5.739950765601975084e-05
1.405105425778150556e-04
9.425076700386951620e-05
9.753014511680515891e-09
-2.409161672764712394e-06
-2.499114204466099989e-06
3.165328837863307731e-06
1.387841663079576241e-05
1.616601915479560589e-05
6.425006996378970025e-06
-1.423163364798234605e-06
4.450383142582732549e-07
6.848415033329460398e-06
1.803708032058736339e-05
4.300235036303236489e-06
4.091401546370797282e-05
3.908141237776111693e-05
2.423627614746756401e-08
1.143741016283232150e-07
9.266354560078615497e-07
2.455330939754008952e-06
1.425704786103758954e-06
2.616836994051903145e-09
7.645237768129233382e-06
5.391789411701070121e-06
2.227263966750113011e-05
4.660250301988833155e-06
9.608154751427025356e-06
1.332192814730105459e-06
5.672792298902788826e-06
2.731623661155108086e-11
1.029369362250023750e-05
3.653634318678441019e-06
3.246278054820246339e-01
3.037386028358376455e-01
9.762002378476949743e-04
2.533867529721685872e-04
-5.405065672920844611e-04
1.888403084668754082e-03
-1.497412984231135877e-02
-1.499759540900006717e-02
3.198730724851409080e-02
3.137414330868813078e-02
3.316022578008338134e-02
2.392065865827144866e-02
1.722293149310545612e-02
3.625595324635891292e-02
5.893554106338137755e-02
5.665603249309156958e-02
5.195209515466909789e-01
3.292941503490270927e-02
3.170730250594209348e-02
9.241326677541088566e-03
9.648835130635810900e-03
2.649627194410726985e-03
2.608191481471795400e-02
8.560569430961575965e-04
8.658237132485799292e-03
1.720716578271355018e-02
8.736748707093672586e-03
2.747530163638082883e-03
1.034074880341015641e-03
1.943514405537156292e-03
5.132715218341023580e-03
8.449556565596649425e-06
1.275063020489007734e-03
3.545227882058214850e-04
1.971879316977523389e-03
5.705574800983274865e-04
2.632221698370575905e-03
1.245277400009492256e-03
4.167460358824311845e-03
7.664910222114761952e-03
1.193828516991277469e-02
9.770617482113833768e-03
9.929061032377358917e-03
9.821659387065254793e-03
3.349059257486180423e-04
1.428274432687284476e-02
3.141242740443973315e-03
2.654711904917259752e-03
1.133175858065203247e-03
3.404361054080821264e-02
1.251973976840676682e-03
1.110632204093669334e-03
1.627990596991413285e-03
4.646618966964052855e-02
1.230564939878449858e-02
9.886343987485260790e-03
1.011522486739797715e-02
1.203678675335108925e-03
3.044952609540897432e-03
9.435089313528211008e-03
1.523081053747383845e-03
1.334389195872323088e-04
1.433263072171466939e-05
2.623427308338565299e-04
9.108825109033182792e-06
4.841919170110341696e-03
4.426432536491007111e-03
4.568940361456071101e-06
6.082099338626602986e-03
2.414580263436908077e-03
4.827717765118969483e-09
5.602095004651878353e-04
2.298709908893044069e-03
2.211765967366718065e-03
2.828058143994759306e-04
1.373388766152298773e-05
1.715659409130885604e-04
1.771715362353980900e-03
1.863203826827069826e-03
4.087658204859769104e-04
1.995813800876016907e-04
2.131090810927858698e-04
6.360296135793987475e-05
3.100016485174765795e-05
6.368417950717153301e-05
6.505290823067388223e-05
1.903472291983425522e-03
1.836410598250807959e-03
1.747071601737836802e-04
2.983009659003430934e-04
3.117224465514513150e-04
3.038195920739218312e-04
1.979378455943420234e-05
3.453414655900027217e-05
-7.217893102495013391e-06
-5.048771327820379905e-06
1.667449560701506281e-05
2.985180439018889369e-05
3.275746713253025022e-06
2.097822940385767866e-06
2.947317586609670369e-06
-4.019224157897108535e-07
-4.080456768450222390e-07
2.192234088376314123e-07
5.767525621377741861e-08
5.729066158466513238e-05
1.229573781392398187e-04
1.054470461752876555e-04
9.702604200585831303e-09
-1.450376757000872004e-07
-2.970958657551150649e-07
3.181425976733715544e-06
1.919224964736552269e-05
1.171734762199441528e-05
8.996362642224434687e-06
2.456298629079924859e-06
4.500053167213501390e-07
6.840999021247700348e-06
1.492792776499391541e-05
6.030879706406072685e-06
3.966766250632977603e-05
4.092685142526634415e-05
2.206855954835435230e-08
9.976084160121945436e-08
1.606235826448306496e-06
2.162500303078699931e-06
1.426671503448880136e-06
2.625071529837765382e-09
7.687674074866243521e-06
5.270788945196446027e-06
2.223572844004481505e-05
4.566441051617707208e-06
9.623224850372307163e-06
-4.523321347953203442e-06
-2.156996443859247341e-06
2.726775268622826832e-11
9.726916234298005898e-06
3.963643135602635916e-06
