# (3726,)
0.000000000000000000e+00
0.000000000000000000e+00
0.000000000000000000e+00
0.000000000000000000e+00
0.000000000000000000e+00
0.000000000000000000e+00
0.000000000000000000e+00
0.000000000000000000e+00
0.000000000000000000e+00
0.000000000000000000e+00
0.000000000000000000e+00
0.000000000000000000e+00
0.000000000000000000e+00
0.000000000000000000e+00
0.000000000000000000e+00
0.000000000000000000e+00
0.000000000000000000e+00
0.000000000000000000e+00
0.000000000000000000e+00
0.000000000000000000e+00
0.000000000000000000e+00
0.000000000000000000e+00
0.000000000000000000e+00
0.000000000000000000e+00
0.000000000000000000e+00
0.000000000000000000e+00
0.000000000000000000e+00
0.000000000000000000e+00
0.000000000000000000e+00
0.000000000000000000e+00
0.000000000000000000e+00
0.000000000000000000e+00
0.000000000000000000e+00
0.000000000000000000e+00
0.000000000000000000e+00
0.000000000000000000e+00
0.000000000000000000e+00
0.000000000000000000e+00
0.000000000000000000e+00
0.000000000000000000e+00
0.000000000000000000e+00
0.000000000000000000e+00
0.000000000000000000e+00
0.000000000000000000e+00
0.000000000000000000e+00
0.000000000000000000e+00
0.000000000000000000e+00
0.000000000000000000e+00
0.000000000000000000e+00
0.000000000000000000e+00
0.000000000000000000e+00
0.000000000000000000e+00
0.000000000000000000e+00
0.000000000000000000e+00
0.000000000000000000e+00
0.000000000000000000e+00
0.000000000000000000e+00
0.000000000000000000e+00
0.000000000000000000e+00
0.000000000000000000e+00
0.000000000000000000e+00
0.000000000000000000e+00
0.000000000000000000e+00
0.000000000000000000e+00
0.000000000000000000e+00
0.000000000000000000e+00
0.000000000000000000e+00
0.000000000000000000e+00
0.000000000000000000e+00
0.000000000000000000e+00
0.000000000000000000e+00
0.000000000000000000e+00
0.000000000000000000e+00
0.000000000000000000e+00
0.000000000000000000e+00
0.000000000000000000e+00
0.000000000000000000e+00
0.000000000000000000e+00
0.000000000000000000e+00
0.000000000000000000e+00
0.000000000000000000e+00
0.000000000000000000e+00
0.000000000000000000e+00
0.000000000000000000e+00
0.000000000000000000e+00
0.000000000000000000e+00
0.000000000000000000e+00
0.000000000000000000e+00
0.000000000000000000e+00
0.000000000000000000e+00
0.000000000000000000e+00
0.000000000000000000e+00
0.000000000000000000e+00
0.000000000000000000e+00
0.000000000000000000e+00
0.000000000000000000e+00
0.000000000000000000e+00
0.000000000000000000e+00
0.000000000000000000e+00
0.000000000000000000e+00
0.000000000000000000e+00
0.000000000000000000e+00
0.000000000000000000e+00
0.000000000000000000e+00
0.000000000000000000e+00
0.000000000000000000e+00
0.000000000000000000e+00
0.000000000000000000e+00
0.000000000000000000e+00
0.000000000000000000e+00
0.000000000000000000e+00
0.000000000000000000e+00
0.000000000000000000e+00
0.000000000000000000e+00
0.000000000000000000e+00
0.000000000000000000e+00
0.000000000000000000e+00
0.000000000000000000e+00
0.000000000000000000e+00
0.000000000000000000e+00
0.000000000000000000e+00
0.000000000000000000e+00
0.000000000000000000e+00
0.000000000000000000e+00
0.000000000000000000e+00
0.000000000000000000e+00
0.000000000000000000e+00
0.000000000000000000e+00
0.000000000000000000e+00
0.000000000000000000e+00
0.000000000000000000e+00
0.000000000000000000e+00
0.000000000000000000e+00
0.000000000000000000e+00
0.000000000000000000e+00
0.000000000000000000e+00
0.000000000000000000e+00
0.000000000000000000e+00
6.401482370647608033e-20
1.797498274558257308e-19
3.139593058761781006e-18
1.577932701988554474e-19
3.307278965209708997e-20
6.588778620575787224e-19
2.194336380296064878e-19
2.072971688217498622e-19
1.195524265335544802e-18
1.935039171691226440e-19
2.354505531628208023e-20
1.728030646231380251e-19
2.101998620410865781e-17
1.741641930174914852e-17
4.003093955178111949e-20
7.567535984729354813e-25
3.090665936718250392e-20
6.403727211952077059e-19
4.637758154355641198e-18
3.256502153301637877e-18
1.847470278892198966e-20
8.690674780118523323e-20
3.489898855833631305e-20
5.817862373508054047e-19
3.832133379240297029e-19
1.874421852759259389e-19
5.206885282241267010e-19
1.292174911241416430e-19
1.344839669492648022e-20
2.485976173184021995e-19
2.573051764037040785e-21
3.874956618152308659e-20
4.344049778909885791e-20
1.132952489153608782e-19
3.390271159462984583e-19
5.471405287679633578e-20
8.432911934198168590e-21
3.078021568537336752e-20
2.524608507638150361e-19
3.440275449983442210e-19
5.009636849869710936e-19
5.129080603227810607e-21
3.775429682874998216e-20
1.949867516645790729e-21
2.438882521626079730e-23
6.380616068499179608e-21
2.108051015865977527e-20
1.381480598898237100e-19
4.917972057483329506e-24
1.687617879924134978e-21
6.527685902493995939e-21
5.959905488517253010e-19
7.246124743247264569e-20
3.925627395488844565e-19
3.086672397123678426e-21
2.863894042923270170e-19
1.563542476327169661e-20
1.318014718573624329e-20
1.619104821269594195e-19
5.177454718936462973e-20
1.456675257275956115e-19
4.680597104508585104e-21
2.323216957956623260e-21
1.836647529079840213e-20
1.739165300196376040e-19
2.531122583453551253e-20
4.124345421822703044e-21
1.144102226172613377e-20
1.123030955803080552e-20
3.177174444878947458e-21
1.661985296160908931e-16
1.505231468952361202e-18
9.408315075105735174e-17
3.772890554180804921e-22
1.561958295349891341e-21
2.893528716913054582e-22
1.102490962914043458e-20
1.068933079916377821e-20
7.229839876894061295e-21
1.036532522917124063e-19
4.158783532248645420e-20
5.928864008772311940e-18
3.691763490608633241e-18
5.159081512816719746e-19
1.178388459290424585e-20
1.187362108697448013e-21
1.596172462075824950e-22
4.819642873578785148e-22
1.414981136039049895e-22
1.236613865026273501e-20
3.696047125826128078e-21
1.121602936738255390e-21
4.858503466877741700e-21
1.359176726895024403e-21
2.923338159163422884e-21
3.148890263242928126e-21
1.401297177191894460e-20
6.228428599635412831e-22
3.915723586816737329e-24
9.582022556165228586e-24
3.769346032099009823e-21
5.654079272581255733e-20
5.422541946969274262e-21
9.824096830913576463e-20
1.783051650144393745e-21
3.188972057598526364e-21
2.081249784293255883e-21
1.919079018795615433e-20
4.799825917680148205e-21
2.459283795168836226e-22
4.131258583014386154e-21
6.734520229904551608e-21
6.915773122017652738e-22
1.216351894177202340e-21
2.502214627791780715e-18
2.259346656614002671e-18
4.284692168527218768e-21
1.682882338268100778e-24
5.736037268069932992e-22
1.354134132673117809e-21
1.004673540826332837e-21
8.217441468377966082e-23
5.463584482199061582e-21
2.869442542554728075e-22
2.162949765237199128e-21
2.070676336476028536e-21
3.667052318297072451e-21
1.293534183305989758e-22
7.588628412700779828e-22
2.820340805222778004e-21
1.574875959601659504e-22
1.965299141272037013e-21
8.811298452908217588e-22
2.270818278049430255e-21
3.453017898427191523e-21
3.975445874331882719e-21
8.880651727854432901e-21
7.801629001597958605e-22
6.401357923507046026e-20
1.797441687259608920e-19
3.139603245881416328e-18
1.577918868255167643e-19
3.307343741131947345e-20
6.588860694072125269e-19
2.194308006197873568e-19
2.072955592711446926e-19
1.195522848720211473e-18
1.935037888892148503e-19
2.354572953519080461e-20
1.728390205885860035e-19
2.102075149098891243e-17
1.741676566252877380e-17
4.002948884595218206e-20
7.574266598743096290e-25
3.090607719756577158e-20
6.403400182964939341e-19
4.637654490301206551e-18
3.256503390293921830e-18
1.847442912025699800e-20
8.690575347240092295e-20
3.489877650031001369e-20
5.817882616339582878e-19
3.832321047335640189e-19
1.874306942587845218e-19
5.206974782676078654e-19
1.292259598023166680e-19
1.344853813601711642e-20
2.486124486323962496e-19
2.570860983255785180e-21
3.874875181363858173e-20
4.344183692730794513e-20
1.132933394978692572e-19
3.390236808790296382e-19
5.471274967432052492e-20
8.433013379613669619e-21
3.078019609889477803e-20
2.524597547338305610e-19
3.440274307433831868e-19
5.009586833345706128e-19
5.129103024701082693e-21
3.775532199980229312e-20
1.949658552453158388e-21
2.446370963383304100e-23
6.381472415527227147e-21
2.107980446033446872e-20
1.381474390539771277e-19
4.917401012922177892e-24
1.687579490739502384e-21
6.529280539376225721e-21
5.960083321479898862e-19
7.245735805351822548e-20
3.926128401803529077e-19
3.083161169272937905e-21
2.863901796221100942e-19
1.563564800323374449e-20
1.318107581836166968e-20
1.619111104406510302e-19
5.177725843204464859e-20
1.456702290918161929e-19
4.681601436734852791e-21
2.326945288503726336e-21
1.836509642983920174e-20
1.738894403607858004e-19
2.531069142018760487e-20
4.124164938828222225e-21
1.144126005849193642e-20
1.123048078910430063e-20
3.177058432606267751e-21
1.661950213636016924e-16
1.505241316521883533e-18
9.408078601849971890e-17
3.772234231557432403e-22
1.561856060329949180e-21
2.893380067708217963e-22
1.102475644509368287e-20
1.068932586895121213e-20
7.229476388096553165e-21
1.036490420371831167e-19
4.158716648531975955e-20
5.929032594216768019e-18
3.692163388866694303e-18
5.158186208853619344e-19
1.178364385215433933e-20
1.187376823712584261e-21
1.595901028230192096e-22
4.819751509048669101e-22
1.414852560076133294e-22
1.236661908547338140e-20
3.695787663310785596e-21
1.121594063475042531e-21
4.858548324793656863e-21
1.359136866949611530e-21
2.923407067925032597e-21
3.148890772552060304e-21
1.401307757249395653e-20
6.228607267492727829e-22
3.913676045153003745e-24
9.584763731250146288e-24
3.769552280354894708e-21
5.654236620102428047e-20
5.423387851780249926e-21
9.824123425529711617e-20
1.783082225146765705e-21
3.189069730773517939e-21
2.081120584842102592e-21
1.919051230429042106e-20
4.799882045939955090e-21
2.459364284422629043e-22
4.131263319884063114e-21
6.734558373584272302e-21
6.915985124967811484e-22
1.216366029033722312e-21
2.502164423627182245e-18
2.259296578257889308e-18
4.284564786472675886e-21
1.682988177597935544e-24
5.735712212229145040e-22
1.354124763008482025e-21
1.004672978185198381e-21
8.216890680295231409e-23
5.463541958494969251e-21
2.869417570728446949e-22
2.163076748246213567e-21
2.069912569433088692e-21
3.666980466196619510e-21
1.293604695139716995e-22
7.591445353862069421e-22
2.820842419630452870e-21
1.574902347355975338e-22
1.965286906675692692e-21
8.811312578267662724e-22
2.270817121191668174e-21
3.452876150716888642e-21
3.975549508693905508e-21
8.880558489917989337e-21
7.801574871939848287e-22
3.588533120375969717e-19
7.513390189783818855e-19
3.226586365538845596e-19
6.801516612150451173e-20
1.929488001714293597e-20
8.228982625773790838e-20
3.585260781136610329e-18
1.601070283165071564e-18
1.248384215566213901e-19
4.084991768438440179e-21
3.125069271297836851e-20
5.087595501694355813e-18
8.090885267022495619e-18
1.437096857457236345e-19
3.452595289996236616e-21
1.318933613350390833e-25
1.494849496383926358e-18
2.262706989202798733e-19
5.765854798540266080e-19
3.292800813729847252e-19
2.518466212481835853e-22
4.447583572226163547e-22
9.212031427491323872e-21
4.829400987271548241e-19
3.011146183994594219e-20
2.139311742915813217e-19
8.852010275008565455e-19
1.521539946634587804e-21
2.261828010762409569e-19
5.830998855047564089e-20
1.836023168512507797e-20
1.988875124207966930e-21
1.151587079552884396e-20
4.153808001069029732e-19
1.202153224924235855e-20
3.624105180938082243e-19
1.751163676317139886e-21
2.127799938086298803e-19
3.149089084808753273e-19
2.674334923934218575e-20
5.305888394532955634e-20
7.791169282994560735e-21
2.085901169004253738e-19
2.255173502349108229e-20
2.419708265012746045e-21
1.204021620402014418e-20
1.446238107665099811e-20
3.192998822408465857e-20
1.231125398060265300e-20
1.753435637491004044e-20
1.434436756555706624e-20
9.961824121906651630e-21
5.263413981253716237e-21
2.787504641299124851e-19
2.172614181271928811e-19
1.334501578812457774e-20
2.387070039620072071e-22
4.350387997450590715e-20
3.435936354556664161e-20
5.855844475083713327e-21
4.468789058813571960e-20
3.552939395022393185e-20
2.239417735140006805e-18
2.674875831776424310e-18
3.132690259321054467e-20
1.330046845316212678e-20
3.690495765520101233e-21
2.647725602668243267e-22
4.021756095699082687e-22
1.978783237532560867e-21
4.748457394518458673e-17
9.851472563905324593e-17
1.595927999019434650e-17
7.435612735098023601e-22
3.428357309134114295e-21
6.594165133871280576e-22
7.471473494870763582e-21
1.231745187707155649e-21
6.290267467429657634e-20
5.784569366495564974e-19
9.505079874959647909e-23
5.905358632396261779e-18
5.302690908528559789e-18
6.003352750635347652e-21
6.994802739201226575e-21
5.506630626121805549e-21
1.457168170824924638e-21
7.269501078232261400e-22
1.994040958306486043e-22
1.632120118981871287e-20
1.602845523243398667e-20
5.588389207775353924e-22
3.055730382357552001e-21
8.519943126645782015e-22
7.594956202979873910e-22
4.316078270331625441e-23
1.448746648653531977e-21
4.097149028210742503e-21
5.358113310452798253e-22
1.484064890816234961e-21
1.489862057164447975e-18
7.808885438214656833e-23
1.804133743781722626e-18
7.700929902733154731e-20
4.712980363917977769e-23
4.720608018383651961e-22
2.772623249473416712e-21
5.211900997765472265e-21
1.675436898399567175e-20
1.079189233080625112e-21
6.215604131567552832e-20
2.567674658604819562e-20
4.133258535269129860e-22
9.006834008749353433e-22
2.757517696535382848e-19
9.395339612367414812e-23
1.247692095946136396e-19
1.427747311444097649e-22
6.225673172680031696e-21
8.272088371191665118e-22
3.760321670877382163e-22
6.283975389370285274e-25
2.504696703641369140e-21
2.657288275846087359e-22
4.466057023095376466e-22
8.697197460797092727e-25
9.345428531198210888e-21
1.322455906519362950e-22
6.437796060164345761e-21
4.547739045468079152e-22
1.037217796728296041e-22
3.470409646870604303e-21
1.096761986251511057e-21
9.123897840847832702e-21
5.687839957162206123e-21
1.824992141176561061e-21
6.666234092957896247e-21
3.596141439473257184e-21
7.839555799266869501e-20
2.185567559813149956e-19
1.246586455633067045e-15
1.996170144362169499e-15
7.813643039345538576e-20
8.522987155292061162e-20
2.650542268420240864e-19
6.084625715546532328e-20
5.334717419659492817e-20
6.559187098676559431e-23
4.933241408254962696e-20
9.921102425026750804e-23
6.691952671009800789e-20
5.791023647085257198e-20
1.087261219411526694e-18
3.016488249369587565e-20
2.576128995431924725e-21
8.059202077579797261e-21
1.987213371796621453e-18
3.164409229706560436e-20
9.706351164234739807e-21
2.687930269200476226e-20
2.629967916202197466e-23
2.506785393113823754e-19
2.325167144325995001e-19
1.645402790231195238e-19
6.817341917708968594e-19
6.656237315965756256e-21
1.000440320397713767e-19
1.303042433585777668e-20
6.491109748533541024e-21
1.229094619592789816e-20
1.123674167519523112e-19
1.775724068623733126e-20
2.849221754636270371e-21
2.733739683170717699e-21
1.191797398861502089e-19
2.595031502144139658e-22
2.045618266315589380e-23
2.223463931091165641e-20
1.751491535109967115e-20
6.637486761934115362e-20
2.340849020102498494e-19
4.594236507542378923e-18
3.381946971081163349e-18
1.014035000711644801e-18
3.757981725634919101e-22
5.886593929252232900e-20
1.368764149543164634e-19
3.720074039678155016e-20
2.344439470130680438e-21
5.702014399438287117e-19
1.406849803156093759e-19
5.242959670864859970e-20
1.251513363190009323e-20
1.994759453039477733e-21
5.197719935865177230e-21
1.170900058258741540e-21
9.678177188263541729e-21
5.991169826008148968e-21
2.378585225724071739e-20
1.373908462405398436e-20
3.030772720085383384e-20
9.829753637543629333e-20
1.106187171223207596e-20
2.739292654765346117e-21
4.893655354776199425e-21
1.053250941476862905e-20
6.585943307352855264e-21
2.356522310180908757e-20
1.030547517180970068e-20
4.022697957998382566e-22
5.401794045371406214e-20
4.350184287527080185e-21
8.950619028431705166e-20
1.604027088514818278e-21
2.781608016841154565e-20
6.320748110693115126e-21
5.746142715424611091e-21
8.133452836275677272e-21
9.016502065979393107e-21
6.622934334006198625e-21
4.740756725290094268e-21
1.164691052931868175e-21
4.687699408167672461e-23
2.484360559277492751e-22
3.004875020507296343e-21
2.689757569205464703e-21
3.847239545129368487e-22
1.080337437050459126e-21
3.438046759589721496e-21
9.026702753321063179e-24
1.895262372431881019e-21
3.667540110371538577e-22
3.635952202366085739e-21
1.619410357794705804e-22
1.142632005869931856e-21
9.060293052003526431e-21
5.851133722313944356e-22
7.258116624150627390e-24
3.678193977258169441e-21
2.790907507179418511e-27
2.651188909529357108e-21
2.155837499160266465e-22
9.453877577756496039e-19
6.900520830505404206e-19
4.364287913938296750e-20
4.675638231113750607e-21
1.164461435050362851e-20
9.979438885042765005e-21
7.057505439032965265e-20
1.403092327791899809e-20
1.960297807883543602e-19
1.606828421092402035e-20
1.424756934694391098e-21
4.648337510791077723e-21
5.175337219429081122e-23
1.759509333421708212e-21
3.318674873589912271e-22
3.934190946584993554e-21
4.313839487243061461e-22
2.943113165986558807e-21
5.970347330509461143e-22
2.872387020744503906e-21
5.441577503952189326e-22
2.231032144979398237e-25
4.758207971296538775e-22
3.059769159705090035e-21
2.811739486431880275e-22
4.179105265642034527e-21
1.015117810765430740e-22
5.882707715095984973e-21
1.901162749327007732e-24
6.636584701019932496e-22
1.466310929815827176e-20
9.429159409620831159e-21
1.396544895472694693e-20
7.719502082605025772e-23
2.262644156473019669e-19
9.933323208168406762e-21
2.765044641918041546e-15
4.461633122851793817e-15
1.918660798774281521e-19
1.924735225194687997e-19
3.645640136421887135e-19
4.251415147591847679e-20
3.417896053801269443e-22
1.522671980368923507e-19
4.432080293873987681e-20
4.194447637180701623e-19
6.386400095978053933e-21
3.229919862004406123e-20
1.147169979886470322e-19
3.630581875825570720e-19
3.496477398118446964e-18
1.071355981682653673e-18
5.708730255829576180e-20
4.061253210511005744e-20
1.154588982136161390e-19
8.282792639777307568e-20
2.333790147988489115e-19
2.905452959916722077e-19
4.759912978333537994e-20
3.151865149830007165e-19
7.480841979691905170e-19
3.815420775175567146e-23
1.784317461576909838e-21
3.884274787563417715e-20
2.360534882365018126e-19
4.263438786239791785e-20
6.648990595696732029e-21
1.086309228746161919e-18
2.336629017424977718e-20
6.437544927893577327e-19
2.460184977394801078e-20
2.531135748574976033e-22
3.684545608338831946e-20
4.250578079764470200e-21
4.931297535932539109e-24
1.063441133392107432e-18
8.496570104871425778e-19
3.636151086200332565e-18
2.214733442790505674e-18
1.944828425061243537e-19
2.263699984650498917e-21
1.300910482908915737e-19
6.305235540955596366e-20
1.226254357990780453e-19
1.270073406552334894e-21
1.598110280240349681e-21
2.238001576099361280e-22
4.736155984963579398e-20
3.191796123915481452e-20
1.192479918921942654e-22
9.825679442244329381e-21
6.116931469624788783e-21
1.411589523421421001e-20
9.434569172690851205e-21
1.545874207930272486e-20
5.840420781488566056e-23
1.871466382206057232e-20
1.090024166089846558e-21
2.175086401542941874e-22
1.883399899355023383e-21
3.133335078103222436e-20
1.497887868303199765e-19
1.585385892576970235e-19
7.215752540572496967e-22
1.510425979424974174e-21
8.239206729875623864e-22
3.022327257256510131e-20
4.972540645208794988e-21
1.495388119444690128e-23
2.503487863022428303e-22
3.556039410251822245e-23
4.476475323426148171e-21
3.388467517005934005e-21
1.152252429465157464e-20
8.146954605414605351e-21
9.682802120475987207e-22
3.599445731147370649e-23
3.838673638909289696e-21
4.438736211972594281e-21
6.735961894689685338e-22
8.995662765416828667e-22
3.372752695397069841e-21
6.298562722319209349e-22
5.238185453234394219e-21
8.454114952259803242e-21
7.609549974589699481e-22
3.452521161886166461e-22
1.657342194677777272e-21
2.296124032781869224e-22
4.871006048676187863e-23
8.788349252653267501e-24
1.466360050846749278e-22
2.352623089045623279e-21
3.603449600626441106e-23
8.010219134209919942e-23
5.881481034963672413e-21
3.126206611491791825e-24
6.085539458521537145e-22
4.116270452235964941e-19
3.342294435479942390e-19
2.935595480641891319e-21
1.754635507005477070e-21
5.489976429066400088e-24
3.301471404714361053e-21
2.424574297991851013e-21
5.593118190196362065e-22
2.777565420891515916e-20
6.369618552659293257e-21
4.851763516267267644e-22
4.017556388313436192e-21
3.535108930029989899e-22
9.311424036918903564e-23
5.564780628297940231e-21
2.261757522396384241e-20
2.952189307058139539e-25
2.139485155592108667e-22
1.035052662510172365e-22
3.725936680400092430e-22
2.258582179428001856e-23
9.902973145037734245e-22
3.432515911238847402e-26
1.141543062633449110e-21
5.706146271687435547e-22
2.143341025937525099e-22
2.068665953556570003e-23
7.251031664056705309e-23
4.805974601644566956e-23
1.519048384900502645e-23
1.679377821273973773e-22
1.696766588796212099e-22
2.888131158281338060e-22
3.031202530631027172e-23
3.588605620254265625e-19
7.513164547205310622e-19
3.226594705353898509e-19
6.801741581873433435e-20
1.929434354865518424e-20
8.228997602222484912e-20
3.585315291279464500e-18
1.601119119757520855e-18
1.248389417334227098e-19
4.085650034706322475e-21
3.124802874706534468e-20
5.087971063814749342e-18
8.090951832617032433e-18
1.436500913821891233e-19
3.452373424055561138e-21
1.296368478901139906e-25
1.494836572521509729e-18
2.262611160232982203e-19
5.765667537022558024e-19
3.292601361431656191e-19
2.519470260562471490e-22
4.448696919829516097e-22
9.212713412032758918e-21
4.829347570693537278e-19
3.010800048824836895e-20
2.139368009727179129e-19
8.852395178148318514e-19
1.522439570609052110e-21
2.261857557133632610e-19
5.830238922494946194e-20
1.835498642044622286e-20
1.988785468747584358e-21
1.151604023240720207e-20
4.153814114010467263e-19
1.202141154586056342e-20
3.624093776397103395e-19
1.751139133535194313e-21
2.127781800192059099e-19
3.149098282655667881e-19
2.674120714316009426e-20
5.305944476322091275e-20
7.791074070725994824e-21
2.085909777620100987e-19
2.255173918754497038e-20
2.418633994193002072e-21
1.203828017917433104e-20
1.446242619592425310e-20
3.193275437816087392e-20
1.231072128028583348e-20
1.753415372034749571e-20
1.434607071881668079e-20
9.961018510567746853e-21
5.262278690952637458e-21
2.787576268410056245e-19
2.172570968675977910e-19
1.334604071368099857e-20
2.386948073772115798e-22
4.350404399819960859e-20
3.435907925453025184e-20
5.855099717688255049e-21
4.468732138331551475e-20
3.553079821954256124e-20
2.239355694776943877e-18
2.674822998028072061e-18
3.132417520842865311e-20
1.330079144805923356e-20
3.690640141370814998e-21
2.647631408131210182e-22
4.021973610195607619e-22
1.978609766842058414e-21
4.748403848099417591e-17
9.851213082054879049e-17
1.595851750674026195e-17
7.435445191705704932e-22
3.428400871828183800e-21
6.593711598215242491e-22
7.471468389665152867e-21
1.231735310666180074e-21
6.290091108007730794e-20
5.784537942140797623e-19
9.505611374989187850e-23
5.905499125394709069e-18
5.302808659618572876e-18
6.002093210650263778e-21
6.995067292319717243e-21
5.506729928907684698e-21
1.457276402190083365e-21
7.269369219548020777e-22
1.994001031318181190e-22
1.632078421825000564e-20
1.602799391358281554e-20
5.588818297608271903e-22
3.055722872676313226e-21
8.520256919993877801e-22
7.595462395973034147e-22
4.316644542070778384e-23
1.448785879248622594e-21
4.097019601062616262e-21
5.358677586829865221e-22
1.483986891427567047e-21
1.489857568183905445e-18
7.812332088783172767e-23
1.804122446083603618e-18
7.700907151484279520e-20
4.713427211494167718e-23
4.720446502680795075e-22
2.772622925469407719e-21
5.211928652510027426e-21
1.675462470272477306e-20
1.078712053356965700e-21
6.215931946588250686e-20
2.567637215810278201e-20
4.132579686222916922e-22
9.005258655301088540e-22
2.757490033762464462e-19
9.402973136491245531e-23
1.247685513057186669e-19
1.427677653333118107e-22
6.225869093119720614e-21
8.272060177101001146e-22
3.760141191885357669e-22
6.284014553436158973e-25
2.504720283998299172e-21
2.657489303709366250e-22
4.466026505503136922e-22
8.709291667399467341e-25
9.346015139644834495e-21
1.322327332268437732e-22
6.437715027705208157e-21
4.548688778152610664e-22
1.037234923089660143e-22
3.470325419586684596e-21
1.096712872541387385e-21
9.124309168679731955e-21
5.686553959093307041e-21
1.825357064847666157e-21
6.665734413827550520e-21
3.596486340945086538e-21
2.262624969486952272e-19
9.933848999514967514e-21
2.765001809363927877e-15
4.461564165708175329e-15
1.918661964596900571e-19
1.924733933235676115e-19
3.645631658200066547e-19
4.251451749336005851e-20
3.419056971750118036e-22
1.522626877463109521e-19
4.431873387463824091e-20
4.194406609711795962e-19
6.385846424942784010e-21
3.230086763582835335e-20
1.147161217035577040e-19
3.630603306009239744e-19
3.496540860855855431e-18
1.071381799176823840e-18
5.708612591473134723e-20
4.061223326741341877e-20
1.154598962539054489e-19
8.283055792541852711e-20
2.333786621171885322e-19
2.905458004231543840e-19
4.759834635263610019e-20
3.151964273303827618e-19
7.480992906210415349e-19
3.807853053158165887e-23
1.784233546343974473e-21
3.884170905345830159e-20
2.360539865624561053e-19
4.263516766454202475e-20
6.648878699397560139e-21
1.086312763943225012e-18
2.336680603672720498e-20
6.437561390185020563e-19
2.460128192311653452e-20
2.531674264370035187e-22
3.684359738541856666e-20
4.250743192288635327e-21
4.931249319405414998e-24
1.063023543662330726e-18
8.493896602359391606e-19
3.636162096635484790e-18
2.214742586361156871e-18
1.944834365155426866e-19
2.263690485629449451e-21
1.300901359821783135e-19
6.305171818301045155e-20
1.226255298485624652e-19
1.270122323436462326e-21
1.596908410223430098e-21
2.241456094988030934e-22
4.736124948527786275e-20
3.191769634488894850e-20
1.193125463852624525e-22
9.826264245265950197e-21
6.116859474263638200e-21
1.411635438443763545e-20
9.433959926259885242e-21
1.545861909621143098e-20
5.839426366875595470e-23
1.871454777955871024e-20
1.090041644991961301e-21
2.175748840402868734e-22
1.883426789277999233e-21
3.133239817787168358e-20
1.497941936779514787e-19
1.585443726146433121e-19
7.216185410608639814e-22
1.510339660706123201e-21
8.238709380386446597e-22
3.022562882283462603e-20
4.972542335479175333e-21
1.490352423430611239e-23
2.503244679695519723e-22
3.555914813054690221e-23
4.476460968319411398e-21
3.388580603743658963e-21
1.152220449992235591e-20
8.146848723691471095e-21
9.682281528264106070e-22
3.598445430951359948e-23
3.838734887043140447e-21
4.438683752235389586e-21
6.735920419359326422e-22
8.995308660666219606e-22
3.372844293478558189e-21
6.298755151027934341e-22
5.238136602369895494e-21
8.454080554483023796e-21
7.609631628334136423e-22
3.452613177938625374e-22
1.657360030764655656e-21
2.296425026702006487e-22
4.870996740654316322e-23
8.791476003996335788e-24
1.466129970933772681e-22
2.352778170970763047e-21
3.601982730249776619e-23
8.013531041196767264e-23
5.881814354615676411e-21
3.120536644130380173e-24
6.085409117616563057e-22
4.116191551047964375e-19
3.342235080817505107e-19
2.935558810819687328e-21
1.754687415097277571e-21
5.490521863725350908e-24
3.301507707467370709e-21
2.424604431761850604e-21
5.593660055186949839e-22
2.777560223099289218e-20
6.369602909735694795e-21
4.851957886532863943e-22
4.017419383504439175e-21
3.534866284223342904e-22
9.311821881990938854e-23
5.564786028664763502e-21
2.261749895503347269e-20
2.964361746820411009e-25
2.139169485236832934e-22
1.035096230812698263e-22
3.725860409878137967e-22
2.258419937746751216e-23
9.902898576784263575e-22
3.241001675246220779e-26
1.141594071831660033e-21
5.708782497148653007e-22
2.143481905323396122e-22
2.068516856880384346e-23
7.250919163645758966e-23
4.805668961715785797e-23
1.518836408235192040e-23
1.679753234669851558e-22
1.696707026012298617e-22
2.888514345426302687e-22
3.031145321297421228e-23
7.839678756433478596e-20
2.185500800911083769e-19
1.246593690105972748e-15
1.996181969031264280e-15
7.813713967782338108e-20
8.523130640457625536e-20
2.650571815181428608e-19
6.084584133766306760e-20
5.334939088899298745e-20
6.552182625890979611e-23
4.933863528626463665e-20
9.927982599279223772e-23
6.692459374777795895e-20
5.790965691791532204e-20
1.087252204999838721e-18
3.016464939801079038e-20
2.578377055786888105e-21
8.062731758401389871e-21
1.987210868803016872e-18
3.164416821666017806e-20
9.706735662172248415e-21
2.687693125851315074e-20
2.631635471888431833e-23
2.506682086808405989e-19
2.325177562702780619e-19
1.645412452522429614e-19
6.817345194865321284e-19
6.655959050313637197e-21
1.000404876724275682e-19
1.303059170063454294e-20
6.490954340471113015e-21
1.229141582014902765e-20
1.123678929105020552e-19
1.775709217074415326e-20
2.849283170834816726e-21
2.733389786958266305e-21
1.191787388906466570e-19
2.594792559250684555e-22
2.046787032017517463e-23
2.223379240449899148e-20
1.751393226660867955e-20
6.630583273462880341e-20
2.339850824460319817e-19
4.594108843141792426e-18
3.381842804024460697e-18
1.014039314148840940e-18
3.756819896437522881e-22
5.886599184099951237e-20
1.368765053440188749e-19
3.719909232864961588e-20
2.344497569222033007e-21
5.701926245646807991e-19
1.406833069554787878e-19
5.242970794534918445e-20
1.251486932170136578e-20
1.994149821800154120e-21
5.198127139583263516e-21
1.170919438873101297e-21
9.677389797183071772e-21
5.990910858685217485e-21
2.378589047725653492e-20
1.373904924194733814e-20
3.030808274458928528e-20
9.829815850510259462e-20
1.106168882950821304e-20
2.739415630142690223e-21
4.893590302156019740e-21
1.053333263296729018e-20
6.586680033055832752e-21
2.356495963494142413e-20
1.030494411067212724e-20
4.022919387614846667e-22
5.401780342902400026e-20
4.350093584153361514e-21
8.950701515234868874e-20
1.604106878411516641e-21
2.781622465548053383e-20
6.320655492638331152e-21
5.746011004265896278e-21
8.133496950977770477e-21
9.016606143558901435e-21
6.622882124960839917e-21
4.740622475075508902e-21
1.164740245180404806e-21
4.688122541475481072e-23
2.484399009653085912e-22
3.004822417053044906e-21
2.689798179895818560e-21
3.847539791925542612e-22
1.080376026321153963e-21
3.438062659524216571e-21
9.025664481619667358e-24
1.895290338243995929e-21
3.667410125309128932e-22
3.635973075592059750e-21
1.619501865891900963e-22
1.142621955820666710e-21
9.060132792230950538e-21
5.851147027371890459e-22
7.255267711806802535e-24
3.678238054693404623e-21
2.831697195312458990e-27
2.651192259807144758e-21
2.155891082331837375e-22
9.453941262927656170e-19
6.900579811809774661e-19
4.364277363173373597e-20
4.675588728152474845e-21
1.164452212406399382e-20
9.979455786538202387e-21
7.057460862281433176e-20
1.403090481051742527e-20
1.960304693375986601e-19
1.606884488459479413e-20
1.424754205682923349e-21
4.648305423526981382e-21
5.175043941737302320e-23
1.759507152078537443e-21
3.319010873988832749e-22
3.934297535920294408e-21
4.313520714678999913e-22
2.943090283157067589e-21
5.970234409707361375e-22
2.872410765800872405e-21
5.441641697986150643e-22
2.229813491735288438e-25
4.758113325169980584e-22
3.059755900960170889e-21
2.811679432216832605e-22
4.179044465007758632e-21
1.015139727948149681e-22
5.882576371814157760e-21
1.900721074089504405e-24
6.636717910634804993e-22
1.466328121217225028e-20
9.429055625218874940e-21
1.396550305322529637e-20
7.719254402547804406e-23
3.020282536231469805e+00
3.019483683584962996e+00
4.526639281855809216e+00
8.439552252169953972e-01
8.440566670495397439e-01
4.807146788958806954e-02
2.076989679321932999e-02
2.077885203147807058e-02
6.281941980029483001e-03
7.168445666616021783e-03
8.442096301901494751e-03
1.990432016713672737e-05
1.992568586775970486e-05
3.569372365620748083e-02
9.632446787968431193e-03
9.641229230757553115e-03
7.219325304632760731e-02
2.487130312728453793e-02
2.485798352095682992e-02
5.778912475366193569e-01
1.644919643877022449e-04
3.556394154524942369e-02
5.816551240465414607e-03
2.216648564349626635e-02
4.230327845951929039e-04
4.227837608364547997e-04
7.743715395505912369e-02
4.428495563952383556e-04
4.430688376305473011e-04
5.083645355290836791e-08
5.086104842412291286e-08
6.722122987018902887e-03
2.412406229406625284e-04
1.342076923560842376e-03
1.628816766470386410e-02
1.629187202884356533e-02
6.691036963827401603e-03
6.607379654699260980e-03
2.960671361727727421e-02
2.963463705930930933e-02
8.622691999047029168e-03
1.403394219079197314e-02
9.465505377520564215e-03
5.221875931678002063e-03
2.585498491408721974e-06
2.587565270950085963e-06
2.440109620984165333e-03
3.812272550129776599e-03
4.408529626828885245e-04
4.413259350511553264e-04
2.335117560293396496e-02
2.339541186438623757e-02
4.813713130019495016e-03
4.131778166314947071e-02
4.135964331612188016e-02
1.367749840151737811e-02
2.669099928315548428e-03
4.328940438148786790e-05
6.352471911278828598e-03
1.503433708403931635e-04
1.503635137872162870e-04
1.191210650828358752e-02
1.514463450254083590e-02
1.142769219919540641e-02
1.143142923648822820e-02
5.294287967259756617e-03
1.084868796220723287e-04
1.083373982111155201e-04
1.236807008859979774e-02
7.999116671655388117e-03
1.324682052756022931e-02
1.724581292813818318e-03
1.726045901426234057e-03
5.290793576232102075e-06
5.294933093174961845e-06
6.207336886696430620e-03
1.790386207573193373e-03
2.805743412471623562e-03
1.187014594843724966e-03
1.427894474822132283e-06
1.427369062411110076e-06
2.907512118327473425e-05
1.646439624123635236e-06
1.648385496401846273e-06
1.233244154620815160e-03
6.821444634948469745e-04
4.122658445617492381e-06
4.116136497192324769e-06
3.608963043755617807e-03
2.045586069967203751e-03
5.854608811109745520e-06
5.853196852083410873e-06
1.286578679024701118e-05
1.336561948881409645e-06
2.511227405348545735e-04
2.534158085616027619e-04
3.483732951510027796e-04
7.740829430630454135e-06
1.896233167874857261e-05
1.892626402789568526e-05
1.006110714945962432e-04
1.004878211037849289e-04
5.601997141491181454e-04
1.214131927080501716e-04
1.440794368940302315e-04
1.437712600364387009e-04
5.094212915134906067e-05
1.770685752010191580e-10
2.123323963884109551e-06
1.321609744542563084e-04
1.323175028082071122e-04
5.630185634590698844e-05
1.770480650359701962e-08
1.818967360636748542e-07
2.614598985602207759e-06
2.856635682804956951e-06
2.857904992573853907e-06
7.189734209883789798e-05
9.037985309831869871e-06
8.050292965426673138e-05
5.745813777740904724e-05
5.750861862295093959e-05
1.525117592677583973e-04
1.540116115507813286e-04
6.183424301792969284e-06
6.186118100515741379e-06
7.153202802594142972e-06
7.155270939992922149e-06
1.571372856295108846e-05
1.196486589563842911e-05
6.301419845446271908e-05
2.366539276547224868e-04
7.675298478857094813e-05
1.483698763634600834e-06
1.482453202415765975e-06
9.010737761040565473e-05
3.538869019955029296e-06
3.542346849156945422e-06
5.427769496256401593e-01
8.669678639208659998e-01
6.351564658337187363e-02
4.162518861486863564e-02
6.196581967177847844e-03
1.709181912011433283e-02
1.031568902961706335e+00
1.744016582716811092e-01
1.719769509057336443e-01
1.474600482996325443e-02
2.423241906682227845e-02
8.890091625836785746e-04
1.494064589532225797e-03
1.404284177342393159e-03
1.419900392691316078e-04
1.221976129876418266e-03
2.219620717642041118e-03
6.816869396574896760e-03
7.789422875851404263e-03
2.141909410869073573e-03
1.433087434325599021e-04
3.690236464735958954e-02
1.711191654017518715e-02
3.402029669597625926e-04
1.907628835560619407e-02
1.502048378365316694e-03
1.989175906850643714e-04
1.072642635729535547e-02
9.452938726189518227e-09
2.478590960246665844e-04
5.149905241039627038e-05
5.697176463758400582e-03
6.477482295579089968e-04
2.124823042891311239e-03
1.901393190965735072e-02
7.217077375513685812e-03
4.383169229253765405e-03
2.943816139313846516e-04
1.062879276944646767e-03
6.348744767956120139e-02
3.932531057490180545e-03
4.867733611415910912e-03
1.260105172188258349e-01
9.648713992019327529e-03
2.935217994592744049e-03
3.190708716160940987e-05
3.209594432834659520e-05
3.248577325236070169e-03
3.450484975031605558e-03
7.925727782843400380e-04
3.605759296078949166e-04
1.560039035289932305e-02
2.561572807143656257e-05
4.832144673701534686e-03
2.191026716202433729e-03
1.584454881691769079e-04
4.432286279750530592e-03
1.999691111986570680e-03
5.834340097945540926e-03
5.189307836188076020e-03
7.990717442824457270e-03
2.793411376672471844e-03
3.829646659395337567e-05
1.036265036979734828e-02
4.259954101021239808e-03
3.198861346430959684e-05
6.757315534162920342e-03
1.903630039493463364e-04
1.003962234555824939e-05
2.520151098434417073e-04
1.923808899055329475e-03
7.836640076158606300e-04
5.708185672806712855e-04
1.013446956221101094e-03
1.078815427044394750e-03
1.228101792212739959e-03
9.097433344531677098e-04
6.656905888310693303e-04
1.826957487117482782e-04
1.047041378068416058e-03
1.449140268392524369e-06
1.339912538398720941e-08
2.346625256539892597e-04
1.375292353829371040e-04
1.344175193511015559e-03
2.901851250784116706e-07
1.578887801940474594e-06
2.584359316725276263e-03
5.322332120127069898e-04
1.158600298512204403e-03
2.164666394253511524e-05
2.771266434195719291e-06
1.104813147036847983e-05
8.829719926152285512e-06
4.946578133692502352e-06
1.395024889067282873e-04
1.755079399310858297e-04
3.650620409609978452e-07
2.690875133837305031e-06
2.740843854471746240e-06
1.661689832499257218e-08
2.830024063771326403e-05
2.675463358985999616e-06
2.639788994143426189e-07
1.276148857681509195e-05
7.930654006902598861e-05
2.221776649935092846e-04
4.708198226617615136e-05
1.814727903059073797e-05
1.114358519298973342e-05
2.748582028545873114e-05
7.410873174508280701e-06
1.077420998762146556e-05
1.678513042950191507e-05
7.353726893669446175e-06
9.370475287708865077e-06
8.290948231249597403e-05
9.232059649973148254e-05
2.674251401917916558e-05
2.462457127859051060e-05
1.290846721133743412e-05
8.916481523886321815e-06
1.043294619265132212e-05
7.952896746760941755e-06
3.152237854751734839e-05
2.468516928463304231e-05
6.701235927969235965e-06
4.943948347044314589e-06
3.624262393611932204e-06
8.295110316008919406e-06
3.533309000065331469e-05
3.859818566358383038e-05
4.972130056669501597e-06
2.149970227010054550e-06
3.328535481205559482e-05
3.224554859898551876e-06
1.594239839939913446e-05
1.697912144728705075e-06
5.501837038381142131e-01
8.654987050314532082e-01
6.367805077151014737e-02
4.104128036029799920e-02
6.199018803863421724e-03
1.709882109353466628e-02
1.031222430223068587e+00
1.739477227301832740e-01
1.719506819036171197e-01
1.474759209293763362e-02
2.411094570621914387e-02
8.928518741622666144e-04
1.492411152697274875e-03
1.405227782053836399e-03
1.421870791682119158e-04
1.218712877485549550e-03
2.219547932693900511e-03
6.805097805728251015e-03
7.846332938615510968e-03
2.143952970342528300e-03
1.431524322322265332e-04
3.682532414144643051e-02
1.697145312909079454e-02
3.398782949208375894e-04
1.911107562662735584e-02
1.499105825480966060e-03
1.981670506982452051e-04
1.071310027852954982e-02
9.390567287186863678e-09
2.483768740969372144e-04
5.209600970134530158e-05
5.653960918169054217e-03
6.518285392607760286e-04
2.121484638258716582e-03
1.899336291664806275e-02
7.243773854370303897e-03
4.357830875039506169e-03
2.947542105150135062e-04
1.064440345642178772e-03
6.344017447882259464e-02
3.935492317788258018e-03
4.865569391964147047e-03
1.251933015598073184e-01
9.607925945545121166e-03
2.946589990514829772e-03
3.168423168750932354e-05
3.212662692213504506e-05
3.258413257275896268e-03
3.456823210832682403e-03
7.900044422034028764e-04
3.559571539666763298e-04
1.568970033265697575e-02
2.561221703354939449e-05
4.838217770198965061e-03
2.188599293892317440e-03
1.579783994753872288e-04
4.456007822146678538e-03
1.994799255935751549e-03
5.827487085764501522e-03
5.179919104976573284e-03
8.008098223760980183e-03
2.795610065100965873e-03
3.830904057974805993e-05
1.039713351760630788e-02
4.249511901265426092e-03
3.225991023829602293e-05
6.725524800452303484e-03
1.901570502367137577e-04
1.007502324950860183e-05
2.546621874335686206e-04
1.937656557187179265e-03
7.754002824546931891e-04
5.821136975510070701e-04
1.024073222340092862e-03
1.036950640795297057e-03
1.216032476535945173e-03
9.090488403307301051e-04
6.665060350853758801e-04
1.823481890405226661e-04
1.045021699118717272e-03
1.449552573909746495e-06
1.344060325409013133e-08
2.340531442619155273e-04
1.363765709883017351e-04
1.340977669863211048e-03
2.904658812803615729e-07
1.597182511969905997e-06
2.577525252495920655e-03
5.333308595873623810e-04
1.167106347844720912e-03
2.173373229729762675e-05
2.780106158739269145e-06
1.113333150885916176e-05
8.837245557349334858e-06
4.945896262984596753e-06
1.385840299588718362e-04
1.760129065883695018e-04
3.642201810030304554e-07
2.681732375721170951e-06
2.717543662762211084e-06
1.661445314306168886e-08
2.811219097928552502e-05
2.653898278955415910e-06
2.628210563998901698e-07
1.277239091428279864e-05
7.889412496710322827e-05
2.227565523109763116e-04
4.785801395660059304e-05
1.816377293001635908e-05
1.121144553171403863e-05
2.758427091872930645e-05
7.390701486991654416e-06
1.074906980984345443e-05
1.666600343870284015e-05
7.300109433400309902e-06
9.309442671677029690e-06
8.304380270741075162e-05
9.180903269152507977e-05
2.663236054084198185e-05
2.461793839252275629e-05
1.294792149539350005e-05
8.891042238137954765e-06
1.053144407681008525e-05
7.959325025665344176e-06
3.206837735480043438e-05
2.473346165702263331e-05
6.680598271110331350e-06
4.943685607611615153e-06
3.632090431955432878e-06
8.315155119740710786e-06
3.517791248917591330e-05
3.868298804662449758e-05
4.997595478843191783e-06
2.145633009446308052e-06
3.326218313654337970e-05
3.212282662039747587e-06
1.592610474994800694e-05
1.698464255032640580e-06
5.466065971200509965e-01
8.632217301614163452e-01
6.391605183140171287e-02
4.132729013395999851e-02
6.171455542313093907e-03
1.710644169865054021e-02
1.033449719366565045e+00
1.744188209144625079e-01
1.711191319720746506e-01
1.473089330483543132e-02
2.420447277955535201e-02
8.938786441815560480e-04
1.489877145774346281e-03
1.403400542242561359e-03
1.420287790035468527e-04
1.220635047044861575e-03
2.220279888989330850e-03
6.801027603352008399e-03
7.822341281941822336e-03
2.139678625214149876e-03
1.436411851719066870e-04
3.678313442945971984e-02
1.698607420419083816e-02
3.399529376176051122e-04
1.918507402194079628e-02
1.496106607429879267e-03
1.987760929323747767e-04
1.073405270261011506e-02
9.541637552027133260e-09
2.476892565390757827e-04
5.184577170031067758e-05
5.756293558370303987e-03
6.511100169081625788e-04
2.116914958433144169e-03
1.899632299751677356e-02
7.238372753435799722e-03
4.357950712813704955e-03
2.951022116926701696e-04
1.064691715661872417e-03
6.357145989188860147e-02
3.933770298939356404e-03
4.845163123061545750e-03
1.253314502948192910e-01
9.578406816235561158e-03
2.922686346110685545e-03
3.168970090175454436e-05
3.206840595064845462e-05
3.269618687177692530e-03
3.457841478274499124e-03
7.899452665491071271e-04
3.622695836510446735e-04
1.562686129224316600e-02
2.558929963650415475e-05
4.824327458326786028e-03
2.187816727484593379e-03
1.584579656626519781e-04
4.420245215356305435e-03
2.002263911766918262e-03
5.822147885638844118e-03
5.176936789401482587e-03
7.999016924831093070e-03
2.801069202437913436e-03
3.846352082322361342e-05
1.036274896628244617e-02
4.249855715672206692e-03
3.220058286241777142e-05
6.708418454708903189e-03
1.906269424447660274e-04
1.007960119645369850e-05
2.531741587636155886e-04
1.938923017395476501e-03
7.903113573324540208e-04
5.822001658019737699e-04
1.027590590343813864e-03
1.029420079933079761e-03
1.208186845147498842e-03
9.091611826523752311e-04
6.665824557122551315e-04
1.825056689342936876e-04
1.046287900715765339e-03
1.460142020157032040e-06
1.343276745850886093e-08
2.341624803298210551e-04
1.373435835776969116e-04
1.343733110391437911e-03
2.900336239161285719e-07
1.591689971761250408e-06
2.579537191401159914e-03
5.348405539012178293e-04
1.161747927701732141e-03
2.173063250618906020e-05
2.768480109900515875e-06
1.111751418260546154e-05
8.845052498292279390e-06
4.939040730975041439e-06
1.380422826013017390e-04
1.759341981549409554e-04
3.639072980904570570e-07
2.691315611081970292e-06
2.723978910989254895e-06
1.659903935684886067e-08
2.787839349856997747e-05
2.657362076743767171e-06
2.618740082009143445e-07
1.283737910389458221e-05
7.955271999703974475e-05
2.231249079197889656e-04
4.790973831201724114e-05
1.832576676127593704e-05
1.114950619079178474e-05
2.740541791490467755e-05
7.402554767129362256e-06
1.076644603846674595e-05
1.675415056486642096e-05
7.291948910284855679e-06
9.345626282930488755e-06
8.260602624276418889e-05
9.225728460527060594e-05
2.653792750984524084e-05
2.464799983909365569e-05
1.301404498044498150e-05
8.874351979503171113e-06
1.056841368303153513e-05
8.024512806380638047e-06
3.221082231087645361e-05
2.470776083318122917e-05
6.687050125871970574e-06
4.923280834585849152e-06
3.627120351254654307e-06
8.255004026540297484e-06
3.510182126132128623e-05
3.857535300430375554e-05
4.982537115095537908e-06
2.149019725277608237e-06
3.315640102474293958e-05
3.219673365748937329e-06
1.590222970101658409e-05
1.696712819397842071e-06
3.198215759177405193e-01
3.084569860111512907e-01
9.762004206916088120e-04
2.235341259178896521e-05
1.025715881186052038e-03
1.888401911150639802e-03
7.901368060916147754e-03
7.875936873360193241e-03
2.950770707930805772e-02
3.403638025099077480e-02
3.316022285802239927e-02
2.392067143302789231e-02
1.762837969965472262e-02
3.567932460890153173e-02
5.801313464940677234e-02
5.757490068210139450e-02
5.195208866495784061e-01
3.292940832552824354e-02
3.170730534514989291e-02
9.464099648288504599e-03
9.426558301969836101e-03
1.023207469805173346e-02
1.644785196296834340e-02
8.560569555901990967e-04
8.306139503784691624e-03
1.772138640775885315e-02
1.372985709173895480e-02
6.068301638618914598e-03
1.034074845304563603e-03
2.868119752797693243e-03
4.035415695100483778e-03
8.449556386346454619e-06
5.168727115890911798e-04
7.176576326094319240e-05
1.971879247163626104e-03
7.870978113495340558e-04
2.264448992192940290e-03
1.245277345783322911e-03
4.437770439703502511e-03
7.318013256523505511e-03
1.193828470660647165e-02
9.770616573878562056e-03
9.914403153430539559e-03
9.836261287436675813e-03
8.791614105694120263e-06
3.480392294146642668e-02
3.113803640062068941e-03
2.680174358953351862e-03
1.133175987054908448e-03
3.404361385525304928e-02
1.251974001632612547e-03
1.364807757248876884e-03
1.373060050250794143e-03
4.646618339963443090e-02
1.245874162453354701e-02
9.750899073112122631e-03
1.011522463952238028e-02
4.396293961657333311e-04
5.826124501209465657e-03
1.105586650646563952e-02
1.028846603578729459e-03
1.334388708667793438e-04
1.433263050415120418e-05
4.756755428889185549e-04
7.365213965632608843e-07
4.680579883018749950e-03
4.586076058274161232e-03
4.568940040492298065e-06
5.527288216577414849e-03
2.810366237466454826e-03
4.827720037234562047e-09
5.602093322454201841e-04
2.290462543265458714e-03
2.219893432056092419e-03
2.828058228694340639e-04
1.373387903117860683e-05
1.715659280749680198e-04
1.770321039060907984e-03
1.864633871221124629e-03
4.087658528114813256e-04
2.048065494269396580e-04
2.078492165562079109e-04
6.360294540780093292e-05
3.100016467527165020e-05
6.359619843170022195e-05
6.514201699131229534e-05
2.204120328288595044e-03
1.581823105168996121e-03
1.747071341874708607e-04
2.983009980506789809e-04
3.487076149106448303e-04
2.711919295037152071e-04
9.202074305454604089e-06
6.207321432659285046e-05
2.810501367788904897e-06
2.472534031979826638e-05
1.667449578101810705e-05
3.984220975586253642e-05
1.400507141645506383e-06
2.097822007830496272e-06
2.947318490891964319e-06
5.290740815615584316e-07
4.591231728115406949e-07
1.233621399497370597e-07
1.710603803005600856e-07
5.729066518869443882e-05
1.410820860114209152e-04
9.088156969535614240e-05
9.702570797471219298e-09
1.444516906817770401e-08
8.108846474706989762e-08
3.181425626307613715e-06
1.825002537451969167e-05
1.249925277427531696e-05
2.352946803027332489e-05
4.490430959214018115e-07
4.500052840217088024e-07
6.840997020562399393e-06
1.703951844553672917e-05
4.897829016473823608e-06
4.030995925116630219e-05
4.028521388286202828e-05
6.682601803783851496e-08
5.792424234877322835e-08
2.103951863627107273e-06
1.713590443014026389e-06
1.426672095811766868e-06
2.625076054176638584e-09
7.155926496625656588e-06
5.747387933177594409e-06
2.223572732333447012e-05
4.566439001730787352e-06
9.623224886453696572e-06
3.159945776710393456e-06
3.311914700798306600e-07
2.726736389723200172e-11
9.981055154376420368e-06
3.806757397879150805e-06
3.359331190247525356e-01
2.952775081942735080e-01
9.748325983828831946e-04
3.350908514404951459e-03
8.969183964069624843e-03
1.881977362094374405e-03
4.505962298130597704e-05
4.886169207705560183e-05
4.230790066455863974e-02
2.259939296016843027e-02
3.338234754761751355e-02
2.391721101892700305e-02
2.754099949442817899e-02
2.422450702682707804e-02
5.984020414387570402e-02
5.619780238425901853e-02
5.194013890049415938e-01
3.297507234367854506e-02
3.162072569187456689e-02
9.279211862322542248e-03
9.627568472949536715e-03
3.081607342939044966e-02
2.940311109278719460e-03
8.538426564348402430e-04
1.310501340471105329e-02
1.208278464756262251e-02
3.497511805865560937e-03
3.922773147503816403e-04
1.033306168537665923e-03
4.244340503057091735e-03
2.704354573996692150e-03
8.451282894919620150e-06
3.252456519495172931e-03
5.077138577943059866e-03
1.960582475707724724e-03
1.877815673274265892e-03
1.034535047121590105e-03
1.240506503703498343e-03
4.483859079152010228e-03
7.319094780565666737e-03
1.192593025188090627e-02
9.777250301596580526e-03
8.937836399549070263e-03
1.072164822480046152e-02
1.603678872876133227e-02
4.216434281303966906e-03
3.705323107125385661e-04
1.603903596644245394e-02
1.127951513430726620e-03
3.384439384310911764e-02
1.249050782379783602e-03
9.275469375718398395e-04
1.880919429523431573e-03
4.658586603633432105e-02
1.077513587580585831e-02
1.133249106070281960e-02
1.012868821447042607e-02
2.284419952142931816e-04
6.777232871499366818e-03
3.668926841517070742e-02
2.933259661776243740e-03
1.335044693854861011e-04
1.426446570054998787e-05
1.069400936233842053e-03
1.018269234749699800e-04
4.644583865525111523e-03
4.531387886097300137e-03
4.585497243512729191e-06
7.369951762724851613e-03
1.716481466010561690e-03
4.704372399234893398e-09
5.642211491156810159e-04
2.170905366294694546e-03
2.351670957391576323e-03
2.792221866861731164e-04
1.378423800416176751e-05
1.716181959722569319e-04
1.862707415578102868e-03
1.776017475938291125e-03
4.106857475433244855e-04
2.175119503047137301e-04
1.933156906930200592e-04
6.360071405546419924e-05
3.104985686253993376e-05
6.544559951841873581e-05
6.490812426880592119e-05
2.933565415351546517e-03
1.039288123002353502e-03
1.747481112963771043e-04
3.021638670494547897e-04
3.432747422003751812e-04
2.763558885882650275e-04
1.018817885885426268e-05
5.944533229854584151e-05
7.483306568253856724e-06
3.633072031338138974e-05
1.663984486786289336e-05
6.532504480714386441e-05
3.635514812134879528e-07
2.024092164134221876e-06
2.886108863363333782e-06
7.773273418965387697e-07
8.691791582216719844e-07
1.870522951972459711e-09
5.272877151917267827e-07
5.739950719237194715e-05
1.369394370417516770e-04
9.725777286464338482e-05
9.753020939224548722e-09
3.705744540607169462e-06
3.109305601723517668e-06
3.165329777769266343e-06
1.787528877500879244e-05
1.279197556906332787e-05
1.210861058154410617e-06
1.946264488785751551e-05
4.450378089759216192e-07
6.848413937196915247e-06
1.662179207212746647e-05
5.084035516089945187e-06
4.173788151861894803e-05
3.829199448420186679e-05
3.054722622718755215e-08
1.027764053065851039e-07
2.678057139777159384e-06
1.256184266499967794e-06
1.425705250696700429e-06
2.616839759243566489e-09
8.779216130828749329e-06
4.574244917331672227e-06
2.227263885999290858e-05
4.660248196001632866e-06
9.608153705751533224e-06
7.282104839972676729e-07
4.217096455771601475e-06
2.731547143674564294e-11
1.019063046272501792e-05
3.715797382478448353e-06
5.301431580155181456e-01
8.676509552134269443e-01
6.330976664029520917e-02
4.105888609281394680e-02
6.183382211167947999e-03
1.704293070731103393e-02
1.031083688975783952e+00
1.744879958257061492e-01
1.723875307296010295e-01
1.476638397589039899e-02
2.408263476439055986e-02
8.943964818704269086e-04
1.497404954360214042e-03
1.408107668282000289e-03
1.418654866156003245e-04
1.217789382264162536e-03
2.216454117576512409e-03
6.798505329141906264e-03
7.831252049659728071e-03
2.148084630672505296e-03
1.434422636808857466e-04
3.693919542237566328e-02
1.707600270505627363e-02
3.397558360460359653e-04
1.913009278041620173e-02
1.500667302500610081e-03
1.984715539711016886e-04
1.073313421900136573e-02
9.428706763502030676e-09
2.482733374561541927e-04
5.186557688218814977e-05
5.724650535719038105e-03
6.455172374930650018e-04
2.129897514103348388e-03
1.902241510431675053e-02
7.200685198993250768e-03
4.368321324299699604e-03
2.945191275700925412e-04
1.064549665915870543e-03
6.352493428359733130e-02
3.940056179620394020e-03
4.903418590620495753e-03
1.256558950032404254e-01
9.677920204402780738e-03
2.967932552209670734e-03
3.178555674948031420e-05
3.212787190593255061e-05
3.240163460040933197e-03
3.445689552291885012e-03
7.912684415078192644e-04
3.552373085564550182e-04
1.568254540794414287e-02
2.560218343134348202e-05
4.816761512640856113e-03
2.189970665893806959e-03
1.582590745164042000e-04
4.459996247535505040e-03
1.998100210195427953e-03
5.843016761892701194e-03
5.195190660400987939e-03
7.991530299266063481e-03
2.798105232154549007e-03
3.834785043191047776e-05
1.037856847471498034e-02
4.265855920344005688e-03
3.195913701984766744e-05
6.773187036077796090e-03
1.901511685690053554e-04
1.006045993220476724e-05
2.526064339532122318e-04
1.922513460630042616e-03
7.710104233028599197e-04
5.740533563747160202e-04
1.007568914456319614e-03
1.084337962416062097e-03
1.238139545678349374e-03
9.102202466850062941e-04
6.673171436469175566e-04
1.824256971531612928e-04
1.044986140504582930e-03
1.436427777386932262e-06
1.344535016108428860e-08
2.345926728907408141e-04
1.366225255712442477e-04
1.339678817290308526e-03
2.906964846798610755e-07
1.580641297021736286e-06
2.578620184706528502e-03
5.294947067969016418e-04
1.159154710511860632e-03
2.166218857866248200e-05
2.768037488752288549e-06
1.103521401245646037e-05
8.834157036864552609e-06
4.950293962756002923e-06
1.391984522055258913e-04
1.749255645556941957e-04
3.656462233289629854e-07
2.679856916579662285e-06
2.746224181324137495e-06
1.666402685216152781e-08
2.863376846696670847e-05
2.659447960148528729e-06
2.640710927413681800e-07
1.274892862085846798e-05
7.872085121467854187e-05
2.228111220740654067e-04
4.733508828030134300e-05
1.806192919679192017e-05
1.117009582839063943e-05
2.747616161194230998e-05
7.444300775175706802e-06
1.078398387028714644e-05
1.676537120910701127e-05
7.333621606448809085e-06
9.330702450313879573e-06
8.369816350169670307e-05
9.230006940387754989e-05
2.679920162666131565e-05
2.462340459040354633e-05
1.294935967261650815e-05
8.957809641437351647e-06
1.042325755431887888e-05
7.871018166686804534e-06
3.114344632658876875e-05
2.465032499276271859e-05
6.701414625481090065e-06
4.957596095385503010e-06
3.648635640292230390e-06
8.361416358012455986e-06
3.527577600714359768e-05
3.859101846312039310e-05
4.969588640916375415e-06
2.148479022368429029e-06
3.326143066900852445e-05
3.218743772046572154e-06
1.594653848636314820e-05
1.699749067729280770e-06
2.943809725453919168e-01
3.356401997442109986e-01
9.757507121991865076e-04
1.415029739572131557e-03
5.519668711906724687e-03
1.883662319665948366e-03
4.733646035502760445e-04
4.622709781298722678e-04
2.469234098576838024e-02
3.956277577224455444e-02
3.341744856086620308e-02
2.416047852317016256e-02
3.507101252951667220e-02
1.808269544425985392e-02
5.505894812773871189e-02
6.011074249966130018e-02
5.194187659419206016e-01
3.304224706970815273e-02
3.159856371586455132e-02
1.043426356296388996e-02
8.529356846019993735e-03
1.116102980041781996e-02
1.523938221990431621e-02
8.554619589987259853e-04
1.511547914113284090e-02
1.029758563983123806e-02
1.200976068279700120e-03
5.460236865417990131e-03
1.031309742815168101e-03
2.092706219972062433e-03
5.033166943372417018e-03
8.493530278890937217e-06
6.659292158541368380e-05
3.694611760462426932e-05
1.957069288602545157e-03
2.255129892557810028e-03
7.965766218915187619e-04
1.245126070734244679e-03
3.499842133312438316e-03
8.730176317751763351e-03
1.193345741017626770e-02
9.730968762501119099e-03
9.071377630168049946e-03
1.056405084255439275e-02
1.314277798529789668e-02
6.170107808890369812e-03
2.569119253945392409e-03
3.198844077346073723e-03
1.123606361088977379e-03
3.403697709251930076e-02
1.237926687506953581e-03
1.540385634373964401e-03
1.209456327676711965e-03
4.663963392516918410e-02
1.272721748957311196e-02
9.531496562326033373e-03
1.017080429372650349e-02
7.051643850344651264e-04
5.025756100492426159e-03
8.538883376632076805e-03
2.032514138708874270e-03
1.326208231694486078e-04
1.422880642281303118e-05
1.097319932784120454e-04
1.096753618695648106e-03
6.241909880097544668e-03
3.191585394389007384e-03
4.577707675404408486e-06
1.166480868856864701e-02
3.707697393368482135e-04
4.527308158424317119e-09
5.811024960317841227e-04
2.369634067629203256e-03
2.162110495777662487e-03
2.785786833377891600e-04
1.395538966440211706e-05
1.710229887853725124e-04
1.642132947808330008e-03
1.997050662128148097e-03
4.225224242554028809e-04
1.886311006105630161e-04
2.184599514604352634e-04
6.373853620054249552e-05
3.115233893613844889e-05
6.384729520378920251e-05
6.568932758388741221e-05
1.947726689410323201e-03
1.803289574486273894e-03
1.748388379669517639e-04
2.978452536409836285e-04
3.283876535447412997e-04
2.916787291715087853e-04
2.032470252827761446e-05
4.111452892654123042e-05
3.682034609621258155e-06
2.715800183350282844e-05
1.671593818585415421e-05
2.377410684097293781e-05
6.949141487175065962e-06
2.066621274696979077e-06
2.901085012981164325e-06
2.963833340718899445e-06
2.806431124540801915e-06
5.623772376858751683e-08
2.737636491369491731e-07
5.714677212696904262e-05
1.290301662658450076e-04
9.590190532174316560e-05
9.736662830808598158e-09
2.011074763495541949e-06
1.577194830867766833e-06
3.176571264680641532e-06
1.703814642008094990e-05
1.369012303531014136e-05
4.297716985477307433e-05
1.069145473933606866e-06
4.447921644960033458e-07
6.879809610016676063e-06
2.097209876664322527e-05
3.026726548761257226e-06
3.967942404869396979e-05
3.890882593873082080e-05
4.912369792803650435e-08
7.787259925061239228e-08
1.573999976445630603e-06
2.256573017898095457e-06
1.413628157816627506e-06
2.627961884133712059e-09
5.517341090231683278e-06
7.709481407350742414e-06
2.229457187407265023e-05
4.613517198467150405e-06
9.596372139107975504e-06
7.551641835847190315e-10
1.368074535823261742e-06
2.729166468874090050e-11
7.958747755608865324e-06
5.246425834921034594e-06
3.313211794676506616e-01
2.966456045576136846e-01
9.744363947971548942e-04
9.569071755969811230e-03
3.746039763367227556e-03
1.890402566185116163e-03
1.229630799064232970e-02
1.234245957232954147e-02
2.422597932477823721e-02
4.006107728960828229e-02
3.345793582243630770e-02
2.400161442830786238e-02
3.348039870174464305e-02
1.920726628347562900e-02
6.006401520189327825e-02
5.554096798644248684e-02
5.198344731412262165e-01
3.297555396433150127e-02
3.163980541381843092e-02
1.010450139955698136e-02
8.823726526392339925e-03
8.446537206469213743e-03
1.897507716609872844e-02
8.522025461787424618e-04
9.871396591754259472e-03
1.565155430728008834e-02
3.005226286147637607e-02
1.795398760406295355e-02
1.032811661123599458e-03
3.277338861803161685e-03
3.563317835006508689e-03
8.478504006530809858e-06
3.141690241867408848e-03
4.952099062348116858e-03
1.948384968094213137e-03
3.389509908794298030e-04
3.250616114426687752e-03
1.241144316396771427e-03
8.305838161825052773e-03
3.757228513645439159e-03
1.193035459532855794e-02
9.786965267979759811e-03
9.582575182224795443e-03
9.996066821067539979e-03
2.578399557400442958e-03
2.031336656808167829e-02
6.516428326961888444e-03
7.185950144794984789e-04
1.126889910446868346e-03
3.409044317441303068e-02
1.242992775949353220e-03
2.500825434042794251e-03
5.684171298443291796e-04
4.674329784731477699e-02
8.997975165009502660e-03
1.337187099914271919e-02
1.014248430050218065e-02
3.605000742797926381e-04
6.148536072636711335e-03
3.405368636466201554e-03
6.210831088372545383e-03
1.327179542697986213e-04
1.424541870050527684e-05
2.377016094817844139e-03
6.912922157757734774e-04
7.423710958850783526e-03
2.392373715077595817e-03
4.577232004450706690e-06
2.370133671336253911e-03
6.188334141247412400e-03
4.655547231521168998e-09
5.593550795981953178e-04
2.412299630061563813e-03
2.126527927256263110e-03
2.786194960428330807e-04
1.392661891151080521e-05
1.709103998306071013e-04
1.922996508057535012e-03
1.712170361054163835e-03
4.166584041558203362e-04
1.831662703837337548e-04
2.263586608150870206e-04
6.369228987341495724e-05
3.094192036323548068e-05
6.341928225760645841e-05
6.685369412415457613e-05
1.358072926413085016e-03
2.478336027084789093e-03
1.739408688920988737e-04
3.016089202072571034e-04
3.785855356163036643e-04
2.479817020395675754e-04
1.863247748496845848e-05
4.341088346414920132e-05
9.326843613821335556e-09
1.027177113768319250e-05
1.665867682123176255e-05
5.121600903395292286e-06
2.732386800308393875e-05
2.023987692724894448e-06
2.871504231166404016e-06
6.518883167028645799e-06
6.801764647968854089e-06
2.133980401497353792e-06
4.861268941800297941e-07
5.740911892393041479e-05
7.959070806425352603e-05
1.600166821094803024e-04
9.659914578561396971e-09
6.297904626006378932e-06
5.513499106596806455e-06
3.172751153048616388e-06
2.303820241356462718e-05
8.858195686852249795e-06
2.624831354217062537e-07
2.491660278579511476e-05
4.423339593247195357e-07
6.856273396789719688e-06
6.571819950858899315e-07
3.039914387773463492e-05
3.765226710508997004e-05
4.155527958406837134e-05
6.615426872509347938e-08
5.748599125663554104e-08
8.627633591153409923e-07
3.360592519463463531e-06
1.425421904007372349e-06
2.615488562307771693e-09
6.545107026332729041e-06
6.587396281843726324e-06
2.220084270739507409e-05
4.636645287350682924e-06
9.592374975366004856e-06
1.786199949575521776e-05
9.192814170034301280e-06
2.737631223666502679e-11
1.618106386016133113e-06
1.473033777423013487e-05
3.020282816616624899e+00
3.019483272812115260e+00
4.526639042647643940e+00
8.439553297513553431e-01
8.440567915455405856e-01
4.807146781806207608e-02
2.076989678677302123e-02
2.077885087578111231e-02
6.281941717721371138e-03
7.168443566300980105e-03
8.442094222508441173e-03
1.990432095961344801e-05
1.992568763273485074e-05
3.569373027916568353e-02
9.632447278794933898e-03
9.641229958180161375e-03
7.219325403526967444e-02
2.487130422345185804e-02
2.485798434752250693e-02
5.778912254773246326e-01
1.644919669744202213e-04
3.556393951766338019e-02
5.816551057599881128e-03
2.216648566319013094e-02
4.230328039068407793e-04
4.227837546240136479e-04
7.743715577916285286e-02
4.428495657312807657e-04
4.430688406038202961e-04
5.083645288677845081e-08
5.086104988172569659e-08
6.722123477826246439e-03
2.412406247784539221e-04
1.342076760911153086e-03
1.628816920295703130e-02
1.629187186790594447e-02
6.691036777769595288e-03
6.607379635276688923e-03
2.960671483698466486e-02
2.963463780181206653e-02
8.622689117343233442e-03
1.403394105244481702e-02
9.465505051749723356e-03
5.221876491964328078e-03
2.585498624220161805e-06
2.587565330230051424e-06
2.440109610543060754e-03
3.812272228932072748e-03
4.408529258031255549e-04
4.413259152713855989e-04
2.335117375339344076e-02
2.339541136009256478e-02
4.813713041613573544e-03
4.131778821110174138e-02
4.135966453759627737e-02
1.367749845269909843e-02
2.669099811049600174e-03
4.328941071179172984e-05
6.352471983379967026e-03
1.503433711566944835e-04
1.503635080577084358e-04
1.191210633773570095e-02
1.514463428735577863e-02
1.142769208807078996e-02
1.143143079728180765e-02
5.294287855384393476e-03
1.084868812461662273e-04
1.083373947718151891e-04
1.236806951631009253e-02
7.999114349767352111e-03
1.324682012367149782e-02
1.724581291532345344e-03
1.726045942854078502e-03
5.290795288160506049e-06
5.294933602057810459e-06
6.207336595277479149e-03
1.790386237725086075e-03
2.805743420644683447e-03
1.187015128157576163e-03
1.427894646583696732e-06
1.427368773837194234e-06
2.907511282921606491e-05
1.646439676103652647e-06
1.648385664350089146e-06
1.233244130462421992e-03
6.821445162436718139e-04
4.122658334357437935e-06
4.116136973603328481e-06
3.608962560149439700e-03
2.045586140549969512e-03
5.854609258203021245e-06
5.853196574553153796e-06
1.286578673472550751e-05
1.336561923914315831e-06
2.511220690261198340e-04
2.534154399111178944e-04
3.483733022934019192e-04
7.740829408005423149e-06
1.896232691491152235e-05
1.892626107882762235e-05
1.006110680156764678e-04
1.004878251605152901e-04
5.601997033453524942e-04
1.214131955795152274e-04
1.440794337702672374e-04
1.437712562774205391e-04
5.094211144565752671e-05
1.770685873440180909e-10
2.123323937373846010e-06
1.321609810575681456e-04
1.323175058976908320e-04
5.630185035865543426e-05
1.770480587581052380e-08
1.818967396478699683e-07
2.614599032018418529e-06
2.856635613289358111e-06
2.857904861859916681e-06
7.189733703825503159e-05
9.037985820370661967e-06
8.050292369152941521e-05
5.745814723107758100e-05
5.750862618846852185e-05
1.525117728655885345e-04
1.540116122570053890e-04
6.183424645861933414e-06
6.186117975124605781e-06
7.153203297369942452e-06
7.155270565761549296e-06
1.571372839950675038e-05
1.196486493270202160e-05
6.301419894825874962e-05
2.366539392473032504e-04
7.675298793259066068e-05
1.483698462010704389e-06
1.482453194975365039e-06
9.010737809364277584e-05
3.538868623727916727e-06
3.542347121248290442e-06
5.501835297003955239e-01
8.654976463379101537e-01
6.367805065465438619e-02
4.104128499022551002e-02
6.199018646566295011e-03
1.709882217953866829e-02
1.031222276049633457e+00
1.739477225292566931e-01
1.719507037139427208e-01
1.474759311482476583e-02
2.411094595019333889e-02
8.928517553812874213e-04
1.492408520470103837e-03
1.405227754806021283e-03
1.421870657991996384e-04
1.218712958841949032e-03
2.219547945165489811e-03
6.805093192691662012e-03
7.846332492664077202e-03
2.143953220598169597e-03
1.431524362742143605e-04
3.682531709004310816e-02
1.697145398059452318e-02
3.398782828332883661e-04
1.911107600149022923e-02
1.499105577976515965e-03
1.981670774052659689e-04
1.071310052735728081e-02
9.390566696594115624e-09
2.483768731122321669e-04
5.209600046486479754e-05
5.653959255633003549e-03
6.518285602576936663e-04
2.121484574650355382e-03
1.899336286061976617e-02
7.243776075986511735e-03
4.357831283562399634e-03
2.947542056830542378e-04
1.064440392514747315e-03
6.344017466634546687e-02
3.935492246034965474e-03
4.865569184687661142e-03
1.251932954459766545e-01
9.607926730112350058e-03
2.946590145138548982e-03
3.168422643667147986e-05
3.212662707286071588e-05
3.258413144362376154e-03
3.456823826200240094e-03
7.900045070810247060e-04
3.559571508840850729e-04
1.568969990075594692e-02
2.561221607304577910e-05
4.838218230922008978e-03
2.188599163583090923e-03
1.579784057261972925e-04
4.456007527858154432e-03
1.994799117438163585e-03
5.827486855587590137e-03
5.179918928737815322e-03
8.008097923064181126e-03
2.795609954597567341e-03
3.830903537384665580e-05
1.039713312446213615e-02
4.249511980567209114e-03
3.225990740857406541e-05
6.725524990554116248e-03
1.901570525200209003e-04
1.007502343371886233e-05
2.546621764014706424e-04
1.937656506138637135e-03
7.754002302998131649e-04
5.821137465658183770e-04
1.024073445221346029e-03
1.036950423607281655e-03
1.216032512234006867e-03
9.090489069672880304e-04
6.665060140854883958e-04
1.823481947680380248e-04
1.045021700518260297e-03
1.449552293932468197e-06
1.344060306629252595e-08
2.340531781925056628e-04
1.363765653290082260e-04
1.340977568175088933e-03
2.904658705529028541e-07
1.597182133144247190e-06
2.577525278030725394e-03
5.333307403799096612e-04
1.167106419834780008e-03
2.173373163798845468e-05
2.780106382744089151e-06
1.113333258908390469e-05
8.837245660342662836e-06
4.945895890780371948e-06
1.385839632056683126e-04
1.760128765316168692e-04
3.642202446256422518e-07
2.681732915091428477e-06
2.717543592404359104e-06
1.661445089166559504e-08
2.811219583049687321e-05
2.653898298765254544e-06
2.628210240355596367e-07
1.277238799291054809e-05
7.889411421851061986e-05
2.227565871600997358e-04
4.785802640452146772e-05
1.816377374567865847e-05
1.121144552549856338e-05
2.758427231222429924e-05
7.390702003710464964e-06
1.074912116363716776e-05
1.666600599552037386e-05
7.300108485721108757e-06
9.309441505056728622e-06
8.304377817474551857e-05
9.180903032975152906e-05
2.663236133098009195e-05
2.461793632146716255e-05
1.294791896012643947e-05
8.891041592753880688e-06
1.053145103575962024e-05
7.959327103108509925e-06
3.206837725485482243e-05
2.473346084806686296e-05
6.680598220529010127e-06
4.943685033178232687e-06
3.632090434061507880e-06
8.315155082911574244e-06
3.517791175807646718e-05
3.868299730845219830e-05
4.997594633866638084e-06
2.145632806585291764e-06
3.326218421301249374e-05
3.212282391489481183e-06
1.592610478632826515e-05
1.698464349017143818e-06
5.427771140308011999e-01
8.669677599289977721e-01
6.351562534094164214e-02
4.162518015346798606e-02
6.196580582925020897e-03
1.709181954685917021e-02
1.031568871939609222e+00
1.744016560554939865e-01
1.719769300036855519e-01
1.474600331215686344e-02
2.423242112617596949e-02
8.890092290639527682e-04
1.494064465069337667e-03
1.404283998054439318e-03
1.419900460595410155e-04
1.221976226344335470e-03
2.219620751914434201e-03
6.816866646265472979e-03
7.789424955577313112e-03
2.141909225201563127e-03
1.433087317735068930e-04
3.690236720656885766e-02
1.711191634022836416e-02
3.402029471089370195e-04
1.907628856751332133e-02
1.502048096034476997e-03
1.989175941812143284e-04
1.072642689398831811e-02
9.452927034100572269e-09
2.478590973387652082e-04
5.149904736253739062e-05
5.697177302903629580e-03
6.477481928214305542e-04
2.124823156396356012e-03
1.901393389076260279e-02
7.217076874779257065e-03
4.383169240885255447e-03
2.943815974337604755e-04
1.062879265480500294e-03
6.348745517488615930e-02
3.932530730885583879e-03
4.867733659305102656e-03
1.260105112282374484e-01
9.648713565206286022e-03
2.935218701379737564e-03
3.190708470087383542e-05
3.209594278810752854e-05
3.248577688292321897e-03
3.450485125041150708e-03
7.925727053039974572e-04
3.605759670598854814e-04
1.560039070301252190e-02
2.561572905013238230e-05
4.832144564481605578e-03
2.191026549369598855e-03
1.584455012688401078e-04
4.432287052937466942e-03
1.999690418656325901e-03
5.834341568650230903e-03
5.189308732400119833e-03
7.990718861375960963e-03
2.793411205274511349e-03
3.829646969592878506e-05
1.036265035013735417e-02
4.259954411119168047e-03
3.198861449485326889e-05
6.757315988960997145e-03
1.903630094485088766e-04
1.003962289382672143e-05
2.520146173801941715e-04
1.923809274025070713e-03
7.836639341571757485e-04
5.708184575767620257e-04
1.013446813898831022e-03
1.078815916050441344e-03
1.228102033148599330e-03
9.097433383873867628e-04
6.656907664126156948e-04
1.826957597194484278e-04
1.047041366236733505e-03
1.449140328972049283e-06
1.339912497309085337e-08
2.346626494010588986e-04
1.375291816298663432e-04
1.344174687868263064e-03
2.901851655383417592e-07
1.578887833924631382e-06
2.584358746782652785e-03
5.322332156424577866e-04
1.158600263585557108e-03
2.164666429795708558e-05
2.771266452266323576e-06
1.104812930718222373e-05
8.829717865375135051e-06
4.946577944453046405e-06
1.395023459000079436e-04
1.755079534995008573e-04
3.650621864231241418e-07
2.690875387338654480e-06
2.740844072335452018e-06
1.661690199665072356e-08
2.830023545885960735e-05
2.675463647007495393e-06
2.639789144824060058e-07
1.276148755927262856e-05
7.930653764587888355e-05
2.221776771766858442e-04
4.708197355253228376e-05
1.814728169640975343e-05
1.114358369566421715e-05
2.748582028867338381e-05
7.410872964501903687e-06
1.077420970219186731e-05
1.678513060688155450e-05
7.353726500193324671e-06
9.370474925196654683e-06
8.290947063577921094e-05
9.232059884161285073e-05
2.674251651111642515e-05
2.462457091523135026e-05
1.290846709113908483e-05
8.916479116991043096e-06
1.043295025289192851e-05
7.952898514234543449e-06
3.152238205168369297e-05
2.468516729386340889e-05
6.701236445561976145e-06
4.943948708627716088e-06
3.624262512821615748e-06
8.295109392677034891e-06
3.533309350919865019e-05
3.859817984825580033e-05
4.972128550549690312e-06
2.149969734276166902e-06
3.328534556154427460e-05
3.224554520637406048e-06
1.594239490693338116e-05
1.697911973414829514e-06
5.301434173653275517e-01
8.676509991336076588e-01
6.330975241677472276e-02
4.105888956618111013e-02
6.183382815299265887e-03
1.704292943881897601e-02
1.031083682739955876e+00
1.744879938524763197e-01
1.723875295144700892e-01
1.476638320034803255e-02
2.408263396598936748e-02
8.943965196581526566e-04
1.497404954468856087e-03
1.408107656874220187e-03
1.418654945737051756e-04
1.217789302611850012e-03
2.216454107029370690e-03
6.798504849226853254e-03
7.831251360180792320e-03
2.148084756802577395e-03
1.434422745734465800e-04
3.693918489150963685e-02
1.707598561889737271e-02
3.397558320236261729e-04
1.913009538731827788e-02
1.500666721640897322e-03
1.984715807274216402e-04
1.073313369218870626e-02
9.428707250426912624e-09
2.482733017494164959e-04
5.186557159354027321e-05
5.724649053972367431e-03
6.455174012862383622e-04
2.129897524428838416e-03
1.902241396969969398e-02
7.200685376297564361e-03
4.368321623190223046e-03
2.945191230134373036e-04
1.064549628277141171e-03
6.352493841085729565e-02
3.940056085303305158e-03
4.903418292780253700e-03
1.256558887448013528e-01
9.677920803398725597e-03
2.967932996210042793e-03
3.178555135762394635e-05
3.212787205179655047e-05
3.240163378344943380e-03
3.445689906193161352e-03
7.912684282420005908e-04
3.552373484781749737e-04
1.568254423581961349e-02
2.560218167878916968e-05
4.816760978081243393e-03
2.189970344451145409e-03
1.582590764433012642e-04
4.459996979284866665e-03
1.998100452130288987e-03
5.843016648215163325e-03
5.195190771088018661e-03
7.991530574522068969e-03
2.798105308452638815e-03
3.834785425022794580e-05
1.037856802100209537e-02
4.265856157436502365e-03
3.195913428764049995e-05
6.773187012283706128e-03
1.901511866990530572e-04
1.006046862107128297e-05
2.526064293623178354e-04
1.922513040629099520e-03
7.710103968274406236e-04
5.740533050847502561e-04
1.007568894197925476e-03
1.084337929166660601e-03
1.238139627579256438e-03
9.102202745587882442e-04
6.673171004183117488e-04
1.824257089704482422e-04
1.044986229581986803e-03
1.436427905352827368e-06
1.344535105845743292e-08
2.345927133396801239e-04
1.366225167184552489e-04
1.339678587486510791e-03
2.906964830094467232e-07
1.580641107707088165e-06
2.578620132849059662e-03
5.294945870629987278e-04
1.159154818825335791e-03
2.166218763046520840e-05
2.768037508883071356e-06
1.103521415474014514e-05
8.834155915200250778e-06
4.950294220090305208e-06
1.391984311962194277e-04
1.749255608072434543e-04
3.656462683037736593e-07
2.679857135507951682e-06
2.746224044609146750e-06
1.666402495372492007e-08
2.863377373928293262e-05
2.659447783349117876e-06
2.640711166494575690e-07
1.274892543756706895e-05
7.872085425477290898e-05
2.228111357876377851e-04
4.733509429474005948e-05
1.806192940605425582e-05
1.117009716024323638e-05
2.747616528804270222e-05
7.444304685887583780e-06
1.078398539786291129e-05
1.676537047783376754e-05
7.333621168247595455e-06
9.330700655289650354e-06
8.369811158363458202e-05
9.230005767415612125e-05
2.679919725148040689e-05
2.462339996049657081e-05
1.294935524833678234e-05
8.957806347698043522e-06
1.042326073567291536e-05
7.871018743170904588e-06
3.114344672019442192e-05
2.465032505493493692e-05
6.701414137038952343e-06
4.957596198826862289e-06
3.648635533741949334e-06
8.361415942138284609e-06
3.527577653915324858e-05
3.859101655068176116e-05
4.969588488566839095e-06
2.148478891837546211e-06
3.326142600330302617e-05
3.218743754864859067e-06
1.594653868972767475e-05
1.699748910455260066e-06
3.313214600869472948e-01
2.966453354914921903e-01
9.744363601546541121e-04
9.568255923670859753e-03
3.745527882748077558e-03
1.890402425086384289e-03
1.229642511860424246e-02
1.234257844422929559e-02
2.422554524653148730e-02
4.006163339667055678e-02
3.345793619182757528e-02
2.400161395915481610e-02
3.348202429836719118e-02
1.920603465955225339e-02
6.006403194213600499e-02
5.554096387472667873e-02
5.198345795459494711e-01
3.297555511630449743e-02
3.163980348787780866e-02
1.010449516407682137e-02
8.823731849447848455e-03
8.446545734821358023e-03
1.897505663967966397e-02
8.522024676461917737e-04
9.871173647886602454e-03
1.565183536037050710e-02
3.005222813060759793e-02
1.795396044726119827e-02
1.032811637600589963e-03
3.277326689795173782e-03
3.563330671176638976e-03
8.478503138766621105e-06
3.141635039704345107e-03
4.952029987385292605e-03
1.948384425119341909e-03
3.389479439922175982e-04
3.250625344830227782e-03
1.241144125968130689e-03
8.305806104560387038e-03
3.757250554975604707e-03
1.193035436884941521e-02
9.786964543580797121e-03
9.582575332426590889e-03
9.996079525948131997e-03
2.578477011636825644e-03
2.031314838043652912e-02
6.516436355892010757e-03
7.185921970655170018e-04
1.126889978994003328e-03
3.409044259371522140e-02
1.242992862358032261e-03
2.500824597253490170e-03
5.684174294686646133e-04
4.674329789319597861e-02
8.997933067723357797e-03
1.337192545030929137e-02
1.014248437247028574e-02
3.605041115312319390e-04
6.148519715023477786e-03
3.405280676070297514e-03
6.210949039204176694e-03
1.327179624139090616e-04
1.424541830686262696e-05
2.377019141820454432e-03
6.912938510338044592e-04
7.423709960211407471e-03
2.392374342589652890e-03
4.577231939046690903e-06
2.369995165522359015e-03
6.188556987286272272e-03
4.655543590275778604e-09
5.593551911430837695e-04
2.412298064703770339e-03
2.126529236681318040e-03
2.786195150024994372e-04
1.392661564027001354e-05
1.709104087130917742e-04
1.922971986237524905e-03
1.712193669421688963e-03
4.166583432072210871e-04
1.831667331564489228e-04
2.263581409149510032e-04
6.369228216478399604e-05
3.094192159419344320e-05
6.341931205580740669e-05
6.685369662719273102e-05
1.358015388003620295e-03
2.478414376130202903e-03
1.739408486728668234e-04
3.016089045892581845e-04
3.785855874854969039e-04
2.479816689058875309e-04
1.862803601438885396e-05
4.341767791824671354e-05
9.313467624956147189e-09
1.027221576194823600e-05
1.665867587049216700e-05
5.121342048772506386e-06
2.732447007221769396e-05
2.023989991739546823e-06
2.871500827230038571e-06
6.518881474884757139e-06
6.801761050919710695e-06
2.133982434364472179e-06
4.861282713748938716e-07
5.740912459961413337e-05
7.959071231462152792e-05
1.600167343404142628e-04
9.659914521038769137e-09
6.297965600186624474e-06
5.513557568131569051e-06
3.172751760107692467e-06
2.303822154291696857e-05
8.858181304001709418e-06
2.625789444776248261e-07
2.491566136085314150e-05
4.423339568778594091e-07
6.856273571395686207e-06
6.571695087248639722e-07
3.039923208738065012e-05
3.765226806643995431e-05
4.155527658498668224e-05
6.615797602465881804e-08
5.748253661311852912e-08
8.627939893016286737e-07
3.360531757644074698e-06
1.425421452769063605e-06
2.615488478012295207e-09
6.545017193880262918e-06
6.587488768653083525e-06
2.220084137799769022e-05
4.636646071429209957e-06
9.592374701539473880e-06
1.786199571295794762e-05
9.192812016161946626e-06
2.737631490280852264e-11
1.618128738545787029e-06
1.473027064933244006e-05
2.943812087808930222e-01
3.356399525706110221e-01
9.757507444736397998e-04
1.414768543958025817e-03
5.519153243230221287e-03
1.883662488270377178e-03
4.733529826822198481e-04
4.622594278765449253e-04
2.469239440184147275e-02
3.956271463810319411e-02
3.341744377746594385e-02
2.416048037192504438e-02
3.507080259235976355e-02
1.808284395161803212e-02
5.505892808704528074e-02
6.011074812293918518e-02
5.194186270235324754e-01
3.304224586087807503e-02
3.159856864813011951e-02
1.043426552187588091e-02
8.529354793668265933e-03
1.116087487628412284e-02
1.523956453180711976e-02
8.554620170615643768e-04
1.511550318282481667e-02
1.029756596883093546e-02
1.200766458314635838e-03
5.459790445430734787e-03
1.031309707430549906e-03
2.092700746844263805e-03
5.033174757909448377e-03
8.493530481785614594e-06
6.660375079540375217e-05
3.693804868854392372e-05
1.957068988340901483e-03
2.255125491826398803e-03
7.965792492336173100e-04
1.245126014080863257e-03
3.499848872513916000e-03
8.730165692000604188e-03
1.193345782138863741e-02
9.730969247108353648e-03
9.071370076270532032e-03
1.056405812355449246e-02
1.314332320495266958e-02
6.169730355581866908e-03
2.569093386046827042e-03
3.198872698041151964e-03
1.123606448097279418e-03
3.403698833884852282e-02
1.237926645501878599e-03
1.540379153669241535e-03
1.209462483021356326e-03
4.663963053664770680e-02
1.272718567677263643e-02
9.531522472587410783e-03
1.017080539077452189e-02
7.051908609338503227e-04
5.025685136647093168e-03
8.539510832150522257e-03
2.032207853365115401e-03
1.326208290766566801e-04
1.422880435430922246e-05
1.097285749471146475e-04
1.096743072251151309e-03
6.241832418793536418e-03
3.191643429083126753e-03
4.577708370420212936e-06
1.166472526603374096e-02
3.707848492231906085e-04
4.527309019149769514e-09
5.811025055911127118e-04
2.369629199705894449e-03
2.162115802577154085e-03
2.785786290184670620e-04
1.395539158197313338e-05
1.710229847030921816e-04
1.642133172370582699e-03
1.997050682977735345e-03
4.225223580898785410e-04
1.886314791002543731e-04
2.184595654069118587e-04
6.373852989345918125e-05
3.115234095092300119e-05
6.384732689641649836e-05
6.568932335038528642e-05
1.947719281398389716e-03
1.803297239697564461e-03
1.748388225972156811e-04
2.978453075938710336e-04
3.283868508600344574e-04
2.916793079227198576e-04
2.032477231438142734e-05
4.111442724983383937e-05
3.682160691898533295e-06
2.715833518413298525e-05
1.671593980411322574e-05
2.377342337547814997e-05
6.949511878946304586e-06
2.066618783002949678e-06
2.901087327873755498e-06
2.963704094600990546e-06
2.806304534493738323e-06
5.623995311344444703e-08
2.737587093891910587e-07
5.714677874392157296e-05
1.290300687000127768e-04
9.590194084811819316e-05
9.736661065910346022e-09
2.011160617675063745e-06
1.577270344299222348e-06
3.176571962560254212e-06
1.703841694073614303e-05
1.368987807505450253e-05
4.297550123165600790e-05
1.068882537838800969e-06
4.447923229072180860e-07
6.879809180543067999e-06
2.097207187790154446e-05
3.026737253009940035e-06
3.967943475036952490e-05
3.890881268983453734e-05
4.912330252463042905e-08
7.787309064011216272e-08
1.573964355777426601e-06
2.256615802204322199e-06
1.413628073211382986e-06
2.627961940121998852e-09
5.517267036564234010e-06
7.709568299989077135e-06
2.229457061983062613e-05
4.613517318055626659e-06
9.596372713380587729e-06
7.565543490679114612e-10
1.368015408777847993e-06
2.729166372262470905e-11
7.958690069740676106e-06
5.246471874009493456e-06
5.466065786540310611e-01
8.632219165740808720e-01
6.391605141593212358e-02
4.132730189497028916e-02
6.171455375186947652e-03
1.710644246151355255e-02
1.033449665293667552e+00
1.744188172139370663e-01
1.711191047162372025e-01
1.473089353639176965e-02
2.420447148890364497e-02
8.938789708873582165e-04
1.489874826226836703e-03
1.403400964756967633e-03
1.420287792133816335e-04
1.220635164934416898e-03
2.220280024132660537e-03
6.801024798256760304e-03
7.822343325016118884e-03
2.139678498674276244e-03
1.436411727290599666e-04
3.678313573601964259e-02
1.698607467915655422e-02
3.399529193475536791e-04
1.918507329543895495e-02
1.496106547099134961e-03
1.987761025984635069e-04
1.073405170631485869e-02
9.541627098434152651e-09
2.476892534519682817e-04
5.184575815257481420e-05
5.756295765856549000e-03
6.511099478641223454e-04
2.116915085791524955e-03
1.899632310138227309e-02
7.238372076844508916e-03
4.357951032405779981e-03
2.951022104741789871e-04
1.064691696888149606e-03
6.357147360816825521e-02
3.933770206790172287e-03
4.845164968183482933e-03
1.253314591337954809e-01
9.578406980929392647e-03
2.922686854090506946e-03
3.168970522271300492e-05
3.206840550570847810e-05
3.269618685663336615e-03
3.457841625868834749e-03
7.899452665011145926e-04
3.622695357523715814e-04
1.562686172070837723e-02
2.558929914663823850e-05
4.824328667650726495e-03
2.187816394162108314e-03
1.584579768281935868e-04
4.420245600694896332e-03
2.002262701165109793e-03
5.822148803077019895e-03
5.176936684548143035e-03
7.999017988109027519e-03
2.801069204850677001e-03
3.846351883564987258e-05
1.036274803757953125e-02
4.249855708949800207e-03
3.220058373084381647e-05
6.708418450136653492e-03
1.906269317337305888e-04
1.007960040460531368e-05
2.531740925233142586e-04
1.938923068451616502e-03
7.903117120893602722e-04
5.822032312795151748e-04
1.027590415110442214e-03
1.029421072764468694e-03
1.208187095528229964e-03
9.091612874838746151e-04
6.665824715873644099e-04
1.825057056572502588e-04
1.046287697340361799e-03
1.460142124305196055e-06
1.343276662473876218e-08
2.341625108051427842e-04
1.373435727365737464e-04
1.343732925783913765e-03
2.900336200925146983e-07
1.591690008458125085e-06
2.579536870304782129e-03
5.348405438925959684e-04
1.161747848000343423e-03
2.173063374281917207e-05
2.768480528898741696e-06
1.111751429757843239e-05
8.845052190962927196e-06
4.939040457702944349e-06
1.380422407385157419e-04
1.759341963924975741e-04
3.639073851777599997e-07
2.691315931198931879e-06
2.723979106411764636e-06
1.659903637962863954e-08
2.787838897692883220e-05
2.657361207759813704e-06
2.618739873315150491e-07
1.283738005229358010e-05
7.955270999488863273e-05
2.231249040235217321e-04
4.790974718966356023e-05
1.832576718626328677e-05
1.114950875981160055e-05
2.740541555274245052e-05
7.402553443206073651e-06
1.076644568208366596e-05
1.675414883918411368e-05
7.291948447916729037e-06
9.345625737490390164e-06
8.260605058438546394e-05
9.225730212182437872e-05
2.653793415013401338e-05
2.464800037580282496e-05
1.301404516826729373e-05
8.874352088185511177e-06
1.056841478448983381e-05
8.024513206615357410e-06
3.221082356816345950e-05
2.470776200949140080e-05
6.687049819064663421e-06
4.923280568505567463e-06
3.627120240525734412e-06
8.255002758612379199e-06
3.510182389834843887e-05
3.857535072790141552e-05
4.982536556726966226e-06
2.149019599403762537e-06
3.315640366541861548e-05
3.219673094859890780e-06
1.590222995219112980e-05
1.696712956603860780e-06
3.359331020254131550e-01
2.952775292100242033e-01
9.748325721545253843e-04
3.350914061047714602e-03
8.969192969245186678e-03
1.881977643432734566e-03
4.505862952466648024e-05
4.886066705704600983e-05
4.230782633252034436e-02
2.259944605418753166e-02
3.338234693744178416e-02
2.391721325598425082e-02
2.754169688522635495e-02
2.422385336481376258e-02
5.984031365138061526e-02
5.619769013248005624e-02
5.194012547733198870e-01
3.297507121401068581e-02
3.162073011581754273e-02
9.279212997800245430e-03
9.627567452327907838e-03
3.081610187686791014e-02
2.940302835473627020e-03
8.538427507943370217e-04
1.310513047843581830e-02
1.208267111288105142e-02
3.497105888764420484e-03
3.921413234798050472e-04
1.033306166782062014e-03
4.244344820392219157e-03
2.704351132157278848e-03
8.451282538614797535e-06
3.252678980196316641e-03
5.077416228024688935e-03
1.960582494032012124e-03
1.877854296219121479e-03
1.034506508965953074e-03
1.240506537138113662e-03
4.483849321383744958e-03
7.319106109375365238e-03
1.192592997527472214e-02
9.777250437063410987e-03
8.937825852858408832e-03
1.072165938032245726e-02
1.603675723607504017e-02
4.216446760456088287e-03
3.705321284127033451e-04
1.603903508961117275e-02
1.127951606706225273e-03
3.384439362089529391e-02
1.249050736759215949e-03
9.275274866096205840e-04
1.880947829436462873e-03
4.658586438014022252e-02
1.077503731296869209e-02
1.133259368784553418e-02
1.012868891470404369e-02
2.284442868373821444e-04
6.777220005990592169e-03
3.668915621652396597e-02
2.933227536787556301e-03
1.335044390210246676e-04
1.426446142583354618e-05
1.069304526916815389e-03
1.017970883907656012e-04
4.644550091037133455e-03
4.531418865391527266e-03
4.585497451800774510e-06
7.369865372360801664e-03
1.716523613322451817e-03
4.704374750910602422e-09
5.642213744625933702e-04
2.170899953447610366e-03
2.351677034956967810e-03
2.792221765922512700e-04
1.378424038092882460e-05
1.716182008665551690e-04
1.862702381454618911e-03
1.776022186589284752e-03
4.106857604307136665e-04
2.174966401091063377e-04
1.933303649280700696e-04
6.360071714997532391e-05
3.104985507902936580e-05
6.544584510597926399e-05
6.490785698278941343e-05
2.933559529531857245e-03
1.039291392279101259e-03
1.747480683384778223e-04
3.021638761112306962e-04
3.432707255709262152e-04
2.763592566062493799e-04
1.018752651364933738e-05
5.944689840453093774e-05
7.484131761700756675e-06
3.633253587016355417e-05
1.663984278540611757e-05
6.532564092885717654e-05
3.635946571699000333e-07
2.024089774368467580e-06
2.886106000433661330e-06
7.774128858082135407e-07
8.692696074967543882e-07
1.871483322342140953e-09
5.272715190222569954e-07
5.739950893378865715e-05
1.369396200145090922e-04
9.725760816583882288e-05
9.753017758052945302e-09
3.705367478636131169e-06
3.108960308448689677e-06
3.165328895746868228e-06
1.787510921359987851e-05
1.279212867668385304e-05
1.210723234337762762e-06
1.946320252257128041e-05
4.450382449275300380e-07
6.848415164185114706e-06
1.662157051793846667e-05
5.084157297879195590e-06
4.173789292760122745e-05
3.829198253477243121e-05
3.054503645398034919e-08
1.027804297951692711e-07
2.678006746807072194e-06
1.256218947074370075e-06
1.425705588828769338e-06
2.616839875656780780e-09
8.778892351647149075e-06
4.574476829513078888e-06
2.227263963403809403e-05
4.660250325308803852e-06
9.608154718187316288e-06
7.282414680025765084e-07
4.217171560738046280e-06
2.731547093241366547e-11
1.019062326521001706e-05
3.715801858663379929e-06
3.198215329737562618e-01
3.084569002822637462e-01
9.762002167690122297e-04
2.232653436067412361e-05
1.025897845680635119e-03
1.888402059870336082e-03
7.902410668333175597e-03
7.876979630940000865e-03
2.950786719624277910e-02
3.403620255237941455e-02
3.316022556489160028e-02
2.392066917619129277e-02
1.762862753447970443e-02
3.567897473181107226e-02
5.801308564988345157e-02
5.757497411809138488e-02
5.195209521681664055e-01
3.292941502856334274e-02
3.170730244940191817e-02
9.464121841528946172e-03
9.426537406996083127e-03
1.023236851675287350e-02
1.644747323284903237e-02
8.560569800860969199e-04
8.306235166077037893e-03
1.772125036540078691e-02
1.373039050998161280e-02
6.068656521736912751e-03
1.034074858419368852e-03
2.868091215892148039e-03
4.035448445885114060e-03
8.449557066094125123e-06
5.170559187925485422e-04
7.183404577154858307e-05
1.971879308066344302e-03
7.870887917268960896e-04
2.264464287907956910e-03
1.245277414618824446e-03
4.437752211711424970e-03
7.318035488806638039e-03
1.193828516783971422e-02
9.770617483388428781e-03
9.914404280000472386e-03
9.836257562106759736e-03
8.786569195022814020e-06
3.480425318074036045e-02
3.113712819849356623e-03
2.680259149657232293e-03
1.133175861025547239e-03
3.404361066084283377e-02
1.251974001928781235e-03
1.364797187838403311e-03
1.373069605212172027e-03
4.646618969347924427e-02
1.245873343165841002e-02
9.750909143373827012e-03
1.011522485501033936e-02
4.396183763887472279e-04
5.826165035219924536e-03
1.105663263607491523e-02
1.028613614601857308e-03
1.334389209489308774e-04
1.433263082870170012e-05
4.757291168539542862e-04
7.344183195385705187e-07
4.680549510733641137e-03
4.586106080728904848e-03
4.568939421932608851e-06
5.527377015529868175e-03
2.810302867533679642e-03
4.827720001670212852e-09
5.602095002884151763e-04
2.290458673438058781e-03
2.219895932826356031e-03
2.828058148861698948e-04
1.373388765048124919e-05
1.715659389121127322e-04
1.770326004918773089e-03
1.864628862430219155e-03
4.087658211767454790e-04
2.048063076785287633e-04
2.078494597104193033e-04
6.360296172226584865e-05
3.100016468472635393e-05
6.359622148190072352e-05
6.514202168258314532e-05
2.204130169651449898e-03
1.581815097823389017e-03
1.747071592547692496e-04
2.983009675683454182e-04
3.487038277230535216e-04
2.711954107189039364e-04
9.202915086183407513e-06
6.207103032330323099e-05
2.809354285425804547e-06
2.472194078056580839e-05
1.667449556836093450e-05
3.984430370768760678e-05
1.400115610880885919e-06
2.097822931526524063e-06
2.947317552079304589e-06
5.290497496711612518e-07
4.591005112463477030e-07
1.233600832720229609e-07
1.710627090965601722e-07
5.729066142746579881e-05
1.410820085922874197e-04
9.088160655663055120e-05
9.702575641381529582e-09
1.444463294988591949e-08
8.108718825423825976e-08
3.181425904074112516e-06
1.825003865039490962e-05
1.249922936374189542e-05
2.352954695498865988e-05
4.490314634491085728e-07
4.500052360571016882e-07
6.840999000791608185e-06
1.703943019564194448e-05
4.897878240979127725e-06
4.031002574660794889e-05
4.028514584594847540e-05
6.683158761773716776e-08
5.791898769940632428e-08
2.103742697671853464e-06
1.713778873361734233e-06
1.426672092934270162e-06
2.625075340256128329e-09
7.155954474690714282e-06
5.747362169389646705e-06
2.223572833630384836e-05
4.566441073461715371e-06
9.623224836415631789e-06
3.160711916182699607e-06
3.314397042277082843e-07
2.726735847554417920e-11
9.981785994796044630e-06
3.806304076244339200e-06
