# (3726,)
0.000000000000000000e+00
0.000000000000000000e+00
0.000000000000000000e+00
0.000000000000000000e+00
0.000000000000000000e+00
0.000000000000000000e+00
0.000000000000000000e+00
0.000000000000000000e+00
0.000000000000000000e+00
0.000000000000000000e+00
0.000000000000000000e+00
0.000000000000000000e+00
0.000000000000000000e+00
0.000000000000000000e+00
0.000000000000000000e+00
0.000000000000000000e+00
0.000000000000000000e+00
0.000000000000000000e+00
0.000000000000000000e+00
0.000000000000000000e+00
0.000000000000000000e+00
0.000000000000000000e+00
0.000000000000000000e+00
0.000000000000000000e+00
0.000000000000000000e+00
0.000000000000000000e+00
0.000000000000000000e+00
0.000000000000000000e+00
0.000000000000000000e+00
0.000000000000000000e+00
0.000000000000000000e+00
0.000000000000000000e+00
0.000000000000000000e+00
0.000000000000000000e+00
0.000000000000000000e+00
0.000000000000000000e+00
0.000000000000000000e+00
0.000000000000000000e+00
0.000000000000000000e+00
0.000000000000000000e+00
0.000000000000000000e+00
0.000000000000000000e+00
0.000000000000000000e+00
0.000000000000000000e+00
0.000000000000000000e+00
0.000000000000000000e+00
0.000000000000000000e+00
0.000000000000000000e+00
0.000000000000000000e+00
0.000000000000000000e+00
0.000000000000000000e+00
0.000000000000000000e+00
0.000000000000000000e+00
0.000000000000000000e+00
0.000000000000000000e+00
0.000000000000000000e+00
0.000000000000000000e+00
0.000000000000000000e+00
0.000000000000000000e+00
0.000000000000000000e+00
0.000000000000000000e+00
0.000000000000000000e+00
0.000000000000000000e+00
0.000000000000000000e+00
0.000000000000000000e+00
0.000000000000000000e+00
0.000000000000000000e+00
0.000000000000000000e+00
0.000000000000000000e+00
0.000000000000000000e+00
0.000000000000000000e+00
0.000000000000000000e+00
0.000000000000000000e+00
0.000000000000000000e+00
0.000000000000000000e+00
0.000000000000000000e+00
0.000000000000000000e+00
0.000000000000000000e+00
0.000000000000000000e+00
0.000000000000000000e+00
0.000000000000000000e+00
0.000000000000000000e+00
0.000000000000000000e+00
0.000000000000000000e+00
0.000000000000000000e+00
0.000000000000000000e+00
0.000000000000000000e+00
0.000000000000000000e+00
0.000000000000000000e+00
0.000000000000000000e+00
0.000000000000000000e+00
0.000000000000000000e+00
0.000000000000000000e+00
0.000000000000000000e+00
0.000000000000000000e+00
0.000000000000000000e+00
0.000000000000000000e+00
0.000000000000000000e+00
0.000000000000000000e+00
0.000000000000000000e+00
0.000000000000000000e+00
0.000000000000000000e+00
0.000000000000000000e+00
0.000000000000000000e+00
0.000000000000000000e+00
0.000000000000000000e+00
0.000000000000000000e+00
0.000000000000000000e+00
0.000000000000000000e+00
0.000000000000000000e+00
0.000000000000000000e+00
0.000000000000000000e+00
0.000000000000000000e+00
0.000000000000000000e+00
0.000000000000000000e+00
0.000000000000000000e+00
0.000000000000000000e+00
0.000000000000000000e+00
0.000000000000000000e+00
0.000000000000000000e+00
0.000000000000000000e+00
0.000000000000000000e+00
0.000000000000000000e+00
0.000000000000000000e+00
0.000000000000000000e+00
0.000000000000000000e+00
0.000000000000000000e+00
0.000000000000000000e+00
0.000000000000000000e+00
0.000000000000000000e+00
0.000000000000000000e+00
0.000000000000000000e+00
0.000000000000000000e+00
0.000000000000000000e+00
0.000000000000000000e+00
0.000000000000000000e+00
0.000000000000000000e+00
0.000000000000000000e+00
-1.308467229573543930e-09
-7.060070242449666056e-10
-6.447960208173425808e-10
-2.416441444839237352e-10
-3.714031378493513533e-10
-3.251316841987254849e-11
1.123569583594294556e-10
3.869547370240331574e-11
2.304900492934640483e-11
6.117085889084283465e-11
5.741021365017773486e-12
7.045040890750897099e-12
7.024614963769641391e-13
-3.730052544247453539e-10
2.301542327413319263e-11
-3.765909002642787817e-11
2.535203471777611594e-10
6.179748834745156166e-11
-1.072439444024580949e-10
-5.343907070529100684e-10
-5.243125620692959604e-13
-2.347382980363755728e-11
-3.297103915676495199e-11
5.949630074647540287e-11
-9.610070270196894007e-12
1.492648236367046882e-11
1.940523197090947566e-10
-4.178580853142002177e-12
1.067078140072131835e-11
1.379061671986519140e-14
-4.761233545283875161e-15
2.469235720804692752e-13
2.091250019224879029e-12
8.223148115108878654e-12
-1.929572306729391297e-12
-2.021569110916211711e-11
-7.290915489503186296e-12
2.588947950909941707e-11
1.037142381639684846e-10
6.988755199698633481e-11
1.355596328035111519e-11
3.239261127545844140e-12
3.137056946205345109e-12
-1.185006418674354665e-11
3.356998237635607261e-12
-3.395474484072239536e-14
4.983034355255957180e-11
-9.812344401791488107e-12
-1.724145982564944374e-13
1.135193689668485521e-12
3.920228608096155522e-11
-8.271979417290213553e-12
9.602885405466864396e-13
6.944447145084629874e-11
6.091823701092341580e-11
-4.980446238543525195e-11
6.721687269442174727e-13
1.080315579824350235e-12
2.628686270377722220e-11
-2.750943189146581983e-12
2.029512185712527273e-12
1.402400725392719522e-11
9.806960097289913273e-12
-2.930212610506109270e-11
2.163723891098322155e-11
8.733855461744369614e-12
-1.166897159699138106e-13
-9.382376689564669021e-13
-1.394983670703690340e-11
1.581260892796870376e-11
1.068757006591661075e-09
5.740924536759435808e-10
-2.486806668247728685e-10
6.694291798608922198e-14
1.733832297090874609e-13
-2.456948725799354162e-12
1.979860566449310755e-12
7.727091517426764479e-13
1.326960355307870036e-11
5.824384067339801038e-13
2.466877826108696916e-13
1.422554160053377474e-12
-1.518838119865554579e-12
2.282633961981153186e-12
3.712908523920987053e-12
8.524316285578807848e-13
-2.356589845120816186e-14
-3.655327810852210792e-14
1.469748261132568140e-12
5.214400072792326151e-12
-5.292240720858589794e-14
-1.712412439735686800e-13
-9.084062387411012686e-14
2.677627765328743912e-14
-9.570958308762866734e-13
6.477219349996524235e-13
6.813365401004610649e-14
1.703625042821897040e-13
3.515128609171423972e-14
2.002229655060351302e-13
7.145268656332534428e-12
4.423391169152692833e-13
-2.005215662466135812e-11
2.308443466357598980e-12
-1.187866054929860548e-13
3.140983998031122126e-13
3.551645388410190772e-13
-6.339248820944928189e-16
1.033470655956902392e-13
3.100833002671767066e-12
-7.645143173461391040e-13
-1.202461052757722124e-12
4.245567101580802124e-15
3.725848178731100747e-14
8.401121595528659211e-13
3.081283779708271386e-14
-1.203013224535587951e-12
-1.208442756305741214e-13
-4.228662622554357092e-13
-1.161942761863532001e-13
3.863999224996747345e-14
-1.254570107122446118e-13
-4.593029984168544484e-13
2.321569138948165737e-13
-9.222002297717326789e-14
1.287198348560186136e-13
1.822489370279092632e-14
1.740241277797260929e-13
-4.171427441941192448e-13
1.389963159939321781e-13
-5.789732868559931524e-14
8.059448675160797567e-13
-2.165599572114909728e-13
-1.141820032945801483e-13
-2.314374061329405905e-14
2.589372625615723887e-13
-1.586910098554519911e-13
1.403464747224110950e-15
-1.308489240710018981e-09
-7.059802264408895308e-10
-6.447875060377604834e-10
-2.416408906765330725e-10
-3.714085080313195443e-10
-3.251286214189000996e-11
1.123563843539389198e-10
3.869496807916280941e-11
2.304881205288466131e-11
6.117101677318290730e-11
5.741041552861965379e-12
7.045150920471289396e-12
7.023599274406655699e-13
-3.730068238982610385e-10
2.301512540361733399e-11
-3.765938195677446315e-11
2.535214204068788596e-10
6.179995128362832839e-11
-1.072489114961998544e-10
-5.344025461921869824e-10
-5.243069647745965136e-13
-2.347365625547184158e-11
-3.297117745927809377e-11
5.949594506926407834e-11
-9.610025482544175377e-12
1.492641496648511228e-11
1.940516555545690216e-10
-4.178621288489243951e-12
1.067076569851950798e-11
1.378550742023667870e-14
-4.756296094037139563e-15
2.469515721927093716e-13
2.091227447624678481e-12
8.223199930407794931e-12
-1.929353698803499166e-12
-2.021552844376096227e-11
-7.290806478524929302e-12
2.588927738630402187e-11
1.037140920111275114e-10
6.988855895658832619e-11
1.355605319355896026e-11
3.239394409278329540e-12
3.136997062585899943e-12
-1.184985619181160097e-11
3.357005605927954252e-12
-3.395548017733911938e-14
4.983067405378461997e-11
-9.812352562220828313e-12
-1.724492567658706156e-13
1.135205396836728392e-12
3.920039827379031527e-11
-8.270907085533211566e-12
9.603805148109785345e-13
6.943112777805649896e-11
6.093118577246615210e-11
-4.980393425656883496e-11
6.721840076612306690e-13
1.080245834391776545e-12
2.628695955398290196e-11
-2.750972214428462551e-12
2.029354356523866982e-12
1.402386175881541261e-11
9.795986676294838404e-12
-2.929203265751157409e-11
2.163797719188240596e-11
8.733874259415057633e-12
-1.167010600869661805e-13
-9.382218458334614393e-13
-1.394974897467657947e-11
1.581263414659852853e-11
1.068755453854242001e-09
5.740908964102719988e-10
-2.486796610562629568e-10
6.694266295346258038e-14
1.733829086067188250e-13
-2.456941020303297175e-12
1.979866482059369888e-12
7.727210589940781468e-13
1.326966302357126355e-11
5.824392194860586139e-13
2.466880720227903059e-13
1.421952587169138957e-12
-1.518882636874538764e-12
2.282514272769414763e-12
3.712901635788322790e-12
8.524176017841591563e-13
-2.356767926656800751e-14
-3.655228594903173923e-14
1.469748259281935090e-12
5.214208925511897611e-12
-5.292145900521067799e-14
-1.712326113846455069e-13
-9.084096594611655665e-14
2.677661679995372287e-14
-9.571158192620042758e-13
6.477319831960644086e-13
6.814869427425963613e-14
1.703607188052746925e-13
3.515150036278129803e-14
2.002226054951627227e-13
7.145521937272521634e-12
4.423770753823037617e-13
-2.005283616199449229e-11
2.308431759236767129e-12
-1.187764303807105825e-13
3.141108343061575487e-13
3.551570060936403588e-13
-6.339288058651676637e-16
1.033472636405167385e-13
3.100840390238845661e-12
-7.645166522676070441e-13
-1.202464070808237040e-12
4.245530106467844692e-15
3.725820278265395739e-14
8.401079198037391946e-13
3.082008977718447446e-14
-1.203015490693651123e-12
-1.208435027500027339e-13
-4.228657201886654964e-13
-1.161934762585667568e-13
3.863954244575589548e-14
-1.254568263079268496e-13
-4.593100687063336363e-13
2.321531608605727911e-13
-9.222202496588346224e-14
1.287234179045815143e-13
1.822505100703630442e-14
1.740246913707336208e-13
-4.171553125208681672e-13
1.390035243486887229e-13
-5.789781399965899796e-14
8.059442420563341886e-13
-2.165586889500031476e-13
-1.141823414497569161e-13
-2.314239448876449801e-14
2.589458232008368661e-13
-1.586907825351004083e-13
1.403263124242597169e-15
1.344566719259323567e-09
2.044270792704001741e-09
2.313646254286189178e-09
4.351736682128981232e-10
3.574070063368061805e-10
-1.207241161340735394e-10
1.184601708036862841e-10
-9.363075236864133623e-11
5.694355363303758286e-11
6.216544467310426681e-12
-2.034260009796450100e-12
2.182778554494209680e-12
4.684613806071098104e-12
-2.250641583539383369e-10
2.553843323440328187e-11
-4.851585636257677548e-12
-2.007021240425317148e-10
-2.377418624235355570e-11
-1.778990790660487878e-10
-2.340839362630076899e-10
-3.096622342316309122e-12
1.075553255395505756e-10
3.155370459177079021e-11
1.551219960719261639e-10
-1.323215453633341453e-12
1.752755998460379721e-11
-7.348764098090082440e-11
1.258968398091768565e-12
-1.923227108475473842e-11
1.168283468528399484e-13
4.049405958983671448e-15
2.509658999184217536e-11
7.915644148237072488e-12
1.743897842511228086e-11
-1.184680033316667744e-10
2.345129783687660996e-11
-1.953743011383197924e-11
-8.030857138167445428e-12
-1.382942285461277297e-10
1.134352165888839562e-12
-9.299074929813179619e-11
-8.059873609246235111e-12
2.022858736104233896e-12
1.965216233057048776e-11
-8.718397806081513381e-14
1.227939121842007201e-12
2.561649367961954900e-11
-1.660982690149442935e-11
-2.171185505151850884e-12
3.584879086244858279e-12
2.825420494767415728e-11
2.595066042699414571e-11
-8.263123515503100663e-12
4.090591318952044110e-12
1.095490685168354400e-10
-4.319734862750406345e-11
-5.649804552130442259e-12
3.492918626981613382e-13
3.243744954516171339e-11
1.617119689022619890e-12
-4.112653584669092999e-12
5.539468166217549776e-12
-9.147329725153189369e-12
-1.889486241664452940e-11
9.348972228734956795e-11
-1.840384538182783629e-11
-2.061716218457245223e-13
-7.399611188551953706e-13
1.721260270789076135e-11
-1.085397614736522251e-11
1.442837151560319966e-09
4.790379660176347762e-10
-3.427345295925126514e-11
5.153100144369805243e-14
2.245337183329964297e-14
7.403817191638812172e-13
4.003171355572111727e-12
4.040664862486663581e-12
2.606820728167660295e-12
-7.683811686773058962e-14
6.099471617290264907e-13
-1.197752772371263762e-11
-6.297461918581446051e-14
-2.821934512028873438e-12
4.557869487692227356e-12
1.080493691895248905e-12
1.280126811698501325e-14
-6.726243310639365070e-14
-8.319060825854007001e-13
-6.190210263755490417e-12
-9.972095639615583174e-14
7.755375929725611453e-15
-1.273405796166418347e-13
-4.359389266659426183e-14
-6.547517113676548607e-13
-3.587687612125879642e-14
2.000820577352091989e-12
-5.422544196920673870e-14
1.804136455441225316e-13
-1.167477906552329558e-13
-3.018558808164702521e-12
-1.504196863950540315e-15
4.714686703755204587e-12
1.802138696926923343e-12
5.671273759413403492e-13
-7.057765012858674555e-13
-2.811778589446171252e-13
-2.002431563360988622e-15
-8.186101835491120722e-14
6.475282385765588670e-13
-7.115480127709228512e-13
-4.161649421978951332e-13
-7.343167887863704074e-15
-4.097211279228050949e-14
-4.740860449196024786e-13
2.551585348948656044e-13
-1.036394359883820743e-13
-1.712301675365302090e-14
-2.664635778505244214e-13
-2.099421129712459610e-13
-2.097677169182257442e-13
-4.467041339399788734e-14
-9.184505358504361564e-13
8.969220987645914467e-14
-2.172872820211961984e-14
5.377361703061290198e-14
-7.498734410317711468e-14
2.123642864362580178e-13
9.549792765152631579e-14
-3.446322975866678286e-13
-8.563557344220245257e-14
6.391218435613694595e-13
-2.423041129599615835e-13
-1.717949705981506077e-13
6.120809448335688811e-14
5.594703922587432651e-13
-2.364790333202793039e-13
3.725407878464268616e-14
5.366706043733413534e-01
8.597377959998128150e-01
6.341978238170402349e-02
4.100690137790407447e-02
6.202346855467355882e-03
1.712459571990405938e-02
1.030540810830971488e+00
1.743357357536018115e-01
1.711224132344594251e-01
1.473377402951287808e-02
2.417655511851949518e-02
8.893551035078796612e-04
1.489549291054142544e-03
1.404907659334424241e-03
1.420780162901196886e-04
1.220718302715175820e-03
2.217638140968159529e-03
6.809478055993984508e-03
7.807013560888643490e-03
2.146124918032540733e-03
1.434256983727254838e-04
3.692833939804147925e-02
1.699172573612410878e-02
3.400814024364028315e-04
1.912964040311478445e-02
1.501136943802855016e-03
1.984532627564235176e-04
1.071180679945324399e-02
9.482981638659346742e-09
2.478030587499388320e-04
5.157296193583387807e-05
5.642074613896259742e-03
6.513250432305320173e-04
2.128733617819367121e-03
1.902504469071887583e-02
7.239319321923251213e-03
4.368329282801165954e-03
2.949239716872964837e-04
1.061255360734680506e-03
6.328150710548807734e-02
3.934371392259443552e-03
4.861083626786709758e-03
1.260135667977174689e-01
9.641507705468101153e-03
2.948450684435298830e-03
3.183878478124315325e-05
3.209110382630909016e-05
3.251747122927168155e-03
3.447908337498054639e-03
7.910794589375447390e-04
3.605370631803352251e-04
1.565025532340670600e-02
2.554934509350216380e-05
4.834490283226649046e-03
2.178415311034695347e-03
1.579972835056708965e-04
4.429196362472438177e-03
2.001086758937393843e-03
5.824060030367297046e-03
5.182934489247717144e-03
8.020847755597556097e-03
2.793754354099766725e-03
3.827243156650392367e-05
1.036490479023464105e-02
4.241764853767290670e-03
3.218707156249993290e-05
6.726932412529507653e-03
1.903080903708687555e-04
1.006434144910278770e-05
2.537564459451484311e-04
1.942030041690221125e-03
7.811319665186944100e-04
5.804718623265337938e-04
1.023949939974520655e-03
1.044389417839924070e-03
1.221224004971902368e-03
9.118468633036877708e-04
6.683999965321267512e-04
1.825984136624458660e-04
1.046947350107221755e-03
1.455047786648720470e-06
1.342851284979325951e-08
2.346067596794433716e-04
1.367140691656789546e-04
1.334568987115551577e-03
2.893096798182326506e-07
1.587447121395863789e-06
2.576111231540573025e-03
5.324225826507685130e-04
1.161181563483361595e-03
2.162835269385291360e-05
2.767346181977981996e-06
1.111186469968323396e-05
8.839784567005089052e-06
4.938791684762840363e-06
1.376100432482221206e-04
1.757423228916447900e-04
3.653923116039103348e-07
2.685142369371887048e-06
2.726809078319782454e-06
1.658340646034198941e-08
2.792478421278829690e-05
2.653654443738694593e-06
2.619388027588199420e-07
1.277744638303025693e-05
7.921636200786024763e-05
2.226627267274433500e-04
4.788931439942605771e-05
1.820900080218990289e-05
1.119787979726462607e-05
2.756769799041695540e-05
7.418027991834863159e-06
1.080622839136123091e-05
1.676785460382658956e-05
7.321768283719983268e-06
9.303241171452041668e-06
8.259571716122250207e-05
9.156520680368795235e-05
2.655353044021418780e-05
2.452619294605943413e-05
1.290380850960641066e-05
8.880316295310280715e-06
1.054170825593676443e-05
7.992471268688543435e-06
3.209501640263093893e-05
2.473767736325669552e-05
6.677483974748643835e-06
4.944107680644231800e-06
3.630178065488844671e-06
8.286882517490831260e-06
3.529407573493240882e-05
3.845724778594065215e-05
4.975304379629356000e-06
2.150172340598713600e-06
3.321381360547642943e-05
3.206514614870517352e-06
1.589717169293284780e-05
1.703373895961216304e-06
-5.364355987790460079e-01
-8.667970058809589817e-01
-6.355471198486484230e-02
-4.140672613618553988e-02
-6.171701825621085311e-03
-1.705272040172610762e-02
-1.033584198594631687e+00
-1.744360413323596815e-01
-1.720529119711933508e-01
-1.474715845269139979e-02
-2.412295243028184447e-02
-8.904521877698971973e-04
-1.493012420167405584e-03
-1.400205938930362999e-03
-1.421482171841927577e-04
-1.216804556281328008e-03
-2.219685789881450499e-03
-6.831783794710876226e-03
-7.815218212330004785e-03
-2.144218854376311705e-03
-1.433817019148741394e-04
-3.683721859921075537e-02
-1.709191429233433354e-02
-3.399900803909980331e-04
-1.908335162309742622e-02
-1.501363341122506027e-03
-1.985193965775943327e-04
-1.072521435603408964e-02
-9.379045622246869168e-09
-2.479932660154257336e-04
-5.162558825896066197e-05
-5.669910489132698982e-03
-6.499811725116330131e-04
-2.123406314942716429e-03
-1.903773779856320070e-02
-7.203832781321254514e-03
-4.379649337889952344e-03
-2.938529683514854145e-04
-1.063602623217519989e-03
-6.369242997718238541e-02
-3.922981408830248165e-03
-4.877234021730268015e-03
-1.259153971967725272e-01
-9.662848073701321011e-03
-2.947821582988177473e-03
-3.176770768312476369e-05
-3.213219042299734720e-05
-3.250608363611323659e-03
-3.444984194655331677e-03
-7.921107624410747431e-04
-3.552063263494762519e-04
-1.566677216916820617e-02
-2.559575838058808991e-05
-4.842660997543800534e-03
-2.205808580657361243e-03
-1.589395583780286330e-04
-4.438217915152247763e-03
-1.995536508312912606e-03
-5.826441017956309962e-03
-5.172075060434426497e-03
-7.977841006288370271e-03
-2.800339934860334324e-03
-3.830848101496876177e-05
-1.036240523350472932e-02
-4.260069312387337361e-03
-3.201523666468895598e-05
-6.765860015216778635e-03
-1.903905032467495279e-04
-1.005410817271636330e-05
-2.513550156110627709e-04
-1.917448464956944456e-03
-7.794668720352319283e-04
-5.719680468198268340e-04
-1.011186036659997376e-03
-1.066629515658376820e-03
-1.226079925762265819e-03
-9.055592228035628253e-04
-6.679118937333774347e-04
-1.823942957414584516e-04
-1.046199969271341835e-03
-1.438889840672654371e-06
-1.343004671113560151e-08
-2.337743526665413032e-04
-1.374678576237983708e-04
-1.349077337504813335e-03
-2.904314615147033753e-07
-1.587187041207153051e-06
-2.575852262603618107e-03
-5.340121818421913113e-04
-1.161236520384807029e-03
-2.166004996471092292e-05
-2.770455553702283919e-06
-1.107171486794138062e-05
-8.832868950367064246e-06
-4.948309963006009224e-06
-1.393980796117732786e-04
-1.749051837111418868e-04
-3.649582064209394926e-07
-2.675454876963916980e-06
-2.729923940534284588e-06
-1.661788612168766194e-08
-2.832399850714477146e-05
-2.653439383075670225e-06
-2.638073811981963461e-07
-1.282146667113042602e-05
-7.930770711762319511e-05
-2.232501992988852077e-04
-4.761686620987014794e-05
-1.819227643636525156e-05
-1.117644138343417567e-05
-2.756220767366107229e-05
-7.434992186356872129e-06
-1.079149398198121569e-05
-1.674724246432088596e-05
-7.326482897041885962e-06
-9.315470945998422254e-06
-8.318050560421344432e-05
-9.200147561127070635e-05
-2.679236739694719228e-05
-2.455463777848933174e-05
-1.300159443844805809e-05
-8.906220395967663075e-06
-1.037231085685839524e-05
-7.811100563786670079e-06
-3.126691317524886638e-05
-2.465794452864639838e-05
-6.705328826552989853e-06
-4.951806924798427537e-06
-3.628044321513163878e-06
-8.350094741176249962e-06
-3.532532200949257517e-05
-3.857785076034751949e-05
-4.989283028123888394e-06
-2.144588890349598355e-06
-3.323039551252199015e-05
-3.215394686359370404e-06
-1.593831137058212159e-05
-1.697824764737503450e-06
1.344553115637878049e-09
2.044273895262947993e-09
2.313648685194181479e-09
4.351826049228724014e-10
3.574024575800099381e-10
-1.207239482030027389e-10
1.184603864932102405e-10
-9.362989869735129051e-11
5.694364114407368646e-11
6.216811780037837960e-12
-2.034188334545077893e-12
2.182839937476288816e-12
4.684406379960600676e-12
-2.250579711507454929e-10
2.553863969638265491e-11
-4.851231986149729892e-12
-2.007045263394884210e-10
-2.377519809569014468e-11
-1.779010057833054078e-10
-2.340912770753414164e-10
-3.096621740391558849e-12
1.075555993590152693e-10
3.155364634234155159e-11
1.551214408200051380e-10
-1.323352586099123275e-12
1.752757144886680642e-11
-7.348614359090705535e-11
1.259072639107886956e-12
-1.923226579453531893e-11
1.168290711594241844e-13
4.048718048514870346e-15
2.509658976465300377e-11
7.915647760985562780e-12
1.743900369497294556e-11
-1.184677505947464397e-10
2.345159088285624676e-11
-1.953741953277722997e-11
-8.030760940835506198e-12
-1.382938243827938603e-10
1.134191468482556187e-12
-9.299051082244424478e-11
-8.059795701679313151e-12
2.023102920054620539e-12
1.965211472881999101e-11
-8.718696107755299454e-14
1.227941216178326185e-12
2.561641465137081372e-11
-1.660975767444088848e-11
-2.171180397309152258e-12
3.584849965912987189e-12
2.825302148417663140e-11
2.595258911517598873e-11
-8.262883691371916262e-12
4.091159507929414160e-12
1.095490436453326798e-10
-4.319708458280895148e-11
-5.649862737998889960e-12
3.492946898463185565e-13
3.243740945323082742e-11
1.617122558226601127e-12
-4.112658465305947178e-12
5.539421065716184089e-12
-9.139487234073129951e-12
-1.889555523941983207e-11
9.348287899098951940e-11
-1.840407674206289366e-11
-2.061656970083696047e-13
-7.399795368412745162e-13
1.721250505091533482e-11
-1.085425736874048312e-11
1.442829813054994570e-09
4.790370939935839448e-10
-3.427472856288203838e-11
5.153034579220756573e-14
2.245337676652535269e-14
7.403847546424635799e-13
4.003193960175760506e-12
4.040662590345778936e-12
2.606963630459675279e-12
-7.683538403928888472e-14
6.099417503854424613e-13
-1.197799193001871989e-11
-6.297239184948379364e-14
-2.822071764891060595e-12
4.557873529154862241e-12
1.080498052680719069e-12
1.280024911903249113e-14
-6.726090067764279912e-14
-8.319490774445800065e-13
-6.190102323567328205e-12
-9.972132047074638920e-14
7.747183652307611349e-15
-1.273433867097264428e-13
-4.359301674109604009e-14
-6.547963058114334084e-13
-3.583994485094031339e-14
2.000825177702426233e-12
-5.422569517651085090e-14
1.804205303667279756e-13
-1.167565295738372507e-13
-3.018483626952304927e-12
-1.536722184206819344e-15
4.714592015725112543e-12
1.802127153657448434e-12
5.671332382013656322e-13
-7.057859566096814481e-13
-2.811778218467089228e-13
-2.002427669593521378e-15
-8.186085931749737433e-14
6.474254970498317962e-13
-7.114533757597846708e-13
-4.161619799700397826e-13
-7.343170265161867667e-15
-4.097199275300689529e-14
-4.740757309941080576e-13
2.551676840290057467e-13
-1.036560328321409114e-13
-1.712432856464117537e-14
-2.664586316247627745e-13
-2.099410447024835905e-13
-2.097782100915283602e-13
-4.466914289976946980e-14
-9.184519307250069771e-13
8.969559905633805018e-14
-2.172834516318508648e-14
5.376753056939656770e-14
-7.498629184344555786e-14
2.123593910045658065e-13
9.549881987682240634e-14
-3.446194414722551207e-13
-8.563555180739831722e-14
6.391142323160596187e-13
-2.422984848370880823e-13
-1.717997658118580264e-13
6.121733666921500600e-14
5.594904796267053514e-13
-2.364776118507614197e-13
3.725303604131754435e-14
-5.364365962550375899e-01
-8.667968468771167778e-01
-6.355471144567423347e-02
-4.140672178152542127e-02
-6.171700831059269594e-03
-1.705272151064638961e-02
-1.033584121423316571e+00
-1.744360535243578425e-01
-1.720529120139753509e-01
-1.474715882447086811e-02
-2.412295312043383558e-02
-8.904519877803525243e-04
-1.493012583180122407e-03
-1.400205958270953977e-03
-1.421482184252873058e-04
-1.216804507506471025e-03
-2.219686022735077938e-03
-6.831786583482216818e-03
-7.815218498064465183e-03
-2.144219062837358740e-03
-1.433816965328895950e-04
-3.683722187609981408e-02
-1.709191428637106200e-02
-3.399900762969235071e-04
-1.908334928452715823e-02
-1.501363558309757934e-03
-1.985193948096817477e-04
-1.072521607245206961e-02
-9.379045850918474584e-09
-2.479932650660858430e-04
-5.162557322480139426e-05
-5.669911223578219008e-03
-6.499811091728502268e-04
-2.123406624403186699e-03
-1.903773823372982565e-02
-7.203833432867631260e-03
-4.379649514200886079e-03
-2.938529168659778255e-04
-1.063602574474314770e-03
-6.369243633093858714e-02
-3.922981706091766517e-03
-4.877234473895816942e-03
-1.259153897279978729e-01
-9.662847790721882518e-03
-2.947821427099648825e-03
-3.176770937855572294e-05
-3.213219074045793003e-05
-3.250608406552103497e-03
-3.444984651704737378e-03
-7.921108150106538582e-04
-3.552062647431133372e-04
-1.566677242095097441e-02
-2.559575468042505695e-05
-4.842660553934708366e-03
-2.205808527889224161e-03
-1.589395691386891977e-04
-4.438217272224357149e-03
-1.995536094781102249e-03
-5.826441290237993273e-03
-5.172075114368800824e-03
-7.977840858755035763e-03
-2.800339999076794165e-03
-3.830847458035275849e-05
-1.036240518906127520e-02
-4.260069193389890048e-03
-3.201523287690024265e-05
-6.765860150146966318e-03
-1.903905009607187882e-04
-1.005410859068975845e-05
-2.513551158251063774e-04
-1.917448824295370441e-03
-7.794668366739443540e-04
-5.719690196281512892e-04
-1.011186241754655647e-03
-1.066629293400293138e-03
-1.226079829991174675e-03
-9.055592892039944193e-04
-6.679118998443904975e-04
-1.823942824862481813e-04
-1.046199969581580866e-03
-1.438889463010675686e-06
-1.343004712620006440e-08
-2.337743597955549641e-04
-1.374678457811187831e-04
-1.349077238193637732e-03
-2.904314537692767692e-07
-1.587187024935179396e-06
-2.575852578745445234e-03
-5.340121339993461743e-04
-1.161236452783625649e-03
-2.166004804907389796e-05
-2.770455316188368795e-06
-1.107171494949887121e-05
-8.832869777643825203e-06
-4.948309380135762710e-06
-1.393980152352571706e-04
-1.749051647148081110e-04
-3.649582261056394385e-07
-2.675455032138570760e-06
-2.729923845083353443e-06
-1.661788861925343728e-08
-2.832399631067037465e-05
-2.653438904312561898e-06
-2.638073315793360564e-07
-1.282146645522872934e-05
-7.930770213668239153e-05
-2.232501739385556216e-04
-4.761686596286962813e-05
-1.819227647417054444e-05
-1.117644041484887832e-05
-2.756220496083347315e-05
-7.434991364410850345e-06
-1.079153126244798306e-05
-1.674724204514572046e-05
-7.326481574384406781e-06
-9.315471153767374444e-06
-8.318053230910549907e-05
-9.200149003535794292e-05
-2.679237054630792189e-05
-2.455463605527280174e-05
-1.300159453156738578e-05
-8.906223378788103440e-06
-1.037231322681153645e-05
-7.811101715209968488e-06
-3.126690981155661386e-05
-2.465794317100517862e-05
-6.705329282029654742e-06
-4.951806848835343922e-06
-3.628044661154698651e-06
-8.350096982259020304e-06
-3.532531820164378384e-05
-3.857784425626520580e-05
-4.989282335452011303e-06
-2.144588949621765184e-06
-3.323039411630497228e-05
-3.215394223629118966e-06
-1.593831060141867500e-05
-1.697824959245918951e-06
5.366707782368198565e-01
8.597380894738806401e-01
6.341976856500050608e-02
4.100690457136292599e-02
6.202346896468802044e-03
1.712459531201226612e-02
1.030540832778436444e+00
1.743357439784251894e-01
1.711224279455481057e-01
1.473377424434204816e-02
2.417655729671270085e-02
8.893550424867583456e-04
1.489549395476388784e-03
1.404907624562637012e-03
1.420780201798558780e-04
1.220718356926748550e-03
2.217638070766352488e-03
6.809470137475667761e-03
7.807015879826489056e-03
2.146124665470659169e-03
1.434256848378401674e-04
3.692834558622128116e-02
1.699172634051666561e-02
3.400814034469417605e-04
1.912964265540067002e-02
1.501136902347678052e-03
1.984532684098202950e-04
1.071180583444823059e-02
9.482991394471510436e-09
2.478030701120436112e-04
5.157296469159800082e-05
5.642074064366215877e-03
6.513251319398702865e-04
2.128733369979437118e-03
1.902504370999452341e-02
7.239320125854514787e-03
4.368329641869701276e-03
2.949239559665787873e-04
1.061255517070578075e-03
6.328151255371909645e-02
3.934371214043469456e-03
4.861083826447005866e-03
1.260135505002053791e-01
9.641506122918077834e-03
2.948450755564427893e-03
3.183877889519913426e-05
3.209110340143842769e-05
3.251747579849544392e-03
3.447908466426535812e-03
7.910794117018877299e-04
3.605370652885903646e-04
1.565025524092087880e-02
2.554934791640527231e-05
4.834490597975893075e-03
2.178415447316465071e-03
1.579973042685586435e-04
4.429196809601922656e-03
2.001085881318666587e-03
5.824060074544462444e-03
5.182934533207850421e-03
8.020847954554601381e-03
2.793754244335033832e-03
3.827242814390033316e-05
1.036490530125251143e-02
4.241764767435603212e-03
3.218707121979534234e-05
6.726932891989016207e-03
1.903080882952666141e-04
1.006434214991577120e-05
2.537564609707075700e-04
1.942030006639881541e-03
7.811322996868687741e-04
5.804718686367376724e-04
1.023949801617223898e-03
1.044389666050730579e-03
1.221224149441665560e-03
9.118468629240407191e-04
6.684000340518646104e-04
1.825983924370527052e-04
1.046947395232639263e-03
1.455047836384594179e-06
1.342851398490921595e-08
2.346068182316463340e-04
1.367140557159559299e-04
1.334568774986069194e-03
2.893096791577439398e-07
1.587447291974159209e-06
2.576111354852793703e-03
5.324226134370578295e-04
1.161181394723598704e-03
2.162835397028124119e-05
2.767346135234369275e-06
1.111186426765374717e-05
8.839783972090824309e-06
4.938791338958415839e-06
1.376100253419318192e-04
1.757423280683241876e-04
3.653922835220459812e-07
2.685142182102749168e-06
2.726808441949124458e-06
1.658340293642130968e-08
2.792477394096082397e-05
2.653654153306332985e-06
2.619387933708528791e-07
1.277744426419389717e-05
7.921635605921418513e-05
2.226627072312793623e-04
4.788930851870289640e-05
1.820900301347106920e-05
1.119788141738366506e-05
2.756770100676390003e-05
7.418028218186241833e-06
1.080622888730098326e-05
1.676785459672756578e-05
7.321768219324189103e-06
9.303241169934185732e-06
8.259573173473777532e-05
9.156520790883502701e-05
2.655353598475988262e-05
2.452619546697410756e-05
1.290380965365763065e-05
8.880315963771217476e-06
1.054170862641761854e-05
7.992470949351796177e-06
3.209501881047949732e-05
2.473767923282406265e-05
6.677483995493684347e-06
4.944107390978895371e-06
3.630177920992817420e-06
8.286881208611693983e-06
3.529407539403739912e-05
3.845724835449984249e-05
4.975304882274637897e-06
2.150172292387365153e-06
3.321381125948600954e-05
3.206514702596999721e-06
1.589717112911010307e-05
1.703373868871067654e-06
-2.419724794061432268e-19
-4.498302399119700639e-18
3.505370188405645022e-19
-1.833638082153923853e-19
-8.814094450153408152e-20
1.641665347046996502e-19
1.534234169741282766e-18
2.247590560971888042e-21
2.796833483594605788e-19
3.027560323597571661e-19
-1.687162668820097640e-19
1.445952181503618648e-18
-1.096856486100583109e-19
7.937339637205850118e-18
-1.237845318694500022e-19
3.816045400886862749e-20
-3.533070252719371562e-19
-1.024459972833832049e-18
-2.727840592497979530e-18
1.461406023691059813e-19
-2.462695860747280269e-22
-6.203217130069389196e-20
-3.765581742601085015e-20
1.798355158598238890e-19
-3.497256380486943894e-20
1.310079177390824408e-19
2.404177965876478629e-18
7.684044003245525907e-20
-4.571936971191857949e-20
4.352901295116315001e-21
1.853013883003685151e-21
3.983953887628252185e-20
9.379720517350978966e-21
-1.423990549455115873e-19
5.988184829907102103e-23
-9.914518964081430961e-20
6.656444629872779615e-21
1.696023340967147144e-20
1.735875314088197723e-20
-6.755730653954226849e-20
1.732463030598474288e-19
-8.853140936844664601e-21
-3.945535743567705379e-20
-2.737261703030573202e-20
-9.596677057714976467e-20
-2.618909044864027801e-20
-4.459301820194636526e-19
-1.026434391432024988e-20
-3.203154650045903579e-22
-2.633470879489241634e-22
-5.524390274238947537e-21
-1.168348574313447001e-20
7.384909059965300880e-20
8.393472929543995851e-21
5.219524294801406836e-20
5.028472658794613330e-21
-1.075163981415769478e-20
1.447599366434196926e-20
1.463372734976573460e-19
-7.500273901817291144e-20
-8.379919470080149940e-20
-1.958198611473675611e-21
1.474655834599842195e-19
-7.106749375723266805e-21
6.616848210828893060e-21
-4.626911586921800163e-21
-4.811509489226635517e-21
2.761657773998540015e-21
-9.606067634532281302e-21
-1.184859457714179278e-20
9.793137237880333774e-17
4.831092906443667370e-18
-8.680234119433519294e-18
-1.084122498709108058e-21
-1.244781118174371239e-21
-4.739320961879333575e-22
4.744574329015925743e-21
-4.494674628876938670e-22
2.913899838140261382e-20
3.062877923344838446e-20
2.304259678339052740e-20
2.859313396115281916e-19
-7.985408417311526712e-19
2.611271572152008844e-18
8.919515890572178627e-21
2.139332254046866998e-21
-2.075010433107732300e-22
-4.152076551419805282e-24
5.549143549596975048e-24
-3.828439539096583681e-21
3.011388844113909214e-21
3.602078081147092255e-23
3.465361158699368968e-21
-4.857550034446867503e-22
3.074764048866696035e-21
-8.156725685976991884e-22
6.956854658364656511e-21
-1.685113521163533414e-22
3.554080405258105007e-22
-6.594384094821757423e-22
-8.343056797554962940e-21
3.828623134886992905e-20
-1.131311205089109094e-19
4.953450056755483866e-20
-6.706922553515346349e-21
-2.277219850166549865e-21
2.404284341728566330e-21
2.640393737093068857e-20
-1.036117653299305085e-22
4.594631320710980020e-21
-3.724663676946394256e-21
2.341704424544649338e-20
1.201971201361394110e-22
-1.598510872566872317e-21
-3.756818419875349669e-20
-1.039561504840291356e-20
3.378835003522074852e-19
-7.451999859282799861e-24
6.483942929342781316e-20
1.384659715547232257e-21
2.245498592862795530e-22
-3.823323727700779537e-22
1.453251166570218898e-21
1.541518705769389565e-23
-2.242166860127378440e-23
-6.407496157430158030e-22
9.704834574796321002e-22
1.248354392194505595e-21
7.750495865511557912e-22
3.070772165172286855e-21
8.807751446095058939e-23
2.537254421027022705e-21
8.878394829428129425e-22
1.588954792718488006e-21
4.517897566224013728e-22
2.237289819563139511e-21
1.194653418206279329e-20
3.644466463222899112e-22
1.404266109989419731e-10
8.228417211392665872e-10
5.601344159660749591e-09
-5.812676227024801104e-09
-1.216784705586590407e-11
3.143291998021744626e-11
1.409670666185328898e-10
6.451176163932729518e-11
1.270046791314778452e-10
5.549993384134545601e-11
-7.414804550404410208e-12
1.440220787799402290e-11
-1.318582251785008171e-11
7.220156265889654749e-13
-8.323863656726598130e-12
-1.687493339701286362e-11
-2.061865442413859169e-11
-2.258245579526884061e-11
-1.091139082190386467e-10
-2.485171878672472170e-12
1.212762802972099094e-12
-2.394808988212852168e-12
-1.193278309626809080e-11
8.217049691303875906e-12
1.328865275297213981e-12
1.772158425457592410e-11
1.000089366821019367e-11
-1.733116332821484244e-11
2.073475459797638195e-14
3.529927732303138031e-12
-1.653306269474675059e-12
4.243724138049362211e-12
1.397220310171486330e-11
-6.688100894409322783e-12
2.716781029875311338e-11
-1.012906112071321392e-11
-2.903904792952481321e-11
-2.384750721654900511e-12
1.401901655503615810e-11
-4.222288333626707258e-11
1.178778410099903953e-11
-2.161499821388328831e-10
6.875742886630843455e-10
1.713617699919695408e-10
7.970357095564338962e-11
-4.321912278719644422e-12
1.727468663620803825e-13
-1.661993846665751587e-11
-1.961335499377394591e-11
2.345838517700537400e-12
9.373500472586633381e-13
6.917247182852992040e-12
-1.772973456233256300e-13
5.240637116949491880e-12
-3.015244366614021225e-12
-4.234273953868359459e-14
-2.941302592224936314e-12
-3.624376434803965963e-13
-1.444147039218539018e-11
-9.727637421324673835e-12
1.368879223816916605e-11
4.007930520272171830e-12
-3.610210819853986820e-13
1.865109650580625977e-11
-1.028734275130820880e-11
4.623109512641710013e-13
6.489958895918285059e-13
-2.516487165129037563e-12
-6.120971778835013019e-13
-2.408565696468240139e-13
-3.079193631485106505e-12
-1.406283465655946393e-12
-4.096640050949671833e-12
2.370901392354341654e-12
-8.348952089052107763e-12
2.538083250976618266e-12
4.619911587255360888e-12
1.425810392600527107e-12
6.995859641437798792e-13
4.672832741678650647e-12
-2.308776793669627620e-13
-6.092330680888212426e-15
1.233731658004570422e-12
7.553786951017607569e-13
-2.807556604509087798e-12
6.932279465518288720e-15
-6.280817424678390085e-14
-3.273562297436914787e-12
6.446852774137314564e-13
-1.833263220283479609e-12
-2.692664672374389625e-13
-4.123089784469896268e-15
-1.029967237906283887e-13
9.103208910112933074e-14
1.665391632398805053e-13
-3.063982399505217361e-13
4.707515064831278599e-13
-2.486831329079996944e-14
4.563528154675927815e-14
-2.398173332317689382e-14
-5.604967604720997527e-16
-6.222081555490297382e-13
1.320063777143554789e-13
3.800471689961558509e-15
1.894954580939398262e-12
-3.435028069228959437e-12
-2.765512203655201322e-12
-5.655741041520034248e-13
6.066058375218220358e-13
4.125763210462339837e-13
-3.869815245191453846e-13
1.457794192052367130e-13
4.776263023461765781e-13
4.278851966240248832e-15
9.059095334112449041e-14
6.717430850620284152e-14
-1.356166156938476619e-13
-3.379771267150862443e-13
-3.145148247057382198e-13
8.580799508783436433e-14
1.011926839070450914e-14
-1.086176782382134354e-13
-1.012715311381489971e-13
-1.491341605207150171e-13
-9.892878136144711756e-14
-1.245156489956376134e-15
3.243779636605805823e-14
1.113126105084817074e-13
-2.246245772600954768e-14
-1.494032719678251946e-13
-4.800538870817626787e-14
4.590137680279864708e-13
-1.041123033468259403e-14
-4.357807621558595543e-14
6.692307272184930324e-13
-1.774868601511893389e-13
-4.302353079821808353e-13
-1.191692790735514871e-14
-6.073101441721928699e-10
-6.781447588771183499e-10
-1.071156284464843990e-08
1.074616162027899542e-08
-4.331831235417865672e-12
3.068749635412722833e-12
2.249070820461979056e-11
-1.593722291853279571e-10
6.253193203078125826e-11
1.501801970762265506e-10
-6.520428010819271079e-11
1.858832133513962525e-11
-3.375337356053190632e-11
3.275765501038464708e-11
8.490646702031865463e-12
1.509529464405622207e-12
1.655472597718179188e-10
3.156787830708660794e-10
6.346073660314488749e-11
1.152823589442547376e-11
1.728052090737223113e-12
9.308371136605037529e-12
4.587829715869046461e-11
-1.450278869198755690e-12
4.083385937873685172e-11
-1.223465424446212375e-11
-1.028255833758256096e-11
-2.022616438965167977e-11
-1.613093036758876887e-14
-6.946328371768285539e-12
3.936611525067087454e-12
5.011800655847698897e-12
-6.276938936823325973e-13
1.899809780548669177e-11
-1.371933696695045974e-11
-2.713306510852895551e-11
9.717433168707991237e-12
6.494544216547310646e-12
-8.890908211126109453e-12
-5.080396464849634014e-12
-1.246171588197484426e-11
-4.405519404229951449e-10
1.630064298933116487e-09
2.139545284870814505e-10
1.128843177533958108e-10
-1.025514778451027272e-12
-5.606946157926180190e-13
7.082671935189756906e-12
-1.121411478866796297e-11
-2.771025486044175428e-12
-6.593821669380094757e-13
4.253540568792792898e-11
-2.240374592560182378e-12
-7.082923085630918399e-12
-2.860043215365852692e-12
-2.812507201845619577e-13
-8.538784751228584554e-12
4.237647399030438033e-12
8.776318159527165848e-12
-5.961906126935955410e-12
-1.054080405884281156e-11
3.785818004284597840e-12
3.662991857077804847e-14
-6.949949499339370266e-12
2.160712227697951411e-12
3.070689081323463665e-13
-1.389154979915966164e-11
9.656586608267212415e-12
1.961249070373392860e-12
-6.758986225568433935e-14
2.682679583836605080e-12
-1.721671787690369373e-12
2.080657428015036043e-12
-1.021939540057634094e-12
1.369270707718394913e-12
1.324174172206848702e-13
-2.304803376830133029e-12
-1.748372513133241481e-12
-8.670775327422401517e-13
-1.502385633779592353e-12
4.370625794231329272e-14
4.494978249944266823e-15
3.241608907115706946e-13
-3.694267480132417832e-13
-1.235060974505494575e-12
-7.465961837658004499e-15
-4.050778192683337599e-14
3.970409529270823946e-12
1.652988703732662878e-13
2.878075491184680493e-12
4.274069768044383788e-13
-6.010019688459719739e-14
4.718820743906448643e-14
6.852918153679382151e-14
2.591354132405674243e-14
-2.425983317794195719e-14
-3.250325473622287531e-14
-9.472063460758341948e-15
7.826950755804662668e-14
-1.676952991337182361e-14
4.135781753819142282e-15
-1.482713156142442392e-13
-3.616832518610912249e-14
1.232205829189870774e-14
3.997010169960181843e-12
-9.663003143020715809e-12
1.215030399458530875e-12
4.531716759786925795e-13
-2.517154902376674111e-13
2.789983022908153275e-14
3.227785263807731769e-13
5.730021059522153441e-14
-5.062332414736029015e-13
3.003160358056252369e-13
-9.572366118578632480e-15
-9.869855560469194881e-14
2.184800369774853039e-14
1.497286371231356296e-13
-1.611651024272969674e-13
3.528403223542396118e-13
6.784223554728806754e-14
2.436056987859883214e-15
-1.922936189986787072e-14
1.067789368014176550e-13
4.766928715111629902e-14
1.177592579612951416e-13
-1.735737444899176289e-13
1.836038213435657189e-14
1.623309075285066612e-13
-3.875801026843665164e-14
4.459500050215318143e-14
-2.188014415405927138e-15
8.928382313120780007e-15
5.512016463957230826e-16
-1.367866342344156886e-13
2.623609534237790418e-14
1.059415471422563284e-13
1.050249658012253810e-14
1.142008472191211345e-10
2.378615713262346072e-10
-1.635106201778921991e-09
1.661940646018297416e-09
5.171756357280319898e-11
-9.788215316149076605e-11
6.322614581026904901e-10
6.639777116043751923e-11
6.848843846247687817e-11
6.666195553315312779e-11
5.612680198062606473e-12
1.946583238243081934e-11
6.484270292376036608e-12
-7.043983854455398184e-12
-1.264185708460429023e-11
1.543339761656507561e-11
2.410291940462219288e-11
1.299893279404423964e-11
-9.772010850115273521e-11
-2.083215558171667288e-11
1.962828094745591473e-13
3.797992111954442704e-11
-1.849985297266564207e-11
6.873506143808738161e-12
4.312863310080400657e-11
6.235880438932888999e-12
7.415321542268301655e-12
5.297852093500969891e-11
3.923276995388526175e-14
-1.075502115829676635e-12
-2.692596454882317272e-12
-1.042455407253007502e-11
2.033814894302506154e-11
1.421795108070081188e-11
8.901789073923727405e-12
-5.305220496096145668e-11
-1.183381065965737122e-11
8.272968888633547179e-14
2.676099313471114365e-12
4.825211482430372398e-11
-8.034132792077297837e-12
-3.524497378222334571e-10
1.134574694464155159e-09
2.086573933448558826e-10
8.900364994394060302e-11
-4.800754623636775614e-12
2.533670304731680120e-13
-1.787921729474216647e-11
-1.061316305025938224e-11
3.971709029319099829e-12
3.214222934023170346e-13
3.176944761414115818e-11
-8.544384547700209686e-13
1.324489095595681059e-11
4.488239601181710344e-12
-1.678870251744845653e-12
6.652897642166773993e-12
-9.756637795436399585e-13
-1.449685748696911711e-11
-4.160566804913840663e-12
1.033959525196374351e-11
3.599659483679952440e-12
7.360854062521199992e-14
1.462718943699391296e-11
-5.754841452082815107e-12
3.818235295926316134e-13
6.136094432891519622e-12
7.054633293419451563e-13
1.268127885225461789e-13
-1.432139861194297136e-12
5.133626841370118380e-12
-7.293429016951762655e-13
-7.478663451361664027e-12
2.671024914929250604e-12
-9.733973322106532187e-12
1.360628195066999365e-12
3.339000089587867540e-12
1.183817394753673418e-12
2.669284449769426692e-13
3.446598369031941304e-12
-1.132629775807199448e-13
-6.157645305798355081e-15
1.256265785153082463e-12
-2.923244965405684462e-13
-1.319515739036988597e-12
-2.813554842752960841e-14
-5.991496585154523431e-14
-5.379896193724910085e-12
2.689804553383200826e-13
-2.463682676236673577e-12
-5.211197929633743474e-13
4.101271639781504800e-14
-1.585464636721510702e-13
4.089689873283148312e-14
1.687854901819094793e-13
-4.134751047235761213e-14
-1.758346805086626963e-13
-4.302934766176845713e-14
3.188837145819001550e-14
-1.367841883515339215e-14
2.301264292287754471e-15
-8.576328020038914342e-13
1.516528971536946837e-13
-3.373883451325380668e-15
2.149454649496055714e-12
-4.084214398664408795e-12
-2.486120274610738487e-12
-7.170238308468506261e-13
4.357298378249667281e-13
3.604284307249449485e-13
-2.502027982882100897e-13
1.280796472141893569e-13
4.182538299527231642e-13
-2.309225276393343479e-14
2.359026122117169889e-14
4.823272256524326387e-14
1.208508194525634886e-13
-4.751404013330349408e-13
-6.826925828551183997e-13
4.963268229256794721e-13
1.693488175134475547e-14
-2.157174128715419848e-13
-7.005040463698560950e-14
-1.100391533035288982e-13
-1.155253167010325843e-16
-9.262368137972722187e-14
4.595561858094550713e-14
4.863496944535585912e-14
-8.293785940161598944e-14
-5.312462907387256213e-14
-2.360910653150793109e-14
4.467104641634263212e-13
-3.989372593167670083e-15
-3.184867702869568279e-14
5.450806362592223162e-13
-1.517323924933298047e-13
-3.358963752530815631e-13
-1.629135647993196348e-14
3.112029013609060035e-01
3.165241635608264659e-01
9.762004892306046884e-04
-1.729043537066618703e-04
-6.746149620693332998e-04
1.888401382741690610e-03
-1.347133299082069711e-02
-1.348771433552955513e-02
3.286622181510179264e-02
3.057172388096624296e-02
3.316022284640492146e-02
2.392066850904337946e-02
2.855083198386602905e-02
1.949979185338524337e-02
5.766623177674840700e-02
5.788082648601138719e-02
5.195208857435424932e-01
3.292940828716853924e-02
3.170730533110707045e-02
9.434728241735234125e-03
9.446551833990571995e-03
5.666952505654272200e-03
2.605783437780497154e-03
8.560568708678102700e-04
1.427646556427466726e-02
9.564100754928729631e-03
-9.900461677096470195e-03
-6.071966972271462815e-03
1.034074840678823924e-03
3.111028403501528688e-03
2.531983406126810804e-03
8.449546981049666850e-06
-3.219698402669026599e-03
-3.000404144324696210e-03
1.971879321004675265e-03
1.321418119659563276e-03
5.872493744118084972e-04
1.245277220960784104e-03
6.202658772030792377e-03
4.751836415598538824e-03
1.193828470562480551e-02
9.770616603518843604e-03
9.856291222121938561e-03
9.893926540959892268e-03
1.902447158233901495e-02
1.620442111200719572e-03
2.772260254460841202e-03
2.990876420356263204e-03
1.133175953270398103e-03
3.404361367555328727e-02
1.251973983447275847e-03
1.322586114214212251e-03
1.318253308571981251e-03
4.646618337045103214e-02
1.032763256353163607e-02
1.168269218233140144e-02
1.011522466187023649e-02
3.879733216044249557e-03
1.185599490977267594e-03
9.840832714139433664e-04
5.994429112070809133e-03
1.334388667907226858e-04
1.433263006477651026e-05
1.982283736797004150e-06
2.388952450799925777e-04
4.604014823633684715e-03
4.646069791688186429e-03
4.568941506857816523e-06
2.850873375291325222e-03
4.214460302675251784e-03
4.827724974998688801e-09
5.602093318358440568e-04
2.234051457273962104e-03
2.275014363753187410e-03
2.828058211191166165e-04
1.373387929448713667e-05
1.715659330027349545e-04
1.841794243676813650e-03
1.791436265061250276e-03
4.087658511944090725e-04
2.071170725572459535e-04
2.051277305919944980e-04
6.360294358442330240e-05
3.100016563743564668e-05
6.464947421592142458e-05
6.407759269762186073e-05
1.727706795801607414e-03
2.036496354898831729e-03
1.747071355834330098e-04
2.983009959392052247e-04
2.894157888060692975e-04
3.284805705440014471e-04
4.434441988360610922e-05
1.802199642562087986e-05
9.937834296421739250e-06
-1.000270182265161144e-06
1.667449583267702697e-05
9.409211567111913572e-07
2.021704486625968723e-05
2.097822001956428238e-06
2.947318621785134563e-06
5.538609432814732080e-08
9.028786041843036100e-08
1.055484854288445878e-07
8.318625773409695294e-08
5.729066481568645175e-05
1.021588025790757826e-04
1.276988634039493927e-04
9.702653630562056849e-09
-1.013807655055982592e-06
-1.048831433699085315e-06
3.181425785650027891e-06
1.317287029138319308e-05
1.617011088789365765e-05
2.923091866887033599e-06
1.445740515324676633e-05
4.500054781473549854e-07
6.840997102740184918e-06
6.381078693230577071e-06
1.247680297715489672e-05
4.032399194558435404e-05
4.024996473362803332e-05
3.444056933571433078e-08
3.944746021920737229e-08
1.752758846719004317e-06
1.944031376014346448e-06
1.426671388256157383e-06
2.625066437220870193e-09
5.918278772352961401e-06
6.624574255838286018e-06
2.223572762278293121e-05
4.566438924180711277e-06
9.623224927954611148e-06
-6.537641254176209777e-06
-5.123890195300395455e-06
2.726829164952243978e-11
4.397406224961250418e-06
7.478971385249274758e-06
-3.051372776161486167e-01
-3.255433302744355495e-01
-9.748326435651170170e-04
-1.107617844658923293e-03
1.698978068997991642e-03
-1.881976136723758014e-03
2.653302599066023615e-02
2.652759068321061675e-02
-2.434477944332090471e-02
-3.405994556813297935e-02
-3.338234823120339589e-02
-2.391722261745778469e-02
-1.559924288050216004e-02
-1.724996659612442959e-02
-5.705564585751173035e-02
-5.894203539814525661e-02
-5.194013895059476082e-01
-3.297507213360093004e-02
-3.162072589985730209e-02
-9.528814607272182227e-03
-9.341900450288874100e-03
-3.832538997234181434e-03
-1.777910064914713442e-02
-8.538426747402858355e-04
-1.203078173165154398e-02
-1.254058162996243495e-02
3.311715766100517024e-03
1.757631087902860939e-03
-1.033306150455518381e-03
-2.715739097419581083e-03
-3.481823598986201560e-03
-8.451258321547321971e-06
1.574087222465516550e-03
2.486475212060222390e-03
-1.960582629115288720e-03
-1.098066854533174012e-03
-1.510748000388868750e-03
-1.240506371811364843e-03
-6.018019623501559730e-03
-4.544156795686452206e-03
-1.192593030415783038e-02
-9.777250306820061895e-03
-1.027670396712725663e-02
-9.351959097347704516e-03
9.390919668372177875e-04
-4.984253540818157739e-03
-6.997860452555665529e-03
8.479470654559409515e-04
-1.127951512865942507e-03
-3.384439363005008888e-02
-1.249050708905967162e-03
-1.599084550204844107e-03
-1.117436344621446477e-03
-4.658586607107417094e-02
-1.107450983427384419e-02
-1.079575532055260939e-02
-1.012868829523480910e-02
-4.260725076338314071e-03
-9.885920150849126457e-04
6.204024372052596671e-04
-1.621390541521019676e-02
-1.335044681531257502e-04
-1.426446442816054715e-05
6.003429002444159255e-04
1.166834814642130286e-04
-4.532476974020364924e-03
-4.591611357901589224e-03
-4.585498364010486236e-06
-1.797191193699076159e-03
-4.626634945095834187e-03
-4.704400865269627415e-09
-5.642211518256197347e-04
-2.310647377599485842e-03
-2.208305588055068432e-03
-2.792221864848890315e-04
-1.378424016280168268e-05
-1.716181986773447133e-04
-1.792399536740313295e-03
-1.840576451762773041e-03
-4.106857485445111408e-04
-1.972407301075261425e-04
-2.106106432237066835e-04
-6.360071097537186571e-05
-3.104985808025672488e-05
-6.538972906866268053e-05
-6.494900204820693186e-05
-1.403105311865085816e-03
-2.345528688676686794e-03
-1.747481146637526559e-04
-3.021638608141648361e-04
-2.910761796574660716e-04
-3.233878810443995585e-04
-4.010627835289180061e-05
-1.523914302526278015e-05
-1.445740862368472651e-05
2.673119519704382421e-08
-1.663984487015931487e-05
-4.988073009715819464e-07
-3.308052213971509936e-05
-2.024092162622468389e-06
-2.886108671684521627e-06
1.675168025211524052e-06
1.724282715093528988e-06
4.340378849500559116e-07
7.008648394397826507e-07
-5.739950719991299339e-05
-1.038532256706318092e-04
-1.234029963067049380e-04
-9.753076776993907903e-09
-5.350334731702553620e-07
-8.394065028934638395e-07
-3.165329623484759911e-06
-1.381176231586372229e-05
-1.625756446764519257e-05
-7.794839281779811541e-06
1.347150763670345055e-06
-4.450378181526818108e-07
-6.848413718779805999e-06
-4.388478202280597361e-06
-1.019170794648876257e-05
-3.911166737314222824e-05
-4.087949851655755585e-05
-5.945052433780390730e-08
-2.360950621679093172e-08
-1.094957266175732537e-06
-1.804268397216568594e-06
-1.425704880055851323e-06
-2.616831963311371903e-09
-5.453054970243995740e-06
-7.530946439387928146e-06
-2.227263931291087158e-05
-4.660248006772568319e-06
-9.608153626966247637e-06
6.572180980433405140e-06
8.335905423153428131e-06
-2.731689889552861282e-11
-4.083427654754128141e-06
-7.299847693775822118e-06
2.125065163564811914e-10
1.415865740756726785e-09
1.265595591536443169e-08
-1.280265723260638985e-08
-3.211010127228321716e-12
6.610236400946597801e-12
-1.933946415532249087e-10
8.515973129325923069e-11
-3.598850072274240156e-12
-1.168798004976727006e-10
-1.155776708965880734e-10
-2.355887457622003766e-11
-1.241782809138406808e-11
-1.709133728321178040e-11
2.914608152514207778e-12
2.599608280713093628e-12
-5.145724473133877638e-11
-1.295290658690444954e-10
-9.157418181122168214e-13
-1.025627924597309209e-11
2.207791568631174246e-13
5.704321654729268449e-11
-3.388634969217349000e-11
6.954069757805672413e-12
-4.550490077833848858e-12
1.489528959169495136e-11
1.051952901944129777e-11
-5.709184642287535154e-12
1.497054496507605919e-14
5.122701955950016661e-12
-2.151557672319782186e-12
-1.159327726251492125e-12
-5.260577955070649280e-12
7.262612278013607985e-12
1.653165908858798498e-11
1.459730055234729374e-11
-1.052112754760180410e-11
-8.959528932899645812e-13
5.176993309134479191e-12
1.796224236425267633e-11
1.298854476365276487e-11
4.531338445163173359e-11
-1.230093817778941108e-10
-1.219260320550245418e-10
-7.110883040653422022e-11
1.348084329902113759e-12
-5.505040349252309695e-14
-1.049909953977254111e-12
6.059556077103950283e-12
6.867964017157591540e-12
7.481699415451792584e-13
5.210762683140500727e-12
-2.922604941755878996e-13
1.718871945476055042e-11
8.597629892147427358e-12
-5.730343469097285782e-13
5.755460797263116082e-12
-3.652490918402855809e-12
-4.187972314639341397e-13
1.243535857403553287e-11
1.021926560175264609e-11
1.841649500119425208e-13
-2.966021810829472583e-14
1.241473921247306414e-11
-2.582691586527003644e-12
2.426611282263712067e-14
1.665831881694220280e-11
-6.982878119106900720e-12
-1.502551515635562568e-12
-4.009113281079483507e-13
2.162780027938111420e-12
2.592916478078064880e-12
-4.858533924326638774e-12
-1.051315816258564728e-12
-2.314611748169767747e-12
6.658303127924913270e-13
1.329580389860323625e-12
2.314622685558758183e-12
5.677183209137314804e-13
-1.487395296703868847e-12
4.350456273834166898e-14
-6.234604360856371604e-15
-7.225192650764776892e-13
2.867258837181759604e-13
2.052903314231817077e-12
6.026229330888667024e-15
4.091243364500273794e-14
-5.918345469584804295e-12
3.080725076538996818e-13
-3.818956466775264512e-12
-3.850115448606116209e-13
4.164489988495059555e-14
-7.184579423132091870e-14
-1.190241470557592874e-13
-1.484354771562853833e-13
1.021992144470630113e-13
-6.107063842103988965e-13
-8.360216381273441451e-15
-1.039890207601983007e-13
2.076554018574989448e-14
-7.718326038660101662e-15
8.401972933264274325e-13
-8.602999639311570666e-14
-1.363137258215315008e-14
-1.783422701922962514e-12
3.538529066359422520e-12
2.366539493654478251e-13
-1.709736022988519621e-13
-1.976632295194027119e-14
-2.571014745484917913e-13
-3.432911587450854110e-13
-1.936489763739576899e-14
4.103064756439803828e-13
-1.474924345316790115e-13
-9.253498375992626047e-14
2.023028330410720568e-13
1.207434493509901946e-13
1.033860645234720201e-13
4.839555607321566558e-13
-9.475512077067141584e-13
1.889155728066898244e-13
-1.357496493299420793e-13
-2.867766516230435866e-14
-4.199514169981618748e-14
-4.078330111147960455e-14
-1.127932631624141834e-13
1.093827224260053857e-13
-3.571519066755089092e-14
-9.627069488048123428e-14
-4.271532393918893517e-15
-3.751227144301993999e-14
-3.384835377382147610e-14
-1.020354963823105828e-14
-4.432968816799757110e-15
-2.896337844001358219e-14
4.881247443696443497e-15
2.152890628188394074e-14
-3.179705700582225237e-15
-3.258624745350422458e-01
-3.036287327966868399e-01
-9.757507649360288530e-04
4.585042818973598250e-02
4.777691981303212182e-02
-1.883663735933014446e-03
2.022158049652052517e-04
1.965994843220257820e-04
-3.432236092031631242e-02
-2.684420628196780220e-02
-3.341745024866363267e-02
-2.416045555186105767e-02
-2.172165384467477853e-02
-3.029054731026511668e-02
-5.878996688133043824e-02
-5.633526156107060423e-02
-5.194187636714422407e-01
-3.304224703441082517e-02
-3.159856339293954514e-02
-8.980791254464865966e-03
-9.938347643009695989e-03
-1.295339687155733048e-02
-1.094074119907145759e-02
-8.554619594762139347e-04
-1.134326424842375426e-02
-1.382952795850531796e-02
4.880791705476925785e-03
6.997758909691815556e-03
-1.031309645510867200e-03
-3.823450923514941108e-03
-2.351428677792196525e-03
-8.493530284754478748e-06
6.085913888633825465e-03
6.074799807988269691e-03
-1.957069392660598997e-03
-5.084454162908201222e-04
-1.236185672801623546e-03
-1.245126326711646714e-03
-7.196338494494845285e-03
-4.562117019716888794e-03
-1.193345742962746876e-02
-9.730968780962223272e-03
-1.016491064842775689e-02
-9.418543393228560531e-03
1.201136188219081787e-04
-3.364408162779912968e-03
-2.943416163145617589e-03
-2.632908129273834469e-03
-1.123606351615241564e-03
-3.403697682754362047e-02
-1.237926653278521860e-03
-1.266090732294034970e-03
-1.432071758656319228e-03
-4.663963385789958449e-02
-1.018156555449547564e-02
-1.183458234722731088e-02
-1.017080422072464720e-02
-3.094065976181391807e-03
-9.360034749737013507e-04
-2.613041614930726973e-03
-5.869232408472883390e-03
-1.326208248105771657e-04
-1.422880447578987121e-05
-4.275621814819909852e-04
6.541662750178451377e-05
-3.724406002392405268e-03
-5.250427984061861730e-03
-4.577709543649205667e-06
-1.712149890733894678e-03
-7.359492210425646989e-03
-4.527299496680881664e-09
-5.811024869859781347e-04
-2.212079686549182564e-03
-2.315354458276686501e-03
-2.785786761629780676e-04
-1.395539000881896609e-05
-1.710230011121744993e-04
-1.906728930391865442e-03
-1.725662144183879882e-03
-4.225224192690539278e-04
-2.096211152375871095e-04
-1.961753407948696308e-04
-6.373853342063308196e-05
-3.115233834163128512e-05
-6.499063483252075257e-05
-6.453705369952922094e-05
-1.785170383571593094e-03
-1.859959722778699526e-03
-1.748388381793391361e-04
-2.978452464310586971e-04
-3.001601380090579028e-04
-3.185227391309770287e-04
-3.294797863008450941e-05
-2.255613337822121671e-05
-5.799869869613151072e-06
5.923205704421714661e-06
-1.671593702709933332e-05
-8.443831263876052252e-06
-1.681509922763158504e-05
-2.066621302981141792e-06
-2.901085107162092385e-06
-3.063464222988131378e-07
-3.918683473506299373e-07
6.441214483721226288e-07
7.510391132381857630e-07
-5.714677477374571388e-05
-1.005533011067330778e-04
-1.183154568883970105e-04
-9.736758461604054949e-09
1.761545429652300427e-06
1.547012910283171586e-06
-3.176571425662619690e-06
-1.391055118109824407e-05
-1.549493345209247174e-05
1.875830006820036424e-06
-1.905534618288230714e-05
-4.447922456172259658e-07
-6.879809586320177198e-06
-4.544647362382546483e-06
-1.354661316931016382e-05
-3.896929884683511519e-05
-3.958847013491959569e-05
-4.573735015292079408e-08
-3.114588469506739734e-08
-1.969488730629576655e-06
-1.626809318991113842e-06
-1.413627111759072694e-06
-2.627950115489280231e-09
-7.084847713124431772e-06
-6.013783142026517178e-06
-2.229457243752993413e-05
-4.613517074805734012e-06
-9.596372008252604952e-06
8.171008874986161491e-06
8.855183770787569260e-06
-2.729261607762085294e-11
-4.800573035408821250e-06
-6.137722520849771478e-06
3.047438976044293812e-01
3.226577009979369470e-01
9.744363271454138057e-04
-3.284760744108437824e-02
-3.002112940874988520e-02
1.890400612810657450e-03
-4.589450962824569331e-03
-4.614507544471771819e-03
3.073080527830211045e-02
2.284038322435138352e-02
3.345793532783489926e-02
2.400163467074536636e-02
1.479711612265975119e-02
2.193810315442277711e-02
5.663250416778405766e-02
5.893293966195624345e-02
5.198344736830003976e-01
3.297555404398084394e-02
3.163980566720080850e-02
9.126402504151552575e-03
9.773065896956449269e-03
1.228343788942623006e-02
7.044832681480244635e-03
8.522023618511099857e-04
1.407921215302844128e-02
1.114684902157298332e-02
-1.221633384934696712e-02
-6.169487605503951207e-03
1.032811606139260110e-03
3.124770074223867742e-03
2.978364357882523367e-03
8.478487397978855131e-06
-7.684937537005004241e-04
-1.671801473267702041e-03
1.948385042357852863e-03
1.954606647606582735e-03
4.828098799003603691e-04
1.241144155908448492e-03
4.332251206972451835e-03
6.621560084733637067e-03
1.193035458338342555e-02
9.786965272897072896e-03
9.889688364788823058e-03
9.646126753522769881e-03
1.358049179083866721e-02
4.752720620795064868e-03
-2.994245439941759651e-03
-9.583674844172100204e-05
1.126889857723707006e-03
3.409044310914913917e-02
1.242992857999989905e-03
8.781531145692543722e-04
1.838079993092982907e-03
4.674329785537369164e-02
1.220587297698055851e-02
1.000349735626407562e-02
1.014248427801204937e-02
4.009733823457835473e-03
1.104870293278357530e-03
-6.043801453364065594e-03
-7.451772101963943969e-03
1.327179579632614204e-04
1.424542127504572475e-05
-1.699225489589989760e-04
6.788494431695286675e-04
3.389411686336146930e-03
5.901593087173502908e-03
4.577235451442851635e-06
4.424560928814148114e-03
2.516705256252106497e-03
4.655529598354203638e-09
5.593550808939232741e-04
2.191404199689187590e-03
2.343741761459344677e-03
2.786194960232832351e-04
1.392661801084509377e-05
1.709103743373568767e-04
1.762409555048050427e-03
1.870559132829059321e-03
4.166584073631085039e-04
2.152711671133413732e-04
1.931097986576802295e-04
6.369229003218221657e-05
3.094192260586093858e-05
6.589234945935262160e-05
6.435934222418608088e-05
2.152803936205457350e-03
1.604959622240574157e-03
1.739408708306607065e-04
3.016089183339860339e-04
2.777930199721544385e-04
3.434945590157423485e-04
2.745605914563106997e-05
1.520042615472618589e-05
1.677184673835614306e-06
-3.456368720149345132e-06
1.665867950236415453e-05
3.135133207638543546e-06
-7.987506623611242016e-06
2.023987435542244096e-06
2.871504095480166549e-06
5.674124382762652746e-07
4.417180609022635365e-07
-3.840877643242849580e-08
7.871381985609672835e-07
5.740911775555650480e-05
1.376944354577143209e-04
9.673933108143337016e-05
9.659887546847394521e-09
4.093494147756129171e-07
8.089091469534501774e-07
3.172751451482880885e-06
1.183831911057166750e-05
1.845238505224239893e-05
3.668962236088692989e-06
-8.633102680488523672e-06
4.423341096961698088e-07
6.856273024144778559e-06
1.862684353506905623e-05
3.843075207009286926e-06
4.045567705349062193e-05
3.870372051651805001e-05
3.517439413240300327e-08
3.906573971676312477e-08
2.130617126159011861e-06
8.863341875586769032e-07
1.425420396557464380e-06
2.615466319870674459e-09
6.376045479361080762e-06
6.375992888266592669e-06
2.220084237890904285e-05
4.636645446782110944e-06
9.592375376335135666e-06
1.305638868505675500e-06
5.651082409410881303e-06
2.737732243459501531e-11
1.022977872986971152e-05
3.644432473436605411e-06
-2.419880097092664875e-19
-4.498274001796610448e-18
3.505369494310785234e-19
-1.833668541894497773e-19
-8.814117123718666461e-20
1.641662762143509534e-19
1.534213557696404577e-18
2.248570030929448030e-21
2.796763484297126761e-19
3.027528685270063485e-19
-1.687187803927967912e-19
1.446047293409027762e-18
-1.095932955562042814e-19
7.937134748416395927e-18
-1.237867882205769109e-19
3.816078099639761294e-20
-3.533095587964302477e-19
-1.024552812435492849e-18
-2.727898894117772398e-18
1.461572462132000113e-19
-2.467236242019978568e-22
-6.203234613881951748e-20
-3.765592798493316146e-20
1.798382057699762558e-19
-3.497255902923280464e-20
1.310085801771740911e-19
2.404201259940728670e-18
7.683815699594423222e-20
-4.572173703953009721e-20
4.353390590395712080e-21
1.855322577178000498e-21
3.983899051669181853e-20
9.380144551395291409e-21
-1.424010631461121290e-19
5.984618043584081153e-23
-9.914631536834105524e-20
6.656558125139011136e-21
1.696053124824433585e-20
1.736004830447639386e-20
-6.755794620179761086e-20
1.732429853366948737e-19
-8.853127152019182363e-21
-3.945453833487382923e-20
-2.737369764846410583e-20
-9.596803779774442972e-20
-2.619175256410690152e-20
-4.459413239685272747e-19
-1.026352699082190392e-20
-3.202897428947207224e-22
-2.633220945525481001e-22
-5.523825223353341202e-21
-1.168299729176847196e-20
7.384676168337943604e-20
8.392919637080106906e-21
5.219284679963314051e-20
5.028264006501759518e-21
-1.075146761103876571e-20
1.447625185641043028e-20
1.463355484905637074e-19
-7.500380760787601745e-20
-8.380541969155355613e-20
-1.958453519127177085e-21
1.474670344736202881e-19
-7.109279925291860364e-21
6.616925674724089759e-21
-4.626798526796361519e-21
-4.811668203249370513e-21
2.761738828977308634e-21
-9.606172141033071613e-21
-1.184847621260882558e-20
9.793138704263419226e-17
4.831001487684457608e-18
-8.680191130282380700e-18
-1.084111216235815623e-21
-1.244731893275469405e-21
-4.739298707511727864e-22
4.744561905103556031e-21
-4.495718334493294974e-22
2.914058072333385639e-20
3.062166589740668860e-20
2.304934970593496984e-20
2.858844393286686486e-19
-7.984998380866270234e-19
2.611263124209073937e-18
8.919436027024664858e-21
2.139344793453446122e-21
-2.075162441702817035e-22
-4.153870296278665589e-24
5.552328276337879873e-24
-3.828230106190940121e-21
3.011338884845214466e-21
3.602526318645192292e-23
3.465402990418348951e-21
-4.857705698228354679e-22
3.074833595643877335e-21
-8.156871845236427491e-22
6.957016077727201083e-21
-1.685191682217332418e-22
3.554067252323451535e-22
-6.594196370913057206e-22
-8.343295057134142948e-21
3.828708971823985663e-20
-1.131308667480456270e-19
4.953495225099588556e-20
-6.707028015873924812e-21
-2.277146515963869355e-21
2.404419508143004062e-21
2.640377865134543682e-20
-1.035592376027317350e-22
4.594113004572933916e-21
-3.724754913180987244e-21
2.341684171411502753e-20
1.201797001787553210e-22
-1.598681093665885425e-21
-3.757204593247664842e-20
-1.039468047327516172e-20
3.378708134975150441e-19
-7.453851423676910496e-24
6.483941844989303529e-20
1.384654575318611459e-21
2.245520279143657078e-22
-3.823446015453359759e-22
1.453301537800046902e-21
1.541337535094715660e-23
-2.243711053002756218e-23
-6.408496810669953300e-22
9.704969316272623748e-22
1.248324167021442057e-21
7.750024120912157212e-22
3.071115875833844367e-21
8.807654951018285158e-23
2.537289940390969084e-21
8.878614690687929650e-22
1.588649823325303036e-21
4.512660318667744834e-22
2.236974216854619008e-21
1.194520456016913437e-20
3.645304835556889263e-22
-6.073104407665572076e-10
-6.781447005895195728e-10
-1.071150066131060866e-08
1.074609814825574220e-08
-4.331847658909811806e-12
3.068826817130160986e-12
2.248838136839365896e-11
-1.593716478047768543e-10
6.253324848361944642e-11
1.501804050445423704e-10
-6.520368729703138861e-11
1.858831643260414259e-11
-3.375321587447553748e-11
3.275748250287400280e-11
8.490677068635126555e-12
1.509731616018968691e-12
1.655455133983184075e-10
3.156759753934943140e-10
6.346098863819837531e-11
1.152817021541656883e-11
1.728024858252433534e-12
9.308914047809278063e-12
4.587818485877297244e-11
-1.450148660127323967e-12
4.083378053611023763e-11
-1.223461184010996441e-11
-1.028256132776109831e-11
-2.022557861719631383e-11
-1.613051003307300241e-14
-6.946300098173542449e-12
3.936600782447065505e-12
5.012087175799117346e-12
-6.277022022063969473e-13
1.899779709686146717e-11
-1.371918437330982667e-11
-2.713256739103030212e-11
9.717456866826085014e-12
6.494537265023159308e-12
-8.890818370028351437e-12
-5.081197661834213777e-12
-1.246177706539716552e-11
-4.405669478472504300e-10
1.630119611749014749e-09
2.139547666523943700e-10
1.128843790871263813e-10
-1.025520422581096191e-12
-5.606986720107255404e-13
7.082408279298993074e-12
-1.121412281549081276e-11
-2.770913033825106433e-12
-6.593792328250438980e-13
4.253507919887314623e-11
-2.240371227078142226e-12
-7.082529998899601503e-12
-2.859842098171256803e-12
-2.812588273786103412e-13
-8.538744029614412432e-12
4.237629587965467771e-12
8.776745318633037612e-12
-5.961382660488407531e-12
-1.054085370083713099e-11
3.785821716714415243e-12
3.663519066620362769e-14
-6.950151638770973474e-12
2.160654122660465086e-12
3.070626008623070035e-13
-1.389163213867143706e-11
9.656621251810034373e-12
1.961255496333356633e-12
-6.754352050705821205e-14
2.682651915644899873e-12
-1.721693488273732448e-12
2.080613475046990507e-12
-1.021923433828907330e-12
1.369236492569835738e-12
1.324072894458790171e-13
-2.304798937450011539e-12
-1.748384078207783593e-12
-8.670779621878050652e-13
-1.502421527623421130e-12
4.370609021553848449e-14
4.494934033958210485e-15
3.241400566983926808e-13
-3.694219680516624923e-13
-1.235085804496924526e-12
-7.465424128460011551e-15
-4.050818227562390599e-14
3.970353598513150118e-12
1.653093006118543811e-13
2.878072844672373328e-12
4.274056916630937253e-13
-6.010065217853256420e-14
4.718680645935530138e-14
6.852973335032603777e-14
2.591103835259927241e-14
-2.425340415500093171e-14
-3.251700205295623895e-14
-9.471402458797871815e-15
7.826837516384547570e-14
-1.676865105488083610e-14
4.135623083994600893e-15
-1.482630384253027952e-13
-3.617171364867005423e-14
1.232235803865334312e-14
3.996958089689936107e-12
-9.662878246314171562e-12
1.215023994874010912e-12
4.531702025003825028e-13
-2.517155640177407903e-13
2.790121901582246203e-14
3.227797106200545449e-13
5.729545194151889274e-14
-5.062402827954496825e-13
3.003237255560912067e-13
-9.571901196807452084e-15
-9.870120398184027940e-14
2.184778448841976269e-14
1.497313742887078711e-13
-1.611687354098272410e-13
3.528388810961523825e-13
6.784201764079208018e-14
2.439346544207065337e-15
-1.923051484637493258e-14
1.067803099839055539e-13
4.766822821383014279e-14
1.177594803686910070e-13
-1.735749858538960537e-13
1.836035637462311685e-14
1.623324254585978500e-13
-3.875987903300529026e-14
4.459484220035241403e-14
-2.182350635924141810e-15
8.929020351830039783e-15
5.526872814803654394e-16
-1.367880027721047771e-13
2.623604364947471130e-14
1.059397154538651850e-13
1.050263015388880107e-14
1.404272636514186944e-10
8.228579275566307606e-10
5.601414727644446221e-09
-5.812748760426257408e-09
-1.216793107631529679e-11
3.143385135386771900e-11
1.409636756721784741e-10
6.451192060474643584e-11
1.270051023833605894e-10
5.549940421804891373e-11
-7.415492139023763182e-12
1.440217373408999634e-11
-1.318591655016248449e-11
7.220987775744813375e-13
-8.323871841457301120e-12
-1.687514271180559104e-11
-2.061831621946367893e-11
-2.258183475760702315e-11
-1.091138752705855185e-10
-2.485087098595091293e-12
1.212821492001382927e-12
-2.395671613944316067e-12
-1.193338008936030924e-11
8.216952917676292816e-12
1.328852544789753905e-12
1.772169178153294929e-11
1.000091823779395280e-11
-1.733065445057289166e-11
2.073513557235714669e-14
3.529937891277178696e-12
-1.653312278871349509e-12
4.243830370359451248e-12
1.397215558510238346e-11
-6.688102330869850408e-12
2.716782177112866414e-11
-1.012880859757816252e-11
-2.903905539606526806e-11
-2.384716318094524852e-12
1.401876076592682386e-11
-4.222100932761353295e-11
1.178770916414182991e-11
-2.161453316458902270e-10
6.875573753134907427e-10
1.713624788903518135e-10
7.970373317508447008e-11
-4.321916910969349594e-12
1.727511262805000383e-13
-1.661983325041006079e-11
-1.961340306176366725e-11
2.345894962916066043e-12
9.373434316566881991e-13
6.916447959063745235e-12
-1.772633036600769883e-13
5.240749164361939313e-12
-3.015219687895642316e-12
-4.234638570273697637e-14
-2.941097479137065695e-12
-3.624228186410842302e-13
-1.444204761525723661e-11
-9.728063677516644660e-12
1.368891389792579282e-11
4.007836827864550897e-12
-3.610148999728247590e-13
1.865098823192471914e-11
-1.028718534466328399e-11
4.623096534149981710e-13
6.491403800716034841e-13
-2.516663619887478528e-12
-6.121368404263685587e-13
-2.407718936682940290e-13
-3.079268028814546763e-12
-1.406323755233051873e-12
-4.096733550061227201e-12
2.370961733448235120e-12
-8.348975485573676546e-12
2.538073592732308709e-12
4.619924256485184858e-12
1.425807180467050880e-12
6.995805445096908178e-13
4.672835575616569018e-12
-2.308783369025813449e-13
-6.092391748129589555e-15
1.233729408276488594e-12
7.553768255501953103e-13
-2.807571454164419741e-12
6.932452165845928359e-15
-6.280696558327682079e-14
-3.273580883844701777e-12
6.446836887543070587e-13
-1.833218199831205788e-12
-2.692622216894380299e-13
-4.126859476981099785e-15
-1.029958182324353020e-13
9.103294549344631504e-14
1.665397095941787538e-13
-3.064014893835028134e-13
4.707424874262294577e-13
-2.486861218633045062e-14
4.563738281043940612e-14
-2.398314821496645877e-14
-5.606837710311887033e-16
-6.222001075962809514e-13
1.320071413150160534e-13
3.801060430600440100e-15
1.894958218762229810e-12
-3.435019234865914428e-12
-2.765519881575388383e-12
-5.655754892717037617e-13
6.066062761789379034e-13
4.125756953687433682e-13
-3.869786799142769147e-13
1.457782243025213692e-13
4.776267673287009597e-13
4.274048354483225506e-15
9.059078348535216226e-14
6.717239175450195916e-14
-1.356129469880012065e-13
-3.379763503514101471e-13
-3.145174268404300964e-13
8.580880721000328899e-14
1.011498919950099662e-14
-1.086135610454795099e-13
-1.012719123705595880e-13
-1.491335780274366239e-13
-9.893052461656086746e-14
-1.246293804756584236e-15
3.243835386396722087e-14
1.113127654049712327e-13
-2.246258991915377672e-14
-1.494035112036925238e-13
-4.800536251832651430e-14
4.590169363567433418e-13
-1.041130971906419877e-14
-4.357635975396127095e-14
6.692308170215312225e-13
-1.774849324075574643e-13
-4.302351717149029206e-13
-1.191696256151523201e-14
2.125073801749660037e-10
1.415863288440091100e-09
1.265601442399203677e-08
-1.280271989286147163e-08
-3.210926215425543720e-12
6.611045654236018271e-12
-1.933906254113213848e-10
8.515889188110410897e-11
-3.597795554353009432e-12
-1.168781197297411091e-10
-1.155773943888172918e-10
-2.355854589915398939e-11
-1.241788524989837775e-11
-1.709114075623283524e-11
2.914597169898391951e-12
2.599499451433169642e-12
-5.145688499448816035e-11
-1.295288630575390328e-10
-9.162234526984324717e-13
-1.025635213451711566e-11
2.207550243375929084e-13
5.704238860706176372e-11
-3.388664300367796126e-11
6.954022451010960605e-12
-4.550254245382221774e-12
1.489523198084907455e-11
1.051950965488580618e-11
-5.708854914832633033e-12
1.497092106448629902e-14
5.122691620183658877e-12
-2.151563541832903512e-12
-1.159333391840717713e-12
-5.260593606949692779e-12
7.262829200570858025e-12
1.653152834660844498e-11
1.459694478441609552e-11
-1.052114956229706166e-11
-8.959249543320463603e-13
5.177162035090089751e-12
1.796114297293749304e-11
1.298857658923177332e-11
4.532415991046840257e-11
-1.230481290371515281e-10
-1.219257645739929022e-10
-7.110849765791461035e-11
1.348111258821578222e-12
-5.505038149009319475e-14
-1.049838475918118000e-12
6.059811115229603167e-12
6.867967730117259323e-12
7.481842033684594407e-13
5.210585554168527594e-12
-2.922629991023055964e-13
1.718869052155786584e-11
8.597623969746839821e-12
-5.730083358760076211e-13
5.755327416071640672e-12
-3.652494449944996189e-12
-4.189268953702703043e-13
1.243525205751679088e-11
1.021923691906434845e-11
1.841641328645339545e-13
-2.967799471907807485e-14
1.241500335653236346e-11
-2.582774669123772121e-12
2.426798152239922034e-14
1.665825546346725641e-11
-6.982709975394886882e-12
-1.502513223357179389e-12
-4.009092767083171812e-13
2.162690152811567144e-12
2.592909983325289422e-12
-4.858516977363112891e-12
-1.051288704265471044e-12
-2.314629134752348455e-12
6.658471449475252886e-13
1.329566834606067581e-12
2.314615519239206776e-12
5.677204270827357402e-13
-1.487349416852784511e-12
4.350344040954063827e-14
-6.234678595288400475e-15
-7.225225072158210793e-13
2.867130988499984909e-13
2.052906362608415090e-12
6.025912517567894965e-15
4.091226558258823852e-14
-5.918369203886463979e-12
3.080772712270164009e-13
-3.818957567982510209e-12
-3.850094509816486431e-13
4.164425843047683630e-14
-7.184742428713176435e-14
-1.190244827710376925e-13
-1.484340319053140082e-13
1.022003493047565973e-13
-6.106995348700391690e-13
-8.359877942423582697e-15
-1.039884369009289699e-13
2.076551072707134593e-14
-7.718132110864018309e-15
8.401865694214099580e-13
-8.603053145610498610e-14
-1.363138127135018909e-14
-1.783451465553369892e-12
3.538601680186327570e-12
2.366411213146794760e-13
-1.709744008488269487e-13
-1.976173760219212649e-14
-2.571028640062998047e-13
-3.432914402059327705e-13
-1.936471808567459991e-14
4.103052243181111737e-13
-1.474912704001178461e-13
-9.253475768173673064e-14
2.023019416668852923e-13
1.207412944690959028e-13
1.033949700498586124e-13
4.839508160875023472e-13
-9.475451818710175393e-13
1.889153379582101988e-13
-1.357505723359902738e-13
-2.867828495339621516e-14
-4.199600311227436751e-14
-4.078166471190756907e-14
-1.127933808169375143e-13
1.093909531308303852e-13
-3.571326503582965755e-14
-9.627804256525828802e-14
-4.273270441078027372e-15
-3.751195011437138126e-14
-3.384574905245483649e-14
-1.020365326096412397e-14
-4.431960673750999895e-15
-2.896148875953644699e-14
4.880960323920299763e-15
2.152616405436247848e-14
-3.179745512794030220e-15
3.047436864214139174e-01
3.226579280141714801e-01
9.744362925028385389e-04
-3.284794209516876673e-02
-3.002161430272725848e-02
1.890400471710654891e-03
-4.589145224566723059e-03
-4.614202939452140620e-03
3.073111851650914272e-02
2.284020027885638737e-02
3.345793569723545802e-02
2.400163420156578922e-02
1.479652115792386320e-02
2.193893473527503205e-02
5.663250057438903862e-02
5.893295683180282962e-02
5.198345800877268719e-01
3.297555519595455481e-02
3.163980374125868050e-02
9.126404799007550514e-03
9.773062764426854176e-03
1.228342649455786001e-02
7.044835480619612844e-03
8.522022833174010444e-04
1.407934945210848575e-02
1.114673721074490448e-02
-1.221661375264297515e-02
-6.169771131638435505e-03
1.032811582616243893e-03
3.124768343333507448e-03
2.978350067086829849e-03
8.478486530177578194e-06
-7.686394409763671817e-04
-1.671940579137783317e-03
1.948384499382142679e-03
1.954611600845165050e-03
4.828084457645151332e-04
1.241143965479067895e-03
4.332251868698852072e-03
6.621534921024669826e-03
1.193035435690365832e-02
9.786964548498451946e-03
9.889697727556002668e-03
9.646129570994876196e-03
1.358042190391765998e-02
4.752798164627100932e-03
-2.994245390802214787e-03
-9.583126546512759335e-05
1.126889926271066418e-03
3.409044252845408463e-02
1.242992944409139922e-03
8.781526810705542196e-04
1.838079076397417530e-03
4.674329790125471285e-02
1.220589911204416310e-02
1.000347646482765973e-02
1.014248434998037823e-02
4.009726436027196035e-03
1.104873317480819335e-03
-6.043802516125200766e-03
-7.451875575528531248e-03
1.327179661072641723e-04
1.424542088143467428e-05
-1.699284035797581441e-04
6.788441215431894205e-04
3.389412201364216167e-03
5.901592477817916085e-03
4.577235386023064094e-06
4.424573031156861166e-03
2.516536547681815904e-03
4.655525956468673057e-09
5.593551924387726946e-04
2.191404534188449646e-03
2.343741213558573049e-03
2.786195149829715466e-04
1.392661473960323822e-05
1.709103832197174085e-04
1.762421484530703013e-03
1.870546984843305055e-03
4.166583464145828721e-04
2.152709032263835421e-04
1.931101095874511735e-04
6.369228232351691326e-05
3.094192383681909761e-05
6.589233575456720040e-05
6.435938700054650251e-05
2.152832502428118997e-03
1.604923429762372677e-03
1.739408506114355137e-04
3.016089027159297607e-04
2.777930109075403076e-04
3.434945815608578625e-04
2.746034627295195708e-05
1.519910578034700408e-05
1.677884296732622361e-06
-3.455899002792414783e-06
1.665867855164757455e-05
3.135600957792996980e-06
-7.987469384978364642e-06
2.023989734554722561e-06
2.871500691542983293e-06
5.674091116229489793e-07
4.417145857789546446e-07
-3.840728900626966894e-08
7.871401554468629509e-07
5.740912343125190566e-05
1.376945110450064158e-04
9.673933439523431821e-05
9.659887487874470920e-09
4.093872899240530191e-07
8.089491982067201411e-07
3.172752058540335743e-06
1.183831268026107679e-05
1.845239642893062228e-05
3.668223217226003773e-06
-8.633327984879929029e-06
4.423341072434540905e-07
6.856273198750864510e-06
1.862687394150663045e-05
3.843060704374630248e-06
4.045567834188114521e-05
3.870371746647622961e-05
3.517270803446958187e-08
3.906765143219064101e-08
2.130586263441334042e-06
8.863488781993966898e-07
1.425419945224654711e-06
2.615466235227630742e-09
6.376093415423513265e-06
6.375948291025471302e-06
2.220084104951245858e-05
4.636646230861729803e-06
9.592375102509018042e-06
1.305640335359363397e-06
5.651083992564413990e-06
2.737732509917358561e-11
1.022974831731586315e-05
3.644446566638255351e-06
-3.258623890606940909e-01
-3.036288117163411515e-01
-9.757507972105156470e-04
4.584978494518282544e-02
4.777614838605680897e-02
-1.883663904513631577e-03
2.022371687704494338e-04
1.966209423987138867e-04
-3.432228445559007413e-02
-2.684418485845372834e-02
-3.341744546526326243e-02
-2.416045740058141503e-02
-2.172173285073434462e-02
-3.029045262290406756e-02
-5.878996099930521024e-02
-5.633525214924926805e-02
-5.194186247530526712e-01
-3.304224582558117768e-02
-3.159856832520564068e-02
-8.980790097629040916e-03
-9.938348707563883846e-03
-1.295351615163575429e-02
-1.094069052177559787e-02
-8.554620175379112033e-04
-1.134325314948561592e-02
-1.382953759194810624e-02
4.880792987888945243e-03
6.997641325769388652e-03
-1.031309610126463243e-03
-3.823454865092706673e-03
-2.351425953604059736e-03
-8.493530487552203041e-06
6.085920584407190914e-03
6.074797470863438353e-03
-1.957069092398843000e-03
-5.084463521837993393e-04
-1.236182878632497003e-03
-1.245126270057253081e-03
-7.196333491842144339e-03
-4.562120598833610541e-03
-1.193345784083890866e-02
-9.730969265569738846e-03
-1.016491426787035322e-02
-9.418539534262308083e-03
1.203071481851519868e-04
-3.364675814620268508e-03
-2.943420472708158618e-03
-2.632885791583628680e-03
-1.123606438623573310e-03
-3.403698807387595809e-02
-1.237926611273139181e-03
-1.266095800957578107e-03
-1.432070408489338840e-03
-4.663963046937812801e-02
-1.018157744838479699e-02
-1.183456432997038836e-02
-1.017080531777276621e-02
-3.094016506227923943e-03
-9.360027418123509271e-04
-2.612987580986832203e-03
-5.869644980097122634e-03
-1.326208307176793928e-04
-1.422880240728259982e-05
-4.275662146983429178e-04
6.540885802169504296e-05
-3.724446043856711411e-03
-5.250400468098186633e-03
-4.577710238737334872e-06
-1.712167380477997098e-03
-7.359460549904032860e-03
-4.527300357429791246e-09
-5.811024965454014831e-04
-2.212082293080162767e-03
-2.315352237761050553e-03
-2.785786218437183654e-04
-1.395539192640283021e-05
-1.710229970299511704e-04
-1.906729056391537292e-03
-1.725662277191487631e-03
-4.225223531035272027e-04
-2.096209152416616086e-04
-1.961754989815251912e-04
-6.373852711352652510e-05
-3.115234035643167355e-05
-6.499064293366367800e-05
-6.453707337430806266e-05
-1.785174995586638353e-03
-1.859956998387834277e-03
-1.748388228095565410e-04
-2.978453003839490838e-04
-3.001604300913255090e-04
-3.185223447606561238e-04
-3.294796538667159200e-05
-2.255620679876623068e-05
-5.800270748374797207e-06
5.922909037356019101e-06
-1.671593864535621951e-05
-8.443106411458985305e-06
-1.681384949423808914e-05
-2.066618811285539876e-06
-2.901087422054690335e-06
-3.063022025244188271e-07
-3.918220059137413359e-07
6.441149499703328016e-07
7.510292006634499170e-07
-5.714678139070422766e-05
-1.005533205824271523e-04
-1.183153822569939565e-04
-9.736756698799550798e-09
1.761430184790840143e-06
1.546891732042006944e-06
-3.176572123557039777e-06
-1.391043215783445484e-05
-1.549508084279474545e-05
1.876315766979577460e-06
-1.905415977045987367e-05
-4.447924040281508090e-07
-6.879809156849737884e-06
-4.544654648745872332e-06
-1.354660335107658958e-05
-3.896929374054210904e-05
-3.958847281031822174e-05
-4.573764777973799176e-08
-3.114573835307157795e-08
-1.969500765840745074e-06
-1.626782290820084761e-06
-1.413627027072337674e-06
-2.627950171578503325e-09
-7.084896112589424822e-06
-6.013749462032668130e-06
-2.229457118328917041e-05
-4.613517194395135226e-06
-9.596372582530036794e-06
8.170898629234553574e-06
8.855043397199500514e-06
-2.729261510007167480e-11
-4.800619147825188324e-06
-6.137716138956626733e-06
1.141997191559949833e-10
2.378688502535197136e-10
-1.635088421727441163e-09
1.661924072401508929e-09
5.171713583160998766e-11
-9.788123113370674923e-11
6.322593246656276832e-10
6.639815081545146587e-11
6.848967508258725098e-11
6.666075642853808286e-11
5.612624635698233231e-12
1.946562307732143328e-11
6.484139590641375532e-12
-7.044018934414244227e-12
-1.264195455053738635e-11
1.543341087862392094e-11
2.410385189164234805e-11
1.300051267646098820e-11
-9.772055272318729308e-11
-2.083215128669359966e-11
1.962829238601213818e-13
3.797920460943875824e-11
-1.849968909063072775e-11
6.873460324355633030e-12
4.312876776517295310e-11
6.235853500288120509e-12
7.415312070650890550e-12
5.297839664710578329e-11
3.923229173452220157e-14
-1.075494963462935301e-12
-2.692593529728529055e-12
-1.042444491399906894e-11
2.033808291741426121e-11
1.421811520729962622e-11
8.901755410076932324e-12
-5.305239775720813255e-11
-1.183376375003393460e-11
8.271711793213585012e-14
2.676152446807895337e-12
4.825220074852365098e-11
-8.033811770673759255e-12
-3.524571295534739219e-10
1.134601217256078175e-09
2.086585016304238524e-10
8.900421145714248739e-11
-4.800756157828313757e-12
2.533798383629368212e-13
-1.787920553604132632e-11
-1.061316140756990661e-11
3.971521602165256466e-12
3.214254024181781516e-13
3.177049066755865438e-11
-8.544284196967731591e-13
1.324563635302639133e-11
4.488628350161727023e-12
-1.678852372423547687e-12
6.652984443390839765e-12
-9.756324144930112430e-13
-1.449706117478377214e-11
-4.160681484188862700e-12
1.033967719710469602e-11
3.599600546489307796e-12
7.360058494247491111e-14
1.462729325321553400e-11
-5.754817793843063926e-12
3.818194005170205881e-13
6.136102812430456733e-12
7.054754943374277472e-13
1.268129830658177236e-13
-1.432098573429154241e-12
5.133506214825133857e-12
-7.292885814763098345e-13
-7.478730791809374340e-12
2.671039639770110847e-12
-9.734041670870644254e-12
1.360561011680164240e-12
3.339004197252532329e-12
1.183817337126303363e-12
2.669406850637458107e-13
3.446621075631406514e-12
-1.132628760613999738e-13
-6.157678857068315701e-15
1.256266023885979349e-12
-2.923294878176132066e-13
-1.319501855347058088e-12
-2.813562371318190631e-14
-5.991477014311931684e-14
-5.379824343073307971e-12
2.689766423762154318e-13
-2.463672507280809796e-12
-5.211200807407193274e-13
4.101196960746560190e-14
-1.585481702611763510e-13
4.089605611045176454e-14
1.687817875040720224e-13
-4.134836333342615369e-14
-1.758215066999097281e-13
-4.302875840133964692e-14
3.188652352072761203e-14
-1.367782765728469152e-14
2.301364408259945192e-15
-8.576463480005730911e-13
1.516554786065753457e-13
-3.373987873774361221e-15
2.149369842325779838e-12
-4.084000606023733096e-12
-2.486144063010855184e-12
-7.170268826257175216e-13
4.357343289006177119e-13
3.604314403979950470e-13
-2.502049848063195411e-13
1.280789941648693669e-13
4.182558125179227511e-13
-2.309057044855204812e-14
2.358944030693590817e-14
4.823331542542309000e-14
1.208535365575182986e-13
-4.751437061810900104e-13
-6.826905963124256335e-13
4.963240148394892624e-13
1.693438296827167037e-14
-2.157173148064824474e-13
-7.004993367732437437e-14
-1.100409302206531045e-13
-1.122540341949264383e-16
-9.262574061507402959e-14
4.595677413582238587e-14
4.863457712523192082e-14
-8.293851141114209324e-14
-5.312554371380365927e-14
-2.361013595694008807e-14
4.467071146974348031e-13
-3.989608596361823217e-15
-3.184975281665578037e-14
5.450923756222782314e-13
-1.517321660225259315e-13
-3.359029870847734780e-13
-1.629114198763660461e-14
-3.051373018252028779e-01
-3.255433086182837332e-01
-9.748326173369556641e-04
-1.107684282776712692e-03
1.698913221611662644e-03
-1.881976418054617014e-03
2.653302479471627076e-02
2.652759469048218341e-02
-2.434480227528905069e-02
-3.405990822348999025e-02
-3.338234762102344766e-02
-2.391722485464987252e-02
-1.559891894610854202e-02
-1.725032038687748098e-02
-5.705559922264172995e-02
-5.894207809062011055e-02
-5.194012552743303424e-01
-3.297507100393370222e-02
-3.162073032379859872e-02
-9.528814218563977714e-03
-9.341900995928220305e-03
-3.832483751344840754e-03
-1.777906155319217488e-02
-8.538427690981858012e-04
-1.203070616704967136e-02
-1.254062090166326027e-02
3.311946020089329146e-03
1.757995827911051825e-03
-1.033306148699634748e-03
-2.715737350190926356e-03
-3.481825715986787678e-03
-8.451257965306523188e-06
1.573846234618104948e-03
2.486262136357734066e-03
-1.960582647438817178e-03
-1.098057815085448077e-03
-1.510772310925887103e-03
-1.240506405246714601e-03
-6.018021969598887425e-03
-4.544146642221877884e-03
-1.192593002755160288e-02
-9.777250442286864601e-03
-1.027670966302912138e-02
-9.351953922888565571e-03
9.390518189176642492e-04
-4.984271105749666156e-03
-6.997846625812895703e-03
8.479609407237786393e-04
-1.127951606141453520e-03
-3.384439340783854805e-02
-1.249050663285047142e-03
-1.599100689497623060e-03
-1.117428439704910891e-03
-4.658586441487958668e-02
-1.107455993641470564e-02
-1.079570698695277858e-02
-1.012868899546870427e-02
-4.260716598059215328e-03
-9.885908395314093634e-04
6.204558919624190809e-04
-1.621381189212079202e-02
-1.335044377885786647e-04
-1.426446015347265386e-05
6.003512592509716549e-04
1.167252344059388643e-04
-4.532497661841304766e-03
-4.591599848291170842e-03
-4.585498572267011765e-06
-1.797232309113864883e-03
-4.626612717151382115e-03
-4.704403217098489757e-09
-5.642213771725011892e-04
-2.310649640925399248e-03
-2.208303799460739365e-03
-2.792221763910129927e-04
-1.378424253957897193e-05
-1.716182035715764346e-04
-1.792401839790820758e-03
-1.840573900577466195e-03
-4.106857614318890461e-04
-1.972478652589261441e-04
-2.106028759372638849e-04
-6.360071406989262622e-05
-3.104985629676105792e-05
-6.538957408665189443e-05
-6.494913397166434668e-05
-1.403105355665584851e-03
-2.345524117341736027e-03
-1.747480717058979346e-04
-3.021638698761570951e-04
-2.910776567411194862e-04
-3.233855263796424372e-04
-4.010745060939415916e-05
-1.523919561217730379e-05
-1.445785419534085629e-05
2.678287181723331992e-08
-1.663984278770328109e-05
-4.979928226003820822e-07
-3.307997544607031151e-05
-2.024089772862528126e-06
-2.886105808753540509e-06
1.675158060274843957e-06
1.724274906902188321e-06
4.340490974083525248e-07
7.008678029972448398e-07
-5.739950894130736882e-05
-1.038531535221569248e-04
-1.234030886826086579e-04
-9.753073596170143856e-09
-5.349308196191779537e-07
-8.392876468221604905e-07
-3.165328741472890839e-06
-1.381184872358548810e-05
-1.625748713503565523e-05
-7.794773968310756811e-06
1.347562531861439655e-06
-4.450382541050313834e-07
-6.848414945764772333e-06
-4.388632311836061121e-06
-1.019168870840027928e-05
-3.911166063941380556e-05
-4.087950556206541652e-05
-5.945296856072688361e-08
-2.360887013904234237e-08
-1.094982476711104763e-06
-1.804251305954386004e-06
-1.425705218200872425e-06
-2.616832079946215590e-09
-5.453151665818510854e-06
-7.530762557325237340e-06
-2.227264008695941129e-05
-4.660250136076859393e-06
-9.608154639400870266e-06
6.572211102932097270e-06
8.335957688033599400e-06
-2.731689838563240140e-11
-4.083424837400470338e-06
-7.299839012394644119e-06
3.112028039142061275e-01
3.165241338676825222e-01
9.762002853082078161e-04
-1.728264413351155359e-04
-6.746414507500167598e-04
1.888401531459401933e-03
-1.347042702623202533e-02
-1.348680437371670322e-02
3.286613292257759000e-02
3.057180441729277082e-02
3.316022555325911364e-02
2.392066625332285937e-02
2.855068138199024289e-02
1.949994223268695925e-02
5.766627761925395557e-02
5.788080495784291707e-02
5.195209512621378201e-01
3.292941499020247270e-02
3.170730243536044879e-02
9.434718122667190565e-03
9.446563384807914535e-03
5.666744342500265597e-03
2.605911005486778384e-03
8.560568953635977214e-04
1.427633348922036256e-02
9.564089950881933533e-03
-9.900172863191471911e-03
-6.071588395213893020e-03
1.034074853793975034e-03
3.111044710520357269e-03
2.531968963965629434e-03
8.449547660800813578e-06
-3.219274418469553114e-03
-2.999921695530106611e-03
1.971879381908214421e-03
1.321428903834452303e-03
5.872480045382582909e-04
1.245277289797561311e-03
6.202670063540412920e-03
4.751826957177482033e-03
1.193828516685817819e-02
9.770617513029650550e-03
9.856288729423644257e-03
9.893926422341327645e-03
1.902465738103252188e-02
1.620459279125809580e-03
2.772310761530177078e-03
2.990838896271552205e-03
1.133175827240977696e-03
3.404361048114072641e-02
1.251973983744416197e-03
1.322591637487396336e-03
1.318248828984579495e-03
4.646618966429563041e-02
1.032763595218500093e-02
1.168268906572104450e-02
1.011522487735814699e-02
3.879741759163148930e-03
1.185582260899548188e-03
9.839366089468468655e-04
5.994781557299259933e-03
1.334389168726855411e-04
1.433263038934339120e-05
1.980904590432532594e-06
2.389216230356891327e-04
4.604029730386510755e-03
4.646054240275605124e-03
4.568940888521179036e-06
2.850805862545790093e-03
4.214469141483264542e-03
4.827724939280518754e-09
5.602094998791361203e-04
2.234051918302937950e-03
2.275012499545485140e-03
2.828058131359273658e-04
1.373388791379957921e-05
1.715659438396322520e-04
1.841791736711971767e-03
1.791438720190878736e-03
4.087658195596198291e-04
2.071172196501926902e-04
2.051276263300525361e-04
6.360295989888342053e-05
3.100016564690226986e-05
6.464950665348191542e-05
6.407758851743571558e-05
1.727702714514139926e-03
2.036501154290449797e-03
1.747071606507054049e-04
2.983009654568578384e-04
2.894176101856648915e-04
3.284787126624300947e-04
4.434354490548570186e-05
1.802263749769385297e-05
9.936624910878494099e-06
-1.000354317774129639e-06
1.667449562001926489e-05
9.433352064844796077e-07
2.022070296704809333e-05
2.097822925646453530e-06
2.947317682970410191e-06
5.537609300689636248e-08
9.027703383358343611e-08
1.055489206305800191e-07
8.318449224678272851e-08
5.729066105443099806e-05
1.021587914132889545e-04
1.276987729572543373e-04
9.702658475407503088e-09
-1.013807730386763523e-06
-1.048831190658428652e-06
3.181426063416718968e-06
1.317285706644553808e-05
1.617011357782617307e-05
2.923045708241545852e-06
1.445740677448747854e-05
4.500054301836887130e-07
6.840999082970172134e-06
6.381016489232506701e-06
1.247667186871312078e-05
4.032395982897708813e-05
4.024999482945640318e-05
3.443808948612290121e-08
3.945040007246122780e-08
1.752862852363974408e-06
1.943936912456587813e-06
1.426671385446558838e-06
2.625065723110155960e-09
5.918266394389358610e-06
6.624588542399518556e-06
2.223572863576265342e-05
4.566440995910920165e-06
9.623224877904139026e-06
-6.538018730992431117e-06
-5.124009652621585232e-06
2.726828620700308812e-11
4.397361250612214521e-06
7.479518836784062250e-06
