# (3726,)
0.000000000000000000e+00
0.000000000000000000e+00
0.000000000000000000e+00
0.000000000000000000e+00
0.000000000000000000e+00
0.000000000000000000e+00
0.000000000000000000e+00
0.000000000000000000e+00
0.000000000000000000e+00
0.000000000000000000e+00
0.000000000000000000e+00
0.000000000000000000e+00
0.000000000000000000e+00
0.000000000000000000e+00
0.000000000000000000e+00
0.000000000000000000e+00
0.000000000000000000e+00
0.000000000000000000e+00
0.000000000000000000e+00
0.000000000000000000e+00
0.000000000000000000e+00
0.000000000000000000e+00
0.000000000000000000e+00
0.000000000000000000e+00
0.000000000000000000e+00
0.000000000000000000e+00
0.000000000000000000e+00
0.000000000000000000e+00
0.000000000000000000e+00
0.000000000000000000e+00
0.000000000000000000e+00
0.000000000000000000e+00
0.000000000000000000e+00
0.000000000000000000e+00
0.000000000000000000e+00
0.000000000000000000e+00
0.000000000000000000e+00
0.000000000000000000e+00
0.000000000000000000e+00
0.000000000000000000e+00
0.000000000000000000e+00
0.000000000000000000e+00
0.000000000000000000e+00
0.000000000000000000e+00
0.000000000000000000e+00
0.000000000000000000e+00
0.000000000000000000e+00
0.000000000000000000e+00
0.000000000000000000e+00
0.000000000000000000e+00
0.000000000000000000e+00
0.000000000000000000e+00
0.000000000000000000e+00
0.000000000000000000e+00
0.000000000000000000e+00
0.000000000000000000e+00
0.000000000000000000e+00
0.000000000000000000e+00
0.000000000000000000e+00
0.000000000000000000e+00
0.000000000000000000e+00
0.000000000000000000e+00
0.000000000000000000e+00
0.000000000000000000e+00
0.000000000000000000e+00
0.000000000000000000e+00
0.000000000000000000e+00
0.000000000000000000e+00
0.000000000000000000e+00
0.000000000000000000e+00
0.000000000000000000e+00
0.000000000000000000e+00
0.000000000000000000e+00
0.000000000000000000e+00
0.000000000000000000e+00
0.000000000000000000e+00
0.000000000000000000e+00
0.000000000000000000e+00
0.000000000000000000e+00
0.000000000000000000e+00
0.000000000000000000e+00
0.000000000000000000e+00
0.000000000000000000e+00
0.000000000000000000e+00
0.000000000000000000e+00
0.000000000000000000e+00
0.000000000000000000e+00
0.000000000000000000e+00
0.000000000000000000e+00
0.000000000000000000e+00
0.000000000000000000e+00
0.000000000000000000e+00
0.000000000000000000e+00
0.000000000000000000e+00
0.000000000000000000e+00
0.000000000000000000e+00
0.000000000000000000e+00
0.000000000000000000e+00
0.000000000000000000e+00
0.000000000000000000e+00
0.000000000000000000e+00
0.000000000000000000e+00
0.000000000000000000e+00
0.000000000000000000e+00
0.000000000000000000e+00
0.000000000000000000e+00
0.000000000000000000e+00
0.000000000000000000e+00
0.000000000000000000e+00
0.000000000000000000e+00
0.000000000000000000e+00
0.000000000000000000e+00
0.000000000000000000e+00
0.000000000000000000e+00
0.000000000000000000e+00
0.000000000000000000e+00
0.000000000000000000e+00
0.000000000000000000e+00
0.000000000000000000e+00
0.000000000000000000e+00
0.000000000000000000e+00
0.000000000000000000e+00
0.000000000000000000e+00
0.000000000000000000e+00
0.000000000000000000e+00
0.000000000000000000e+00
0.000000000000000000e+00
0.000000000000000000e+00
0.000000000000000000e+00
0.000000000000000000e+00
0.000000000000000000e+00
0.000000000000000000e+00
0.000000000000000000e+00
0.000000000000000000e+00
0.000000000000000000e+00
0.000000000000000000e+00
0.000000000000000000e+00
0.000000000000000000e+00
2.100755313173001679e-06
-3.522298150220861294e-06
1.003341721196182053e-05
-2.029190125884995327e-06
-9.219415121475066993e-07
-3.129008274079216822e-06
1.834899220970857229e-06
1.782883422488098196e-06
4.155064819190019774e-06
-1.520368983174182709e-06
-5.199986324775038241e-07
1.605534212846367322e-06
-1.769119808046050549e-05
1.700413663120040118e-05
-7.226613916855449550e-07
3.138707661164907837e-09
-6.157853338117632844e-07
-2.743374708066206225e-06
7.372135314839563908e-06
-5.672609464921791373e-06
3.538482736612311260e-07
-7.912675570323067858e-07
6.413555023962414396e-07
-2.403292021999966540e-06
1.866764705615595848e-06
1.305058977398196074e-06
2.643729488939433249e-06
-1.082112146701559269e-06
3.491993045467661136e-07
-1.581080490661992616e-06
-1.608772760723092577e-07
5.178875267949135404e-07
7.909314336151901953e-07
1.125512723588024198e-06
-1.876859189677312382e-06
7.538143595962364257e-07
-3.312183723960015558e-07
6.555747786607706216e-07
2.083369735680756401e-06
-2.433283604208367020e-06
-1.777769076761008705e-06
2.603338616213333214e-07
-5.795900176049090286e-07
-1.733845968385543897e-07
-1.913816989040145766e-08
3.094974145971092603e-07
-3.083967716312502668e-07
8.515343727585431834e-07
5.055623223862785637e-09
9.368749824669146740e-08
-1.964119637909082235e-07
1.879935173637485464e-06
-4.722867774779086522e-07
-1.076945440096946197e-06
-9.555453174649399147e-08
7.500661153365513178e-07
-1.553769859894750377e-07
-1.432471712196585896e-07
7.285678995843442278e-07
3.620520741831035842e-07
-6.066585203345454419e-07
-1.118771615038297470e-07
7.655905024557418782e-08
2.516743358550337874e-07
7.745660866504277823e-07
-2.550750533953769073e-07
-9.817033994829880375e-08
-1.631736220222557455e-07
-1.580098501799483730e-07
9.194606968720730008e-08
2.416239500662996804e-05
-1.969979197881669833e-06
-1.556071249404704140e-05
-2.995569329339932722e-08
-6.097811790726315004e-08
-3.110385040930675838e-08
1.893118904338190076e-07
-1.871610370536571213e-07
-1.494513452261655924e-07
5.660950123419031336e-07
-3.584150575882885408e-07
-4.300253994210215703e-06
3.865103936051849790e-06
1.440585167304066301e-06
2.323239795875143206e-07
-7.417444307056056288e-08
-2.500229357526183245e-08
-4.343370058332850980e-08
1.830502142230081347e-08
2.489870355844643796e-07
1.372713983779532743e-07
-7.571448940179635113e-08
-1.172467884493450124e-07
-6.677446057776207392e-08
-9.039595755795434063e-08
9.482340791449932881e-08
1.989923040723149121e-07
-4.288360022479371018e-08
-3.467415971694393089e-09
5.435784882257885687e-09
1.015834363826934135e-07
3.936486669650343903e-07
-1.202333656767067076e-07
-5.420272048212359889e-07
-7.063957576946252634e-08
9.474672384214562905e-08
-7.542223729310848356e-08
2.391837165424607394e-07
1.240190887262683848e-07
-2.984975809482683554e-08
-1.223456075666136701e-07
1.393886465850172724e-07
-3.794995384390626468e-08
5.804265466085900434e-08
-2.482548132744001612e-06
2.292889208807648799e-06
-9.984158827031287269e-08
2.462814491482516978e-09
-4.207678236280640970e-08
-6.668361301375604252e-08
-5.408788492640756804e-08
1.547429228344588818e-08
1.560837891813969617e-07
-3.205578127868565739e-08
8.408066997745340337e-08
-8.236258414475805722e-08
1.097247561369357003e-07
2.061602485400369273e-08
-5.072176896364988380e-08
-1.009702055839227286e-07
-2.267873615608060325e-08
8.748031429234578588e-08
5.662719721275211884e-08
-9.381932917603773597e-08
-1.153889284238680505e-07
-1.165104350350194179e-07
1.870397831889509413e-07
5.559974405913217012e-08
-2.100734681437321395e-06
3.522242975115726788e-06
-1.003343322305768323e-05
2.029181079009472011e-06
9.219507040205671575e-07
3.129027737402613558e-06
-1.834887377681550928e-06
-1.782876505129683618e-06
-4.155061770554429075e-06
1.520368303871197513e-06
5.200060755089839098e-07
-1.605701253589266347e-06
1.769151969582983470e-05
-1.700430606272942935e-05
7.226483693983060090e-07
-3.140103453519723617e-09
6.157795354863134645e-07
2.743304785107918298e-06
-7.372052038208624197e-06
5.672610382996431223e-06
-3.538456553968920279e-07
7.912630410076140049e-07
-6.413535625934051435e-07
2.403296188478089611e-06
-1.866810370324528806e-06
-1.305018983426785106e-06
-2.643752118108189136e-06
1.082147606629918163e-06
-3.492011368942104804e-07
1.581127678547502422e-06
1.608087745725739385e-07
-5.178820783951447310e-07
-7.909436283140677389e-07
-1.125503317472867077e-06
1.876849669075978900e-06
-7.538053766844334387e-07
3.312203455431484472e-07
-6.555745644026117789e-07
-2.083365218269570424e-06
2.433283229662798307e-06
1.777759718964190033e-06
-2.603344178836435485e-07
5.795978875043158862e-07
1.733752977596830396e-07
1.916752917167974999e-08
-3.095182068206789320e-07
3.083915889703492586e-07
-8.515324296851018727e-07
-5.055329814591385452e-09
-9.368643467810921488e-08
1.964359580182757212e-07
-1.879963352447602958e-06
4.722740996589875296e-07
1.077014144151335226e-06
9.550017551034211632e-08
-7.500671526687351434e-07
1.553780668499622829e-07
1.432522289430713935e-07
-7.285693316147435056e-07
-3.620615689758612829e-07
6.066641979559985332e-07
1.118891676426370552e-07
-7.662045772552027140e-08
-2.516649086274482660e-07
-7.745058088101385797e-07
2.550723686901879962e-07
9.816818958720337385e-08
1.631753139387136503e-07
1.580110338242078298e-07
-9.194438147080718168e-08
-2.416214304799892910e-05
1.969985661006327928e-06
1.556051570130107323e-05
2.995308205644465758e-08
6.097611548584687185e-08
3.110305156143878592e-08
-1.893105737044437450e-07
1.871609930165404279e-07
1.494475856530740020e-07
-5.660835073215762307e-07
3.584121594812452510e-07
4.300318983256118278e-06
-3.865313516397099610e-06
-1.440460242751269520e-06
-2.323216089136756614e-07
7.417490139652293552e-08
2.500016633444885703e-08
4.343418766596588428e-08
-1.830419079151374326e-08
-2.489918688664708261e-07
-1.372665812250887583e-07
7.571418807066758086e-08
1.172473277670710114e-07
6.677347775929550932e-08
9.039703961013110114e-08
-9.482341257651181341e-08
-1.989930584430270429e-07
4.288421689820583868e-08
3.466509572924702406e-09
-5.436562963683084175e-09
-1.015862235716552789e-07
-3.936541831228581729e-07
1.202427442944564437e-07
5.420279407494946504e-07
7.064018385424817707e-08
-9.474817179077461441e-08
7.541895446139670069e-08
-2.391819730186658652e-07
-1.240198128945761400e-07
2.985024662608336232e-08
1.223456797376741673e-07
-1.393890383543723111e-07
3.795053463333540585e-08
-5.804299217108547139e-08
2.482523230855860872e-06
-2.292863799381983664e-06
9.984010433811002846e-08
-2.462891837754044462e-09
4.207559211628234531e-08
6.668338228765078577e-08
5.408787280544220669e-08
-1.547377443825728631e-08
-1.560831775382919681e-07
3.205564251931476607e-08
-8.408310614372612540e-08
8.234740905946581982e-08
-1.097236794123353184e-07
-2.061658626808192323e-08
5.073118244719130711e-08
1.009791873296152321e-07
2.267892779114395714e-08
-8.748003843255172646e-08
-5.662724262202441439e-08
9.381930824093529928e-08
1.153865601824069221e-07
1.165119532082730995e-07
-1.870387914753762191e-07
-5.559955164680589344e-08
-4.977320119647775651e-06
7.203065005770307556e-06
-3.211942240710899956e-06
1.327315718328573856e-06
7.079436803080274291e-07
-1.106280230904839099e-06
7.415067918980760222e-06
-4.955304413765823276e-06
1.340769498887354085e-06
2.206176416187174583e-07
-5.990931908970207861e-07
-8.702583190730762980e-06
1.097401422269722036e-05
-1.544521150233020516e-06
-2.120486161252526464e-07
-1.311118987191255462e-09
-4.282877565413529891e-06
1.628454359674091355e-06
2.599235559993268061e-06
-1.802660820985409206e-06
4.134870450294277310e-08
-5.668180184947873208e-08
-3.294748506120276950e-07
-2.190584136554298242e-06
5.231090928804619152e-07
1.394199299841358490e-06
3.447268373139299602e-06
-1.174089380531044555e-07
-1.431556033725100488e-06
-7.660163421324181875e-07
4.296057115177621234e-07
1.173711504659781699e-07
4.075353815730424405e-07
-2.151759875337662606e-06
-3.538505203092251955e-07
1.942938836299006778e-06
-1.509059004067845779e-07
1.723714153321834084e-06
-2.326584690870495798e-06
-6.778725449004874344e-07
-5.798059957651332049e-07
-3.211782900192246425e-07
1.363097073918390808e-06
5.901965276075425132e-07
-1.907312061094428460e-07
4.255975583253727597e-07
-2.553433396106977825e-07
-4.096352910683338256e-07
-2.530075702912994349e-07
3.017882222035634182e-07
2.911263763088892219e-07
2.428232044351627288e-07
-1.272259638007579246e-07
-9.098869960142152366e-07
8.027839967393869537e-07
1.618215497528478167e-07
1.918672880322467222e-08
-2.603996406247366612e-07
3.358772379280956381e-07
-1.216186636849596188e-07
3.358884787773551269e-07
-3.080345504031092536e-07
-2.376917675894848713e-06
3.040627199245527999e-06
3.288572210734976036e-07
1.850052361414277847e-07
-9.272661640466406507e-08
-2.484541797281403356e-08
2.986147318735362321e-08
7.244898170392827897e-08
1.290329498455634500e-05
-1.592029187677939189e-05
6.401559278525906371e-06
-4.208548366337112526e-08
-9.043527454372659886e-08
4.694270776161336850e-08
1.558526074751245134e-07
-6.347511754084778703e-08
4.400836092111868300e-07
-1.337383603808834325e-06
1.712236703752457261e-08
4.300939015624427128e-06
-4.645840929799630632e-06
1.560495733142483075e-07
1.787961196965316468e-07
-1.595678600195120242e-07
7.559583833797196143e-08
-5.341755189445497496e-08
2.171687789188412169e-08
-2.858296084240863348e-07
2.857722382506317710e-07
-5.344546499230948261e-08
-9.295928929229347590e-08
5.287368042338111850e-08
-4.628629773008244026e-08
1.102393742906886368e-08
6.391740406357583028e-08
1.101759108886192188e-07
4.090463340514870328e-08
6.790726288003399740e-08
-2.019230659001045680e-06
1.460633513897331718e-08
2.195101510768298410e-06
-4.796606506017187827e-07
-1.151464285318420399e-08
-3.643220881629076495e-08
8.717494554112583079e-08
1.243900183385263821e-07
2.315037049274370911e-07
-6.247470275101600507e-08
-4.750363882667672802e-07
2.723448673444125317e-07
2.932622684465190779e-08
-4.995883837708325129e-08
-8.230567933450546202e-07
-1.479127512886627560e-08
5.389895083721100437e-07
-2.263537704146189047e-08
1.388000348889488124e-07
-5.215483897681743396e-08
-3.307909308628312480e-08
-1.352750749090479077e-09
1.059080152088534954e-07
-3.088221974066431513e-08
3.828228731049335405e-08
-1.687450104334832173e-09
1.752292060707761604e-07
2.084746166002812605e-08
-1.478066708426675135e-07
-4.053781415592952998e-08
-1.840043862723961030e-08
1.162854458658349858e-07
6.310069907349246663e-08
-1.877702937978598233e-07
-1.485171896096439200e-07
-7.894553573674088478e-08
1.623625736084667751e-07
1.192379624566381021e-07
1.452843629682112099e-06
3.013508025080108802e-06
-1.429912547748736701e-04
2.279623683654682118e-04
-1.202340561658169351e-06
1.240807658583388099e-06
2.084384650095650680e-06
-9.302850924756735180e-07
-8.620035240015832514e-07
-3.267182051924812263e-08
-8.999454250756598243e-07
3.614946057615944993e-08
9.939242823694714478e-07
9.241171005870346567e-07
3.793938181073913064e-06
-6.567383462435433321e-07
1.737638399974599289e-07
-2.912988037381216826e-07
-3.825874429258009166e-06
-4.508616643426680817e-07
-2.517145167901683356e-07
-5.161951297104111277e-07
-1.686057289264543700e-08
1.515515486323025747e-06
1.648157279964657116e-06
-1.180769595489813019e-06
2.530582569901535435e-06
-2.892769716434489796e-07
-8.998065778892764715e-07
-3.212920003750137154e-07
-2.588164682082843263e-07
3.344869400408571538e-07
1.183427752194159487e-06
-4.708780533685736516e-07
1.961913232049910458e-07
-1.437078537696781149e-07
1.222444798481642859e-06
-4.960904171818495642e-08
-1.655679091179817483e-08
-4.584879845009772303e-07
-4.556416583348738419e-07
-1.058408603485291302e-06
1.441696012822761680e-06
-8.474763793682141044e-06
6.563295120119660762e-06
-3.957898142623057188e-06
5.134493389220434348e-08
-6.158550186065326496e-07
9.117838177969178774e-07
-3.775531883381675410e-07
1.179066010892035743e-07
1.705371446607338487e-06
-5.976367257354349022e-07
-4.036372049011999121e-07
1.664416738466670893e-07
6.704751666386005787e-08
9.915218703887798190e-08
-4.697917154010215292e-08
-1.735600258483048583e-07
1.228926728058574733e-07
2.706097076087193889e-07
1.858097434131128858e-07
-3.004133028445883457e-07
4.710595783037004226e-07
-1.549110484253216517e-07
-8.061292456754709174e-08
-1.035445887406719923e-07
-1.647852153099307205e-07
1.240213001406581314e-07
2.302248674076040655e-07
-1.659348141567098801e-07
-2.967328667082292193e-08
3.584633845204638828e-07
-9.808240184291531150e-08
-4.796247169649619668e-07
-7.131502593534244343e-08
3.133518710731051845e-07
-1.436495042644064629e-07
-1.323527735005459322e-07
-1.690426202606283966e-07
1.717905444179731126e-07
1.699374695370213789e-07
1.357854948323168482e-07
-6.632878720476544331e-08
-1.310339391881555291e-08
-3.305669765730052060e-08
-1.154989901893129201e-07
-9.529306767959393252e-08
3.789447732794697528e-08
6.781436543166175570e-08
1.239043374551111472e-07
6.653349259729535510e-09
-7.156952760362268044e-08
3.287202784767633179e-08
-1.032224511858384373e-07
2.157363772910374152e-08
-5.550710249947142158e-08
1.495533291961689576e-07
3.727553778720035011e-08
4.635566120594457931e-09
9.455518720512118314e-08
-9.277447992859768664e-11
-8.694138130023597963e-08
2.514528425921426258e-08
-1.665167552015979053e-06
1.389704974462240756e-06
3.761531540493403006e-07
1.124584805862700240e-07
-1.562001057341721526e-07
1.574072433043037159e-07
4.406141393976902326e-07
-2.132696327550541872e-07
-6.506668841184478317e-07
2.085183946146195619e-07
-6.578930342468211834e-08
1.086319356123322593e-07
-1.378731374567537690e-08
-7.889746361337200711e-08
2.900818694322356432e-08
-1.052106511238106003e-07
3.670117779840934424e-08
-9.718075359090578048e-08
4.551016062021177789e-08
1.006237297867677421e-07
4.331150148544953823e-08
8.101211061574696446e-10
4.095262153699642014e-08
1.066296292543115311e-07
-3.319575089593837438e-08
-1.285122955903237218e-07
-1.884537751103851077e-08
1.508904938066627331e-07
2.760817683740224929e-09
4.911217024439614134e-08
-2.403019821051451554e-07
-2.019497497851528175e-07
2.203771183313367564e-07
1.529180575504732938e-08
-2.467664802437757332e-06
6.450794527557666037e-07
-2.131870660971722949e-04
3.424666458455516102e-04
1.879421804381089291e-06
-1.860718678191027976e-06
-2.448148348191098631e-06
7.778409211197261894e-07
6.918474138989505649e-08
-1.574884376561220549e-06
8.520632224502281432e-07
2.351943830400813290e-06
3.074037792331604400e-07
6.889969275481987295e-07
-1.232663241584965009e-06
2.274743133887229831e-06
-6.404590629192031948e-06
3.364106390457752486e-06
6.487932300557430716e-07
5.105450601664355181e-07
-8.680152216326220564e-07
9.050171806730570134e-07
-1.592959047100505358e-06
-1.631362270987695997e-06
7.448091328413197480e-07
1.634352035011912609e-06
-2.651310368919635795e-06
2.191504193700604872e-08
-1.195078428749830193e-07
5.549351364319740474e-07
1.561561565491267914e-06
6.245039816446643375e-07
-2.875748540406390583e-07
-3.678352446604010180e-06
-5.620259687134769703e-07
2.199859803361259426e-06
-5.561269115917000093e-07
4.890544868535538526e-08
7.034538035035625104e-07
2.011140520183629995e-07
-7.634321621481313737e-09
-4.243542023374141844e-06
2.745614665936668688e-06
7.547827884761436778e-06
-5.310714188710412506e-06
-1.731384291345293548e-06
-1.260978045067716587e-07
9.153645611544800031e-07
6.185773096492023177e-07
-6.859232736278202959e-07
-8.613871843049554605e-08
-9.033109091809425913e-08
-2.385820271594226292e-08
3.839570253548112619e-07
-2.674702423882340871e-07
-1.644198170317828439e-08
1.364642837149397120e-07
1.072282274925473049e-07
-2.096504942877174449e-07
-1.540549869674123309e-07
-2.175723197701823661e-07
1.212894206353552645e-08
-2.361771727455863255e-07
4.959869080187810399e-08
2.176914533795548970e-08
-6.666445945025593196e-08
2.627647533397925489e-07
-6.215641823293436597e-07
6.081824337226199755e-07
4.009521160505700903e-08
6.312292345274693290e-08
4.242152390684600456e-08
-2.661594135564754311e-07
1.042083706005892088e-07
-6.265093407589986139e-09
-2.822992112526676616e-08
-1.116516348057875732e-08
1.208451868465543811e-07
1.015789300307283933e-07
-2.011302929607113884e-07
1.623876540005011790e-07
6.498138352873149603e-08
1.181069707085603820e-08
-1.207483660509520439e-07
-1.281980727811709383e-07
5.453712836060526705e-08
6.318965654553828794e-08
1.067026382468449584e-07
-4.855896099079296600e-08
-1.493284992831837962e-07
-1.944386935000315898e-07
6.112221523707334709e-08
3.049127811706045704e-08
6.985141387320427734e-08
-2.596455269732174725e-08
-1.190851452466044779e-08
4.856374596557253683e-09
-1.901460261459573516e-08
7.460968915758465766e-08
1.033470178891930901e-08
-1.396821188463123018e-08
1.356380463891705530e-07
2.985365068534643094e-09
-4.239763130034687667e-08
-1.100656283799733384e-06
9.677301592463966880e-07
-9.768509065305575821e-08
-6.869518814125955333e-08
-3.390037246301824335e-09
9.045014822818719537e-08
-8.165961304666064000e-08
-4.262937041107626244e-08
2.447561081897544313e-07
-1.312046534752494091e-07
-3.840382476587476446e-08
-1.010589893891169354e-07
-3.616127593034135771e-08
-1.819313180842931307e-08
-1.193181926282471875e-07
2.524100865042578405e-07
9.637390593398587654e-10
2.624000540929042986e-08
1.879628665670758897e-08
-3.582714818280342268e-08
-8.709284606007119772e-09
-5.388635546678422112e-08
3.485538510647728764e-10
6.518048823806667190e-08
4.727578396666527966e-08
-2.921452162102863210e-08
8.511065974833935236e-09
1.677849735786458045e-08
-1.390042425007009774e-08
7.420582754299245673e-09
-2.572331319061086348e-08
-2.712803949236067352e-08
3.173282397958653953e-08
-9.566719741002848861e-09
4.977370499555171451e-06
-7.202956395527764007e-06
3.211946542475974245e-06
-1.327337448131190666e-06
-7.079337815134134215e-07
1.106281201989993890e-06
-7.415124223711820914e-06
4.955379944981580857e-06
-1.340772202855761094e-06
-2.206353797839330840e-07
5.990676423806709528e-07
8.702904360399995080e-06
-1.097405843313036089e-05
1.544201056805039161e-06
2.120418105814938484e-07
1.299855020393744218e-09
4.282858846406508165e-06
-1.628419856195204434e-06
-2.599193322062366774e-06
1.802606264331510874e-06
-4.135694402570344610e-08
5.668889903727512397e-08
3.294870514754154700e-07
2.190571990250987800e-06
-5.230790374608619414e-07
-1.394217629757383009e-06
-3.447343263171718495e-06
1.174436403155201769e-07
1.431565376183746813e-06
7.659664194026419844e-07
-4.295443393406518065e-07
-1.173685121409446680e-07
-4.075383864451466016e-07
2.151761390459452064e-06
3.538487463190074436e-07
-1.942935761343344469e-06
1.509048385700142976e-07
-1.723706830127120703e-06
2.326587605695009298e-06
6.778454117479170440e-07
5.798090591295131141e-07
3.211763531974825290e-07
-1.363099945819804685e-06
-5.901965756623836237e-07
1.906888625688814326e-07
-4.255633248919491402e-07
2.553437378700707203e-07
4.096530611120429823e-07
2.530021056179543839e-07
-3.017864700708625754e-07
-2.911436787863681295e-07
-2.428133742276728198e-07
1.272122451933623520e-07
9.098988231083444412e-07
-8.027762162164301305e-07
-1.618277674542872087e-07
-1.918623396580186766e-08
2.604001313604270521e-07
-3.358758588365404032e-07
1.216109217676624338e-07
-3.358863122269881947e-07
3.080406432374755871e-07
2.376884698634274187e-06
-3.040597245030323582e-06
-3.288429204672133975e-07
-1.850074761387162992e-07
9.272842676556324552e-08
2.484497670254410910e-08
-2.986227994687793455e-08
-7.244579598085389241e-08
-1.290322246424555203e-05
1.592008163337726003e-05
-6.401406220905463330e-06
4.208501299067328398e-08
9.043585661594716266e-08
-4.694109458208384726e-08
-1.558525546897480175e-07
6.347486230865113632e-08
-4.400775011088833273e-07
1.337380019313232934e-06
-1.712284665801952145e-08
-4.300989460194331674e-06
4.645892513223687965e-06
-1.560331990730499864e-07
-1.787995046264968951e-07
1.595693008624723403e-07
-7.559864874255603347e-08
5.341706479090366218e-08
-2.171666097171278843e-08
2.858259683231387260e-07
-2.857681219657205378e-07
5.344751730208606666e-08
9.295917793777013309e-08
-5.287465979510035387e-08
4.628783988574171330e-08
-1.102466037240577959e-08
-6.391826800499489679e-08
-1.101741754935304740e-07
-4.090678556021154194e-08
-6.790548538519836804e-08
2.019227532486140164e-06
-1.460955828155879534e-08
-2.195094603542101476e-06
4.796599409428198690e-07
1.151518881955743308e-08
3.643158529051225169e-08
-8.717495515234579109e-08
-1.243903509063592572e-07
-2.315054811582223716e-07
6.246089191380620315e-08
4.750488497455023529e-07
-2.723428900431730214e-07
-2.932381827448918251e-08
4.995447123039956563e-08
8.230526634274862259e-07
1.479728251798061603e-08
-5.389880854361543368e-07
2.263482647310237262e-08
-1.388022222912613439e-07
5.215475266649643737e-08
3.307829817741112608e-08
1.352754937439035372e-09
-1.059085169391417751e-07
3.088338704654032483e-08
-3.828215610393513979e-08
1.688622994369165088e-09
-1.752346987842685042e-07
-2.084644804277021802e-08
1.478057436024476716e-07
4.054204839302473881e-08
1.840059202633837644e-08
-1.162840507182825962e-07
-6.309928832902382118e-08
1.877745315191803135e-07
1.485004058338099421e-07
7.895342886751904434e-08
-1.623565036999592811e-07
-1.192436698885871620e-07
2.467656633886422756e-06
-6.450964660570691273e-07
2.131854139750436025e-04
-3.424639813162723184e-04
-1.879422223937868543e-06
1.860718114196877869e-06
2.448145410115116530e-06
-7.778442966319483610e-07
-6.919648999877766235e-08
1.574861071497890918e-06
-8.520433456261703330e-07
-2.351932063635341874e-06
-3.073904704900016903e-07
-6.890147335517484377e-07
1.232658539003922949e-06
-2.274749801833158260e-06
6.404649088056631598e-06
-3.364147610896460520e-06
-6.487865556453183756e-07
-5.105432066180415610e-07
8.680189569463272691e-07
-9.050315974719719144e-07
1.592957843184703265e-06
1.631363677313228141e-06
-7.448029577997985571e-07
-1.634377852514022253e-06
2.651337102166832502e-06
-2.189329913244474401e-08
1.195050341126846059e-07
-5.549277146438090166e-07
-1.561562986399555176e-06
-6.245097332955933850e-07
2.875724202108693459e-07
3.678358699903452551e-06
5.620321790852037065e-07
-2.199862715617317461e-06
5.561205045903096567e-07
-4.891064660198705678e-08
-7.034360440212751390e-07
-2.011179681216101658e-07
7.634284587749374525e-09
4.242708965852449157e-06
-2.745182587541844471e-06
-7.547839201819870482e-06
5.310725010970710471e-06
1.731386981631097092e-06
1.260975405612641951e-07
-9.153613575387123834e-07
-6.185742249082190962e-07
6.859235594286936284e-07
8.614036976110827494e-08
9.029711819053923669e-08
2.387660732918355559e-08
-3.839557497150939502e-07
2.674691292891386827e-07
1.644643206308827708e-08
-1.364683347983418890e-07
-1.072275853503565199e-07
2.096539088281445258e-07
1.540500135654188186e-07
2.175714523008796107e-07
-1.212790959628515712e-08
2.361764206870166957e-07
-4.959908835971969365e-08
-2.177245975966253644e-08
6.666493140018031514e-08
-2.627607616147061691e-07
6.215753966353898137e-07
-6.081935392603720203e-07
-4.009642222779811529e-08
-6.312112564845013922e-08
-4.242024256398321932e-08
2.661700147935579623e-07
-1.042083988799630640e-07
6.254535058389582032e-09
2.822854889313107001e-08
1.116496828462317816e-08
-1.208449936367925626e-07
-1.015806213734290230e-07
2.011275018983986027e-07
-1.623865774525785820e-07
-6.497963765973071912e-08
-1.180905601718207298e-08
1.207493241489671043e-07
1.281973104982024185e-07
-5.453695973239852316e-08
-6.318841251238101166e-08
-1.067040937138466847e-07
4.855970057735698944e-08
1.493277986226794701e-07
1.944382893391403453e-07
-6.112254054997529947e-08
-3.049168455103796992e-08
-6.985179300892228699e-08
2.596625293069374953e-08
1.190850039686492644e-08
-4.857238165400634656e-09
1.901311132122524970e-08
-7.461215036873148922e-08
-1.033259790035595880e-08
1.397110028606989670e-08
-1.356418845652695754e-07
-2.982656308523090543e-09
4.239717327159978240e-08
1.100645725723260102e-06
-9.677215360249631718e-07
9.768447498902096304e-08
6.869620407432814104e-08
3.390205647440564507e-09
-9.045064159921548735e-08
8.166011647873426219e-08
4.263143298539769670e-08
-2.447563019461010255e-07
1.312044907226952791e-07
3.840459055427572947e-08
1.010572673684499803e-07
3.616004067941619836e-08
1.819352189540180765e-08
1.193182575374218803e-07
-2.524096520698279436e-07
-9.657238589863466979e-10
-2.623807394072313569e-08
-1.879668439446699366e-08
3.582678412777475906e-08
8.708971323086923122e-09
5.388615110389978313e-08
-3.386906819137025360e-10
-6.518194399823948466e-08
-4.728670556663903559e-08
2.921548564458533594e-08
-8.510758798046874491e-09
-1.677836578302435518e-08
1.389998127367177521e-08
-7.420065083579502508e-09
2.572618762462408666e-08
2.712756138893067461e-08
-3.173492824409524439e-08
9.566630009932463931e-09
-1.452855258321366423e-06
-3.013462514743604930e-06
1.429916541177268623e-04
-2.279630524287343404e-04
1.202346022750220244e-06
-1.240818088309597334e-06
-2.084396290035527307e-06
9.302819356727198343e-07
8.620214699397521589e-07
3.265437118596255474e-08
9.000022089123400624e-07
-3.616199178771377769e-08
-9.939619456619082346e-07
-9.241124649588864793e-07
-3.793922505328533596e-06
6.567358233860219565e-07
-1.738396382668407205e-07
2.913624172726508159e-07
3.825872588022538022e-06
4.508621786601421300e-07
2.517194904504210819e-07
5.161724017313499222e-07
1.686591764731112171e-08
-1.515484260548710282e-06
-1.648161069435406774e-06
1.180773046094599647e-06
-2.530583214183109311e-06
2.892709119025568219e-07
8.997911013726009618e-07
3.212940710962770845e-07
2.588133768541856014e-07
-3.344933138885966688e-07
-1.183430340178152965e-06
4.708760568217679449e-07
-1.961934326309198169e-07
1.436986647421854560e-07
-1.222439715030153637e-06
4.960675641591196775e-08
1.656152132438964298e-08
4.584792723639809294e-07
4.556288606133454028e-07
1.057858069500825072e-06
-1.441388499504375906e-06
8.474645349209359655e-06
-6.563194120763817849e-06
3.957906194690979052e-06
-5.133699595991090711e-08
6.158553367561185511e-07
-9.117841359035776314e-07
3.775448137884595802e-07
-1.179080623852754368e-07
-1.705358259443963746e-06
5.976332044825280556e-07
4.036376462266871567e-07
-1.664399214822175557e-07
-6.703727487478544709e-08
-9.915607589566208686e-08
4.697955003370266338e-08
1.735529661689659749e-07
-1.228900172906046091e-07
-2.706099283778851306e-07
-1.858095005059476623e-07
3.004150514996505280e-07
-4.710610805925897930e-07
1.549097662938410766e-07
8.061473360065837490e-08
1.035439042059766015e-07
1.647916540702609592e-07
-1.240282409841646178e-07
-2.302235872255745566e-07
1.659305371327257152e-07
2.967410967167600419e-08
-3.584629318202288407e-07
9.808137267921098710e-08
4.796269840085911166e-07
7.131680386058906374e-08
-3.133526848399152024e-07
1.436484558427041851e-07
1.323512489265746529e-07
1.690430823347229825e-07
-1.717915388412166357e-07
-1.699368069038308269e-07
-1.357835891550449190e-07
6.633018466874166192e-08
1.310398425033221743e-08
3.305695342731554648e-08
1.154979854255317419e-07
9.529378933792965249e-08
-3.789595707772584777e-08
-6.781557164543261622e-08
-1.239046276211705997e-07
-6.652966550922279260e-09
7.157005423749669179e-08
-3.287144421072259304e-08
1.032227438607543166e-07
-2.157424584811639884e-08
5.550685920936622244e-08
-1.495520007830426932e-07
-3.727557886827073028e-08
-4.634655728210469608e-09
-9.455574370493837661e-08
9.344996261930425855e-11
8.694143147598952862e-08
-2.514559629868584592e-08
1.665173022565382771e-06
-1.389710861431562143e-06
-3.761526829018695736e-07
-1.124578783571276138e-07
1.561994966575296877e-07
-1.574073879861570787e-07
-4.406127719927866373e-07
2.132694956568165560e-07
6.506680417731151116e-07
-2.085220324745835636e-07
6.578924012818764162e-08
-1.086315606621555739e-07
1.378692430446383584e-08
7.889741518310666407e-08
-2.900965840677621395e-08
1.052120817613266121e-07
-3.669982337755798550e-08
9.718037398386184599e-08
-4.550973103724244934e-08
-1.006241436869544844e-07
-4.331175858124562196e-08
-8.098998509390488483e-10
-4.095221430165315240e-08
-1.066293951040324790e-07
3.319539572956833451e-08
1.285113505932824474e-07
1.884558086210387421e-08
-1.508888104457749057e-07
-2.760497110073839394e-09
-4.911266258133476818e-08
2.403033822951145776e-07
2.019486411394098163e-07
-2.203775412645424638e-07
-1.529156031285827051e-08
1.443913647891559958e+04
1.443531739201206074e+04
1.204953188095898622e+04
-4.673038480766219436e+03
-4.673600173379028092e+03
8.451923251286374352e+02
5.644715543300004583e+02
5.647149362074698047e+02
3.007056000068353114e+02
-2.927816926314450825e+02
-3.110950673939013882e+02
-1.719987813709224511e+01
-1.721834041373753621e+01
-7.692960088066479329e+02
-3.541724410044015485e+02
-3.544953611680465997e+02
-9.409136329533998833e+02
5.400675478602368003e+02
5.397783204388933882e+02
-2.388714628070985782e+03
-3.341481858711839692e+01
-5.068142985895404422e+02
2.618464398676672431e+02
-4.695340096278056308e+02
6.204074618919956663e+01
6.200422384066625625e+01
1.020394828946792927e+03
-6.334610411296741717e+01
-6.337747045706464633e+01
-7.151838783886984574e-01
-7.155292426354781243e-01
2.155854334371290975e+02
5.895524025239495813e+01
1.225700822552295222e+02
4.119565629497164423e+02
4.120502527368149117e+02
2.950353769699298709e+02
3.037847488045028967e+02
-7.136143729605289536e+02
-7.142874160701220489e+02
2.337049644911368489e+02
-4.318674058272162597e+02
2.897590411690134147e+02
-2.838243665065863297e+02
-6.232132250701609699e+00
-6.237114670563459029e+00
1.048882604649446932e+02
-1.412886040652108477e+02
4.785609940075122637e+01
4.790744215881489509e+01
3.721778425304439111e+02
3.728828932108250456e+02
1.216604928746663887e+02
-3.500402125398732665e+02
-3.503948605082113090e+02
-1.637582377022118862e+02
6.424514357840540413e+01
-8.210344047400591094e+00
1.443895890365920991e+02
1.949957735202476528e+01
1.950218995128392052e+01
-1.783311931973979370e+02
1.955535088526607694e+02
1.985044329657330024e+02
1.985693471730056956e+02
1.166421304992619952e+02
1.591008699083533884e+01
1.588816498890814977e+01
-1.653079078499759191e+02
-1.459006451793042913e+02
2.155013799955946183e+02
-6.653298801826743158e+01
-6.658949183815667539e+01
-3.545542866112995739e+00
-3.548316889864855384e+00
-1.439589682199101048e+02
7.624082632051167252e+01
-9.578748367659518692e+01
6.037148670712461040e+01
-2.101466938854674282e+00
-2.100693632515427733e+00
-9.567361914782974708e+00
2.583284159096624677e+00
2.586337338989384893e+00
7.510204270990828945e+01
-5.625373341801704186e+01
4.016527539212525255e+00
4.010173264387868919e+00
9.221855389413819637e+01
-1.012195485160056165e+02
-5.458666689868015176e+00
-5.457350039858299695e+00
6.043445099838076651e+00
2.093686615074316304e+00
2.654928866752707606e+01
2.679171719062003731e+01
3.134069322139305314e+01
4.783978289090300429e+00
7.643886704319786674e+00
7.629346739214054374e+00
-1.660151505928724447e+01
-1.658117898503356713e+01
-3.862881315684604289e+01
-1.906065570206366289e+01
-2.015046004059794527e+01
-2.010735989687161052e+01
1.182304528674350408e+01
-2.298986039997891889e-02
2.609108275620377171e+00
-2.187921525884998175e+01
-2.190512859259947476e+01
-1.276180312085770829e+01
1.920126789229529007e-01
-7.106567247560390266e-01
2.537375192641369903e+00
2.575993928821487700e+00
2.577138534312307439e+00
1.606702517248963602e+01
-5.280293175101863135e+00
1.626865102585990996e+01
1.291485155305153043e+01
1.292619812823310887e+01
-2.608622540054926731e+01
-2.344981906896892454e+01
4.504952028134567854e+00
4.506914517723608959e+00
4.845517811242325834e+00
4.846918626316832679e+00
7.297468817316660861e+00
6.581660884077944473e+00
1.434283249177678066e+01
3.027178583707998172e+01
-1.661314983129797085e+01
2.396588388189971219e+00
2.394576569845880076e+00
-1.754143373663545091e+01
-3.738878323611111387e+00
-3.742552702486102056e+00
3.844506838739362593e+03
6.027125348367831066e+03
-1.021448846927908562e+03
-1.048798640210227859e+03
-3.384347092440961546e+02
-5.551197484102132194e+02
4.114112310051797067e+03
-1.575275534168848026e+03
-1.551565547827627370e+03
4.900785523363193192e+02
6.314653918643133466e+02
-1.081908256702050437e+02
-1.487369427668355399e+02
-1.438733802445813694e+02
-4.334288545087795086e+01
-1.322502628467520935e+02
1.613648831457684878e+02
-2.680530420509467717e+02
2.392606491460853704e+02
1.171846120832155833e+02
-3.057309842100548991e+01
-6.046154166246114983e+02
-4.315955910292399835e+02
5.584040180604940673e+01
4.714243685858268691e+02
-1.128503238274983005e+02
4.327699018301924383e+01
3.674710685009902704e+02
-2.761517455998288573e-01
-4.431718507732902879e+01
2.303671929171060029e+01
2.288372644453995122e+02
8.960432533386091336e+01
1.627356895750091326e+02
5.066706650848658455e+02
2.331387251740299291e+02
-2.348327153893460491e+02
-5.278921000255664353e+01
-1.194367123772778285e+02
-7.760011694272254772e+02
-2.158509102543216898e+02
-2.868215514931386565e+02
-1.057755122003217366e+03
-3.885240301711405095e+02
1.929220918778135854e+02
2.222526689317150783e+01
1.500645504825742016e+01
1.446043217252682780e+02
-1.448204366172264486e+02
5.516091299563320405e+01
4.624240155128440932e+01
2.816304335928281262e+02
8.074771091867068762e+00
-1.225088641595761345e+02
6.984280355620937542e+01
-1.892310980890814776e+01
-9.159277067937543393e+01
6.137272362149272453e+01
-1.348750882958403281e+02
1.144436629800335226e+02
1.565523715137310887e+02
8.377807388167023817e+01
1.068213767389382340e+01
1.529300072548194578e+02
9.633846195570743021e+01
-8.684406742555001557e+00
-1.219484775959346337e+02
-2.215675927615034624e+01
4.836286452210988962e+00
-2.372654442827930765e+01
-7.135714405837703112e+01
-4.148342790402990232e+01
-3.654124123831180526e+01
-4.709761606421819380e+01
5.351689839126465387e+01
-6.257659018802430495e+01
5.660336567466265478e+01
-4.652368311475665763e+01
-2.360612916522702065e+01
-6.065410003026405406e+01
-2.173461828902650161e+00
-2.414494352029197266e-01
3.021363810719933696e+01
-2.286046773455820613e+01
7.041890724521856271e+01
1.131477110873238434e+00
2.640381279932202396e+00
9.355679352343112498e+01
4.456306423101777625e+01
-7.014965812781458965e+01
-9.835804487930600359e+00
-3.689115811859377647e+00
5.448649244370971090e+00
5.097592828763819028e+00
-3.810303607158095573e+00
2.016052380629513507e+01
2.173972029091845570e+01
-9.488814040795320315e-01
2.530543192809705744e+00
-2.855930965342085237e+00
-2.011780632590074169e-01
-9.404832143503888631e+00
-2.773210675266819081e+00
-8.833204251690706110e-01
-6.114095518976855992e+00
-1.490675916466290474e+01
-2.680924909151142188e+01
-1.118940970818238156e+01
-6.155839327228663116e+00
5.247212956151964924e+00
-8.682429152890131618e+00
-4.899040095162138009e+00
-4.816660577692730705e+00
-6.742883065464932102e+00
-4.736792891970124764e+00
4.895005334134351571e+00
1.748379754372385619e+01
1.814682343159740796e+01
8.263790760931126300e+00
8.340377423344961016e+00
6.349851725588731455e+00
5.359892845968923680e+00
-5.984943743925696502e+00
-5.281577650892498532e+00
-1.033096797594693150e+01
-8.512432621921854903e+00
4.868646868168010400e+00
4.286114623851148941e+00
3.765742599620973685e+00
5.728350734961926705e+00
1.112441886324641693e+01
1.224478131833962635e+01
-4.463347595410411373e+00
-2.795198611215825135e+00
-1.146141225964089294e+01
3.745070419087243696e+00
-7.456461370395464527e+00
-2.264249827280936600e+00
3.896969127149248834e+03
6.016911817063867602e+03
-1.024060615453235641e+03
-1.034086341688423545e+03
-3.385677921147203051e+02
-5.553471648967991996e+02
4.112730505067292142e+03
-1.571175379963347268e+03
-1.551328549684067639e+03
4.901313065840828358e+02
6.282999549274710489e+02
-1.086584755677282743e+02
-1.485723412522476963e+02
-1.439700633282608067e+02
-4.340302955343747726e+01
-1.318970932519983137e+02
1.613595921624657308e+02
-2.675901576434446270e+02
2.410087037555886980e+02
1.172964155374583441e+02
-3.053975139145515882e+01
-6.033531657315616030e+02
-4.280528344765829161e+02
5.578710970517615664e+01
4.722840545841853555e+02
-1.126292470687418614e+02
4.311370133383478986e+01
3.670145329052548391e+02
-2.743296278655488196e-01
-4.440976416346143196e+01
2.330375200154096049e+01
2.271014356548863589e+02
9.016876203204900264e+01
1.624800124746791141e+02
5.061225568256392648e+02
2.340011205935842042e+02
-2.334751896801756743e+02
-5.285602637869660470e+01
-1.196121291397332840e+02
-7.754233546506848143e+02
-2.160134493521838692e+02
-2.866940294831653091e+02
-1.050895267366638336e+03
-3.868816227934275389e+02
1.936695359180094727e+02
2.207003390722201175e+01
1.502079986139288614e+01
1.450421489590050328e+02
-1.450864582443033441e+02
5.498216494372016427e+01
4.565006223265767460e+01
2.832427271849570616e+02
8.073664464103575966e+00
-1.226628347555259921e+02
6.976542514876872758e+01
-1.886732554610869528e+01
-9.208297412200646193e+01
6.122258729586557280e+01
-1.347166641334002861e+02
1.142366063615863681e+02
1.568928926695827499e+02
8.384401559137771187e+01
1.068564483196209736e+01
1.534389032593145430e+02
9.610231234921315036e+01
-8.758059769860725652e+00
-1.213747539625347969e+02
-2.213278771441486015e+01
4.853339858161002773e+00
-2.397576002711326026e+01
-7.187077594090374077e+01
-4.104598585317918236e+01
-3.726430470252537930e+01
-4.759144737603013198e+01
5.144010803803507059e+01
-6.196161133897505380e+01
5.656015512660092526e+01
-4.658067303809985304e+01
-2.356122120115346874e+01
-6.053710195519617088e+01
-2.174080216273666988e+00
-2.421966667687804886e-01
3.013517812044442223e+01
-2.266886901668650012e+01
7.025139466315609127e+01
1.132571651975650129e+00
2.670975609261361683e+00
9.330939249850575834e+01
4.465496868848364187e+01
-7.066467293017967677e+01
-9.875366156404288276e+00
-3.700883281982018769e+00
5.490667752625103759e+00
5.101937421379264315e+00
-3.809778434037155659e+00
2.002779070292303842e+01
2.180226925210494926e+01
-9.466935689169161394e-01
2.521945338883476495e+00
-2.831652443368431804e+00
-2.011482742723476325e-01
-9.342338887718947049e+00
-2.750857882730963322e+00
-8.794459603942988979e-01
-6.119318748319990675e+00
-1.482923998778125885e+01
-2.687910109294818284e+01
-1.137383983028383128e+01
-6.161434192577430302e+00
5.279166216188956540e+00
-8.713528623867244249e+00
-4.885705233953719251e+00
-4.805421527209514210e+00
-6.695027680064491449e+00
-4.702255854854627160e+00
4.863122776322606811e+00
1.751212282056383529e+01
1.804626897685318099e+01
8.229751914838221438e+00
8.338130579194734437e+00
6.369259917088935907e+00
5.344600703294263511e+00
-6.041448375174818253e+00
-5.285846198422747833e+00
-1.050991057670795747e+01
-8.529085817215115384e+00
4.853652867666910176e+00
4.285886880398170007e+00
3.773876246185146055e+00
5.742193146386289193e+00
1.107556204897399432e+01
1.227168393300696003e+01
-4.486207170268039945e+00
-2.789559752303950368e+00
-1.145343343522252866e+01
3.730817150488910272e+00
-7.448840544439682354e+00
-2.264986136954538321e+00
3.871632359948785506e+03
6.001082386246419446e+03
-1.027888103080427527e+03
-1.041292733172803537e+03
-3.370623936098829176e+02
-5.555946601025154905e+02
4.121613397087493468e+03
-1.575430554232526902e+03
-1.543826357606809552e+03
4.895763290851964484e+02
6.307371393110017834e+02
-1.087834596942649910e+02
-1.483200439087609652e+02
-1.437828540493248681e+02
-4.335469969932358936e+01
-1.321051295525233797e+02
1.614128056055200773e+02
-2.674301079965874237e+02
2.402717747697982418e+02
1.170625642549330649e+02
-3.064402253353830829e+01
-6.026619254141072588e+02
-4.284216031081926417e+02
5.579935012280996887e+01
4.741127585415389945e+02
-1.124039127019998716e+02
4.324620505132143933e+01
3.677323353727963990e+02
-2.787430882891528405e-01
-4.428681864702413407e+01
2.319181581508153300e+01
2.312118397212854006e+02
9.006932120296747257e+01
1.621300349309040030e+02
5.062014315876631940e+02
2.338266471115827017e+02
-2.334816005646035819e+02
-5.291842781052169187e+01
-1.196403880600580862e+02
-7.770280442888824837e+02
-2.159189312767089177e+02
-2.854916386010651195e+02
-1.052054910037224317e+03
-3.856929735490494977e+02
1.920984276124395080e+02
2.207385100889481677e+01
1.499357842990751699e+01
1.455409380533535568e+02
-1.451291978984574769e+02
5.497804579906739519e+01
4.645960591535821038e+01
2.821083080659698794e+02
8.066440260468029422e+00
-1.223106754368620983e+02
6.974047907695157278e+01
-1.892459937937358916e+01
-9.134394315981828072e+01
6.145168561145610653e+01
-1.345932356842517947e+02
1.141708351320695840e+02
1.567149728851245527e+02
8.400774332197414651e+01
1.072873346256463023e+01
1.529314619988346919e+02
9.611008870506641699e+01
-8.741952444547568035e+00
-1.210660385490050288e+02
-2.218747960018460219e+01
4.855544576416325420e+00
-2.383566567228764654e+01
-7.191775101953722071e+01
-4.183530673271979339e+01
-3.726984019163140971e+01
-4.775490876537531904e+01
5.106653891600886652e+01
-6.156184579648704869e+01
5.656714476551889703e+01
-4.658601321577182830e+01
-2.358156963003794360e+01
-6.061045181881693367e+01
-2.189962442029280698e+00
-2.420555626038698449e-01
3.014925548945965517e+01
-2.282960824365548902e+01
7.039574730601010799e+01
1.130886621264854286e+00
2.661790137466458539e+00
9.338222691743101223e+01
4.478137291526753927e+01
-7.034023738393702274e+01
-9.873957681404284870e+00
-3.685406630795203142e+00
5.482866892814550752e+00
5.106444805930462572e+00
-3.804497809684487919e+00
1.994949894565049675e+01
2.179251995667094377e+01
-9.458801222012758192e-01
2.530957822039501259e+00
-2.838358345147546480e+00
-2.009623681987418309e-01
-9.264641327190329179e+00
-2.754449857887352415e+00
-8.762753933712060794e-01
-6.150456243515502130e+00
-1.495303202632355699e+01
-2.692354848411360635e+01
-1.138613346935514770e+01
-6.216383853526280312e+00
5.250001337572634874e+00
-8.657031772956097271e+00
-4.893542138423703669e+00
-4.813189619486265336e+00
-6.730437033686412995e+00
-4.696999806992151250e+00
4.882024567623782119e+00
1.741980537381813932e+01
1.813437859749951286e+01
8.200571371111781360e+00
8.348308769676828334e+00
6.401791108466306390e+00
5.334567270262875915e+00
-6.062654454009149596e+00
-5.329139872952176837e+00
-1.055659457552916791e+01
-8.520222992778586857e+00
4.858344532410925787e+00
4.268192754676730871e+00
3.768712060718335088e+00
5.700654611754521817e+00
1.105160525021168993e+01
1.223753791779896360e+01
-4.472689912614306706e+00
-2.793962548620465558e+00
-1.141700864656434611e+01
3.739400928807705693e+00
-7.437674057243098602e+00
-2.262650408828991377e+00
2.797020668914105045e+03
2.745823574792192630e+03
-1.105604498721539386e+02
1.995887684494012504e+01
1.352118760541368374e+02
1.649554655545230162e+02
-3.587309857066565542e+02
3.587000777766484134e+02
-6.124766678476926245e+02
-6.575910920951894241e+02
-7.028877980061818107e+02
-5.430829160038791770e+02
-5.107256659200214131e+02
-7.263420611687286055e+02
-8.995872376422419165e+02
-8.961596534468476420e+02
2.815070119426953624e+03
5.467975920296513550e+02
5.466482130732439373e+02
3.057766414607993397e+02
3.050947409532317351e+02
3.096852789762385783e+02
3.934885610030049747e+02
8.851046714427516804e+01
3.094379583529972138e+02
4.519256061010059398e+02
-3.631868636487166100e+02
2.415427044398801684e+02
-1.053601479807697814e+02
1.671260403379811521e+02
1.983395989170917062e+02
-9.536886748850941231e+00
7.874521010039588020e+01
-2.935822998288421104e+01
1.554695592749586694e+02
-9.521900906180731283e+01
-1.617187905500409499e+02
1.091041872389810408e+02
-2.249939249953631304e+02
-2.887412768439217530e+02
-3.257580708731151162e+02
-3.259165604095176150e+02
-3.691806797443154551e+02
-3.677051057737511428e+02
-8.284675102142355030e+00
-5.211725132744476241e+02
-1.768822366527920735e+02
-1.641384955863549351e+02
1.166397643487148628e+02
-4.579738074494562170e+02
-8.809800218425949936e+01
-8.529057089199676511e+01
-8.554362766254021722e+01
-4.386338282391460552e+02
1.583744696651737343e+02
1.401152298012312087e+02
1.567333905533662914e+02
3.420325282719904436e+01
1.244993215861809261e+02
1.816061655576188230e+02
5.538650672342613746e+01
1.986177150613097453e+01
-6.531905733569730366e+00
-3.141678201589632025e+01
-1.234793837253775894e+00
-1.020056551343043481e+02
-1.009328361333381991e+02
-3.145606941910618293e+00
-1.114890019247188206e+02
-7.953450699811344293e+01
1.294299974229806138e-01
-3.796824140213212218e+01
7.882642227103654875e+01
7.766777390025011130e+01
2.751434491334855181e+01
-6.293400661498051996e+00
2.328262355446767629e+01
-7.778257999665046896e+01
-7.978073332168312959e+01
-3.572686952138933947e+01
2.872151572585852719e+01
2.891219379160545699e+01
1.607758509973266214e+01
-1.118295082894379355e+01
-1.583633708328901690e+01
-1.604434145532221123e+01
8.643056314294959463e+01
7.318929249489850974e+01
2.453720228380171875e+01
-3.760394477126746438e+01
-3.882936028252817096e+01
-3.425402164758744306e+01
5.087241167550233811e+00
1.322796342669771263e+01
-2.812142744531660021e+00
8.348068857325195324e+00
7.231494033723600445e+00
-1.102881067618688604e+01
-2.070494921994456394e+00
2.358822385092903318e+00
2.718085734472519999e+00
1.292929064834224651e+00
-1.204289938606511789e+00
5.774628479255982105e-01
6.830145653584639431e-01
-1.265926503436752704e+01
-1.922960996171892489e+01
-1.545342462138593298e+01
-1.551848339454200698e-01
-2.002070900065490433e-01
4.747494365947432238e-01
2.754324556662880674e+00
-6.942615047857556121e+00
-5.761251281941148328e+00
7.883011328084774227e+00
1.088786890496810988e+00
1.104337233978741617e+00
4.524980677857397993e+00
7.356502780721739576e+00
3.947362203915917966e+00
1.149049401395264880e+01
1.147875652297552840e+01
-4.787564097249527584e-01
-4.475526470013238001e-01
-2.625789692170526823e+00
-2.368060298458277479e+00
2.329188069272896566e+00
8.972277443852091916e-02
-5.122555209699355849e+00
-4.591296047839390049e+00
8.612442749626872285e+00
4.001836511755664461e+00
-6.186836988472157017e+00
-3.615963432831280855e+00
1.170715055565231921e+00
-9.990847368903956610e-03
-5.655704660361724478e+00
-3.491780237447730251e+00
2.871253743512323581e+03
2.692131429788316836e+03
-1.104055350739027546e+02
-2.445249735126889163e+02
4.002365063109549510e+02
1.643942485463366836e+02
2.708710294768501470e+01
-2.820284587949319288e+01
-7.332295888704580875e+02
-5.350727117311331540e+02
-7.075961185914798079e+02
-5.430044629295781533e+02
-6.381514637003932648e+02
-5.984194798801711386e+02
-9.151281122437414979e+02
-8.871717855825794459e+02
2.814422616199969980e+03
5.475558481217243525e+02
5.451555436352000470e+02
3.029232267678020207e+02
3.084182426409487903e+02
5.389180422188761668e+02
1.665055296950789625e+02
8.828152832364455094e+01
3.888986286888907671e+02
3.734099057205543204e+02
-1.833994132004398523e+02
6.139188109473770538e+01
-1.052818293297522558e+02
2.035240356181051027e+02
1.623928538438878206e+02
-9.538831380058804044e+00
-1.973635362352439415e+02
2.464762272044592066e+02
1.545788855743012959e+02
-1.470541932648463046e+02
-1.089096482703553050e+02
1.086861925186740052e+02
-2.270354418178393416e+02
-2.890764278520672974e+02
-3.254209573236819892e+02
-3.261378403963933010e+02
-3.495523672065735923e+02
-3.824218438108217697e+02
-3.574842415013143864e+02
-1.834739485339250109e+02
6.098136982858517285e+01
-4.008885530399359141e+02
1.161020024952893408e+02
-4.552937893877353304e+02
-8.789230023327763774e+01
-7.019615772374845619e+01
-9.984068170683833898e+01
-4.397636145879731089e+02
1.472123598949604855e+02
1.509713627318614328e+02
1.569420064759475508e+02
2.468385935487411942e+01
1.344818134895541561e+02
3.310404269761746718e+02
-9.348689952688243920e+01
1.987153580747774129e+01
-6.500840521167010166e+00
-4.700497058011195151e+01
1.451865802561215624e+01
-1.010855146452681055e+02
-9.986457885154405290e+01
-3.157006267134392363e+00
-1.286719257534580834e+02
-6.211239810272798678e+01
1.261232868582370936e-01
-3.824014273889974902e+01
7.693365641674650135e+01
7.993154283516935266e+01
2.716569095112948062e+01
-6.316477561072206370e+00
2.328971652707043916e+01
-7.977010435074353722e+01
-7.796080845493979439e+01
-3.589467182008301194e+01
2.947986700855355124e+01
2.784954784582252429e+01
1.607702090533352290e+01
-1.120087676821109390e+01
-1.620349455690690377e+01
-1.607837176387367606e+01
9.935579774478372883e+01
5.908894536442186762e+01
2.454295754779355576e+01
-3.809089927776601314e+01
-3.856528741194460963e+01
-3.455976028468045058e+01
5.362379271425944616e+00
1.291870656923568461e+01
-4.602933661869426096e+00
1.012517789477757901e+01
7.216466404872119433e+00
-1.409642985669150228e+01
1.053203726000174756e+00
2.275919402950223436e+00
2.661636604996210576e+00
-1.560002573357743172e+00
1.651640591350874931e+00
7.138415302950025521e-02
1.204201654798431775e+00
-1.268331537136510434e+01
-1.909880863132439899e+01
-1.608188993687303636e+01
-1.559914024108730590e-01
3.199737205398576645e+00
-2.934722470401196492e+00
2.740389352866923200e+00
-6.883524993563053584e+00
-5.810804859326871963e+00
1.786752739181506788e+00
7.156516879642159878e+00
1.092146654234869452e+00
4.529886548168226668e+00
7.253812814553624477e+00
4.017153586037084168e+00
1.164216618456664420e+01
1.115539823818623155e+01
-3.214656289893828012e-01
-5.907298640258752398e-01
-2.959443538883355984e+00
-2.026197196875422879e+00
2.327609823601343830e+00
8.944124460467128834e-02
-5.709950135714847441e+00
-4.116431409655217699e+00
8.626739584857229914e+00
4.084046897480376970e+00
-6.177147712736081431e+00
1.728423297330891950e+00
-4.165832478206033862e+00
-1.000847611179982340e-02
-5.727266440878269194e+00
-3.454423495602546801e+00
3.755021282453327331e+03
6.031874172804255977e+03
-1.018137913451523104e+03
-1.034529959210954075e+03
-3.377137905764760148e+02
-5.535319034723225968e+02
4.112177176720001626e+03
-1.576055375946051072e+03
-1.555269773930493784e+03
4.907558492012919373e+02
6.275622009153474892e+02
-1.088464803743914331e+02
-1.490694505075596510e+02
-1.442651100631502175e+02
-4.330485686237796017e+01
-1.317971532239501187e+02
1.611346751568930813e+02
-2.673309283257996185e+02
2.405454783884768801e+02
1.175224609790472954e+02
-3.060158485447034593e+01
-6.052188618303150633e+02
-4.306897729960506922e+02
5.576700127309307220e+01
4.727540254536002635e+02
-1.127465622493619719e+02
4.317994870628501047e+01
3.677008699113534931e+02
-2.754440834219548107e-01
-4.439125158004656413e+01
2.320067554470693594e+01
2.299408282401371650e+02
8.929567806672605457e+01
1.631243388968540842e+02
5.068967224597849963e+02
2.326091977849733610e+02
-2.340372199997562461e+02
-5.281386798248839654e+01
-1.196244258816682731e+02
-7.764593639635588715e+02
-2.162639515069774632e+02
-2.889242289857272112e+02
-1.054778360101252474e+03
-3.897000708553954382e+02
1.950723095878217066e+02
2.214061981161986736e+01
1.502138197908595529e+01
1.442297937075325933e+02
-1.446191687964486334e+02
5.507013513212328348e+01
4.555774506593794371e+01
2.831135608754422037e+02
8.070501539957307457e+00
-1.221188567282403170e+02
6.980913967905703998e+01
-1.890084590865340886e+01
-9.216539430911461750e+01
6.132389701273332605e+01
-1.350756708871886644e+02
1.145734013304178944e+02
1.565682972293115824e+02
8.391884960518932246e+01
1.069646902263106014e+01
1.531649236679644446e+02
9.647193131580047520e+01
-8.676404195840111910e+00
-1.222349090823194757e+02
-2.213210316445308834e+01
4.846323908673580760e+00
-2.378221594764445612e+01
-7.130909445731393248e+01
-4.081360757975101450e+01
-3.674831786974056058e+01
-4.682444747940476759e+01
5.379085557063920930e+01
-6.308805295310725114e+01
5.663303893658595456e+01
-4.663735920871782525e+01
-2.357123653180928358e+01
-6.053504210939511410e+01
-2.154395159648474500e+00
-2.422822492757384094e-01
3.020464437651447653e+01
-2.270975220715079246e+01
7.018335017535633824e+01
1.133471134358847943e+00
2.643313402316632033e+00
9.334903027476096327e+01
4.433377349591367533e+01
-7.018322596577240802e+01
-9.842858353622801815e+00
-3.684817408997842492e+00
5.442278562985748636e+00
5.100154676231082540e+00
-3.813166054124970561e+00
2.011658541179616932e+01
2.166758310143807975e+01
-9.504001754818288683e-01
2.520181743837559551e+00
-2.861537733395690619e+00
-2.017487979576784718e-01
-9.515670064114134519e+00
-2.756612128147973184e+00
-8.836270573019602281e-01
-6.108079064450111950e+00
-1.479667073741544847e+01
-2.688568537339711284e+01
-1.124956321834105566e+01
-6.126885996658065103e+00
5.259696208642067106e+00
-8.679378858773594274e+00
-4.921138808588618296e+00
-4.821029990794060360e+00
-6.734944624127784607e+00
-4.723842508537861029e+00
4.874228571933768350e+00
1.765011319256044331e+01
1.814278868628146313e+01
8.281308529825871290e+00
8.339978684734495218e+00
6.369971031249582083e+00
5.384735473482219703e+00
-5.979384423519030101e+00
-5.227202947343017492e+00
-1.020677879733960225e+01
-8.500416887179676806e+00
4.868780798784823283e+00
4.297942017279591020e+00
3.791067314130303956e+00
5.774139768446928223e+00
1.110637383297929404e+01
1.224250777667091050e+01
-4.461066388231653690e+00
-2.793259633474025616e+00
-1.145317428460703724e+01
3.738321173319571589e+00
-7.458397800781540354e+00
-2.266699467530429501e+00
2.687702751345904289e+03
2.865007435937504852e+03
-1.105095173461446620e+02
-1.589254822030401044e+02
3.134448337655081787e+02
1.645415100391134899e+02
-8.769921749638739072e+01
8.675292875186539732e+01
-5.599743994648830494e+02
-7.084848028136461835e+02
-7.083401519280120056e+02
-5.485272250537749414e+02
-7.201247190858375689e+02
-5.175807749530505362e+02
-8.743913841715805120e+02
-9.140016487987152232e+02
2.814516769368145106e+03
5.486712953352977138e+02
5.447734580258310189e+02
3.212127266951185902e+02
2.904678149342108782e+02
3.232677203658698204e+02
3.780109545509955069e+02
8.844895249084690647e+01
4.173163429895040508e+02
3.451505724076965862e+02
1.075335046552160918e+02
-2.289491368999015606e+02
-1.050784141386336472e+02
1.423386148141108549e+02
2.207035711696293276e+02
-9.586524358514800781e+00
2.820320912084956078e+01
2.101367110117623227e+01
1.543018931287746227e+02
-1.614855512385233851e+02
-9.593070694178263125e+01
1.090909442414816795e+02
-2.004355303069346803e+02
-3.162270377916020720e+02
-3.256263498043455229e+02
-3.245940366042032110e+02
-3.518421097536967181e+02
-3.796872219264453179e+02
-3.264854135729600557e+02
-2.236688636435599449e+02
-1.601525703326011012e+02
-1.787976589897081681e+02
1.156547484865298543e+02
-4.578845265483029152e+02
-8.710952937615722647e+01
-9.063595766867291559e+01
-8.032226538186611720e+01
-4.402711750973547282e+02
1.600109567397032890e+02
1.387031208559178594e+02
1.575945859233507065e+02
4.337145831818597941e+01
1.158244390068351350e+02
1.598906589454605012e+02
7.802506974195456735e+01
1.974000924781427813e+01
-6.484589210586110930e+00
1.505916568367828035e+01
-4.763521690716108026e+01
-1.172219514052953286e+02
-8.382637880732698932e+01
-3.151643493038155608e+00
-1.618662983847770533e+02
-2.885885253063988998e+01
1.213758900712798433e-01
-3.938427735312399136e+01
8.038473000035403970e+01
7.677869455984074420e+01
2.710308394458649062e+01
-6.394905697925328703e+00
2.320894348007232111e+01
-7.487775989326362946e+01
-8.251935544978935866e+01
-3.692921844216316174e+01
2.731477411395939470e+01
2.946616598799237607e+01
1.611185962099743207e+01
-1.123784583137957149e+01
-1.590564772710772345e+01
-1.617232042968516126e+01
8.109986644040495207e+01
7.807124490989983201e+01
2.455569975167196262e+01
-3.754649302735586502e+01
-3.774941216737251182e+01
-3.557729851409256838e+01
7.572354135116627027e+00
1.077040266947462399e+01
-3.214482479080119859e+00
8.738548409614265822e+00
7.249466872514910953e+00
-8.542972631073729062e+00
-4.614044954376068652e+00
2.323739769412497047e+00
2.675448031284129780e+00
3.048671432426203864e+00
-2.972265576078674254e+00
3.889527827148528405e-01
8.568788431139473527e-01
-1.262746983185960303e+01
-1.814748865511349152e+01
-1.570199484996168948e+01
-1.557299920450608277e-01
2.361182146035521789e+00
-2.094347437704422887e+00
2.750121782068461140e+00
-6.740275531952463872e+00
-6.029769151975219899e+00
1.065408251726630162e+01
-1.679432581824552351e+00
1.091543893055485714e+00
4.550653273232334151e+00
8.133617632601568559e+00
3.092944007243871862e+00
1.124217693680507324e+01
1.115458970446206521e+01
-4.128857620188989830e-01
-5.190453564473452852e-01
-2.268431810315957087e+00
-2.715428147379848056e+00
2.307892376328668060e+00
8.982133956795428087e-02
-4.542159115620412635e+00
-5.376020617166228810e+00
8.635234800406500710e+00
4.043093826253568501e+00
-6.169573264803428714e+00
-5.566303757500998955e-02
-2.369271230018282548e+00
-9.999696443198707527e-03
-5.053469660899114757e+00
-4.098532265264775987e+00
2.843799618201974681e+03
2.692520930882244556e+03
-1.103606585611037474e+02
4.124713982465260074e+02
-2.584652483689983455e+02
1.651301850698112901e+02
4.477350958480531631e+02
-4.482892737217783292e+02
-5.540424970853110835e+02
-7.126908159473334763e+02
-7.091983337422326485e+02
-5.449207812478362030e+02
-7.034743234861751944e+02
-5.328637491918453861e+02
-9.151311378602924833e+02
-8.801979459665629975e+02
2.816769321240127738e+03
5.475638472535072196e+02
5.454844868217840030e+02
3.160131433199854314e+02
2.953723347886215720e+02
2.818886082284661256e+02
4.228314787264687311e+02
8.811194504457489529e+01
3.378231208494589168e+02
4.249084687466054220e+02
-5.373820437452120586e+02
4.151909668342353257e+02
-1.052314434541273869e+02
1.785221425701299722e+02
1.860813778715402123e+02
-9.569558033871727432e+00
-1.937220786408925051e+02
2.435032711049387899e+02
1.536171911366044469e+02
-6.253586679699616724e+01
-1.929324834699595783e+02
1.087420732314469234e+02
-3.081359443616026965e+02
-2.074283306301013283e+02
-3.255416832206666413e+02
-3.264619010415176490e+02
-3.615671197693009731e+02
-3.688222895689418692e+02
-1.445415872810119993e+02
-4.062448096108247455e+02
-2.558740533375936650e+02
-8.488780720061392060e+01
1.159927282036276637e+02
-4.586037833148203049e+02
-8.746601896061532955e+01
-1.152739601741611324e+02
-5.487591528282781894e+01
-4.412497473156093406e+02
1.347113353257155950e+02
1.641448257055173201e+02
1.571557735615443221e+02
3.103507218701984627e+01
1.280038823252970133e+02
1.007063895266870048e+02
1.360854640361417296e+02
1.975446685894239707e+01
-6.492160722987584620e+00
-6.982401100860047904e+01
3.776381498764574474e+01
-1.274500206464238943e+02
-7.233312576493339918e+01
-3.151316382227816959e+00
-7.301055572721786291e+01
-1.179870340497272991e+02
1.248138862709344682e-01
-3.791034436007658570e+01
8.109215703993292834e+01
7.624335887170397541e+01
2.710705487000602076e+01
-6.381721598046318888e+00
2.319366268697593725e+01
-8.099848579069140442e+01
-7.646790314170385727e+01
-3.641669277872820487e+01
2.702382361956291490e+01
3.001389013802426575e+01
1.610016974845630244e+01
-1.116194005683087731e+01
-1.590791780267436906e+01
-1.634838302815260391e+01
6.768009187721230546e+01
9.162619330340719159e+01
2.442958219980995693e+01
-3.802094264945541369e+01
-4.052982843843950178e+01
-3.281619915117039454e+01
7.232455318823864943e+00
1.105954057131247303e+01
1.625889962742256001e-01
5.391941844317882371e+00
7.224633921476078413e+00
-3.957525070402660994e+00
-9.123689887068785254e+00
2.275801818653230502e+00
2.648167859908775235e+00
-4.515523484110335772e+00
4.621936458492376332e+00
2.405335647877589800e+00
-1.148939194411196407e+00
-1.268543914081663893e+01
-1.457745511454111664e+01
-2.062639460031634542e+01
-1.545017670799866127e-01
4.169446732404475497e+00
-3.905193745329250010e+00
2.746814558006120510e+00
-7.809447637253798646e+00
-4.792899283517831677e+00
8.275772823886002882e-01
8.089577495456133249e+00
1.085511380865074260e+00
4.535085145618517721e+00
1.438439971992711675e+00
9.805650885277330531e+00
1.099248588762324630e+01
1.156759768180808301e+01
-4.759108004173415174e-01
-4.421954896002486257e-01
-1.681423884361345378e+00
-3.321478652953294475e+00
2.327146622431823797e+00
8.939489291943256144e-02
-4.947307848131634600e+00
-4.968686835967526250e+00
8.598931078634263869e+00
4.063362399090403088e+00
-6.167003570265608303e+00
-8.552840930615239756e+00
6.139028554816485794e+00
-1.003071918623727084e-02
-2.279075469504940887e+00
-6.867295863974537617e+00
-1.443913781935984116e+04
-1.443531542822083611e+04
-1.204953124420696986e+04
4.673039059580219146e+03
4.673600862721996236e+03
-8.451923238710716078e+02
-5.644715541548191595e+02
-5.647149047986256392e+02
-3.007055874506162922e+02
2.927816068480310037e+02
3.110949907673363555e+02
1.719987882189818507e+01
1.721834193890052589e+01
7.692961515492776243e+02
3.541724590514599527e+02
3.544953879144009079e+02
9.409136458425437013e+02
-5.400675716629498311e+02
-5.397783383873413641e+02
2.388714536888820021e+03
3.341481911258424731e+01
5.068142696948478374e+02
-2.618464316355198775e+02
4.695340100449620877e+02
-6.204074902139015535e+01
-6.200422292956390891e+01
-1.020394852983136957e+03
6.334610544841909530e+01
6.337747088236527304e+01
7.151838690161572698e-01
7.155292631414302829e-01
-2.155854491778269164e+02
-5.895524070152950458e+01
-1.225700674006471615e+02
-4.119566018548472925e+02
-4.120502486664371986e+02
-2.950353687658613921e+02
-3.037847479115183660e+02
7.136144023592913754e+02
7.142874339667660024e+02
-2.337048863869361242e+02
4.318673707967739119e+02
-2.897590311964830789e+02
2.838243969598029253e+02
6.232132570827999984e+00
6.237114813454242679e+00
-1.048882600161321363e+02
1.412885921611344315e+02
-4.785609539732838869e+01
-4.790744001165434440e+01
-3.721778130519230672e+02
-3.728828851732484964e+02
-1.216604906403211146e+02
3.500402680134849334e+02
3.503950402944720395e+02
1.637582383150017620e+02
-6.424514075581743100e+01
8.210345248017871356e+00
-1.443895906754272289e+02
-1.949957739304860382e+01
-1.950218920816625712e+01
1.783311906441976191e+02
-1.955535060741055986e+02
-1.985044310354479649e+02
-1.985693742847311967e+02
-1.166421280344596738e+02
-1.591008722901651140e+01
-1.588816448451926355e+01
1.653079002009234841e+02
1.459006028290085055e+02
-2.155013734250662196e+02
6.653298796882944544e+01
6.658949343641040741e+01
3.545544013335649947e+00
3.548317230884652673e+00
1.439589614613959725e+02
-7.624082760448338547e+01
9.578748395562220708e+01
-6.037151383143216776e+01
2.101467191642103938e+00
2.100693207812088570e+00
9.567359165821706313e+00
-2.583284240653327846e+00
-2.586337602502409183e+00
-7.510204123870870774e+01
5.625373776799875714e+01
-4.016527430815779454e+00
-4.010173728535597171e+00
-9.221854153671988286e+01
1.012195520085786029e+02
5.458667106722736584e+00
5.457349781101959785e+00
-6.043445073757579777e+00
-2.093686575964261998e+00
-2.654921767404170652e+01
-2.679167821601916089e+01
-3.134069386394432755e+01
-4.783978275107984679e+00
-7.643884783971985897e+00
-7.629345550417818700e+00
1.660151448523934903e+01
1.658117965442120934e+01
3.862881241186700976e+01
1.906065615285493564e+01
2.015045960371962508e+01
2.010735937114903393e+01
-1.182304117747001548e+01
2.298986197713815197e-02
-2.609108243046014852e+00
2.187921635202624415e+01
2.190512910406271274e+01
1.276180176374305653e+01
-1.920126721144717885e-01
7.106567387596114393e-01
-2.537375237686741336e+00
-2.575993866135339871e+00
-2.577138416440376556e+00
-1.606702404159300102e+01
5.280293473376389990e+00
-1.626864982086464906e+01
-1.291485367795065109e+01
-1.292619982873265272e+01
2.608622772637797382e+01
2.344981917649868919e+01
-4.504952278805399501e+00
-4.506914426369760029e+00
-4.845518146398307913e+00
-4.846918372816649168e+00
-7.297468741413733362e+00
-6.581660354382630196e+00
-1.434283260417114825e+01
-3.027178731995475403e+01
1.661315051181989944e+01
-2.396587900985970077e+00
-2.394576557824509511e+00
1.754143383070809392e+01
3.738877904977799815e+00
3.742552989967748989e+00
-3.896967893726103739e+03
-6.016904457069380442e+03
1.024060613574004947e+03
1.034086458345128676e+03
3.385677835236893998e+02
5.553472001688456885e+02
-4.112729890191410050e+03
1.571175378148456048e+03
1.551328746455460532e+03
-4.901313405461694401e+02
-6.282999612851033362e+02
1.086584611123182214e+02
1.485720792090347970e+02
1.439700605366269599e+02
4.340302547252425569e+01
1.318971020569215682e+02
-1.613595930691416527e+02
2.675899762495583900e+02
-2.410086900577043139e+02
-1.172964292290276092e+02
3.053975225375745595e+01
6.033530501996841622e+02
4.280528559535075601e+02
-5.578710772111056571e+01
-4.722840638480549273e+02
1.126292284734879701e+02
-4.311370714427589945e+01
-3.670145414297036837e+02
2.743296106149508140e-01
4.440976398740914277e+01
-2.330374786985986546e+01
-2.271013688760535274e+02
-9.016876493672918969e+01
-1.624800076030015532e+02
-5.061225553326396494e+02
-2.340011923601325918e+02
2.334752115671599881e+02
5.285602551221694512e+01
1.196121344068518653e+02
7.754233569427855173e+02
2.160134454137545106e+02
2.866940172698263609e+02
1.050895216046024871e+03
3.868816543855093641e+02
-1.936695460809080203e+02
-2.207003024968222960e+01
-1.502079993186194784e+01
-1.450421439328767406e+02
1.450864840719171411e+02
-5.498216945902680663e+01
-4.565006183732933920e+01
-2.832427193879401557e+02
-8.073664161325279309e+00
1.226628464361875643e+02
-6.976542099493416060e+01
1.886732629264338357e+01
9.208296804056351448e+01
-6.122258304522387817e+01
1.347166588122948951e+02
-1.142366024748655917e+02
-1.568928867783963028e+02
-8.384401227723294880e+01
-1.068564337986724588e+01
-1.534388974573673465e+02
-9.610231414261693317e+01
8.758059001646081754e+00
1.213747573932694337e+02
2.213278798017427818e+01
-4.853339946898000967e+00
2.397575898846961096e+01
7.187077404743040177e+01
4.104598309234788900e+01
3.726430784023607146e+01
4.759145773392281598e+01
-5.144009726396819104e+01
6.196161315793258240e+01
-5.656015927266322052e+01
4.658067157046347262e+01
2.356122194120609237e+01
6.053710203627078812e+01
2.174079796355472549e+00
2.421966633817826675e-01
-3.013518248912590991e+01
2.266886807598325149e+01
-7.025138933590007184e+01
-1.132571610146384744e+00
-2.670974975750140867e+00
-9.330939342289613592e+01
-4.465495870742467588e+01
7.066467728895223388e+01
9.875365856827899691e+00
3.700883580176624665e+00
-5.490668285342812815e+00
-5.101937480860353702e+00
3.809778147340506571e+00
-2.002778105594149594e+01
-2.180226552905212500e+01
9.466937342879966355e-01
-2.521945846117480183e+00
2.831652370051455314e+00
2.011482470154293267e-01
9.342340499896071293e+00
2.750857903264487092e+00
8.794458520986780936e-01
6.119317348672853818e+00
1.482923796743686218e+01
2.687910529804739213e+01
1.137384278863341791e+01
6.161434469265357095e+00
-5.279166213266779373e+00
8.713529064054213791e+00
4.885705575537050649e+00
4.805444485161213031e+00
6.695028707182958172e+00
4.702255244421196245e+00
-4.863122166896038934e+00
-1.751211764716070718e+01
-1.804626851261451037e+01
-8.229752159003103529e+00
-8.338129877719552496e+00
-6.369258669964426467e+00
-5.344600315338062124e+00
6.041452367288413505e+00
5.285847578010009151e+00
1.050991054395453084e+01
8.529085538254403076e+00
-4.853652830806082008e+00
-4.285886382515449178e+00
-3.773876248373299269e+00
-5.742193120953204222e+00
-1.107556181879179924e+01
-1.227168687120328805e+01
4.486206411763137503e+00
2.789559488555542810e+00
1.145343380589186921e+01
-3.730816836265407055e+00
7.448840561455450704e+00
2.264986262287585816e+00
-3.844508003226467736e+03
-6.027124625420509801e+03
1.021448505310306359e+03
1.048798427014717618e+03
3.384346336413601648e+02
5.551197622702902663e+02
-4.114112186329181895e+03
1.575275514151226389e+03
1.551565359250619622e+03
-4.900785018925257646e+02
-6.314654455283836114e+02
1.081908337609934989e+02
1.487369303760128787e+02
1.438733618759671629e+02
4.334288752363512032e+01
1.322502732871571425e+02
-1.613648856373561387e+02
2.680529339032245844e+02
-2.392607130271383653e+02
-1.171846019252776898e+02
3.057309593369171452e+01
6.046154585552969820e+02
4.315955859860837904e+02
-5.584039854776975176e+01
-4.714243738225980564e+02
1.128503026157064681e+02
-4.327699094364950838e+01
-3.674710868872650735e+02
2.761514040326888408e-01
4.431718531229394387e+01
-2.303671703369126078e+01
-2.288372981511030275e+02
-8.960432025211848384e+01
-1.627356982681043576e+02
-5.066707178760791521e+02
-2.331387089984247893e+02
2.348327160125201658e+02
5.278920704415654797e+01
1.194367110890570842e+02
7.760012610419126986e+02
2.158508923274711719e+02
2.868215543148637607e+02
1.057755071717134115e+03
3.885240129847502999e+02
-1.929221383325715919e+02
-2.222526517911477484e+01
-1.500645432812011570e+01
-1.446043378860348696e+02
1.448204429132806013e+02
-5.516090791640868929e+01
-4.624240635435103286e+01
-2.816304399133451284e+02
-8.074771400378143227e+00
1.225088613905374615e+02
-6.984279823812495636e+01
1.892311137339782334e+01
9.159278665720790968e+01
-6.137270234242126321e+01
1.348751222947853989e+02
-1.144436827448628691e+02
-1.565523993056752943e+02
-8.377806874122083514e+01
-1.068213853913877109e+01
-1.529300069647001976e+02
-9.633846896852342923e+01
8.684407022366261941e+00
1.219484858035891506e+02
2.215675991621052532e+01
-4.836286716324851298e+00
2.372649806418803564e+01
7.135715796660615240e+01
4.148342401548232772e+01
3.654123421555777185e+01
4.709760945011917954e+01
-5.351692264943388011e+01
6.257660246464860876e+01
-5.660336591944521700e+01
4.652369552555331467e+01
2.360613058752975135e+01
6.065409934486677912e+01
2.173461919762586181e+00
2.414494277934877697e-01
-3.021365404007357824e+01
2.286045879957969618e+01
-7.041888075550879478e+01
-1.131477268628093169e+00
-2.640381333417662013e+00
-9.355677289085359405e+01
-4.456306453492982200e+01
7.014965601311054400e+01
9.835804649429427116e+00
3.689115835915282915e+00
-5.448648177544218818e+00
-5.097591639034517286e+00
3.810303461389779489e+00
-2.016050313934647775e+01
-2.173972197160392383e+01
9.488817821686559295e-01
-2.530543431209328453e+00
2.855931192356206072e+00
2.011781077104376481e-01
9.404830422448744898e+00
2.773210973805400936e+00
8.833204755990158308e-01
6.114095031465386576e+00
1.490675870920240875e+01
2.680925056160555897e+01
1.118940763732079624e+01
6.155840231509866811e+00
-5.247212251101022851e+00
8.682429153906463526e+00
4.899039956331464829e+00
4.816660450090408219e+00
6.742883136723683890e+00
4.736792638518003251e+00
-4.895005144763397098e+00
-1.748379508135986526e+01
-1.814682389192459411e+01
-8.263791530970891586e+00
-8.340377300271764938e+00
-6.349851666464262578e+00
-5.359891399133895895e+00
5.984946073133886379e+00
5.281578824667562344e+00
1.033096912438371540e+01
8.512431935422227980e+00
-4.868647244212358061e+00
-4.286114937325123719e+00
-3.765742723483643584e+00
-5.728350097336873503e+00
-1.112441996789162069e+01
-1.224477947350323248e+01
4.463346243405395875e+00
2.795197970607950833e+00
1.146140907433853862e+01
-3.745070025058944374e+00
7.456459736925181048e+00
2.264249598824639165e+00
-3.755023119436464640e+03
-6.031874478135572645e+03
1.018137684711168845e+03
1.034530046726803675e+03
3.377138235717961265e+02
5.535318622733594793e+02
-4.112177151850228256e+03
1.576055358122948519e+03
1.555269762967661109e+03
-4.907558234264027988e+02
-6.275621801100355697e+02
1.088464849731027471e+02
1.490694505183674607e+02
1.442651088943723039e+02
4.330485929162088610e+01
1.317971446034732139e+02
-1.611346743901000877e+02
2.673309094545568314e+02
-2.405454572103778332e+02
-1.175224678796787856e+02
3.060158717826427832e+01
6.052186892907118363e+02
4.306893420499869194e+02
-5.576700061286429388e+01
-4.727540898768791635e+02
1.127465186088197839e+02
-4.317995452745595486e+01
-3.677008518635481096e+02
2.754440976507926964e-01
4.439124519567945271e+01
-2.320067317896493009e+01
-2.299407687231926332e+02
-8.929570072452879970e+01
-1.631243396876201643e+02
-5.068966922252338918e+02
-2.326092035125676887e+02
2.340372360131029836e+02
5.281386716538391823e+01
1.196244216521499766e+02
7.764594144106613385e+02
2.162639463300526756e+02
2.889242114360879441e+02
1.054778307566780995e+03
3.897000949751122221e+02
-1.950723387704974812e+02
-2.214061605585294501e+01
-1.502138204728372095e+01
-1.442297900709864962e+02
1.446191836500541399e+02
-5.507013420885839139e+01
-4.555775018573712032e+01
-2.831135397153354347e+02
-8.070500987507452706e+00
1.221188431756056332e+02
-6.980912943250810088e+01
1.890084613877977304e+01
9.216540943064572389e+01
-6.132390443798116308e+01
1.350756682592520406e+02
-1.145734037714839815e+02
-1.565683026220616796e+02
-8.391885189347283358e+01
-1.069647008768180108e+01
-1.531649169721481769e+02
-9.647193667763366420e+01
8.676403454078391420e+00
1.222349086529192590e+02
2.213210527464767807e+01
-4.846328094268255171e+00
2.378221551542072731e+01
7.130907887880249518e+01
4.081360617827189685e+01
3.674831458638819726e+01
4.682444653794417633e+01
-5.379085392123311493e+01
6.308805712627810180e+01
-5.663304067086759375e+01
4.663735618756303580e+01
2.357123805872497257e+01
6.053504726956311544e+01
2.154395351574711626e+00
2.422822654459377278e-01
-3.020464958446091330e+01
2.270975073561780633e+01
-7.018333813635094032e+01
-1.133471127845647297e+00
-2.643313085724040334e+00
-9.334902839745996062e+01
-4.433376347078151269e+01
7.018323252381894406e+01
9.842857922780028801e+00
3.684817435796909901e+00
-5.442278633166158563e+00
-5.100154028659625638e+00
3.813166252345975060e+00
-2.011658237558728857e+01
-2.166758263712748445e+01
9.504002923821243121e-01
-2.520181949720125658e+00
2.861537590939963405e+00
2.017487749720106860e-01
9.515671816227415647e+00
2.756611944887897625e+00
8.836271373030327725e-01
6.108077539318546023e+00
1.479667130884444148e+01
2.688568702815670264e+01
1.124956464772096076e+01
6.126886067641127198e+00
-5.259696835774505530e+00
8.679380020009080710e+00
4.921141393806347075e+00
4.821030673704086666e+00
6.734944330365514986e+00
4.723842226276329548e+00
-4.874227634238416762e+00
-1.765010224417519780e+01
-1.814278638065094640e+01
-8.281307177836438882e+00
-8.339977116568480398e+00
-6.369968854897275712e+00
-5.384733493543766514e+00
5.979386248475660359e+00
5.227203330245399293e+00
1.020677892633719708e+01
8.500416908617756562e+00
-4.868780443862143592e+00
-4.297942107013977164e+00
-3.791067203420110054e+00
-5.774139481256644224e+00
-1.110637400047890111e+01
-1.224250716997525323e+01
4.461066251470418464e+00
2.793259463770485507e+00
1.145317267802744254e+01
-3.738321153363844296e+00
7.458397895897403984e+00
2.266699257798134415e+00
-2.843800574819944359e+03
-2.692519942461676692e+03
1.103606546376333313e+02
-4.124538271780017453e+02
2.584475781305343958e+02
-1.651301727445299719e+02
-4.477372140536812708e+02
4.482914473098225585e+02
5.540375287768162025e+02
7.126957469725322198e+02
7.091983415721794017e+02
5.449207705962260206e+02
7.034914090272324074e+02
5.328466526296015218e+02
9.151312870673190218e+02
8.801979866988963295e+02
-2.816769897803593722e+03
-5.475638663821886212e+02
-5.454844536176913152e+02
-3.160130395499171527e+02
-2.953724216949063361e+02
-2.818887177389724457e+02
-4.228311967062620056e+02
-8.811193692480316031e+01
-3.378192951842217440e+02
-4.249123031448833103e+02
5.373817241894407744e+02
-4.151906400668632386e+02
1.052314410574068830e+02
-1.785218135451954424e+02
-1.860817144276146564e+02
9.569557054424242537e+00
1.937203744047185126e+02
-2.435015782155494719e+02
-1.536171483266253119e+02
6.253558699041520441e+01
1.929327510998790558e+02
-1.087420565471383327e+02
3.081353482073633359e+02
2.074289533025666685e+02
3.255416770407599074e+02
3.264618768778877325e+02
3.615672417009869832e+02
3.688226423648148398e+02
1.445437580426683439e+02
4.062426230719612477e+02
2.558742019008046498e+02
8.488764075841315560e+01
-1.159927352593140171e+02
4.586037755029579444e+02
8.746602504096983921e+01
1.152739369293664993e+02
5.487592892775595743e+01
4.412497477487200968e+02
-1.347110261570387024e+02
-1.641451733273239313e+02
-1.571557746766762591e+02
-3.103524596635545763e+01
-1.280037151151399542e+02
-1.007050886386700910e+02
-1.360867465074069855e+02
-1.975446807115072545e+01
6.492160543594837740e+00
6.982405064989541188e+01
-3.776385416562097674e+01
1.274500136723402477e+02
7.233313457214084963e+01
3.151316337194984385e+00
7.300841929170921674e+01
1.179891521147370810e+02
-1.248137886443550088e-01
3.791035192004081011e+01
-8.109212602830056937e+01
-7.624338414935286323e+01
-2.710705671460373267e+01
6.381720099036138016e+00
-2.319366389238170001e+01
8.099797232970917094e+01
7.646842417509934364e+01
3.641668745171308075e+01
-2.702385563317431405e+01
-3.001385739784971207e+01
-1.610016779986159818e+01
1.116194050088500767e+01
1.590792168910737026e+01
1.634838723508045177e+01
-6.767863991354296616e+01
-9.162766825389428504e+01
-2.442957936006768804e+01
3.802094068064226917e+01
4.052983175024531448e+01
3.281619700950352581e+01
-7.231593188442220210e+00
-1.106040636551562173e+01
-1.624723709447947195e-01
-5.392058765762917538e+00
-7.224633509158090661e+00
3.957425027812127016e+00
9.123791319694804614e+00
-2.275804403697833767e+00
-2.648164720719380583e+00
4.515523829472350315e+00
-4.621935537953364204e+00
-2.405336023950293001e+00
1.148940531038193269e+00
1.268544039494820552e+01
1.457745822170397076e+01
2.062639901401438181e+01
1.545017661526373043e-01
-4.169466114335484086e+00
3.905214124810971299e+00
-2.746815083568223237e+00
7.809450357511178886e+00
4.792895188866428846e+00
-8.277282656824579421e-01
-8.089423900755511099e+00
-1.085511374855540945e+00
-4.535085261112079102e+00
-1.438426195220361636e+00
-9.805665722595572120e+00
-1.099248619254969483e+01
-1.156759682261634126e+01
4.759240847243746964e-01
4.421822139123546269e-01
1.681453713804096806e+00
3.321448516647324212e+00
-2.327145885687787796e+00
-8.939489003394120170e-02
4.947274499342826815e+00
4.968721966479578533e+00
-8.598930563726403520e+00
-4.063363086224894616e+00
6.167003394221112877e+00
8.552840347969139501e+00
-6.139028346413217818e+00
1.003072016311290157e-02
2.279091246318128317e+00
6.867280234902579217e+00
-2.687703953104210086e+03
-2.865006277912286805e+03
1.105095210014176246e+02
1.589108136548985897e+02
-3.134301886604303036e+02
-1.645415247663377727e+02
8.769814043085332855e+01
-8.675183923150005683e+01
5.599750382995301834e+02
7.084842800421653237e+02
7.083400505356308940e+02
5.485272670267188460e+02
7.201225225770667748e+02
5.175829074373442609e+02
8.743911440120912175e+02
9.140016561310364978e+02
-2.814516016626509554e+03
-5.486712752625022631e+02
-5.447735430603128179e+02
-3.212127531768338713e+02
-2.904677788756668519e+02
-3.232654898902181912e+02
-3.780132167742665388e+02
-8.844895849410920619e+01
-4.173166824186710073e+02
-3.451502387355830024e+02
-1.075241212606404702e+02
2.289397758166612107e+02
1.050784105333639644e+02
-1.423384230973081799e+02
-2.207037333554815461e+02
9.586524587481708437e+00
-2.820550161937100953e+01
-2.101137660187665190e+01
-1.543018694551428780e+02
1.614853981699418171e+02
9.593086144157713591e+01
-1.090909392778030877e+02
2.004357240468618215e+02
3.162268447061203460e+02
3.256263610250229021e+02
3.245940527691587931e+02
3.518419561137605456e+02
3.796873442710403879e+02
3.264921444652004539e+02
2.236619916905055447e+02
1.601517545984247874e+02
1.787984610927813378e+02
-1.156547574424459128e+02
4.578846778402469795e+02
8.710952642037358373e+01
9.063577531887924010e+01
8.032247514502124375e+01
4.402711431102181905e+02
-1.600107525910913182e+02
-1.387033014380270117e+02
-1.575946029218922035e+02
-4.337227151492423616e+01
-1.158236192846051580e+02
-1.598965334087235988e+02
-7.801918847535363000e+01
-1.974001012707072888e+01
6.484588267892827496e+00
-1.505892993032305505e+01
4.763499246845791646e+01
1.172212435892912339e+02
8.382715607875171315e+01
3.151643971557851920e+00
1.618657271983702799e+02
2.885944214568176847e+01
-1.213759131472711000e-01
3.938427800101009524e+01
-8.038465189739606842e+01
-7.677879599099711072e+01
-2.710307865982909092e+01
6.394906576631773198e+00
-2.320894292608318921e+01
7.487776833357382600e+01
8.251935810818255845e+01
3.692921265917902929e+01
-2.731480279419336199e+01
-2.946614016984783291e+01
-1.611185802668764921e+01
1.123784655819108380e+01
1.590565364630480794e+01
1.617232137302931250e+01
-8.109971666197627371e+01
-7.807141793949416808e+01
-2.455569759302755983e+01
3.754649982867891111e+01
3.774936036670125361e+01
3.557732863505192711e+01
-7.572366956432393437e+00
-1.077038921386320780e+01
3.214537126457023941e+00
-8.738600138602260259e+00
-7.249467574331045050e+00
8.542850109494658284e+00
4.614168054638275507e+00
-2.323736967713274648e+00
-2.675450166131610352e+00
-3.048604801635037109e+00
2.972198073529312978e+00
-3.889604458655657737e-01
-8.568711137740219197e-01
1.262747129397857471e+01
1.814748034614469319e+01
1.570199521418597755e+01
1.557299638280244813e-01
-2.361233115063761545e+00
2.094397721173172577e+00
-2.750122386263889940e+00
6.740328072303014117e+00
6.029715518825967457e+00
-1.065387564726892045e+01
1.679226078326422122e+00
-1.091544281804586403e+00
-4.550652989157711659e+00
-8.133612469090207853e+00
-3.092949670673915907e+00
-1.124217846241716678e+01
-1.115458741860152614e+01
4.128840923643753991e-01
5.190469830876035529e-01
2.268406151014012995e+00
2.715453967094166199e+00
-2.307892238157855491e+00
-8.982134148309411925e-02
4.542128716203335692e+00
5.376050566254599872e+00
-8.635234314606828221e+00
-4.043093931055844692e+00
6.169573634006795260e+00
5.571424833761538797e-02
2.369220045216838599e+00
9.999696087676994763e-03
5.053451262541361011e+00
4.098550040803715433e+00
-3.871632229153363824e+03
-6.001083682179661992e+03
1.027888096398714652e+03
1.041293029506160792e+03
3.370623844822980573e+02
5.555946848793156505e+02
-4.121613181433488535e+03
1.575430520807711218e+03
1.543826111706300480e+03
-4.895763367808903013e+02
-6.307371056782914138e+02
1.087834994535986084e+02
1.483198129936935175e+02
1.437828973373261761e+02
4.335469976334606912e+01
1.321051423112928660e+02
-1.614128154303350016e+02
2.674299976945983417e+02
-2.402718375250597376e+02
-1.170625573318977928e+02
3.064401987901526070e+01
6.026619468210277546e+02
4.284216150877443283e+02
-5.579934712395463237e+01
-4.741127405878518175e+02
1.124039081693033779e+02
-4.324620715429748685e+01
-3.677323012412397247e+02
2.787427829048377825e-01
4.428681809505791023e+01
-2.319180975486593255e+01
-2.312119283888774248e+02
-9.006931165206222545e+01
-1.621300446850233357e+02
-5.062014343553349249e+02
-2.338266252551457853e+02
2.334816176870310471e+02
5.291842759202424418e+01
1.196403859504300726e+02
7.770282119416780233e+02
2.159189262187718157e+02
2.854917473211831975e+02
1.052054984233202504e+03
3.856929801808048524e+02
-1.920984610002643649e+02
-2.207385401871507469e+01
-1.499357822187591971e+01
-1.455409379859429748e+02
1.451292040931363942e+02
-5.497804579572235184e+01
-4.645959977255113671e+01
-2.821083158009591330e+02
-8.066440106047643610e+00
1.223107060967231945e+02
-6.974046845171096720e+01
1.892460071286698309e+01
9.134395112280451201e+01
-6.145164845675414966e+01
1.345932568930870445e+02
-1.141708328196584858e+02
-1.567149937166311702e+02
-8.400774339433100124e+01
-1.072873290817025271e+01
-1.529314482931891916e+02
-9.611008855306319276e+01
8.741952680305265844e+00
1.210660384664908804e+02
2.218747835351188158e+01
-4.855544194967788663e+00
2.383565943594284064e+01
7.191775291329291520e+01
4.183532551185209769e+01
3.727003642973965469e+01
4.775490062180713124e+01
-5.106658816748792873e+01
6.156185855436282850e+01
-5.656715128803612913e+01
4.658601432524189079e+01
2.358157437501900588e+01
6.061044003747699804e+01
2.189962598233354374e+00
2.420555475822408487e-01
-3.014925941326612246e+01
2.282960644161389396e+01
-7.039573763475573287e+01
-1.130886606355782309e+00
-2.661790198834065091e+00
-9.338221529337491233e+01
-4.478137207725693258e+01
7.034023255826528498e+01
9.873958243303345483e+00
3.685407188564264302e+00
-5.482866949516192356e+00
-5.106444628507817107e+00
3.804497599190425294e+00
-1.994949289575249196e+01
-2.179251973836117173e+01
9.458803485599057703e-01
-2.530958123082109434e+00
2.838358548777125456e+00
2.009623321527076734e-01
9.264639824542388880e+00
2.754448957153747379e+00
8.762753235404300289e-01
6.150456697898227354e+00
1.495303014627973859e+01
2.692354801396743014e+01
1.138613557920546349e+01
6.216383997686175000e+00
-5.250002547256699792e+00
8.657031026778000182e+00
4.893541263229397309e+00
4.813189460163321165e+00
6.730436340449629462e+00
4.696999509165848075e+00
-4.882024282692845496e+00
-1.741981050693404853e+01
-1.813438204060930659e+01
-8.200573423049162258e+00
-8.348308951470309935e+00
-6.401791200848789387e+00
-5.334567335594101678e+00
6.062655085840248148e+00
5.329140138777849423e+00
1.055659498758691228e+01
8.520223398418991678e+00
-4.858344309523902282e+00
-4.268192523982885511e+00
-3.768711945666773921e+00
-5.700653736162061946e+00
-1.105160608046096549e+01
-1.223753719563969256e+01
4.472689411376391533e+00
2.793962384970352097e+00
1.141700955585083044e+01
-3.739400614193928885e+00
7.437674174720774189e+00
2.262650591799977295e+00
-2.871253722239816398e+03
-2.692131497352034785e+03
1.104055321033972064e+02
2.445251648016306660e+02
-4.002366944939408882e+02
-1.643942731215596211e+02
-2.708680250936660272e+01
2.820255092579373013e+01
7.332289249410509910e+02
5.350733464105853727e+02
7.075961056577395993e+02
5.430045137196262885e+02
6.381595335717066746e+02
5.984114194860163707e+02
9.151289809522476162e+02
8.871708200868587255e+02
-2.814421888854017197e+03
-5.475558293634284155e+02
-5.451556199059587016e+02
-3.029232471525305073e+02
-3.084182266137312922e+02
-5.389183093521471619e+02
-1.665052916273595827e+02
-8.828153807972016409e+01
-3.889003593415573619e+02
-3.734081404481477762e+02
1.833887824800857231e+02
-6.138124146098310518e+01
1.052818291508670683e+02
-2.035241393204823339e+02
-1.623927504043861632e+02
9.538830977927178267e+00
1.973702719571400621e+02
-2.464829487227456468e+02
-1.545788870190222326e+02
1.470557104315950312e+02
1.089081447244580829e+02
-1.086861954480492898e+02
2.270352005773351607e+02
2.890766241844593765e+02
3.254209497759727014e+02
3.261378449151301311e+02
3.495521578189523098e+02
3.824220390743504367e+02
3.574838430724240084e+02
1.834741873957219980e+02
-6.098135764449422425e+01
4.008885489136467868e+02
-1.161020120962945015e+02
4.552937863983971170e+02
8.789229702307615355e+01
7.019543079177334732e+01
9.984144587104813695e+01
4.397635989537462251e+02
-1.472116867988737283e+02
-1.509720564350380414e+02
-1.569420173259289015e+02
-2.468398322581636606e+01
-1.344816820062407601e+02
-3.310399294871115785e+02
9.348638924768280845e+01
-1.987153128786110301e+01
6.500838573025281342e+00
4.700285720811559287e+01
-1.451653225107840228e+01
1.010851332247947880e+02
9.986490779929596329e+01
3.157006410526746354e+00
1.286711734940165854e+02
6.211316682393978539e+01
-1.261233499075616327e-01
3.824015801181029417e+01
-7.693355447843474337e+01
-7.993165983841929290e+01
-2.716568996908744182e+01
6.316478650202525635e+00
-2.328971719125603457e+01
7.976999410307607263e+01
7.796090971074495712e+01
3.589467294646380680e+01
-2.947883510936410545e+01
-2.785061431619286765e+01
-1.607702168756618732e+01
1.120087612483238892e+01
1.620352222967601818e+01
1.607833844640854792e+01
-9.935569422190617672e+01
-5.908903557534905815e+01
-2.454295151446067891e+01
3.809090042010534205e+01
3.856505692677821173e+01
3.455996125398667829e+01
-5.362207669286335410e+00
-1.291887606641066988e+01
4.603187303637421124e+00
-1.012543080221913705e+01
-7.216465501739735444e+00
1.409649618172440100e+01
-1.053266301510523251e+00
-2.275916715864820361e+00
-2.661633964735443225e+00
1.560088271225041900e+00
-1.651726274479708767e+00
-7.140245846866825896e-02
-1.204183180806553732e+00
1.268331575615624729e+01
1.909882114898439198e+01
1.608187568278006552e+01
1.559913515326115385e-01
-3.199574540963775249e+00
2.934559894804306790e+00
-2.740388589257464425e+00
6.883490428959675889e+00
5.810839972398184727e+00
-1.786651168017240554e+00
-7.156620310342098890e+00
-1.092147724084264970e+00
-4.529887359759483978e+00
-7.253764420514777989e+00
-4.017201387376057475e+00
-1.164216760047459154e+01
-1.115539652480822141e+01
3.214540767591321235e-01
5.907414609532729566e-01
2.959415722162354268e+00
2.026225282752311507e+00
-2.327610375643988760e+00
-8.944124858603991202e-02
5.709844799815929406e+00
4.116535121139497377e+00
-8.626739884664344160e+00
-4.084048763515916391e+00
6.177148363637757988e+00
-1.728460209123702684e+00
4.165869927456299138e+00
1.000847592672988139e-02
5.727264462451462812e+00
3.454425594982657000e+00
-2.797020125662788814e+03
-2.745822979203828254e+03
1.105604267767270699e+02
-1.994687266931265412e+01
-1.352238578231213353e+02
-1.649554785454120633e+02
3.587546456805138178e+02
-3.587238209820950487e+02
6.124783008888698532e+02
6.575893482612028720e+02
7.028878553827888709e+02
5.430828647742331441e+02
5.107292584189174249e+02
7.263385237555143021e+02
8.995869696679819754e+02
8.961603046688727545e+02
-2.815070474445236869e+03
-5.467977033345105156e+02
-5.466481631492556517e+02
-3.057770094193440968e+02
-3.050944135914767230e+02
-3.096896991142089632e+02
-3.934839923691141053e+02
-8.851046967698025014e+01
-3.094397323678527982e+02
-4.519239261114034889e+02
3.631939020957375988e+02
-2.415497531077981535e+02
1.053601493170234846e+02
-1.671251974438324339e+02
-1.983403878132351394e+02
9.536887516069187498e+00
-7.875917160380524251e+01
2.937219375929852205e+01
-1.554695640767570239e+02
9.521846340440235679e+01
1.617193359867018501e+02
-1.091041932699972818e+02
2.249934567759057416e+02
2.887416986884460925e+02
3.257580834587132017e+02
3.259165907478817985e+02
3.691806766638843555e+02
3.677050115371155812e+02
8.282299455599542171e+00
5.211750802014659030e+02
1.768796674509993920e+02
1.641410972422424379e+02
-1.166397513762941145e+02
4.579737644764425113e+02
8.809800220512585156e+01
8.529022373738713725e+01
8.554390962366065310e+01
4.386338876521010093e+02
-1.583744224530973952e+02
-1.401153175665043591e+02
-1.567333938923097207e+02
-3.420282511133947878e+01
-1.244997582245362935e+02
-1.816124722494754167e+02
-5.538023803831650582e+01
-1.986177896062302750e+01
6.531905881480831511e+00
3.141855203077635039e+01
1.233029626669416068e+00
1.020053249621468865e+02
1.009331653872525720e+02
3.145606516095301064e+00
1.114898961098242154e+02
7.953361135236114876e+01
-1.294299964663349622e-01
3.796825279127192232e+01
-7.882633914814888954e+01
-7.766781125344159875e+01
-2.751434413665462486e+01
6.293404611200001497e+00
-2.328262502512786725e+01
7.778269016597813845e+01
7.978062690259143608e+01
3.572686675645560683e+01
-2.872149897464801072e+01
-2.891221048976822416e+01
-1.607758922371106891e+01
1.118295083235572385e+01
1.583634355705058994e+01
1.604434187530053890e+01
-8.643076048881732731e+01
-7.318911041058339606e+01
-2.453720580444307586e+01
3.760394092865148963e+01
3.882915501299965655e+01
3.425424476896572656e+01
-5.087473456531032667e+00
-1.322773105788822967e+01
2.811568931586636566e+00
-8.347496058174018074e+00
-7.231493941497297406e+00
1.102910177420416282e+01
2.070205336823096154e+00
-2.358823423708237055e+00
-2.718084868677058896e+00
-1.292899423911244572e+00
1.204260310253175037e+00
-5.774579421091818876e-01
-6.830191002221559504e-01
1.265926420326347390e+01
1.922960403599433121e+01
1.545342625089151944e+01
1.551849114237744964e-01
2.002033548251005157e-01
-4.747456646990663720e-01
-2.754324797138817615e+00
6.942616184211395591e+00
5.761244426773508565e+00
-7.883023687993334860e+00
-1.088772761601080274e+00
-1.104337116271687957e+00
-4.524981987681092832e+00
-7.356484219815372150e+00
-3.947382303800240244e+00
-1.149050361688647115e+01
-1.147874647517135216e+01
4.787762555448578095e-01
4.475322653344308566e-01
2.625659015291249787e+00
2.368190495898108594e+00
-2.329188064612348175e+00
-8.972275003493698775e-02
5.122565105288565235e+00
4.591285601029573726e+00
-8.612443141975667515e+00
-4.001838327333900658e+00
6.186836956299263335e+00
3.616401515264984212e+00
-1.171153741548759397e+00
9.990845380025654976e-03
5.655911054099181712e+00
3.491572013433045463e+00
